2    21 5 
   6.5117977883499276e-03   -6.3478509073863010e-06    8.5559392446852602e-05   -1.0088444338599418e-06    9.4033851342856332e-06 
  -3.2684206429857665e-04    3.5324554091874230e-03    1.1732462568915833e-03    1.1883265241422089e-04    4.4026636451666721e-05 
  -1.2424150421185809e-03   -4.8423573330040614e-04   -1.6118830968160128e-03   -4.4938142440479397e-05   -8.7632734450477924e-05 
   2.9863404738647461e-03    1.1279368670511582e-02   -7.8186929029309335e-03    1.8333214225268080e-04   -3.1056034331348840e-04 
   5.7201645188413065e-04    5.2616253383513320e-03   -2.6408433964235016e-03    2.0905241255003823e-04   -9.9007188709850612e-05 
   2.9614930916303911e-03   -7.2309088486941561e-04   -1.3402978623745739e-03   -2.1374355194853807e-05   -8.5812062415160494e-05 
   3.7438397202041983e-04   -3.2127137776563933e-04   -2.0947371353735404e-04    6.2431708980891008e-04    2.3230987916919227e-04 
  -5.4954179014074511e-04    6.1466240779214682e-04   -1.8282936124266089e-03   -2.1635065677596721e-03    1.0249884855798007e-03 
   1.5261041498198608e-04   -3.2133936944901047e-04    2.9144257774875763e-04   -8.1515947230938917e-04    1.4418642678200075e-04 
  -2.1764692776485642e-03   -8.4800277177950504e-04   -1.0844799434542290e-03   -1.5635973513680264e-03   -8.3030154378156424e-04 
  -2.5897788713811863e-06    8.7796645300910822e-06   -9.6976642073257119e-06    4.1189898189870405e-03   -4.6413275294679696e-05 
  -1.7014269074838021e-03    5.6339673419092157e-04    6.4665135275160206e-04    1.6894224975586917e-04    7.7766275049093777e-04 
  -1.3870989254918098e-04   -2.4395631645947151e-04   -1.6301988450218111e-04    1.3048682039596541e-04    1.8744887998186152e-04 
  -4.2138964786537418e-04   -1.6915837945505883e-04    4.5895105329619816e-06    9.1940693709443731e-04   -2.1500952759609918e-03 
   2.6319923254825375e-04    4.9095720195262355e-04    7.6381702172859632e-04    5.4303426319007473e-04    1.1304204907339002e-03 
  -7.7308298424632531e-04   -4.6838403786696483e-05   -3.5406246698247053e-04    2.0419176925168855e-04   -1.3306096485768150e-03 
  -1.0948794459034727e-04    7.5339416160508796e-05   -7.6503955343436859e-06    1.0340402671411540e-04    6.2146251174756501e-05 
   1.1523641862252565e-04    8.8663987540561317e-05   -1.9226119038995466e-04    4.3176927294588183e-05   -5.8917908836418102e-05 
   4.8474939214818518e-05   -9.6958235240059379e-07   -3.2283239180250320e-04    6.4524481074203617e-06    9.6024634373709962e-05 
   4.5651616826592977e-05   -1.3126915323879355e-05    4.0044612477387883e-05   -4.9975875330061467e-05   -1.8726860624401558e-04 
  -3.8599535070509792e-05    1.2446509992705188e-04   -2.0053097269686135e-04   -5.0675499407175429e-05    2.8280115055975889e-05 
2    21 5 
   3.6211769382006420e-01   -1.3726955508109269e-02    6.1418067343687200e-03   -1.2104806642321865e-04    2.4409587887106756e-04 
  -5.3047718907970175e-03    6.4199741531729290e-02   -2.7380727940729734e-03    2.4444218176722567e-03   -1.4607623862717783e-04 
   4.7053351833358091e-02    1.2506137138461601e-01    2.8913602438108598e-02    4.0253350377718357e-03    1.0487426108193010e-03 
   8.6266406287042706e-03   -2.8764424561042442e-02    1.0237083692752641e-03   -1.0975417880331119e-03    3.1120624677586297e-05 
   6.5913521610360733e-03   -5.2645719601972674e-02    1.3372767314277154e-03   -1.9844953549244351e-03    9.2573249555793534e-05 
  -1.0369840998360700e-02   -3.0420174143031348e-02    1.9899252032620354e-02   -2.2551911395778256e-03    8.9119105356917205e-04 
   3.7140921710000843e-02    7.5785615249758694e-04    2.0973014402444368e-02    1.3653407783388400e-02   -9.9889074773064010e-04 
   6.3410348272311999e-03   -9.4830145778736663e-04    1.6129964249370552e-02    4.8958236537602531e-03   -3.8848745683518586e-05 
  -2.6494314333856999e-02    4.2809417005731836e-03   -2.7971198881229595e-03    1.1483930983401634e-02   -6.3776157593034306e-04 
  -1.9251722733042168e-02    3.0986117075066113e-03    8.6798152313322316e-03   -1.8531752049396399e-02    1.8673052166758176e-03 
   1.5773000956487045e-02    1.1999996646831386e-03    8.3858654094213989e-03   -1.1237944604338831e-03    8.2905690812671478e-05 
   4.8503054868746792e-04    6.4102598443121453e-04    1.9379999203377916e-03   -4.4995766926352867e-03   -2.8700285368149351e-03 
  -3.6541806450303216e-03    3.5475353115603223e-03    1.5972394073145001e-03    9.5303036760826087e-03    1.7112470709391521e-03 
  -2.7219481911151858e-03    1.2439866257630901e-03    2.4730066467112048e-03   -3.3861772846001835e-03    1.8056661685626212e-03 
  -2.5009851375673298e-03    1.0994990652326978e-03   -1.7009791768216579e-04    4.5165755587773570e-03   -1.1087780685817958e-03 
  -4.9304816363308370e-04   -7.8230398116505852e-04    2.4088547287991237e-03   -8.5748749511438177e-04    2.3257738976287952e-03 
  -6.4485361626878982e-04    5.8815009157088852e-04    2.5065022478437727e-03   -2.2446030805965923e-03    1.1901026778453612e-03 
   3.5740325937916648e-04   -2.6220000070947532e-04   -2.6799148984201272e-03    2.9156924492168318e-04    2.4922263977763424e-03 
   1.6190865018012927e-04    2.1824668635778117e-04    9.1399261720220728e-04    6.4666346969799882e-04   -4.7033407966931146e-03 
   1.0846710982442018e-04    2.7804671031459133e-03    4.5862410248065502e-05   -2.4310555762238996e-04    2.2664014650862008e-03 
   1.0270735518658646e-04    5.9802092048533660e-04    3.3905402458357827e-04    2.2515486022869342e-03    1.2811624866051155e-03 
2    21 5 
  -1.3832496223981627e-01    1.3131346839697668e-04   -1.0670167468732290e-02   -1.7528399724628038e-04   -1.3958491933542233e-03 
  -3.4271542988863993e-02    2.8829578162114254e-02    3.9317587106807494e-02   -6.9791900251468045e-03    5.9416792760511681e-03 
   2.5879194466314329e-03   -4.5213701355102578e-04    3.0337889071826236e-02   -3.7568169943593748e-03    4.8599682626844446e-03 
   7.8774339424114385e-03    2.7839139200044232e-03    1.7344188156874708e-02    1.6851825608059770e-02    2.6400495840886188e-03 
  -3.7371994144357504e-02   -2.0907808561973731e-02    2.0244935785202972e-03   -2.9289720102042970e-02    2.2059661390400162e-04 
   5.1358964091005451e-03   -5.1005091020888413e-04   -4.1748514730597805e-02    1.7168179378285399e-03   -6.2308520795696558e-03 
  -2.4483070446928261e-03    9.8109918900797337e-04   -6.1241441150097949e-04   -1.6738309240375497e-02   -1.0039459233483258e-03 
  -5.7633914050623436e-03   -3.0178356530385746e-04    2.3378281942734117e-04    5.8488760970748606e-03    4.2473727214812902e-05 
   1.1449694601168818e-02   -5.1105898456552980e-04   -1.4791829028776766e-03   -1.9850845354219791e-02    3.2281859740971382e-04 
   1.4474717495654469e-03   -2.6883769096268883e-04    4.7955951746435295e-04    3.5458083636814011e-03   -3.2237298379177230e-04 
  -4.9767842218659012e-03    1.1294490569679825e-02    1.6738619323641525e-03    1.5963832087707009e-02    5.7476873183915159e-04 
  -1.5550672430686481e-03   -6.5241445190420170e-04    7.4742779722435676e-05    1.2775294995130622e-04   -3.5320805028133798e-03 
  -3.8485004038393408e-03   -2.7417396030316532e-03   -3.0041583715781279e-03    2.0483700866683399e-03    4.0399759618828550e-03 
   1.3498918768076553e-03    2.0712604086432882e-04    1.3977241551954680e-03   -6.7262506928717522e-04   -3.6328042390925022e-03 
   1.7283071599044938e-03    7.7989466798672621e-04   -1.9464476772236596e-03    2.9339108033407571e-04    3.4002518868214131e-03 
  -3.5572767227418016e-03   -1.1425377490801606e-03   -2.3031968265267021e-03    6.8018880521694561e-04    6.2903600035984185e-03 
   4.9773496401553049e-04   -3.2604989639802235e-03    8.9992438927954639e-05    2.0597590838808497e-03    2.5522868562927381e-03 
  -1.0090996747021579e-03    1.7654879233660792e-03   -4.6418652531239819e-05   -1.5642623774670872e-03   -3.2838141575138027e-03 
  -8.6380504612320469e-04   -1.0180975834863735e-03   -5.5974768965491551e-04    7.2989329577172169e-05   -9.1102499876695095e-04 
   3.9856053464843187e-04    1.2156306312322541e-03   -8.2018543659513111e-04   -2.9878334714788929e-03    5.7858101697861382e-05 
  -1.1059827195674821e-03    3.5580515373399421e-03    9.2387419431656727e-04   -8.5075887646311917e-05   -6.5768750894612874e-04 
 TENSORSUMACCUMULATOR_IMPL_H - PrettifyOut: Norm of simple tensor is 0.000328112 
 As simple full tensor 3    5 5 5 
  -3.2648282840718791e-04    3.9791054090417701e-07   -2.5112376909611163e-05    4.0528108811560166e-08   -3.3330279051256768e-06 
   1.2662892687059699e-05   -1.0671850741544265e-07   -2.3805124440690571e-06   -1.3759681371427888e-08   -4.1650412790757668e-07 
  -5.3466590880500722e-06    3.0079501449707988e-08   -3.8991633441369084e-06    8.3172970068396485e-09   -5.8341219785091478e-07 
   1.8215765927268621e-07   -1.0740468248625841e-08    6.0580153286311367e-08   -3.3661665383401575e-09   -4.1730579390541242e-08 
  -2.2064895338028560e-07    9.9417917482269003e-10   -1.5995405162927852e-07    1.0335583139953980e-09   -5.1574599835308878e-08 

   5.3177214084652333e-07   -1.0115949152765411e-06    4.5340101917912032e-08    9.6826582817993609e-07    5.3560842590948894e-09 
  -4.4083309257464579e-08    1.1446476952940106e-05   -2.5850810469776384e-08    1.3459818386328688e-06   -2.8540679525691068e-09 
   1.3146114758470520e-08   -3.8794956162433859e-07    1.3469394232560667e-08    2.1218698823606898e-07    2.4547233166747905e-09 
  -9.1231463542695502e-09    4.3660357790963957e-07   -3.7802390023817184e-09    2.6169941979134877e-07   -4.7443547733169173e-10 
   2.4333529682074596e-11   -2.0413124331206928e-08   -7.8046917646493773e-10   -2.0306061223273428e-08    1.7619313883165860e-09 

  -4.0562037286158999e-06    1.6795510627705223e-08   -4.6368191251646294e-06    8.2147196623248739e-09   -7.2308433792905035e-07 
  -6.1532722799361255e-06   -3.7998531105405357e-08   -6.6526225894717501e-07   -5.4987825887756847e-09   -1.5768049416274016e-07 
   8.5913628300918352e-09    2.1083417775109815e-09   -5.8278609505163716e-07    8.7393032932970466e-10   -1.0891975492463691e-07 
  -8.4326878796799915e-08   -1.7688929529787940e-09   -4.9627475359285265e-08   -9.7217036915327245e-10    6.0096598457696094e-09 
  -1.3579105836675116e-09    7.7535752169048608e-10   -1.0787468386495507e-08    9.3165374715729802e-10   -4.4518428856374408e-09 

   1.4872228956304784e-08    6.9977395579356783e-07    1.0569631670749707e-08    2.4598926168076135e-07    1.7400069065510729e-09 
   1.1847786970146560e-08    4.9538334856993787e-07   -7.6776375581438219e-10    3.3836932466159278e-07   -9.5511227490195462e-10 
   1.2253662032479246e-09    4.0002074633290138e-07    2.8263427531272391e-09    3.6116553665854206e-08    5.5772823789862429e-10 
  -1.2455741947368445e-09   -2.8244100493225307e-08   -7.6647060271006788e-10    2.2163210191491695e-08    1.5876890437147937e-09 
   2.1122868394612368e-10    1.3675270560374670e-09   -6.2474787094497213e-10   -4.6443816640103271e-09   -7.1055940119182518e-10 

  -5.3866283420212916e-07   -2.8464505557917553e-09   -2.3295744437714588e-07    7.7358770365801529e-10   -8.5032055438531937e-08 
  -2.1834327566696039e-07   -2.4106082770536873e-09   -1.7612761665388263e-07   -1.1699811679412721e-09   -5.6425970731918996e-09 
  -1.3684407293921687e-07   -1.7178361611659923e-09   -1.9836431234279193e-08   -4.2523884815812186e-10   -1.1380528450916427e-08 
   9.1780769482410882e-09   -5.7767153816479534e-10   -1.2023039067181553e-08   -1.3051455311512060e-10    8.5667055637475742e-09 
   3.2622729231780481e-09    2.1680886313862418e-09    3.1181344088211095e-09    2.4064551656624801e-09    1.2485706304156906e-09 
