2    10 5 
   9.8862798492740573e-06    1.5136588018587580e-03   -1.4581373302560546e-07    2.5469178228714393e-05   -2.8077183438943851e-08 
   9.8862798492740573e-06    1.5136588018587580e-03   -1.4581373302560546e-07    2.5469178228714393e-05   -2.8077183438943851e-08 
   9.8862798492740573e-06    1.5136588018587580e-03   -1.4581373302560546e-07    2.5469178228714393e-05   -2.8077183438943851e-08 
   9.8862798492740573e-06    1.5136588018587580e-03   -1.4581373302560546e-07    2.5469178228714393e-05   -2.8077183438943851e-08 
   9.8862798492740573e-06    1.5136588018587580e-03   -1.4581373302560546e-07    2.5469178228714393e-05   -2.8077183438943851e-08 
   9.8862798492740573e-06    1.5136588018587580e-03   -1.4581373302560546e-07    2.5469178228714393e-05   -2.8077183438943851e-08 
   9.8862798492740573e-06    1.5136588018587580e-03   -1.4581373302560546e-07    2.5469178228714393e-05   -2.8077183438943851e-08 
   9.8862798492740573e-06    1.5136588018587580e-03   -1.4581373302560546e-07    2.5469178228714393e-05   -2.8077183438943851e-08 
   9.8862798492740573e-06    1.5136588018587580e-03   -1.4581373302560546e-07    2.5469178228714393e-05   -2.8077183438943851e-08 
   9.8862798492740573e-06    1.5136588018587580e-03   -1.4581373302560546e-07    2.5469178228714393e-05   -2.8077183438943851e-08 
2    10 5 
  -1.5562274724412175e-03    6.3766025291837607e-05   -1.4800904756555885e-05    2.0977148377776637e-06   -5.1038166893875604e-07 
   2.0570185760421915e-05   -1.3880229575198838e-05    1.8295264802465049e-06   -5.5750861067466826e-07    1.0640174562590838e-07 
  -5.7560481350649108e-04    6.9841264042431919e-05   -2.3686575027402918e-05    4.6130625088531137e-06   -1.1416829942381234e-06 
   1.4880432081045389e-06    1.8169284926110888e-05   -2.0819067143786536e-07   -7.2233473257119383e-08    4.7023020633313409e-08 
  -1.5658952207628689e-05   -7.4356872583103740e-06   -6.3758312121252221e-06    7.0038044916596193e-07   -1.8139217048359008e-07 
  -7.3766674211898019e-05    2.0504067889305186e-05   -1.1767200582075754e-05    4.7090772811103892e-06   -1.6185326498877909e-06 
   3.9331733987476872e-06   -1.2450656623561155e-05    1.4026760442101832e-05   -2.5802347590838002e-06    4.5858414631436439e-07 
   2.6824786815730781e-07   -1.8374822190475801e-06    4.1195777155151774e-06   -3.8174342359199546e-07    3.0338459115963536e-08 
   6.1431672643030893e-07    5.3748230902616403e-06   -1.9071410380676738e-06    6.4799545588638723e-06   -2.6119241501717978e-06 
  -5.4898194938772772e-08   -8.1478884622475998e-07   -5.2092638364591286e-07    2.9713117054789037e-07   -1.3064666098953288e-07 
2    10 5 
  -1.5505309184512123e-03   -3.4565512308678945e-06    1.4807373259434375e-04    6.0339510180759693e-07    7.0362242189981665e-06 
   9.7212054025158292e-07    2.2853586795897103e-05    9.6641654286020838e-07    9.7613318693423592e-06   -1.1666628787744327e-07 
   2.1978763384965160e-04    9.0126633299223414e-06   -5.3617642815320698e-04   -1.3032784691915116e-06   -3.0127203351113686e-05 
   1.2671697432184235e-06   -1.6724973964920329e-05    9.4641109270461596e-07    7.0817777870275630e-06   -1.0107246690347621e-07 
  -1.8004822504083111e-05   -1.2359277305780148e-06   -3.8067217802936300e-06    5.0258456217038859e-07    1.1054483567097036e-06 
  -2.8132408131293861e-05   -5.3688323933534180e-06    5.7533423153191055e-05   -4.7407879500958740e-07   -4.3527288126518221e-05 
   1.1403733867818593e-05    8.8496869285587565e-06    1.1602572953523357e-05   -1.4878695296593799e-06   -5.3769008669617963e-06 
   2.3957113490235583e-06   -2.5753565936673175e-06    2.3865899485084172e-06   -5.3294699725949154e-07   -1.4879947262064288e-06 
  -7.4563196816647089e-06    1.0369891889878627e-06    1.5034920685664365e-06   -4.2797547681982090e-07   -4.7538987052729007e-06 
   6.8805638632628969e-07   -5.4341363584099019e-07    4.6917910318864313e-07    2.1005718074717158e-07    1.0315733140415763e-07 
 TENSORSUMACCUMULATOR_IMPL_H - PrettifyOut: Norm of simple tensor is 3.46973e-09 
 As simple full tensor 3    5 5 5 
   2.2628586545521518e-11    1.0744807028885994e-14    7.3230979803664423e-13    4.2822955593302656e-16    9.4492343168898134e-14 
  -8.3184533763477800e-13   -4.0768779327894458e-15   -2.6628255847431448e-13   -5.5155569293078345e-16   -2.4837582791974231e-14 
   1.8165330239874199e-13    6.5109882583124875e-16    9.9128335971702145e-14    1.8130577178284054e-16    1.0300354441490518e-14 
  -2.4348424870850111e-14   -1.8436607828644950e-16   -1.8943193133941358e-14   -1.1120820010310527e-16   -3.4075847860244376e-15 
   6.0710125359945291e-15    3.3378341189238145e-17    4.4062394561956115e-15    3.5784967258191673e-17    1.0966815404617203e-15 

   3.4645953503699797e-09    1.6451053360320757e-12    1.1212176757943691e-10    6.5564949246474099e-14    1.4467440647693527e-11 
  -1.2736135698085761e-10   -6.2419861273941337e-13   -4.0769727800666303e-11   -8.4447046012084085e-14   -3.8028081728566512e-12 
   2.7812394981187656e-11    9.9687798001362465e-14    1.5177243669487764e-11    2.7759185605801300e-14    1.5770565268564526e-12 
  -3.7279146634580875e-12   -2.8227740001003210e-14   -2.9003357642770151e-12   -1.7026755613973013e-14   -5.2172513656131485e-13 
   9.2951461028869740e-13    5.1104582009424830e-15    6.7462617259995649e-13    5.4789295357208297e-15    1.6790963758504138e-13 

  -3.3375129245787710e-13   -1.5847623650231534e-16   -1.0800910657085145e-14   -6.3160006690562160e-18   -1.3936770463568594e-15 
   1.2268970313376137e-14    6.0130281514678489e-17    3.9274281613219742e-15    8.1349502324342496e-18    3.6633199964456182e-16 
  -2.6792227757071547e-15   -9.6031218831029035e-18   -1.4620537691649165e-15   -2.6740970117981947e-18   -1.5192096071515658e-16 
   3.5911736040658906e-16    2.7192337793484809e-18    2.7939505540982968e-16    1.6402208967696786e-18    5.0258809767353222e-17 
  -8.9541972775898332e-17   -4.9230050182754248e-19   -6.4988067656184475e-17   -5.2779607108725968e-19   -1.6175066030195085e-17 

   5.8296094443866644e-11    2.7680928460864420e-14    1.8865871742644110e-12    1.1032112229416984e-15    2.4343255158756479e-13 
  -2.1430120819916869e-12   -1.0502912346199827e-14   -6.8600100789968812e-13   -1.4209258144101280e-15   -6.3986942767525647e-14 
   4.6797788502495563e-13    1.6773702841135361e-15    2.5537586381034426e-13    4.6708257158741654e-16    2.6535923227837366e-14 
  -6.2726767002218728e-14   -4.7496657780241686e-16   -4.8801730226637115e-14   -2.8649618583561553e-16   -8.7786695873357055e-15 
   1.5640230973166098e-14    8.5989769022163407e-17    1.1351418302859399e-14    9.2189754174773576e-17    2.8252869673936658e-15 

  -6.4265526071394535e-14   -3.0515413539324164e-17   -2.0797708386861602e-15   -1.2161783784415069e-18   -2.6835967554808788e-16 
   2.3624532679313998e-15    1.1578394636028502e-17    7.5624647034684297e-16    1.5664264620577709e-18    7.0539108629564331e-17 
  -5.1589811046203890e-16   -1.8491304563958211e-18   -2.8152596482276484e-16   -5.1491111828681431e-19   -2.9253161507572082e-17 
   6.9149892777757081e-17    5.2360243477706431e-19    5.3798953362630947e-17    3.1583296060943870e-19    9.6775920345799004e-18 
  -1.7241766896348034e-17   -9.4794990911238389e-20   -1.2513786315344966e-17   -1.0162984513721052e-19   -3.1145920664898294e-18 
