2    102 5 
   4.6449205835014061e-05    4.6093661256940820e-03   -1.0615169076461930e-05    3.5164854949611639e-04   -1.5579838545071650e-06 
  -7.2952825460935976e-04   -6.8032048779081381e-04   -3.7124215145207069e-05    3.5482069070243713e-03   -8.8982161504416905e-06 
   6.8899336062721751e-05   -2.0124451059992084e-03    3.0349417240555349e-05   -1.0818943984510674e-03    5.8939314569062475e-06 
   1.1254634003108180e-04   -1.1444535158674962e-03   -3.5062070454126166e-05    2.4824274732788846e-03   -4.7594724353176221e-06 
   6.9230022350180557e-04    6.3379499520925563e-04    4.3924458965296542e-05   -3.1282940073329014e-03    4.5724039800188669e-06 
  -2.5898546644171591e-04   -6.5860080593984174e-05    1.0508975024059692e-05   -8.7123139033023892e-04   -4.0082037052388186e-07 
  -3.7372756051850907e-04    1.1063968753472350e-04   -1.0725840352885789e-05   -2.6046684484626074e-05   -2.3803993450616790e-06 
  -5.1957861839317296e-04   -4.0495947563597704e-04    1.2926108230380234e-04   -1.1237539527060084e-03    1.7317054652695574e-05 
   6.4065259449635863e-04   -2.3002051548540859e-04    1.0588652724414957e-04   -9.6100519495021441e-05    3.3599955356956212e-06 
   1.5594597016288793e-04   -1.5480472204281018e-04    7.9815498693796674e-06    1.6481203910148546e-05   -4.0075640363984188e-07 
  -1.6679850453333315e-04    2.8698048276459750e-04   -1.2195029413610688e-05    3.6454980183531639e-06   -3.0389962719263328e-07 
   1.8405115394567743e-04   -8.6285053534421807e-06    2.2987026702481618e-05   -5.1069315464771922e-05   -5.1845339374854285e-06 
  -2.3137141590196726e-05   -9.1098329955244050e-05   -2.4430072594336247e-04    1.4472601722624508e-04   -7.5916982532339217e-06 
   4.3541343502588307e-05    1.0526073583180733e-04   -2.6478418272924521e-04   -1.9675566316269163e-04   -4.0367051636274956e-06 
  -1.3839499473971759e-04   -4.4154675367134319e-05   -1.2313281254340718e-04   -1.2239949085912546e-05    1.5806634438656508e-05 
  -1.0536086788398699e-04    3.2896713635866057e-05    1.3397253519238260e-04    1.1508538261577719e-05   -1.6433479799888320e-04 
   5.1203508926228412e-07    1.7089272114221704e-03   -2.5446455903936139e-07   -1.4970103934007709e-04   -6.6286795417261520e-08 
   5.1203508926228412e-07    1.7089272114221704e-03   -2.5446455903936139e-07   -1.4970103934007709e-04   -6.6286795417261520e-08 
   5.1203508926228412e-07    1.7089272114221704e-03   -2.5446455903936139e-07   -1.4970103934007709e-04   -6.6286795417261520e-08 
   5.1203508926228412e-07    1.7089272114221704e-03   -2.5446455903936139e-07   -1.4970103934007709e-04   -6.6286795417261520e-08 
   5.1203508926228412e-07    1.7089272114221704e-03   -2.5446455903936139e-07   -1.4970103934007709e-04   -6.6286795417261520e-08 
  -3.0807873440954991e-05   -1.8583696741130903e-03    5.6228324693275490e-06   -3.0319056468261095e-04    3.6620594684461563e-07 
   8.9446206068298124e-05    1.2673085067938412e-03   -2.6707758492165724e-07   -8.6453748063565662e-05    1.8215071936183497e-07 
  -4.1027269765115037e-05    7.1189439705869129e-04    8.1082386244794446e-07    7.0605245949882929e-05    2.8195182909300721e-07 
   9.3785375942758302e-06    5.6572518340595600e-04   -1.7117035293257346e-06    9.2297318559013194e-05   -1.1148047093584598e-07 
  -2.7229227875290611e-05   -3.8579425150167643e-04    8.1303799678895131e-08    2.6318263347003293e-05   -5.5450350139662256e-08 
   1.2489527802692119e-05   -2.1671500237642824e-04   -2.4683112551984895e-07   -2.1493659884157915e-05   -8.5831819388363246e-08 
  -1.2734872281252066e-05   -7.6818351310549340e-04    2.3242777043018084e-06   -1.2532812839268975e-04    1.5137643208769946e-07 
   3.6973860351168089e-05    5.2385998033571365e-04   -1.1040031502599962e-07   -3.5736885310670230e-05    7.5294588295973298e-08 
  -1.6959204974292396e-05    2.9427166537984690e-04    3.3516556573292608e-07    2.9185681747278584e-05    1.1654879522426246e-07 
  -9.5566641065721720e-06   -5.7646999866370113e-04    1.7442139049252554e-06   -9.4050321016374557e-05    1.1359781889946410e-07 
   2.7746392448678703e-05    3.9312163957185004e-04   -8.2848002293392449e-08   -2.6818125976179043e-05    5.6503518331046118e-08 
  -1.2726741334690925e-05    2.2083106920961636e-04    2.5151918771217485e-07    2.1901888846633431e-05    8.7462022655984659e-08 
  -8.7316870408474482e-06   -5.2670634445628158e-04    1.5936449979055000e-06   -8.5931446375881707e-05    1.0379151051995753e-07 
   2.5351190820631955e-05    3.5918549479682931e-04   -7.5696165515310541e-08   -2.4503056760672228e-05    5.1625863718929664e-08 
  -1.1628108003494272e-05    2.0176787252656919e-04    2.2980684550381380e-07    2.0011212791366527e-05    7.9911881517984139e-08 
   7.0227766650581564e-05    4.2362272123150427e-03   -1.2817469122886914e-05    6.9113489017658169e-04   -8.3478094748566758e-07 
  -2.0389616633498980e-04   -2.8888798916935562e-03    6.0881392373369909e-07    1.9707473989441488e-04   -4.1521977292899397e-07 
   9.3523284977687355e-05   -1.6227914494751467e-03   -1.8483050807077184e-06   -1.6094745216278691e-04   -6.4272035193204067e-07 
   2.8824738869285579e-05    1.7387445024913308e-03   -5.2608849469839534e-06    2.8367387549020628e-04   -3.4263289254307941e-07 
  -8.3688461578121796e-05   -1.1857305518074195e-03    2.4988552546350552e-07    8.0888631179927242e-05   -1.7042548978656995e-07 
   3.8386302117401776e-05   -6.6606902086417392e-04   -7.5863029458494964e-07   -6.6060313484719751e-05   -2.6380229920444130e-07 
   3.2874594896321946e-05    1.9830369116896726e-03   -6.0000356711832425e-06    3.2352986029466637e-04   -3.9077257877645846e-07 
  -9.5446632989579163e-05   -1.3523248805003771e-03    2.8499427028012803e-07    9.2253428342125061e-05   -1.9437015412863658e-07 
   4.3779551218140341e-05   -7.5965126113360126e-04   -8.6521733028194917e-07   -7.5341742188279580e-05   -3.0086634117977235e-07 
  -4.0951081214024045e-04   -5.2707507454989921e-06   -5.9038257986961497e-04    1.8223361973279894e-06   -1.0603629157724364e-04 
   2.7897686610700519e-04    1.9596148339580647e-05    3.1264999329043609e-04    5.7759380764346984e-08   -2.7576132664586292e-05 
   1.5682841228388132e-04   -8.8019110801453050e-06    2.1218889336845678e-04    3.1026189437111247e-07    2.5106205571320613e-05 
  -3.4489860299056710e-04   -4.4391369286033548e-06   -4.9723260287756440e-04    1.5348098023412468e-06   -8.9305990823918612e-05 
   2.3496017329584364e-04    1.6504287520503164e-05    2.6332038792165860e-04    4.8646163042946344e-08   -2.3225197845670665e-05 
   1.3208418118009499e-04   -7.4131542933466793e-06    1.7870994055178398e-04    2.6130908087759469e-07    2.1144973395664805e-05 
   1.7397827603432780e-03    2.2474717243189954e-01    7.7692978564139492e-04    1.9704625088695507e-01   -6.0274147625691439e-04 
  -5.9100651977267082e-03   -1.3127323428201618e-01   -4.7823525154363240e-03   -7.8568075474208340e-02   -7.0640209180564649e-05 
   2.6723710574324830e-03   -8.2679236869102113e-02    2.0544525435414770e-03   -6.6815962604921564e-02   -1.1800072808914187e-04 
   3.6316828308892793e-04    4.6914503696472702e-02    1.6217901611828922e-04    4.1132117328031154e-02   -1.2581834471995731e-04 
  -1.2336874923272237e-03   -2.7402429887466960e-02   -9.9828483862797685e-04   -1.6400572373725327e-02   -1.4745682087392635e-05 
   5.5783999636414578e-04   -1.7258750451654124e-02    4.2885354420825689e-04   -1.3947395603216315e-02   -2.4631880945251753e-05 
  -1.3911752654405649e-01   -1.3939339015549971e-03   -2.8526229082533278e-01   -8.1210358950260767e-05   -1.9176816739882518e-01 
   8.3270112250581632e-02    6.0939757850343185e-03    1.4002194986594874e-01    3.5350160732665501e-03    5.6035437708599534e-02 
   5.1490611975239048e-02   -2.6859729096327255e-03    1.0081042545402909e-01   -1.3991810763494452e-03    6.1853507053670785e-02 
  -3.5045526869838408e-04   -4.5106559191982486e-06   -5.0524352356341577e-04    1.5595371422688145e-06   -9.0744800759392480e-05 
   2.3874561958740621e-04    1.6770188303231589e-05    2.6756274598587311e-04    4.9429901984344742e-08   -2.3599379298733358e-05 
   1.3421219107559633e-04   -7.5325877149129658e-06    1.8158913863985877e-04    2.6551903474885876e-07    2.1485640326587708e-05 
  -3.2417084565244435e-03   -4.1876769103557065e-01   -1.4476404259474844e-03   -3.6715302185236265e-01    1.1230782286258192e-03 
   1.1012126782024933e-02    2.4459924732405142e-01    8.9108783836390985e-03    1.4639459620081413e-01    1.3162273399358715e-04 
  -4.9793848136193376e-03    1.5405485526518969e-01   -3.8280274616656626e-03    1.2449707856885428e-01    2.1986880594628753e-04 
  -1.1837168936941762e-03   -1.5291393321149219e-01   -5.2860905018765349e-04   -1.3406672449609031e-01    4.1009445790502050e-04 
   4.0211020460984223e-03    8.9315947169654575e-02    3.2538266231617609e-03    5.3456305214513750e-02    4.8062327600387351e-05 
  -1.8182331949754694e-03    5.6253465473119178e-02   -1.3978125536795055e-03    4.5460379023573291e-02    8.0285572711256127e-05 
  -1.6671305201016728e-01   -1.6704363627043071e-03   -3.4184727336884169e-01   -9.7319346683119964e-05   -2.2980753942121229e-01 
   9.9787675208036344e-02    7.3027843955908115e-03    1.6779687786624356e-01    4.2362262550192081e-03    6.7150696775562776e-02 
   6.1704353761241525e-02   -3.2187658342221412e-03    1.2080730673832314e-01   -1.6767243736123809e-03    7.4122845586851879e-02 
   2.0240069651120178e-06    1.2209064580087582e-04   -3.6940725893945978e-07    1.9918928057464389e-05   -2.4058894830878249e-08 
  -5.8764115748544928e-06   -8.3259276224062988e-05    1.7546387716203694e-08    5.6798139143248944e-06   -1.1966886497216478e-08 
   2.6953979775096235e-06   -4.6769836964973807e-05   -5.3269277031371650e-08   -4.6386035001700625e-06   -1.8523591607322246e-08 
   2.7830862210143250e-06    1.6787926123779546e-04   -5.0794896955316652e-07    2.7389280358052862e-05   -3.3081891441487343e-08 
  -8.0802884401544013e-06   -1.1448465762467917e-04    2.4126947546763441e-08    7.8099592122738555e-06   -1.6454922089165003e-08 
   3.7062742869275376e-06   -6.4310296881365302e-05   -7.3247273089892899e-08   -6.3782554648262499e-06   -2.5470639901272263e-08 
  -1.3778176363302063e-06   -8.3111692753528232e-05    2.5146940950720385e-07   -1.3559563206764012e-05    1.6377794236870663e-08 
   4.0002942903516041e-06    5.6677719566668240e-05   -1.1944485797723105e-08   -3.8664628714839580e-06    8.1463095493419605e-09 
  -1.8348587402889649e-06    3.1837986395003784e-05    3.6262399603116677e-08    3.1576717969068949e-06    1.2609705225660758e-08 
  -9.0375047104488121e-06   -5.4515365092436133e-04    1.6494606492397041e-06   -8.8941100129298435e-05    1.0742669324273846e-07 
   2.6239088206568579e-05    3.7176556900923700e-04   -7.8347339890589650e-08   -2.5361249190337168e-05    5.3434002427958375e-08 
  -1.2035369609970315e-05    2.0883456883483628e-04    2.3785557579174634e-07    2.0712083360034862e-05    8.2710706677997925e-08 
  -4.3277618968371033e-06   -2.6105604079678768e-04    7.8987211368847823e-07   -4.2590949220455341e-05    5.1443087955640257e-08 
   1.2565030922401141e-05    1.7802622689136501e-04   -3.7517948057611689e-08   -1.2144662870851367e-05    2.5587775288886726e-08 
  -5.7633401786403165e-06    1.0000396333966909e-04    1.1390116308007426e-07    9.9183312254363648e-06    3.9607420000308168e-08 
   1.5239707663546355e-06    9.1927833378575136e-05   -2.7814423231086890e-07    1.4997904938047891e-05   -1.8115082124250446e-08 
  -4.4246287713000117e-06   -6.2689854916727128e-05    1.3211506874996641e-08    4.2766010754742525e-06   -9.0104359818903141e-09 
   2.0294928783452765e-06   -3.5215226780530255e-05   -4.0108963229859202e-08   -3.4926244093128547e-06   -1.3947289996548424e-08 
  -1.3984883221811221e-03   -1.8065835761427046e-01   -6.2451890956764604e-04   -1.5839154581610287e-01    4.8450124639307627e-04 
   4.7506834478110707e-03    1.0552126928888697e-01    3.8441949752804688e-03    6.3155319475200214e-02    5.6782668426924243e-05 
  -2.1481301008045043e-03    6.6459991375861172e-02   -1.6514291071898881e-03    5.3708627058608384e-02    9.4852440202921701e-05 
  -1.5202295855460183e-03   -1.9638503644637306e-01   -6.7888455555849313e-04   -1.7217985322498935e-01    5.2667806896801721e-04 
   5.1642401401409740e-03    1.1470711119499677e-01    4.1788399955418670e-03    6.8653118962816340e-02    6.1725715631453181e-05 
  -2.3351292113413975e-03    7.2245469298693313e-02   -1.7951893822512493e-03    5.8384072686578532e-02    1.0310953875740745e-04 
  -3.7335421360662154e-03   -4.8230334117730433e-01   -1.6672771782637395e-03   -4.2285766775569372e-01    1.2934722369107301e-03 
   1.2682892338959270e-02    2.8170997132589964e-01    1.0262841449458186e-02    1.6860565986681514e-01    1.5159260310415492e-04 
  -5.7348596465913665e-03    1.7742813738865013e-01   -4.4088177631712274e-03    1.4338583956199108e-01    2.5322741462294754e-04 
   4.0770107770468703e-03    5.2667302205872557e-01    1.8206589818396000e-03    4.6175862110754884e-01   -1.4124657115165986e-03 
  -1.3849659884793400e-02   -3.0762598820095061e-01   -1.1206975485389906e-02   -1.8411660222278334e-01   -1.6553842277709525e-04 
   6.2624402596509320e-03   -1.9375070694850999e-01    4.8144086445006933e-03   -1.5657667487478527e-01   -2.7652316776830482e-04 
2    102 5 
   9.6355530009712517e-02   -1.9097247103837385e-05    2.4204582260405495e-03   -5.0262725293363062e-05    5.1458930739941276e-05 
  -8.0973184611861912e-02   -3.7754474691420563e-02    8.0447559757087467e-05    3.1293303829975656e-03   -1.3735796849872533e-03 
  -1.1626082407282469e-02   -9.7090662723880190e-03   -1.0071326759380172e-02    2.4593141536728871e-03   -7.4892183735377101e-04 
  -5.4015245700031751e-02   -7.6013857550047614e-03    2.7309273561484039e-03    3.3851077411216268e-03   -1.3390343767780016e-03 
   2.4743259037904045e-02   -9.7560797090106861e-03   -2.9003635898914300e-03    8.0031205192220630e-04   -3.6892094801945841e-04 
  -8.2829636182371984e-03    2.8806570781010576e-02   -6.1509181247515633e-03    3.7097976863807872e-03   -1.0588046855566856e-03 
  -3.5726669483491518e-03   -1.3444794798487863e-03    1.9239195130779822e-02   -9.8926387702108244e-03    4.9970001965751916e-03 
  -3.5288448360920068e-04   -4.1442393345712808e-04    8.8272439509741411e-05    3.4480150558913753e-03   -1.0949163542128076e-03 
  -1.4495551839428098e-04   -2.1227065025918469e-03    9.1031170634418724e-03    7.8150401459242264e-03   -5.6705286008290406e-04 
   1.0077882070930497e-02    1.0142998459185240e-02   -3.7357926896622769e-03    4.2376420430646329e-02   -9.4425859465539740e-03 
   2.8696711152491408e-03    1.2836159770039527e-02   -1.3833535877008050e-02    1.3446752670605014e-02   -4.0672339804906765e-03 
   3.8229991568124253e-04   -2.4644174200463939e-03    2.2889708602473259e-05   -5.0990749223628123e-04    1.0165014777669466e-03 
  -5.8165437193274262e-05    1.4367518642123341e-03    5.4956989918029412e-03   -3.2355759548477313e-03    1.2002255167072931e-03 
  -5.4050145988540643e-04   -1.7556022387604114e-03   -3.7338398398591480e-03    2.9889884654687579e-03    7.1329659883587909e-04 
  -3.8299581009053834e-04    1.7977843316608127e-03    1.0471204565410729e-03    9.2638665732143748e-04    1.3646967464946494e-03 
   3.3076564711166266e-04    1.8041144387323852e-03   -1.0607487222470365e-03    3.6062994907070799e-04    3.9161689210565059e-04 
   5.5362442558265604e-05   -1.7034405755236720e-03    9.1651096473603148e-05   -2.6714725547850538e-05    2.0101841952540368e-06 
   5.8327524899449556e-04    4.5791674708548359e-06   -2.6523389654494026e-04    6.5541651514473039e-06   -3.5482482818925545e-06 
  -5.4244412659751826e-05   -6.7347370612390866e-06   -1.2206736931215606e-04   -1.0079461839141382e-04    1.2827918220591891e-05 
   2.7251096213668326e-05    5.3533066946998889e-06    5.8018951852667337e-05   -8.6608416272897833e-05   -1.0381156246548190e-05 
   5.9198234080255218e-07    9.9211173415786934e-08    1.1500803427888872e-06   -3.3742878887039525e-07    1.0847915389598168e-05 
  -1.8737103836764222e-03    1.8685181005139936e-04   -2.6743280212367085e-05    4.8753382954531163e-06   -2.5849011573566095e-07 
   1.2681991005568341e-03    9.1584486705867634e-05   -6.9349691912632349e-05   -4.3217028081154358e-06   -1.0471359649435825e-06 
  -3.4664667758867770e-04   -6.2647757319405663e-04    2.2816587396444588e-05   -1.7172975059863198e-05    3.0216857117769801e-06 
  -5.7039520458214378e-04    5.6881456893936598e-05   -8.1411934954431201e-06    1.4841512373890858e-06   -7.8689600982094233e-08 
   3.8606536619264868e-04    2.7880163597452426e-05   -2.1111443930091260e-05   -1.3156134367689628e-06   -3.1876929228378660e-07 
  -1.0552623516605338e-04   -1.9071239965432095e-04    6.9458290615466267e-06   -5.2277997218199341e-06    9.1986203138297725e-07 
  -7.7452481340222552e-04    7.7237850937223943e-05   -1.1054714910425616e-05    2.0152903652855311e-06   -1.0685056260597472e-07 
   5.2422811992340482e-04    3.7857749038685298e-05   -2.8666680643965143e-05   -1.7864372691727227e-06   -4.3284853140609367e-07 
  -1.4329133019430282e-04   -2.5896340742198744e-04    9.4315606348044109e-06   -7.0986932770814994e-06    1.2490567285442356e-06 
  -5.8122871752607961e-04    5.7961806087934150e-05   -8.2958191381614530e-06    1.5123397135751570e-06   -8.0184152135302417e-08 
   3.9339790354263804e-04    2.8409691389386289e-05   -2.1512413467079856e-05   -1.3406008754464908e-06   -3.2482367567681586e-07 
  -1.0753049436285668e-04   -1.9433459919882397e-04    7.0777511542292874e-06   -5.3270912928213589e-06    9.3733296582206120e-07 
  -5.3105426789047357e-04    5.2958265084787959e-05   -7.5796842553128573e-06    1.3817872984885800e-06   -7.3262271674869069e-08 
   3.5943791033709335e-04    2.5957230616547904e-05   -1.9655358793940966e-05   -1.2248737802801698e-06   -2.9678333860422865e-07 
  -9.8247946527530748e-05   -1.7755870484615106e-04    6.4667657398596071e-06   -4.8672312313405734e-06    8.5641789010864898e-07 
  -4.2711969668335686e-03    4.2593609518936336e-04   -6.0962365540249129e-05    1.1113526573391175e-05   -5.8923844789733403e-07 
   2.8909100354192439e-03    2.0877046166525631e-04   -1.5808536704956997e-04   -9.8514925713121798e-06   -2.3869878697868967e-06 
  -7.9019481920925504e-04   -1.4280804193257889e-03    5.2011313877639727e-05   -3.9146476225038172e-05    6.8880521553938249e-06 
  -1.7530977147661112e-03    1.7482396642233097e-04   -2.5021787696805013e-05    4.5615077436356721e-06   -2.4185084052139853e-07 
   1.1865638171318206e-03    8.5689098886805834e-05   -6.4885580755134006e-05   -4.0435103433326792e-06   -9.7973074344077513e-07 
  -3.2433267361180543e-04   -5.8615056600357996e-04    2.1347860145272032e-05   -1.6067532952510280e-05    2.8271766876072591e-06 
  -1.9994067404376136e-03    1.9938661371279116e-04   -2.8537331694294889e-05    5.2023964507878643e-06   -2.7583071761832755e-07 
   1.3532752190309381e-03    9.7728358466979336e-05   -7.4001960316474587e-05   -4.6116207712741067e-06   -1.1173822404478939e-06 
  -3.6990119164584731e-04   -6.6850431821778719e-04    2.4347219843402132e-05   -1.8325010304253654e-05    3.2243930717599439e-06 
  -6.7000998474995724e-03    8.6862034637732067e-04   -5.6300532767255022e-03    7.5253381207235142e-04   -1.3350274169496797e-04 
   4.3110953566271107e-03    6.8766046553917686e-04    3.1027899048189393e-03    3.6874227721633325e-04   -3.7660939946354929e-04 
  -1.2493145310220686e-03   -3.8181555438801936e-03   -8.6611157846125104e-04   -2.7607220801684831e-03    1.2693609739641466e-04 
   6.9381801003777837e-03   -1.3808894857872431e-01    2.0976892397558934e-02   -8.3189245304533130e-02    1.2127413043328266e-02 
   1.0792556137004050e-02    8.2676117766943918e-02    1.4257047486101997e-02    3.8624426281307786e-02    5.7166584255642534e-03 
  -4.7155411659777283e-02   -2.4440346263186804e-02   -8.7473839817160448e-02   -1.0524477280003899e-02   -4.6482702425908767e-02 
   3.7031600190373659e-04   -5.4565490529918164e-03    6.4882909262983226e-04   -1.0482503052090827e-04    2.1356533213055835e-05 
   3.7385137311486498e-04    3.3971333527487786e-03    3.2185533680809683e-04   -2.8519617422487491e-04   -2.1484503756965094e-05 
  -1.8281521462912909e-03   -9.4684267845869345e-04   -2.2769215327933974e-03    9.3981951261500946e-05   -7.7215032818101317e-05 
  -2.0511251897680997e-02    2.6591380924935208e-03   -1.7235480602483432e-02    2.3037582920049336e-03   -4.0869665023849521e-04 
   1.3197708217393427e-02    2.1051592289351388e-03    9.4986801349048067e-03    1.1288437344902135e-03   -1.1529276332074422e-03 
  -3.8245706225989917e-03   -1.1688654188382054e-02   -2.6514579128170154e-03   -8.4514958425519569e-03    3.8859395051822718e-04 
   1.4167942220571883e-05   -2.0876243886052881e-04    2.4823591333207223e-05   -4.0105071561989309e-06    8.1708089047946258e-07 
   1.4303202200670072e-05    1.2997112954852487e-04    1.2313882715943762e-05   -1.0911337606730110e-05   -8.2197692322641600e-07 
  -6.9943383072607466e-05   -3.6225311062473237e-05   -8.7112878059691852e-05    3.5956611337461963e-06   -2.9541745911666007e-06 
  -2.5970008252562937e-05    2.5898042148434648e-06   -3.7066732076973753e-07    6.7573183598697903e-08   -3.5827257495843363e-09 
   1.7577498312589578e-05    1.2693796737633208e-06   -9.6120088086931502e-07   -5.9899682773634298e-08   -1.4513518144561100e-08 
  -4.8045936854113865e-06   -8.6831069986240262e-06    3.1624255709057248e-07   -2.3802093851379491e-07    4.1881180546978018e-08 
  -8.2924297564363294e-04    8.2694504082002991e-05   -1.1835701747172759e-05    2.1576653844754869e-06   -1.1439927675830377e-07 
   5.6126347220795492e-04    4.0532300477384650e-05   -3.0691907021811995e-05   -1.9126444127493174e-06   -4.6342815359197924e-07 
  -1.5341448973378569e-04   -2.7725849816241188e-04    1.0097875846499108e-05   -7.6001974816157652e-06    1.3372993355447575e-06 
  -3.0279987617979519e-04    3.0196078028089276e-05   -4.3218322359176137e-06    7.8787620811560644e-07   -4.1773144729487683e-08 
   2.0494657763835781e-04    1.4800457678050592e-05   -1.1207216604654536e-05   -6.9840626736325763e-07   -1.6922179825155072e-07 
  -5.6019634606516493e-05   -1.0124154364794215e-04    3.6872613284732764e-06   -2.7752286410252875e-06    4.8831776103255815e-07 
  -2.0404451429210317e-05    2.0347908171235410e-06   -2.9123068693269375e-07    5.3091771448346443e-08   -2.8149222299288350e-09 
   1.3810515848829769e-05    9.9734261331913095e-07   -7.5520871986925757e-07   -4.7062756233783950e-08   -1.1403168345871975e-08 
  -3.7749352074769672e-06   -6.8222556298408231e-06    2.4846953582954850e-07   -1.8701136448658944e-07    3.2905746735158068e-08 
   1.0242886329590757e-04   -1.5092734695315720e-03    1.7946517593010947e-04   -2.8994449783475890e-05    5.9071857810866396e-06 
   1.0340674179055359e-04    9.3964210565528289e-04    8.9024714366906199e-05   -7.8884843733512960e-05   -5.9425822459452984e-06 
  -5.0566420385276146e-04   -2.6189529692477996e-04   -6.2979315832705830e-04    2.5995269954738066e-05   -2.1357564891214906e-05 
   1.4084356575187146e-04   -2.0753081729456054e-03    2.4677141279272059e-04   -3.9868466398196192e-05    8.1226041390643599e-06 
   1.4218818571177608e-04    1.2920434771277443e-03    1.2241235339353700e-04   -1.0846964730156332e-04   -8.1712756186189264e-06 
  -6.9530742851219008e-04   -3.6011595057898981e-04   -8.6598944136149407e-04    3.5744480562385399e-05   -2.9367460481970150e-05 
   6.9727178192070357e-05   -1.0274191938123053e-03    1.2216869248269754e-04   -1.9737612051721694e-05    4.0212434495301978e-06 
   7.0392856847991756e-05    6.3964970838855176e-04    6.0602470069659020e-05   -5.3699878907862934e-05   -4.0453391539356928e-06 
  -3.4422463466702945e-04   -1.7828197491154737e-04   -4.2872388076742524e-04    1.7695957584227271e-05   -1.4538897386923816e-05 
  -1.2135723881196563e-01    1.5733103865845269e-02   -1.0197575194086837e-01    1.3630457399799076e-02   -2.4181018902240210e-03 
   7.8085795830430835e-02    1.2455422641071422e-02    5.6200060302533002e-02    6.6789369732916425e-03   -6.8214321979970802e-03 
  -2.2628522759863795e-02   -6.9157299847228695e-02   -1.5687663177789270e-02   -5.0004271041051006e-02    2.2991618985117829e-03 
  -5.8113965177640656e-02    7.5340627320352781e-03   -4.8832812572784337e-02    6.5271749295035559e-03   -1.1579489647271888e-03 
   3.7392703263372108e-02    5.9644896729856445e-03    2.6912348858424130e-02    3.1983218676466560e-03   -3.2665581146771503e-03 
  -1.0836050626742783e-02   -3.3117142038215475e-02   -7.5123026904490827e-03   -2.3945390439506456e-02    1.1009925391833970e-03 
   2.5161238700669077e-02   -5.0077815029974715e-01    7.6072484308167751e-02   -3.0168494160621462e-01    4.3979938541545673e-02 
   3.9139093714033707e-02    2.9982408987414938e-01    5.1703035922208734e-02    1.4007108424404616e-01    2.0731402923366209e-02 
  -1.7100861488668559e-01   -8.8632664093220154e-02   -3.1722297949340106e-01   -3.8166908499179440e-02   -1.6856904177606710e-01 
  -3.5773933197302035e-04    3.5674799204870534e-05   -5.1059775733151274e-06    9.3082702649903046e-07   -4.9352387717179566e-08 
   2.4213170989201049e-04    1.7485825653035971e-05   -1.3240633490369898e-05   -8.2512382331341867e-07   -1.9992509186442796e-07 
  -6.6183734664436870e-05   -1.1961062418343523e-04    4.3562712808863396e-06   -3.2787610504942012e-06    5.7691724259035487e-07 
  -3.8888127112184724e-04    3.8780363303336740e-05   -5.5504633445790110e-06    1.0118574193759939e-06   -5.3648613817511267e-08 
   2.6320976953356836e-04    1.9008002472259500e-05   -1.4393257665561560e-05   -8.9695253656715678e-07   -2.1732897924473757e-07 
  -7.1945163876580183e-05   -1.3002297319557757e-04    4.7354935889197650e-06   -3.5641838933079592e-06    6.2713906629525519e-07 
  -9.5505614774555800e-04    9.5240956906492795e-05   -1.3631420522732259e-05    2.4850274898278773e-06   -1.3175599405091257e-07 
   6.4641865578803266e-04    4.6681882017933804e-05   -3.5348498990256925e-05   -2.2028318098559869e-06   -5.3373971215476385e-07 
  -1.7669061526843314e-04   -3.1932430055157756e-04    1.1629930779799428e-05   -8.7533033647508791e-06    1.5401950806960411e-06 
  -1.0429169044134903e-03    1.0400268527119177e-04   -1.4885448282684562e-05    2.7136385470021391e-06   -1.4387693726474848e-07 
   7.0588618799110811e-04    5.0976399661174517e-05   -3.8600397714421817e-05   -2.4054821672019935e-06   -5.8284130171506209e-07 
  -1.9294533619793283e-04   -3.4870066207246528e-04    1.2699830723086408e-05   -9.5585668655266095e-06    1.6818859179579288e-06 
2    102 5 
  -4.4574579206485422e-02   -6.4408214520294245e-03   -5.3167224417154831e-03    2.0568753674877495e-03   -7.4766845832673523e-04 
  -6.2402208095132616e-04    4.4287328011733441e-03    1.1352134793608172e-04    1.3841880282042523e-03   -4.2111484745784884e-04 
   3.5631590443153506e-03    6.7012817695969774e-04   -1.0630276209419002e-02    1.0159712307706141e-02   -3.7839643057352981e-03 
  -4.1614975882931773e-03   -6.7102554595062794e-03    2.5974828600872496e-03   -2.7834241046803872e-03    1.1944001510767984e-03 
   2.5513411913822338e-03    1.4347453965287346e-02    1.1859788310034123e-02   -7.2036136360161393e-03    2.0816694176295550e-03 
  -2.2213394840110784e-02   -1.4951406445867932e-02   -2.8347597031674618e-03   -3.1376307201741683e-03    2.3375521700849944e-03 
  -3.3131062854998517e-03    4.9920249349344028e-03    1.5161787683522848e-03    1.5357063447707360e-03   -4.9109808876989956e-04 
   2.3508587640088877e-04   -3.0421676372271241e-03    5.5645410119314351e-03    2.7518451832654754e-03    1.1167760425170609e-04 
  -5.1790427138590058e-03    4.9260683635652389e-04   -3.4716485042281006e-03   -8.1843535844807174e-04   -6.8378394578553982e-04 
   3.9858712834653903e-03   -6.8170045757110255e-03    4.6700276658057215e-03    5.6136324392795749e-03   -1.9549449494603646e-05 
   2.1159014153357292e-03   -3.3516225281786578e-03    1.0330279343309212e-02    1.1285322161774480e-02   -2.1274437478839164e-03 
  -3.0443960690852874e-04    1.8358018503012276e-05    1.2889449743693096e-03   -1.3208935186377502e-03    4.4898068265519569e-03 
   1.7686608730041798e-03    1.2158888989482861e-03    6.7651987675365285e-04   -1.4844610443714413e-03   -7.1756817461583787e-04 
  -2.4219260091427803e-03   -1.1405849296110663e-03   -2.2561321799484472e-04    2.5961792487315481e-05   -1.3089862133895029e-03 
   1.0099546571930395e-03    1.2059361360016479e-04   -4.2037011249120041e-03    2.4279944501887749e-03    1.1243198603375505e-03 
  -1.2652528677733021e-04    1.7882320596470382e-03   -1.9576854564905869e-03    3.1344275318239273e-03   -1.3112365491159670e-03 
  -9.6779265799778959e-04   -1.3889812551648162e-03   -2.0988821027917890e-04    6.0503376889306276e-05   -1.6945789152067669e-05 
   5.2136418705544954e-04   -3.6989792428738681e-04    3.6053292608903404e-05   -2.4400693024395995e-05    9.7584949305885124e-06 
   2.1176355995876890e-05    9.7934596482651870e-06   -1.3239031164440936e-04    9.4707847941653239e-05   -3.4223460333975969e-05 
  -2.8922693873761786e-06   -3.8557283849215175e-06    6.4797455110598306e-05    8.4421470586720332e-05   -1.9933347370402476e-05 
   3.1401818330749545e-08    6.8779420452870703e-08   -5.9931510692302724e-07    2.9455074371499758e-06    1.0508719612231408e-05 
   1.6693893891675704e-03    8.0527883222690543e-04    3.1139887989332536e-04   -1.1401094660792733e-04    3.3772043915437050e-05 
  -5.1280660209307416e-04   -1.0848964046286293e-03   -4.0472277528888793e-04    1.2745314956359423e-04   -3.9117517022656213e-05 
  -4.4484068440652684e-04   -1.4332314503493314e-04    3.9302730032393185e-04   -3.5469230692517000e-04    1.2149426866301737e-04 
   5.0819577585579380e-04    2.4514310656297158e-04    9.4796095144060252e-05   -3.4707229986863895e-05    1.0280890828232464e-05 
  -1.5610866506382469e-04   -3.3026433116861324e-04   -1.2320576980365654e-04    3.8799307488130727e-05   -1.1908160577679063e-05 
  -1.3541846989750160e-04   -4.3630453962235608e-05    1.1964543150728005e-04   -1.0797548689212653e-04    3.6985304043427532e-05 
   6.9006582682415104e-04    3.3287344869356095e-04    1.2872115212907482e-04   -4.7128044929789747e-05    1.3960154269141758e-05 
  -2.1197589619920590e-04   -4.4845734574359134e-04   -1.6729791046746456e-04    5.2684570541567921e-05   -1.6169781539708520e-05 
  -1.8388121829567841e-04   -5.9244658689777503e-05    1.6246341969247650e-04   -1.4661710541273503e-04    5.0221382442802273e-05 
   5.1784793539633622e-04    2.4979910822065052e-04    9.6596556851185017e-05   -3.5366424212709983e-05    1.0476155730475882e-05 
  -1.5907363606996842e-04   -3.3653703977116285e-04   -1.2554581630336945e-04    3.9536222519168431e-05   -1.2134332205210993e-05 
  -1.3799047214208094e-04   -4.4459126931349961e-05    1.2191785652155844e-04   -1.1002626471332254e-04    3.7687765717142694e-05 
   4.7314481875743722e-04    2.2823525152103048e-04    8.8257878925338603e-05   -3.2313424908055918e-05    9.5718037392136087e-06 
  -1.4534163711555126e-04   -3.0748554894946838e-04   -1.1470809950250988e-04    3.6123266232332654e-05   -1.1086838470415013e-05 
  -1.2607847298251484e-04   -4.0621201932470422e-05    1.1139332260355308e-04   -1.0052827001521171e-04    3.4434377084003707e-05 
   3.8054391743756418e-03    1.8356649648886276e-03    7.0984606952225371e-04   -2.5989246448115890e-04    7.6984710546544827e-05 
  -1.1689629424663623e-03   -2.4730642863207159e-03   -9.2258158212827040e-04    2.9053449805902312e-04   -8.9169928027726144e-05 
  -1.0140319435244399e-03   -3.2671078074997234e-04    8.9592128412747496e-04   -8.0853514966676486e-04    2.7695099323885567e-04 
   1.5619290732979507e-03    7.5344220367532942e-04    2.9135381298927096e-04   -1.0667194444666918e-04    3.1598102634712135e-05 
  -4.7979671249001008e-04   -1.0150605046979721e-03   -3.7867035303534781e-04    1.1924885894119415e-04   -3.6599482127642327e-05 
  -4.1620583098756533e-04   -1.3409728644446904e-04    3.6772772785015828e-04   -3.3186039749407629e-04    1.1367355734689569e-04 
   1.7813790360533569e-03    8.5930031616041644e-04    3.3228882374116087e-04   -1.2165927942625364e-04    3.6037614367269739e-05 
  -5.4720782128240902e-04   -1.1576758089128529e-03   -4.3187327773328108e-04    1.3600324177498994e-04   -4.1741684246218387e-05 
  -4.7468246457499895e-04   -1.5293786315113375e-04    4.1939322122013385e-04   -3.7848655556686159e-04    1.2964461413334695e-04 
   2.7037096559893648e-05    1.3042134858311216e-05    5.0433539586092614e-06   -1.8464984816157783e-06    5.4696526663677334e-07 
  -8.3053131326388718e-06   -1.7570765119126655e-05   -6.5548090975528590e-06    2.0642057113659806e-06   -6.3353947963705254e-07 
  -7.2045507274164024e-06   -2.3212329829827131e-06    6.3653915248803673e-06   -5.7445256413000021e-06    1.9676968684661585e-06 
   2.2771210322121951e-05    1.0984359775843146e-05    4.2476185808632382e-06   -1.5551597854158462e-06    4.6066563019777408e-07 
  -6.9949090766995129e-06   -1.4798467252646860e-05   -5.5205978293965772e-06    1.7385173847167336e-06   -5.3358024986983909e-07 
  -6.0678238703246662e-06   -1.9549911487372299e-06    5.3610663731813651e-06   -4.8381600919717754e-06    1.6572356111820565e-06 
   3.9651357073787014e-04    1.9126992616451893e-04    7.3963499823037095e-05   -2.7079893903756052e-05    8.0215399779816941e-06 
  -1.2180188649412135e-04   -2.5768472596706716e-04   -9.6129802806976550e-05    3.0272687584559555e-05   -9.2911974004980960e-06 
  -1.0565861345953764e-04   -3.4042130838941451e-05    9.3351892170955014e-05   -8.4246559876770928e-05    2.8857333468365241e-05 
   8.2769616982478609e-05    3.9926347286030422e-05    1.5439397293878577e-05   -5.6527509062780613e-06    1.6744440558532773e-06 
  -2.5425347924665361e-05   -5.3790002775539481e-05   -2.0066468202155598e-05    6.3192257247121753e-06   -1.9394767465757761e-06 
  -2.2055545162480973e-05   -7.1060723736724782e-06    1.9486597508380385e-05   -1.7585918888263157e-05    6.0237798011994514e-06 
   1.5170236584448557e-05    7.3178076251114616e-06    2.8297739944720831e-06   -1.0360512918568568e-06    3.0689658114637726e-07 
  -4.6600257113759726e-06   -9.8587754508495300e-06   -3.6778359153873496e-06    1.1582045775892674e-06   -3.5547248094454120e-07 
  -4.0423992560537606e-06   -1.3024199340882010e-06    3.5715556650532147e-06   -3.2231942084055971e-06    1.1040544592125242e-06 
  -1.8502474393737557e-03    4.2268554718886735e-02    1.6365924990062661e-02   -2.5112397938075567e-02    2.2465533793120704e-02 
  -2.4555562468323997e-02    1.8061178987409006e-03   -4.5367914382505196e-02    1.1469898443930480e-02   -2.0740657373237506e-02 
   1.7422130347793186e-03    9.4698444615545462e-03    4.5066690721010666e-05   -1.6214124989472545e-02    1.2906004334870351e-02 
   6.3744629193230684e-04    6.0787911583746251e-03    4.0535435108314827e-03   -1.9333347749794982e-03    7.9804719050746763e-04 
  -3.5513879676193523e-03   -1.3910043884489901e-03   -4.7843994716634669e-03    2.4927581479727520e-03   -9.2055090218315708e-04 
   2.8712960696596735e-04    6.5539257967662254e-04   -4.7420446605561801e-05   -1.4904028691997003e-03    1.8772812947052118e-03 
   3.0560261181265549e-02    7.5997740722405765e-03    2.2860222819011601e-02   -1.8848168954081212e-02    1.0976404572792574e-02 
  -5.0311386340367538e-03   -2.8633403318627910e-02   -5.8698586094724113e-03    1.9451158347422719e-02   -1.3691495085280298e-02 
  -1.0008311677574364e-03   -9.1242101424445711e-05    1.0358369984795470e-02   -5.2658276873472441e-03    6.8517478343161787e-03 
   1.5685079385046998e-05    1.4957545928332583e-04    9.9741974442116250e-05   -4.7571865751233658e-05    1.9636844224442730e-05 
  -8.7385875334459827e-05   -3.4227219663689110e-05   -1.1772550326606589e-04    6.1337103899613630e-05   -2.2651185145262061e-05 
   7.0651453088016438e-06    1.6126667878852810e-05   -1.1668331573910949e-06   -3.6673030520321275e-05    4.6192607139115615e-05 
   9.4626884691448109e-05    9.0237730972320845e-04    6.0173570580900309e-04   -2.8699742886162952e-04    1.1846757982632317e-04 
  -5.2719230460626795e-04   -2.0649019931084464e-04   -7.1022896023215359e-04    3.7004205815810860e-04   -1.3665286813331184e-04 
   4.2623481466191861e-05    9.7290954311922507e-05   -7.0394152256485142e-06   -2.2124558920885571e-04    2.7867646710908627e-04 
   1.7083182147152175e-02    4.2482727481687648e-03    1.2778861673507710e-02   -1.0536124068869430e-02    6.1358087722365607e-03 
  -2.8124058620779438e-03   -1.6006068844884647e-02   -3.2812502225968874e-03    1.0873195063719716e-02   -7.6535440263863688e-03 
  -5.5946449658710918e-04   -5.1004323192050374e-05    5.7903275154707621e-03   -2.9435970132878557e-03    3.8301261754835410e-03 
  -5.9702182232424777e-03    1.3638851230526869e-01    5.2808149621848606e-02   -8.1030511167717367e-02    7.2489839138464240e-02 
  -7.9233762690668355e-02    5.8278248427339960e-03   -1.4638925769226435e-01    3.7010075112911191e-02   -6.6924157264955805e-02 
   5.6216221612664825e-03    3.0556474108555238e-02    1.4541729526450651e-04   -5.2318334524405166e-02    4.1643977248453146e-02 
   4.2252370217843042e-04    4.0292545074192840e-03    2.6868431628115138e-03   -1.2814879888914440e-03    5.2897609996940484e-04 
  -2.3539953262600669e-03   -9.2201073469625687e-04   -3.1712823543766861e-03    1.6522951261103954e-03   -6.1017622999276369e-04 
   1.9032044907272213e-04    4.3441918582004345e-04   -3.1432079709806037e-05   -9.8789583687543996e-04    1.2443336053688991e-03 
   2.6564733860896257e-02    6.6061600205096892e-03    1.9871418362095376e-02   -1.6383910761120009e-02    9.5413211456618959e-03 
  -4.3733546005291302e-03   -2.4889798361977050e-02   -5.1024181644532601e-03    1.6908063766882937e-02   -1.1901433726005165e-02 
  -8.6997992109651568e-04   -7.9312873894388916e-05    9.0040899927738300e-03   -4.5773598020645411e-03    5.9559326610782604e-03 
   7.1249066068800192e-05    6.7944264221630416e-04    4.5307533053570378e-04   -2.1609396565483717e-04    8.9199855300946927e-05 
  -3.9694807098779691e-04   -1.5547625710421074e-04   -5.3476504353449598e-04    2.7862220272717729e-04   -1.0289242070970662e-04 
   3.2093239220221763e-05    7.3254970342411118e-05   -5.3003093373872501e-06   -1.6658628945011663e-04    2.0982871920192827e-04 
   3.1872921775235718e-04    1.5374836687814214e-04    5.9454026748577288e-05   -2.1767611596998614e-05    6.4479486984357603e-06 
  -9.7907922623655395e-05   -2.0713452753048388e-04   -7.7271950098301356e-05    2.4334072640017785e-05   -7.4685365091860092e-06 
  -8.4931487096617399e-05   -2.7364061494107452e-05    7.5038984194114372e-05   -6.7719851499361953e-05    2.3196369561009127e-05 
   3.4647524682177380e-04    1.6713247608174438e-04    6.4629621148402903e-05   -2.3662526623619598e-05    7.0092557956844016e-06 
  -1.0643100716042609e-04   -2.2516601100309747e-04   -8.3998631099802115e-05    2.6452403339689688e-05   -8.1186878588212337e-06 
  -9.2324946430246693e-05   -2.9746158909044536e-05    8.1571280955207255e-05   -7.3615002817863800e-05    2.5215660885109677e-05 
   8.5091090543960282e-04    4.1046178004235583e-04    1.5872432433216462e-04   -5.8112959407602681e-05    1.7214078784195505e-05 
  -2.6138463137111953e-04   -5.5298673153244323e-04   -2.0629280706331837e-04    6.4964636531184366e-05   -1.9938740502534926e-05 
  -2.2674146127972975e-04   -7.3053793143455054e-05    2.0033146140211266e-04   -1.8079158403459973e-04    6.1927312360192133e-05 
   9.2919078059186099e-04    4.4822236894900478e-04    1.7332622943517812e-04   -6.3459083400225870e-05    1.8797694565205856e-05 
  -2.8543081080030372e-04   -6.0385895802347802e-04   -2.2527079298228210e-04    7.0941083189069983e-05   -2.1773012583494278e-05 
  -2.4760062898736192e-04   -7.9774404866857690e-05    2.1876103104022314e-04   -1.9742357515885968e-04    6.7624339215860765e-05 
 TENSORSUMACCUMULATOR_IMPL_H - PrettifyOut: Norm of simple tensor is 1.88637e-05 
 As simple full tensor 3    5 5 5 
  -2.2923307270799264e-07    4.6751016551725247e-07    1.6426540833280975e-07   -1.3056054693768856e-09   -2.8510140845477613e-09 
   1.3603951560228207e-07    1.3748455742692207e-07   -6.0572515327253082e-08    9.3562867442016053e-08   -3.5676868741933582e-08 
  -4.9376779733545930e-08   -9.4014020979336718e-08   -2.8175341387417212e-08    1.0553034195741993e-08   -4.1863379285011561e-09 
   5.4226389665396648e-09   -3.4219920290424882e-09   -5.6080112384296639e-09    4.7772218038308495e-09   -1.0705712435369578e-09 
  -2.9321835258607257e-09   -4.7963698611715457e-09    1.4009548533289102e-10   -1.1179632042248545e-09    6.8127078232293153e-10 

  -1.8770371587826567e-05   -9.1384751761006864e-07   -2.3256272128059548e-07   -2.9115225446140451e-08    8.0622835079205168e-08 
  -6.5921596947209634e-07   -5.2177083495527201e-07   -7.2973680984590776e-07    6.9323437730921707e-07   -3.9962980023151306e-07 
  -9.9717277404987209e-08    2.0770006311625051e-07    7.9929959289476393e-08   -3.0028967060164303e-08    3.5549772930719145e-08 
  -5.2601289870681603e-08   -3.7634516729599390e-08   -4.2908647764685920e-08    3.5186169376758534e-08   -5.1925137446473301e-08 
   3.6937884297192174e-09    1.0373851081017584e-08    6.4761308211521612e-09   -1.3849576678378489e-08    1.3305575466732409e-08 

   2.3452705336096963e-08    8.7774351217010696e-09    7.7439932348436508e-09    5.4805836366455446e-09   -4.7061283239325632e-09 
  -1.0470005978196258e-08   -4.5764950192597919e-09   -2.7853297951036705e-09   -2.0032122138710051e-10    1.6131478379683754e-09 
  -6.4866755077410544e-09   -2.7682673988742179e-09   -4.1342590517462103e-10    1.9780025364263526e-11   -4.6213025368981057e-10 
   7.3199399551332883e-10    3.2164482758973244e-10    1.6351812418313972e-10   -1.8801982324766795e-10   -7.1777245459136605e-11 
  -1.9816519254264665e-10    7.9718749477284563e-11    4.9038422843126334e-11   -1.8473040124495944e-10    2.7642439668559479e-10 

  -4.1374184933371965e-08   -4.3035174365999387e-08    1.3772144196128258e-07   -2.5574130270880114e-07    1.9066590474314308e-07 
   2.6218558203573733e-07   -5.8271081456884253e-08   -8.8315475442845484e-08    9.5132927923210202e-08   -1.9141492756643867e-07 
  -3.3323341651049977e-08    1.2551177218641989e-07    1.3883204004558564e-07   -1.0324622154858977e-07    5.6292983778919432e-08 
   5.3720698794228061e-09   -8.0329614590752003e-09   -1.9138394722310720e-09    9.0694385261200079e-11   -5.4415835797211954e-09 
   2.3661768464097173e-09    8.6428421206965850e-10    8.2093780584361804e-10   -6.2596245782807536e-11    6.7336635808783268e-10 

   5.9116770190707972e-10   -2.2279552293739970e-09   -3.0111825804677146e-09    2.6710461278277159e-09   -1.6625107307605982e-09 
   2.1465263043184388e-09    1.8246114835327767e-09    1.5534690050844560e-09   -1.1466035360609546e-09    5.0450491033501613e-10 
  -3.6825923856199960e-10   -3.1615066794373206e-10   -2.7034782665809257e-10    2.3214888429992457e-10   -7.0570673605807515e-11 
   1.9808122741331865e-10    2.1035520161850318e-10    1.4118952595505072e-10   -4.2824681904320085e-11    3.0172192072468960e-11 
   3.1850676761560456e-12   -1.8449519539429175e-10   -2.9656935486713524e-11   -1.9305566973592535e-10    1.1447003894113573e-10 
