2    103 5 
   2.4710177780062760e-03   -1.4956706636060657e-04   -3.8859438307927512e-05   -9.9966863253134562e-06   -5.7850391615172768e-06 
   2.9674283058970364e-05   -2.2254625771021730e-04   -1.8250435943279882e-04   -3.6486827982442987e-05    3.6219467036906897e-05 
   1.5668062722852681e-03   -1.0218568799080817e-03   -8.9263490324187214e-04   -8.8986384084339693e-04   -5.5402794084630376e-04 
  -1.0861116623008473e-03   -1.1228992792956590e-03    2.0404904320469268e-04    6.7520415802413674e-04    1.9097139848515770e-04 
  -3.0085781984082459e-05   -3.9362210049919098e-03    5.0483791865903269e-04   -2.0722548382077956e-04    9.4093253900625007e-05 
  -3.9136429633676101e-05   -3.6431232415578879e-04    5.4647362165557249e-05   -3.3642921989114290e-06   -3.7344062629870732e-05 
  -1.1987740905850855e-04    1.3858181738731699e-04   -1.7056629154352753e-04    1.0429002411071017e-04   -1.9112205866517053e-05 
   3.2577716670796505e-04    1.3452979710366100e-04    2.8847859522710865e-04    3.7836927933492095e-04    3.3051213648362348e-04 
   1.0292630685714952e-04   -1.0534588820601419e-04    6.2807334604494643e-04    5.7522570904079153e-04   -2.6970187295421424e-04 
  -8.2595512977571151e-04   -4.0487579264047909e-04   -1.1443670250039050e-04   -2.0278192091967842e-03   -1.6954186149552518e-03 
  -7.7416877149515286e-05   -2.4926519505870395e-05   -9.1964271343754529e-05    1.1869322071123161e-04    2.6968706244793138e-04 
   6.2853949548680247e-05   -4.7204080042729016e-04   -2.1514283082381188e-04   -1.9556438356289500e-04    7.6111396516855988e-05 
  -6.3947394102492559e-05    2.1203291145099434e-05    1.2856017603102743e-04   -1.3246255308680088e-04    4.7180766157182014e-05 
  -9.4044343630668811e-05   -1.5065877650710367e-04   -8.3216675204942329e-05    1.2643312605258245e-04   -1.4427695902192520e-04 
  -1.7837302986142230e-05    5.1526659926256424e-06    2.1624049721189495e-04   -1.6447418158868735e-04    2.2618728220963379e-04 
   4.4243571240896765e-05    4.4140643023548864e-05    1.1371644282294481e-04   -2.0011155592097185e-04   -2.2545542016038194e-05 
   2.4186321912269943e-04   -7.8853828297089051e-05    1.9563477971716305e-04    4.4802159515013935e-04    2.9367530689449598e-05 
   8.4242019136091906e-05    3.8227269953189514e-05   -2.5746571843364804e-04   -1.5539587499403386e-04    3.1947197296768459e-05 
  -2.3115260650006578e-05   -4.5347640586267528e-06    4.2314453155092608e-06   -1.0318641167451312e-05    2.4960518884817663e-05 
   3.3554222197919884e-04   -1.6072838406321923e-04   -2.1040587896386587e-04   -7.4960078333418098e-06    6.7359076848857779e-05 
  -6.0864913447554689e-05   -5.6345090383487502e-05    9.3642945840484936e-05    4.0396772205429934e-05   -5.6158082944360771e-05 
   9.5646897436599742e-04   -4.3486091829028861e-04    1.1936657853799360e-03    3.0285881640235490e-05    7.2590194382557233e-06 
   9.5646897436599742e-04   -4.3486091829028861e-04    1.1936657853799360e-03    3.0285881640235490e-05    7.2590194382557233e-06 
   9.5646897436599742e-04   -4.3486091829028861e-04    1.1936657853799360e-03    3.0285881640235490e-05    7.2590194382557233e-06 
   3.5909749059505412e-04    4.9896176550003263e-04    4.3338290803535020e-04    1.7892645477746025e-05    1.0172141627142099e-05 
   3.5909749059505412e-04    4.9896176550003263e-04    4.3338290803535020e-04    1.7892645477746025e-05    1.0172141627142099e-05 
   3.5909749059505412e-04    4.9896176550003263e-04    4.3338290803535020e-04    1.7892645477746025e-05    1.0172141627142099e-05 
   1.0509333213496641e-03   -8.5799566054143976e-04   -2.0450023681087404e-05    3.0315634087916363e-06    9.9722453912518356e-07 
   6.7605294430881692e-04    8.2801809644499113e-04    4.8686876077652630e-06    1.5988694613296701e-05    4.6274857232033817e-07 
   1.2474697530445461e-06   -2.2362431433855717e-06    1.5999489863951667e-04    1.4383844753630907e-05   -1.4044130858439205e-06 
  -2.6854470175739653e-07   -2.1124540184580958e-07   -2.2510942619851410e-06    2.3448950713854264e-05   -1.6191914694640121e-05 
   1.2543322862061285e-07    8.5962462384191799e-08    7.3846118954275799e-07   -9.5759552517712208e-06   -1.3973658850988955e-05 
   1.4154039678394457e-03    1.0158350616147381e-03    3.1749014076431837e-05    1.9248336096961280e-05    1.1963416206641946e-06 
  -1.3089318990351070e-04    1.7798564954250268e-04    1.0164474276929578e-04    6.3894683652158141e-05    4.7564744233138056e-06 
   3.6366911207655022e-05   -5.5117319851267076e-05    1.1345953812175289e-04    4.7194598758605958e-05    4.6722557127752516e-06 
   3.3571870860649106e-07   -5.0513327470290906e-07   -3.4278410653709168e-06    8.0200365956363684e-06   -6.3420736548238524e-06 
   9.4673806208498052e-04   -7.7292929288333000e-04   -1.8422496837915906e-05    2.7309976840787591e-06    8.9835426135550401e-07 
   6.0902536950659710e-04    7.4592386793186712e-04    4.3859793737943768e-06    1.4403488257486416e-05    4.1686915591230378e-07 
   1.1237888004067520e-06   -2.0145298059450075e-06    1.4413213208134737e-04    1.2957751962698380e-05   -1.2651719155227693e-06 
  -2.4191971589451201e-07   -1.9030138097726483e-07   -2.0279085036769379e-06    2.1124093894225538e-05   -1.4586559991990691e-05 
   1.1299709446155269e-07    7.7439675188093959e-08    6.6524612105249573e-07   -8.6265428391131818e-06   -1.2588234126815990e-05 
   5.0258919507893175e-04    3.6070813531011777e-04    1.1273609366505306e-05    6.8348019119569643e-06    4.2480336768226892e-07 
  -4.6478252463385414e-05    6.3200094370029564e-05    3.6092557752544223e-05    2.2688065284697438e-05    1.6889543240972323e-06 
   1.2913356926123592e-05   -1.9571352100447563e-05    4.0287818343255867e-05    1.6758110010365259e-05    1.6590494948739765e-06 
   1.1920879082247583e-07   -1.7936541913758285e-07   -1.2171761002853850e-06    2.8477973982631119e-06   -2.2519773617525876e-06 
   6.0010226747296005e-04    4.3069324214490840e-04    1.3460931133590606e-05    8.1608999263299786e-06    5.0722432291096712e-07 
  -5.5496029291035348e-05    7.5462266812169394e-05    4.3095287280895409e-05    2.7090036067693852e-05    2.0166476507514895e-06 
   1.5418824853242987e-05   -2.3368613746552462e-05    4.8104518314464732e-05    2.0009542414062668e-05    1.9809406439137297e-06 
   1.4233785042681342e-07   -2.1416615355966181e-07   -1.4533343431317508e-06    3.4003311108447043e-06   -2.6889092211249425e-06 
  -9.0120405431016592e-04    4.7402659174513391e-04   -1.1251583275470561e-03   -5.9401519175062739e-05   -4.2615280736766949e-06 
  -9.0120405431016592e-04    4.7402659174513391e-04   -1.1251583275470561e-03   -5.9401519175062739e-05   -4.2615280736766949e-06 
  -9.0120405431016592e-04    4.7402659174513391e-04   -1.1251583275470561e-03   -5.9401519175062739e-05   -4.2615280736766949e-06 
  -5.2749068509711818e-04   -2.0588715773221905e-04   -6.6049017115936198e-04    6.1530631841513736e-05   -2.2360239570366166e-05 
  -5.2749068509711818e-04   -2.0588715773221905e-04   -6.6049017115936198e-04    6.1530631841513736e-05   -2.2360239570366166e-05 
  -5.2749068509711818e-04   -2.0588715773221905e-04   -6.6049017115936198e-04    6.1530631841513736e-05   -2.2360239570366166e-05 
  -4.1886445483400495e-04    3.4196640005770520e-04    8.1506484250785083e-06   -1.2082728073437273e-06   -3.9745805413356481e-07 
  -2.6945053715983497e-04   -3.3001841459809046e-04   -1.9404848425251847e-06   -6.3725221349963001e-06   -1.8443503934316897e-07 
  -4.9719685104271491e-07    8.9128657936884289e-07   -6.3768247360162969e-05   -5.7328863484974487e-06    5.5974885334141218e-07 
   1.0703231862104692e-07    8.4194865918515679e-08    8.9720570436898545e-07   -9.3459135395708772e-06    6.4535183950386739e-06 
  -4.9993201145024188e-08   -3.4261564659974382e-08   -2.9432423284158431e-07    3.8166334576743701e-06    5.5694009103632142e-06 
   4.8246434490725434e-04   -3.9389017922162104e-04   -9.3882333714214245e-06    1.3917355405470292e-06    4.5780762130235227e-07 
   3.1036359231591135e-04    3.8012802559123278e-04    2.2351257967744951e-06    7.3401184602460265e-06    2.1243944051043814e-07 
   5.7269064075474476e-07   -1.0266184935893639e-06    7.3450743631844439e-05    6.6033611222792544e-06   -6.4474046609415670e-07 
  -1.2328398099063443e-07   -9.6978916117455714e-08   -1.0334363716228431e-06    1.0764986146212469e-05   -7.4334130979033761e-06 
   5.7584110472704997e-08    3.9463800660103447e-08    3.3901408092629834e-07   -4.3961466284784486e-06   -6.4150522459804365e-06 
   5.3073932234365179e-04    3.8091147436679004e-04    1.1905046614872780e-05    7.2176206146561411e-06    4.4859669427947016e-07 
  -4.9081509227949575e-05    6.6739945041469572e-05    3.8114109556664902e-05    2.3958828626623653e-05    1.7835530135103014e-06 
   1.3636636782603680e-05   -2.0667547676804350e-05    4.2544347581618148e-05    1.7696735301412099e-05    1.7519732084684106e-06 
   1.2588570044485452e-07   -1.8941171425305948e-07   -1.2853503914601646e-06    3.0073031337030774e-06   -2.3781110907529648e-06 
   3.8164887673844731e-04   -3.1158311706357361e-04   -7.4264736007593802e-06    1.1009192935673930e-06    3.6214440771976745e-07 
   2.4551019705020271e-04    3.0069669503056450e-04    1.7680752136659850e-06    5.8063315870907512e-06    1.6804821890276403e-07 
   4.5302153841997544e-07   -8.1209689182858909e-07    5.8102519074411289e-05    5.2235266328347426e-06   -5.1001587427141305e-07 
  -9.7522632214333939e-08   -7.6714258357587007e-08   -8.1749011004395225e-07    8.5155409185661480e-06   -5.8801314316668149e-06 
   4.5551368327778113e-08    3.1217467886987095e-08    2.6817389626773515e-07   -3.4775303925491906e-06   -5.0745666695173734e-06 
   2.1490506312959003e-04   -4.4034943068824839e-04   -7.7103386933238251e-06   -2.0827350755898295e-06    2.4038790420712594e-07 
   2.1490506312959003e-04   -4.4034943068824839e-04   -7.7103386933238251e-06   -2.0827350755898295e-06    2.4038790420712594e-07 
   2.1490506312959003e-04   -4.4034943068824839e-04   -7.7103386933238251e-06   -2.0827350755898295e-06    2.4038790420712594e-07 
  -6.4807920045240465e-04    5.2910030577508127e-04    1.2610919006213791e-05   -1.8694746376176245e-06   -6.1495859809429128e-07 
  -4.1690166512988179e-04   -5.1061403706853113e-04   -3.0023742781709934e-06   -9.8597505767117977e-06   -2.8536322777805923e-07 
  -7.6927734968323402e-07    1.3790243766571925e-06   -9.8664076854655374e-05   -8.8700875859497858e-06    8.6605961699809153e-07 
   1.6560349935156104e-07    1.3026873194168035e-07    1.3881826180720448e-06   -1.4460267765195618e-05    9.9850703331201078e-06 
  -7.7350926898209565e-08   -5.3010483880481194e-08   -4.5538696657689260e-07    5.9052056843776298e-06    8.6171381871433542e-06 
  -5.4493760770592291e-04   -3.9110158009881125e-04   -1.2223529233312830e-05   -7.4107056807314692e-06   -4.6059750825689641e-07 
   5.0394532862512963e-05   -6.8525365387896276e-05   -3.9133734410208347e-05   -2.4599772817991279e-05   -1.8312664456576204e-06 
  -1.4001442728328733e-05    2.1220443848804224e-05   -4.3682489720489746e-05   -1.8170156597351681e-05   -1.7988418208241797e-06 
  -1.2925338213471454e-07    1.9447883752187311e-07    1.3197359568029972e-06   -3.0877542068864606e-06    2.4417300812219426e-06 
  -5.7703985107098051e-04    4.7110285507224114e-04    1.1228570242856036e-05   -1.6645517487967493e-06   -5.4754977109500615e-07 
  -3.7120289401335028e-04   -4.5464296292659090e-04   -2.6732683368417523e-06   -8.7789717682825518e-06   -2.5408307247514994e-07 
  -6.8495283752914161e-07    1.2278623050609051e-06   -8.7848991565417939e-05   -7.8977909119904167e-06    7.7112629453669850e-07 
   1.4745083399675618e-07    1.1598929517620470e-07    1.2360166637541163e-06   -1.2875202215794268e-05    8.8905545710073155e-06 
  -6.8872087402877742e-08   -4.7199727598478860e-08   -4.0546962036392976e-07    5.2579052163347834e-06    7.6725686192307265e-06 
  -2.3867987338659235e-04    4.0770641947931904e-04    1.6639566525873977e-05    1.1444368430823214e-06   -8.3353786407704153e-08 
  -2.3867987338659235e-04    4.0770641947931904e-04    1.6639566525873977e-05    1.1444368430823214e-06   -8.3353786407704153e-08 
  -2.3867987338659235e-04    4.0770641947931904e-04    1.6639566525873977e-05    1.1444368430823214e-06   -8.3353786407704153e-08 
  -4.1668288545579498e-04    3.4018533838457222e-04    8.1081974488462264e-06   -1.2019797668944740e-06   -3.9538797559141609e-07 
  -2.6804715944652894e-04   -3.2829958155025424e-04   -1.9303782262619091e-06   -6.3393321638941148e-06   -1.8347444736775426e-07 
  -4.9460730348703348e-07    8.8664449650332228e-07   -6.3436123557014819e-05   -5.7030277888552931e-06    5.5683351654487802e-07 
   1.0647486279950909e-07    8.3756354273112115e-08    8.9253279295810351e-07   -9.2972372707826699e-06    6.4199065715720339e-06 
  -4.9732821837403306e-08   -3.4083120345950689e-08   -2.9279130559931735e-07    3.7967553071580809e-06    5.5403938310066286e-06 
  -6.7127410331508947e-04   -4.8177325031973690e-04   -1.5057390991935148e-05   -9.1287786719422411e-06   -5.6738087988811812e-07 
   6.2077831261596228e-05   -8.4412054801551878e-05   -4.8206367305373907e-05   -3.0302901114990391e-05   -2.2558210772327822e-06 
  -1.7247489950534929e-05    2.6140119924043624e-05   -5.3809690693097781e-05   -2.2382664372036213e-05   -2.2158792368227844e-06 
  -1.5921904997194798e-07    2.3956615477657997e-07    1.6256990864423778e-06   -3.8036087199246092e-06    3.0078125415309362e-06 
2    103 5 
   6.1988174563944370e-02   -1.5728842953078512e-03   -4.9112174638043406e-05   -2.8226376224533818e-04    7.5512454167281438e-05 
  -1.4336941888220192e-02    1.4387090092967114e-01   -3.8917695545389187e-02    2.3245042684638020e-02   -6.4899557608472146e-03 
   2.5029918299655757e-02    8.2027567542626703e-02   -2.9711727066724824e-02   -2.8556942788231284e-03   -6.9965467062509893e-04 
   5.7718563162956881e-03    2.1714160010430361e-02   -5.3689160572760923e-03   -6.6418625021108220e-06   -1.8476930201030253e-04 
   2.0240311434417562e-03    8.3176406518277041e-03   -1.3657717637540158e-03    3.3138137649299266e-04   -8.1269129747612499e-05 
  -2.3172242410544518e-02    7.8010424221367475e-02   -1.6877364682477487e-02    3.6576102536344459e-03   -2.1793024736400444e-03 
  -3.1945720182413565e-03    1.5626969453197113e-03    5.1997901360561682e-03   -6.4900264968011092e-03    4.0034180449438975e-03 
  -2.6346075062111608e-03    4.4631415757205817e-05   -2.5956120784053262e-03   -1.8732878247493751e-03    2.1860451269534566e-04 
   3.0700667241984887e-03    2.8537785157584154e-04    1.2514269366010848e-03    1.3373089254545577e-06   -1.2876461716381397e-04 
  -3.9764937169148879e-03    2.6825500928182570e-04   -1.6264464837735472e-03   -2.4742559416704901e-03    5.3420819724739050e-04 
  -1.5272567348113735e-03    1.7540335997576488e-03    4.5104499032803894e-03   -9.4385326928974351e-03    3.5417513509351404e-03 
  -6.3843758514160328e-05    2.2552978429139108e-04    2.0505188460891990e-04    1.4442012777608477e-03   -3.2409460792981754e-03 
   1.1357831140854913e-03    4.8507568041139646e-04   -5.8980829602095735e-04   -8.9337439059951470e-04   -4.5981922523942991e-03 
  -6.3494758189415164e-04    1.2613488815601964e-03    3.2908719210794548e-03   -1.8313217560399155e-03   -1.8394407647894856e-03 
   4.4518080472512782e-03   -1.3573379889492835e-03   -2.0900197649898096e-05   -2.8005944730515580e-03   -9.5372595750422477e-04 
   2.4170238270404105e-03   -4.0049539272979026e-04   -3.3110752159269592e-03   -3.6819488722689081e-03   -2.0528153040049878e-03 
  -5.0086664909039224e-06   -7.0424044487384205e-04    1.9855276374671442e-04   -2.5136338746991943e-04    1.7168837510459363e-04 
  -1.2912612408899906e-04   -1.1373822242437856e-03    1.4412533956530700e-03   -3.1713373466507339e-05   -1.8094624413378902e-03 
  -3.7343862341729906e-03   -3.1794372084954022e-04    9.0771351589780808e-03    5.4662590165342551e-03   -4.6635202967439905e-03 
   5.2854332236671874e-04   -3.7449189395177699e-04   -9.7969711997958711e-04   -1.2708009591569237e-03   -2.1839461142958937e-04 
   5.3811892802770511e-04    8.0612736253794217e-04   -1.3216697843710201e-03    1.4582952699621742e-03   -2.3113127986433367e-04 
  -1.5302219164318870e-03    4.2850712376351789e-04   -6.4575431732979537e-05    1.3003143632776853e-05   -2.7654259250845184e-06 
  -4.6805456454791204e-05   -1.5613132379727529e-04    6.8051283195544858e-05   -2.3618637487262641e-05    6.4341835391701628e-06 
  -3.3122623458186604e-06   -1.8062569192236483e-05   -3.8243138144484370e-05    1.4622872115560948e-05   -4.2426285036717374e-06 
  -7.2391064714170234e-04    2.0271626352849024e-04   -3.0549060939003235e-05    6.1514699410587041e-06   -1.3082555213418836e-06 
  -2.2142519269987766e-05   -7.3861919265098426e-05    3.2193401445837234e-05   -1.1173401037071488e-05    3.0438552210322413e-06 
  -1.5669504877147072e-06   -8.5449607096747583e-06   -1.8091895420931578e-05    6.9177239605411612e-06   -2.0070840135634325e-06 
   1.0458490875824400e-03   -8.5086625038776243e-04    1.5199396060183956e-04   -1.3035664732263060e-05   -7.1222320268987777e-08 
  -6.8085864943581676e-04   -8.0732557210559186e-04    1.6266350168633206e-04   -3.2682860711145155e-05    8.3930987958811651e-06 
  -2.2549202723335206e-06   -3.0409733330445606e-05   -1.5080488472450065e-04    4.5675372415974604e-05   -7.4567065177098508e-06 
  -2.5120299621526510e-07    5.3287075928793893e-07    6.1685905616159578e-06    1.7109721016557126e-05   -2.2047095961590227e-05 
  -6.3789389183252135e-08    3.0683901827418869e-07    3.2498850213362486e-06    1.2688512223514265e-05    1.0764394746965784e-05 
   1.0583570300212138e-03   -1.3093117221378296e-04    1.3240789895841362e-03   -3.7611323074979218e-04    7.4036369721772004e-05 
   1.0583570300212138e-03   -1.3093117221378296e-04    1.3240789895841362e-03   -3.7611323074979218e-04    7.4036369721772004e-05 
   1.0583570300212138e-03   -1.3093117221378296e-04    1.3240789895841362e-03   -3.7611323074979218e-04    7.4036369721772004e-05 
   1.0583570300212138e-03   -1.3093117221378296e-04    1.3240789895841362e-03   -3.7611323074979218e-04    7.4036369721772004e-05 
   9.4215790697315348e-04   -7.6650673132249466e-04    1.3692445066258287e-04   -1.1743237859051636e-05   -6.4160951126815135e-08 
  -6.1335461082615548e-04   -7.2728291327304052e-04    1.4653615527262980e-04   -2.9442503710250065e-05    7.5609612213033250e-06 
  -2.0313551824996152e-06   -2.7394746571374677e-05   -1.3585326625067549e-04    4.1146866968282167e-05   -6.7174079788875874e-06 
  -2.2629736158841679e-07    4.8003904695126039e-07    5.5570028616086749e-06    1.5413369991187529e-05   -1.9861226665143267e-05 
  -5.7464961353949972e-08    2.7641732508765898e-07    2.9276737016459894e-06    1.1430503942727917e-05    9.6971539632716469e-06 
   3.1589187544453940e-04   -2.0961858703430060e-04    4.8708694964776404e-04   -4.4548289742662955e-05    2.3003333196822169e-06 
   3.1589187544453940e-04   -2.0961858703430060e-04    4.8708694964776404e-04   -4.4548289742662955e-05    2.3003333196822169e-06 
   3.1589187544453940e-04   -2.0961858703430060e-04    4.8708694964776404e-04   -4.4548289742662955e-05    2.3003333196822169e-06 
   3.1589187544453940e-04   -2.0961858703430060e-04    4.8708694964776404e-04   -4.4548289742662955e-05    2.3003333196822169e-06 
  -4.5089380925276295e-04   -3.9651781308347608e-04   -4.1748403492026793e-04    1.0341710442100894e-04   -2.1850807876767988e-05 
  -4.5089380925276295e-04   -3.9651781308347608e-04   -4.1748403492026793e-04    1.0341710442100894e-04   -2.1850807876767988e-05 
  -4.5089380925276295e-04   -3.9651781308347608e-04   -4.1748403492026793e-04    1.0341710442100894e-04   -2.1850807876767988e-05 
  -4.5089380925276295e-04   -3.9651781308347608e-04   -4.1748403492026793e-04    1.0341710442100894e-04   -2.1850807876767988e-05 
  -1.4611108852986741e-03    4.0915400324340523e-04   -6.1658943199509189e-05    1.2415868901716964e-05   -2.6405280686672215e-06 
  -4.4691532112501003e-05   -1.4907979965953199e-04    6.4977811105595393e-05   -2.2551923977817920e-05    6.1435897016898657e-06 
  -3.1626671376693643e-06   -1.7246790272600263e-05   -3.6515922841557510e-05    1.3962443873628557e-05   -4.0510141845619857e-06 
  -8.3937622433033596e-04    2.3505001972652347e-04   -3.5421713341368422e-05    7.1326449384252481e-06   -1.5169255823202632e-06 
  -2.5674307036909666e-05   -8.5643082000967709e-05    3.7328330313489809e-05   -1.2955586732225377e-05    3.5293578191261283e-06 
  -1.8168830494257018e-06   -9.9079035318206799e-06   -2.0977598449975921e-05    8.0211184099657619e-06   -2.3272189846502953e-06 
   4.1683806099731310e-04   -3.3912487202101399e-04    6.0579359462871501e-05   -5.1955499845280231e-06   -2.8386670919492773e-08 
  -2.7136591943692241e-04   -3.2177111407912819e-04    6.4831857141739953e-05   -1.3026219985687114e-05    3.3451891571863241e-06 
  -8.9873061532785115e-07   -1.2120232667802677e-05   -6.0105436323315709e-05    1.8204570716044374e-05   -2.9719766677361964e-06 
  -1.0012053469505232e-07    2.1238323645450577e-07    2.4585796931124038e-06    6.8193231867063849e-06   -8.7871843465432548e-06 
  -2.5424170289056003e-08    1.2229506430166479e-07    1.2952879978979090e-06    5.0571874039843037e-06    4.2903029580557798e-06 
   4.8013026579488117e-04   -3.9061719688345366e-04    6.9777658717157378e-05   -5.9844362317914876e-06   -3.2696869909141386e-08 
  -3.1256980400300280e-04   -3.7062846458476998e-04    7.4675850681591235e-05   -1.5004106028769917e-05    3.8531187755054284e-06 
  -1.0351928232823724e-06   -1.3960554653682192e-05   -6.9231775641084986e-05    2.0968731491706169e-05   -3.4232381371372975e-06 
  -1.1532271985827837e-07    2.4463125926002292e-07    2.8318875649399128e-06    7.8547612623014226e-06   -1.0121420164464366e-05 
  -2.9284546639750020e-08    1.4086420416618070e-07    1.4919630161019565e-06    5.8250648384653151e-06    4.9417375531001826e-06 
  -2.5909599339574559e-04    5.8952705147474521e-04   -1.1036324481326231e-04    1.4661641637983746e-05   -2.3037842498154994e-06 
  -2.5909599339574559e-04    5.8952705147474521e-04   -1.1036324481326231e-04    1.4661641637983746e-05   -2.3037842498154994e-06 
  -2.5909599339574559e-04    5.8952705147474521e-04   -1.1036324481326231e-04    1.4661641637983746e-05   -2.3037842498154994e-06 
  -2.5909599339574559e-04    5.8952705147474521e-04   -1.1036324481326231e-04    1.4661641637983746e-05   -2.3037842498154994e-06 
   3.7980252543630676e-04   -3.0899405520619117e-04    5.5196959841583979e-05   -4.7339319265450366e-06   -2.5864551039695533e-08 
  -2.4725540002968406e-04   -2.9318215675246269e-04    5.9071628469448755e-05   -1.1868856782453819e-05    3.0479733230735523e-06 
  -8.1887953458895894e-07   -1.1043365294170571e-05   -5.4765144174762821e-05    1.6587117586851208e-05   -2.7079202922193395e-06 
  -9.1224951565685745e-08    1.9351325397868967e-07    2.2401379907496740e-06    6.2134349293361269e-06   -8.0064541090767232e-06 
  -2.3165264850822802e-08    1.1142930220680403e-07    1.1802032942767541e-06    4.6078626866328784e-06    3.9091149557164507e-06 
  -4.7147911924971846e-04    1.3202801445645504e-04   -1.9896439432542082e-05    4.0064193576279260e-06   -8.5205979963313577e-07 
  -1.4421303961482167e-05   -4.8105871599904380e-05    2.0967389579455685e-05   -7.2771761277205852e-06    1.9824465690653407e-06 
  -1.0205464428140026e-06   -5.5652870493453182e-06   -1.1783154388319329e-05    4.5054764880259926e-06   -1.3072030459994651e-06 
   6.4494390529348420e-04   -5.2470381140362230e-04    9.3730137259260434e-05   -8.0387052208042100e-06   -4.3920678349995155e-08 
  -4.1986519999269906e-04   -4.9785357514693413e-04    1.0030972467433235e-04   -2.0154544353940928e-05    5.1757734258222489e-06 
  -1.3905420044166665e-06   -1.8752774569423760e-05   -9.2996869669197376e-05    2.8166638391192256e-05   -4.5983282667252723e-06 
  -1.5490938733331035e-07    3.2860548676892863e-07    3.8039856172380346e-06    1.0551054087935537e-05   -1.3595785796129376e-05 
  -3.9337011682280245e-08    1.8921846095369363e-07    2.0041070574153749e-06    7.8246266339572039e-06    6.6380808365734104e-06 
  -1.7991812148473931e-04    6.3573130082690337e-04   -1.1598945918558541e-04    1.5639773648466783e-05   -2.4291280023663637e-06 
  -1.7991812148473931e-04    6.3573130082690337e-04   -1.1598945918558541e-04    1.5639773648466783e-05   -2.4291280023663637e-06 
  -1.7991812148473931e-04    6.3573130082690337e-04   -1.1598945918558541e-04    1.5639773648466783e-05   -2.4291280023663637e-06 
  -1.7991812148473931e-04    6.3573130082690337e-04   -1.1598945918558541e-04    1.5639773648466783e-05   -2.4291280023663637e-06 
   5.7424823200605117e-04   -4.6718828343412952e-04    8.3455886884180766e-05   -7.1575407144347013e-06   -3.9106303174559170e-08 
  -3.7384158032621138e-04   -4.4328124194913148e-04    8.9314251323976461e-05   -1.7945299377426412e-05    4.6084298411810371e-06 
  -1.2381174254264072e-06   -1.6697184907576223e-05   -8.2802996588257378e-05    2.5079145899263267e-05   -4.0942814649110149e-06 
  -1.3792895950666298e-07    2.9258532138337820e-07    3.3870108661331635e-06    9.3944978874404047e-06   -1.2105480634951516e-05 
  -3.5025076174138746e-08    1.6847723619640875e-07    1.7844264051893442e-06    6.9669284007152539e-06    5.9104460915572297e-06 
  -4.5480627451173440e-04    1.2735912776302147e-04   -1.9192844656117261e-05    3.8647409562359770e-06   -8.2192853789376544e-07 
  -1.3911325572085636e-05   -4.6404710943103811e-05    2.0225922955068590e-05   -7.0198344496807858e-06    1.9123416110770120e-06 
  -9.8445701341145142e-07   -5.3684826456981186e-06   -1.1366468483007605e-05    4.3461500048616166e-06   -1.2609766225225319e-06 
   4.1466704567469630e-04   -3.3735860986233165e-04    6.0263844326577237e-05   -5.1684900308403856e-06   -2.8238824781410157e-08 
  -2.6995256584890317e-04   -3.2009523540007980e-04    6.4494193745763922e-05   -1.2958375597588193e-05    3.3277664273618758e-06 
  -8.9404976173182082e-07   -1.2057106928342792e-05   -5.9792389518236824e-05    1.8109755953036330e-05   -2.9564977384160724e-06 
  -9.9599077478761927e-08    2.1127708204167098e-07    2.4457746863602590e-06    6.7838061442060099e-06   -8.7414181038605202e-06 
  -2.5291753726301877e-08    1.2165811560786248e-07    1.2885417567223555e-06    5.0308480833447104e-06    4.2679577973515921e-06 
  -3.2770217565798910e-04    7.4562827022351611e-04   -1.3958639407727407e-04    1.8543906451484055e-05   -2.9138046521546249e-06 
  -3.2770217565798910e-04    7.4562827022351611e-04   -1.3958639407727407e-04    1.8543906451484055e-05   -2.9138046521546249e-06 
  -3.2770217565798910e-04    7.4562827022351611e-04   -1.3958639407727407e-04    1.8543906451484055e-05   -2.9138046521546249e-06 
  -3.2770217565798910e-04    7.4562827022351611e-04   -1.3958639407727407e-04    1.8543906451484055e-05   -2.9138046521546249e-06 
2    103 5 
   7.3370968987277309e-05   -5.4655940497228356e-02    5.0445482891258314e-05   -1.2948293003654486e-03    1.2849718493268189e-05 
  -4.7096188004602267e-05   -9.4918984612133248e-03   -1.4996789546424554e-04   -4.3264774699878199e-03    1.0109377917591672e-05 
  -1.8672793598875460e-04    2.5022259809959451e-04    4.2225809608028001e-05   -1.4594844346072346e-03    1.9542964891751896e-06 
  -1.4142035504894324e-03   -1.9193165389528265e-03    9.7533897026664350e-05   -8.8743991165296469e-03    1.9202668324913122e-05 
   2.1850457015536737e-03   -1.9221131593539515e-02    2.9240617169346857e-04   -2.2164774435265450e-02   -9.3929900666262154e-05 
  -8.6711365376554081e-04   -1.3385267103053317e-02   -5.5052487354671060e-04    5.0962566357605366e-03    3.5598807150143117e-05 
   4.6154507782252665e-03    2.0466177354248635e-03    4.4444547079198820e-05    5.0947395387396354e-03   -4.0832716295053143e-05 
   4.5909567923195444e-03   -3.0242481851311181e-04    6.9601907538456749e-03   -1.5693589319698195e-03    1.3230834152984702e-03 
  -4.0675349511930413e-03    7.5406453793759999e-04    2.6546316368609990e-03   -2.4199071127721061e-03    5.7227078534939288e-04 
   8.6199515877968835e-04   -2.1658566439610588e-04    1.7394318232185895e-03    1.1667630742920687e-03    3.6964517212545152e-04 
  -1.6943501236235607e-04   -4.3016672519863054e-03    1.2472763928251113e-03   -4.2926026148181661e-04    2.0284890538398316e-04 
   1.0760143279655743e-03   -5.7705799632711626e-04    1.1585599488168642e-03   -5.2403035669045233e-04    2.3176268003836958e-04 
  -4.0065617762222944e-03   -2.5282182647113345e-03    1.8417654524418609e-03    2.6504695208258682e-04    6.6164675731019307e-04 
  -2.5045225871524555e-03    1.9485876511930245e-03   -1.0493768051458999e-03    7.7743869238324111e-04   -1.2860879153697111e-04 
  -8.9910418272196361e-04    2.0696117093275718e-04   -1.5525066378085800e-03   -5.9519060762775790e-04   -2.4582468716376481e-04 
   1.9548342157012753e-03    8.0719624464705645e-04   -2.6673216030760794e-03    5.4934072085042985e-04   -6.6990240916339175e-04 
   5.0128265782845222e-04    1.3835569143700612e-04   -1.0315141056253109e-03   -1.1958706883440686e-04    1.4645606213019046e-03 
   8.7430195651247195e-04    1.5884492143446353e-04   -8.4839365504153687e-04   -3.9738045711333695e-04   -1.5728422160948802e-04 
  -9.4607706529261200e-05   -1.5425385406395340e-03   -1.2656394802592044e-03   -2.7728957563154228e-04   -3.9885983898594305e-04 
  -7.9832253023333095e-04    1.3406507135028283e-04    1.6772118964371543e-04   -2.1097404061936348e-04    4.9771062937804616e-04 
   1.2704879138975930e-04    1.5835833424055794e-04    1.0015768578718041e-03    2.7234169464617368e-05    1.2603274921142498e-03 
   1.6955643357458727e-05    1.5892478497922260e-03    2.1161673925340221e-06    5.9526807262232239e-05    2.0855405650951458e-07 
   3.1148268754321105e-05    6.2373627221800782e-06    1.7278400157339043e-06   -1.7545897543880238e-04    9.5125174400865958e-09 
   4.4126904529845289e-05   -7.7119894478891019e-07    4.6735822242041997e-06    7.8522456329956909e-06    5.6107472975478400e-07 
   8.0213011092030112e-06    7.5183437582326568e-04    1.0011071532431951e-06    2.8160679901881430e-05    9.8661834855866158e-08 
   1.4735485846302695e-05    2.9507440954704785e-06    8.1739894750941196e-07   -8.3005359610125039e-05    4.5001398699456767e-09 
   2.0875361718152663e-05   -3.6483540145530776e-07    2.2109577023197822e-06    3.7147057930996093e-06    2.6543076291753052e-07 
   1.6192889985419895e-05   -1.1557583566813054e-03    1.7488846676524416e-05   -9.1146520549097772e-04    3.2865324551767926e-06 
   1.6192889985419895e-05   -1.1557583566813054e-03    1.7488846676524416e-05   -9.1146520549097772e-04    3.2865324551767926e-06 
   1.6192889985419895e-05   -1.1557583566813054e-03    1.7488846676524416e-05   -9.1146520549097772e-04    3.2865324551767926e-06 
   1.6192889985419895e-05   -1.1557583566813054e-03    1.7488846676524416e-05   -9.1146520549097772e-04    3.2865324551767926e-06 
   1.6192889985419895e-05   -1.1557583566813054e-03    1.7488846676524416e-05   -9.1146520549097772e-04    3.2865324551767926e-06 
  -2.1659668334350258e-05   -1.7403032455987782e-03   -2.5202333827273237e-06   -8.6823017803985844e-05   -2.7978773174459757e-07 
   1.0227820644248272e-04    1.0154722052514077e-05    9.4372606735351387e-06   -2.2933590553113654e-04    8.7042455546756768e-07 
  -1.2658050095213210e-04    4.4327491515797509e-06   -1.4330298390937884e-05   -5.6851744685145303e-05   -1.7167651421804396e-06 
  -1.1816684371267848e-06    3.3996787105151890e-09    1.0525404348646654e-05   -8.5693151221563375e-08    2.1149502151889451e-06 
  -1.0440845131483555e-05    1.0432206514321717e-03   -1.2412293842946404e-05    8.1861434702786159e-04   -2.1162848202060077e-06 
  -1.0440845131483555e-05    1.0432206514321717e-03   -1.2412293842946404e-05    8.1861434702786159e-04   -2.1162848202060077e-06 
  -1.0440845131483555e-05    1.0432206514321717e-03   -1.2412293842946404e-05    8.1861434702786159e-04   -2.1162848202060077e-06 
  -1.0440845131483555e-05    1.0432206514321717e-03   -1.2412293842946404e-05    8.1861434702786159e-04   -2.1162848202060077e-06 
  -1.0440845131483555e-05    1.0432206514321717e-03   -1.2412293842946404e-05    8.1861434702786159e-04   -2.1162848202060077e-06 
  -7.6910306323745951e-06   -6.1795616465161560e-04   -8.9489792032267262e-07   -3.0829580546561554e-05   -9.9348521048111281e-08 
   3.6317491414490038e-05    3.6057929033601906e-06    3.3510328877360515e-06   -8.1433817328867636e-05    3.0907499671429856e-07 
  -4.4946879853198518e-05    1.5740042268498133e-06   -5.0884788351528480e-06   -2.0187220927291664e-05   -6.0959812926418804e-07 
  -4.1959313535928819e-07    1.2071760610173922e-09    3.7374167514462334e-06   -3.0428381490243306e-08    7.5098781014891138e-07 
  -9.1832553641889130e-06   -7.3785290101210466e-04   -1.0685272910774205e-06   -3.6811179731642015e-05   -1.1862426278721224e-07 
   4.3363862892719861e-05    4.3053939848518353e-06    4.0012050676717071e-06   -9.7233722703404847e-05    3.6904216836241200e-07 
  -5.3667537583061379e-05    1.8793947717006779e-06   -6.0757527556552843e-06   -2.4103974321498793e-05   -7.2787322767904220e-07 
  -5.0100319388213758e-07    1.4413940819834808e-09    4.4625556796581583e-06   -3.6332139462249072e-08    8.9669553609113475e-07 
   1.6189857700242813e-05    1.5174709679909965e-03    2.0205926860303209e-06    5.6838335096342940e-05    1.9913490903971785e-07 
   2.9741486542859169e-05    5.9556581114613380e-06    1.6498037493346886e-06   -1.6753453612451780e-04    9.0828935522716805e-09 
   4.2133954461605818e-05   -7.3636847104462702e-07    4.4625042863363658e-06    7.4976063570970726e-06    5.3573431821071235e-07 
   9.3007189020409946e-06    8.7175385828626721e-04    1.1607862734955437e-06    3.2652379494550366e-05    1.1439864678576763e-07 
   1.7085833068181905e-05    3.4213952337908115e-06    9.4777614480608475e-07   -9.6244924182045341e-05    5.2179235488630953e-09 
   2.4205034654067060e-05   -4.2302756974874909e-07    2.5636110418527712e-06    4.3072107523508140e-06    3.0776764021710256e-07 
   9.5821283134633234e-07   -5.8656940494287968e-04    3.2128766238430617e-08    1.3810825515173219e-05    6.8155363777771955e-09 
   9.5821283134633234e-07   -5.8656940494287968e-04    3.2128766238430617e-08    1.3810825515173219e-05    6.8155363777771955e-09 
   9.5821283134633234e-07   -5.8656940494287968e-04    3.2128766238430617e-08    1.3810825515173219e-05    6.8155363777771955e-09 
   9.5821283134633234e-07   -5.8656940494287968e-04    3.2128766238430617e-08    1.3810825515173219e-05    6.8155363777771955e-09 
   9.5821283134633234e-07   -5.8656940494287968e-04    3.2128766238430617e-08    1.3810825515173219e-05    6.8155363777771955e-09 
   1.3285461127372644e-05    6.7518606560607139e-04    1.4533498131055491e-06    2.6075518339530643e-05    1.5619870360900064e-07 
   1.3285461127372644e-05    6.7518606560607139e-04    1.4533498131055491e-06    2.6075518339530643e-05    1.5619870360900064e-07 
   1.3285461127372644e-05    6.7518606560607139e-04    1.4533498131055491e-06    2.6075518339530643e-05    1.5619870360900064e-07 
   1.3285461127372644e-05    6.7518606560607139e-04    1.4533498131055491e-06    2.6075518339530643e-05    1.5619870360900064e-07 
   1.3285461127372644e-05    6.7518606560607139e-04    1.4533498131055491e-06    2.6075518339530643e-05    1.5619870360900064e-07 
  -8.1218068870535333e-06   -6.5256802031681601e-04   -9.4502134237924945e-07   -3.2556351882677020e-05   -1.0491305275402436e-07 
   3.8351641800657242e-05    3.8077541275840270e-06    3.5387249495266303e-06   -8.5994942685133137e-05    3.2638635274232464e-07 
  -4.7464364113521525e-05    1.6621645369696336e-06   -5.3734856124491470e-06   -2.1317911447080959e-05   -6.4374184959710746e-07 
  -4.4309463574055250e-07    1.2747902478747639e-09    3.9467502552792893e-06   -3.2132681582240457e-08    7.9305079645450666e-07 
  -5.9827345126647584e-06   -5.3424619526496744e-04   -7.2826840829113427e-07   -1.8554851919840186e-05   -7.0492499818338214e-08 
  -5.9827345126647584e-06   -5.3424619526496744e-04   -7.2826840829113427e-07   -1.8554851919840186e-05   -7.0492499818338214e-08 
  -5.9827345126647584e-06   -5.3424619526496744e-04   -7.2826840829113427e-07   -1.8554851919840186e-05   -7.0492499818338214e-08 
  -5.9827345126647584e-06   -5.3424619526496744e-04   -7.2826840829113427e-07   -1.8554851919840186e-05   -7.0492499818338214e-08 
  -5.9827345126647584e-06   -5.3424619526496744e-04   -7.2826840829113427e-07   -1.8554851919840186e-05   -7.0492499818338214e-08 
   5.2242303620429282e-06    4.8966569387316717e-04    6.5201571595797023e-07    1.8340899681522926e-05    6.4257923522845292e-08 
   9.5971428462379694e-06    1.9218037927150480e-06    5.3236754752682441e-07   -5.4060945223709837e-05    2.9309169450124313e-09 
   1.3596011048815698e-05   -2.3761533889360701e-07    1.4399848852949152e-06    2.4193679461929516e-06    1.7287363131936578e-07 
   9.9700477460587100e-06   -9.0769124710145276e-04    1.1366940255010648e-06   -1.0708910640123946e-05    1.4130228355039295e-07 
   9.9700477460587100e-06   -9.0769124710145276e-04    1.1366940255010648e-06   -1.0708910640123946e-05    1.4130228355039295e-07 
   9.9700477460587100e-06   -9.0769124710145276e-04    1.1366940255010648e-06   -1.0708910640123946e-05    1.4130228355039295e-07 
   9.9700477460587100e-06   -9.0769124710145276e-04    1.1366940255010648e-06   -1.0708910640123946e-05    1.4130228355039295e-07 
   9.9700477460587100e-06   -9.0769124710145276e-04    1.1366940255010648e-06   -1.0708910640123946e-05    1.4130228355039295e-07 
  -8.3390806540139894e-06   -6.7002545484387598e-04   -9.7030245897955514e-07   -3.3427296157813019e-05   -1.0771967626677049e-07 
   3.9377621093076728e-05    3.9096187858386072e-06    3.6333925660697190e-06   -8.8295470806102269e-05    3.3511780786444163e-07 
  -4.8734126043439660e-05    1.7066305967119741e-06   -5.5172365630640535e-06   -2.1888206085730886e-05   -6.6096316728627957e-07 
  -4.5494825919727166e-07    1.3088933093107258e-09    4.0523333240645866e-06   -3.2992291871798462e-08    8.1426641218298792e-07 
  -4.7360845345392164e-06    8.0819191131861420e-04   -5.8779188499423446e-07    1.2333131393858708e-05   -7.5323942124463043e-08 
  -4.7360845345392164e-06    8.0819191131861420e-04   -5.8779188499423446e-07    1.2333131393858708e-05   -7.5323942124463043e-08 
  -4.7360845345392164e-06    8.0819191131861420e-04   -5.8779188499423446e-07    1.2333131393858708e-05   -7.5323942124463043e-08 
  -4.7360845345392164e-06    8.0819191131861420e-04   -5.8779188499423446e-07    1.2333131393858708e-05   -7.5323942124463043e-08 
  -4.7360845345392164e-06    8.0819191131861420e-04   -5.8779188499423446e-07    1.2333131393858708e-05   -7.5323942124463043e-08 
   5.0394866944115513e-06    4.7234972004922261e-04    6.2895858287391738e-07    1.7692313221890112e-05    6.1985580298427318e-08 
   9.2577605362467810e-06    1.8538433360488092e-06    5.1354151451484088e-07   -5.2149196199621713e-05    2.8272713726658083e-09 
   1.3115217367785771e-05   -2.2921258362622419e-07    1.3890629177308548e-06    2.3338122036711587e-06    1.6676032725859213e-07 
   1.1474058830665717e-05    5.8312801973038262e-04    1.2551932595513857e-06    2.2520259447482661e-05    1.3490183722646788e-07 
   1.1474058830665717e-05    5.8312801973038262e-04    1.2551932595513857e-06    2.2520259447482661e-05    1.3490183722646788e-07 
   1.1474058830665717e-05    5.8312801973038262e-04    1.2551932595513857e-06    2.2520259447482661e-05    1.3490183722646788e-07 
   1.1474058830665717e-05    5.8312801973038262e-04    1.2551932595513857e-06    2.2520259447482661e-05    1.3490183722646788e-07 
   1.1474058830665717e-05    5.8312801973038262e-04    1.2551932595513857e-06    2.2520259447482661e-05    1.3490183722646788e-07 
  -1.0272384965429518e-05   -8.2536189471681305e-04   -1.1952541059478945e-06   -4.1176967669834731e-05   -1.3269304241961967e-07 
   4.8506795853592785e-05    4.8160116087710337e-06    4.4757460345742503e-06   -1.0876559472866376e-04    4.1281038929601571e-07 
  -6.0032481330062081e-05    2.1022900737586125e-06   -6.7963340651774117e-06   -2.6962693904040473e-05   -8.1419863700035915e-07 
  -5.6042192799476734e-07    1.6123427161533520e-09    4.9918126038261776e-06   -4.0641113458447245e-08    1.0030431887400628e-06 
 TENSORSUMACCUMULATOR_IMPL_H - PrettifyOut: Norm of simple tensor is 8.56935e-06 
 As simple full tensor 3    5 5 5 
   1.1437483644899702e-08   -8.3595160586849809e-06    8.5944187637099853e-09   -1.8600045377500502e-07    2.1299148656565790e-09 
   1.0199635224579020e-08    2.9626119663868040e-07    3.7768391291019954e-09   -2.6300007909395877e-09   -7.1916133730093158e-10 
  -5.3472561405607869e-09   -1.8447270051404593e-08   -4.3190427746426527e-09    2.2921794518965432e-08   -3.2833501575470858e-10 
   2.6703474198243417e-09    3.1783636828575859e-08    4.5527809140928408e-10    1.1025620965935798e-08   -1.7887168769169786e-10 
  -4.3822094309226754e-09   -1.0684291638600400e-08   -4.1359753637474221e-10   -1.8382966301279252e-09    9.7261098854813598e-11 

  -1.2653963894655716e-08    5.1941586794077834e-07   -1.0546941784775277e-08    3.1395125600693284e-07    5.9974929137092248e-10 
   6.0540627071121089e-09    1.3276093244371333e-06    4.7926712050373584e-09    1.0587759250138921e-06    1.1242973869706962e-09 
  -4.5073039959284958e-09   -2.7366777123547686e-07   -2.0871147044480666e-09   -2.1839074788405900e-07   -8.1590603365792326e-11 
  -8.3042283174744777e-09    8.8977318938029940e-08    8.0110319387612596e-10    3.7499806530679008e-08    9.4013777504395360e-11 
   3.0584086161714603e-09   -2.8859686950722218e-08    8.8496718394552315e-10   -1.0283445407867550e-08    2.7704771008061095e-10 

  -3.8244230953640332e-09    9.8327545714928057e-08   -1.5017253214167472e-09   -1.5740470575987184e-08   -2.1443467789994018e-10 
   1.2498250255706259e-08    8.1263173291829449e-08    1.1916033733277474e-09    1.0795214849426384e-07   -4.4560230362066963e-10 
  -1.5226743261560166e-08   -3.3238394205929237e-08   -1.8606190616958043e-09   -5.4352856235229213e-08   -1.1096441515609098e-10 
   1.8967003811986876e-09    3.3391772735041042e-08    7.0489959471963992e-11    1.8721241896506530e-08   -4.0897920879367454e-11 
   2.1432583766005641e-10   -7.2669547299619280e-09   -3.3788843790274191e-10   -9.3134995956786422e-09   -7.4349563326686679e-11 

  -8.1734997808036281e-09    2.2443954315499190e-08    1.2905282737761673e-08    1.1260800115216778e-08    3.1412812192145819e-09 
  -1.0972524077240915e-08    3.9489075168717579e-08   -2.0424743948483812e-09    3.5680321392085647e-08   -4.4122623491994827e-10 
  -1.7505264362765236e-09   -5.9574975084185105e-09    1.5815877029499393e-10   -1.1561963601689852e-08    7.3393192851982873e-11 
  -1.6527120973134499e-09    1.2784869158934469e-08    2.8681578661200621e-10    5.6168177815905253e-09    9.1608408430695037e-11 
   1.4459005701373387e-09   -5.0502920948167012e-09   -6.0983813030857154e-10   -7.8405999846622194e-10    3.9065237398234846e-11 

   4.7393248351841865e-09    4.1289381886590017e-09    7.9442346052251721e-10    2.4557363493447467e-08    6.0596975304492788e-10 
   7.0330410574651734e-09   -4.7883509064664837e-08   -4.8727729545632647e-11   -2.5878757771632471e-08   -2.0814531442126093e-10 
  -1.6868454873864000e-09    6.3107273939464402e-09   -1.3116685090830974e-10    1.1760043781377118e-09   -5.6322527386937284e-11 
   2.0298846708294698e-09    4.2871357256249842e-09    1.1579572655785367e-10    8.0107866330580603e-10    6.6471189110504207e-11 
  -1.0040481785063052e-09   -1.2158090967027297e-09   -3.4195828036070081e-10   -2.1494799476764673e-10   -1.6200557006461749e-10 
