2    103 5 
   1.4169556612238623e-05   -5.1078035619671865e-03    3.6486729419041258e-06    4.8768355749721662e-04    6.9774089257514321e-07 
   8.1992620894446862e-04    2.7549996449554915e-03    1.8779653826016593e-04   -1.0335727149480018e-03    2.6747889617485533e-05 
   1.5159225440970899e-03    4.1719812980267395e-03    3.5190207073459957e-04    1.2121659655351463e-03    5.0614750573261299e-05 
  -1.9218502628131444e-03   -9.3526555034504216e-03   -4.4448967294130441e-04   -4.0950840115788608e-03   -6.4994460485659391e-05 
  -4.9049951861496969e-04   -2.7323961320723069e-03   -1.1321828437829565e-04   -3.2294360809973573e-04   -1.6333750730241923e-05 
  -5.6205043070112074e-04   -2.1731690273539346e-03   -1.2844131391461899e-04   -1.5330200563267048e-03   -1.8984371895607916e-05 
  -3.4498621906143276e-05   -5.2861636643711510e-06    9.2824112650108077e-04   -6.3723806576125144e-05    2.7376352587621887e-04 
  -4.2420264193646052e-04   -1.4578995664398951e-04    9.7693531438690882e-04    1.5846627497633858e-05    2.9501624431509566e-04 
   2.2650784979802649e-04    7.5574540944237272e-06   -1.1190184068411630e-03    9.3482006033269611e-05   -3.2800760866092961e-04 
  -1.1774745259120653e-04   -3.5920696686054387e-04    4.3769552025454451e-04    6.2996553230589206e-05    1.3078802233494450e-04 
   4.3341616225578246e-05    4.3076827015475679e-04   -2.2370193482745869e-04   -8.2043432176297150e-05   -6.6373742637432923e-05 
   2.6538176177344925e-05    4.4292413520075893e-03    4.3538060855692854e-06    1.6333835332176905e-05    5.2373942268451864e-08 
   2.6538176177344925e-05    4.4292413520075893e-03    4.3538060855692854e-06    1.6333835332176905e-05    5.2373942268451864e-08 
   2.6538176177344925e-05    4.4292413520075893e-03    4.3538060855692854e-06    1.6333835332176905e-05    5.2373942268451864e-08 
   1.2398043598658208e-06    6.5613729772972715e-04    2.0751392540146572e-07    3.9185930086460347e-06    2.5171323667216413e-09 
   1.2398043598658208e-06    6.5613729772972715e-04    2.0751392540146572e-07    3.9185930086460347e-06    2.5171323667216413e-09 
   1.2398043598658208e-06    6.5613729772972715e-04    2.0751392540146572e-07    3.9185930086460347e-06    2.5171323667216413e-09 
  -1.7823625183609163e-04   -1.8653861968890995e-01   -1.8694315348602940e-04   -1.3011598832311744e-01   -4.1310630137015412e-05 
   2.5659612403565709e-03   -1.4222633422662587e-03    2.6803862673899946e-03   -3.6234311062535315e-03    5.6822096735242010e-04 
   2.1533798015874229e-05    1.0116527900123762e-01    1.7772450319839007e-05    7.0657912735734241e-02    1.0911294556877611e-06 
  -4.4551103668190161e-03   -9.7762164419201822e-09   -4.4454458369643053e-03   -3.9849076830199186e-06   -7.9728766145439206e-04 
  -1.8852725894973428e-06   -1.3741243253907020e-03   -3.1899694374092239e-07   -8.6026467164018867e-06   -3.8865400385123011e-09 
   2.7549228451202149e-05    5.7212536423951572e-08    4.4775704100233994e-06   -1.5342194956481548e-05    5.3649333331754215e-08 
  -4.6739477840985306e-07   -3.4067144356287330e-04   -7.9085383548148673e-08   -2.1327590387461992e-06   -9.6354687921591902e-10 
   6.8299754629887170e-06    1.4184071276010130e-08    1.1100745013034899e-06   -3.8036206816741432e-06    1.3300685749171846e-08 
   9.7570673782307413e-08    2.9432978824309126e-04    1.4120448424056222e-09    2.0551941121190967e-06    1.5892385403441905e-11 
  -1.9400092672324927e-05    6.5070645081233047e-09   -2.4562764574573768e-06   -9.1835398877486233e-09   -2.9930911732097300e-08 
   1.1433299204380361e-06    7.5430777388803168e-03    8.8241871297480604e-09    5.2322437082593431e-05    1.1438008704570468e-10 
   1.1433299204380361e-06    7.5430777388803168e-03    8.8241871297480604e-09    5.2322437082593431e-05    1.1438008704570468e-10 
   1.1433299204380361e-06    7.5430777388803168e-03    8.8241871297480604e-09    5.2322437082593431e-05    1.1438008704570468e-10 
   1.2282944551940676e-06    5.8211688787565162e-03    2.6272399490635110e-08    3.9532456734132001e-05    3.1419095667426163e-10 
   1.2282944551940676e-06    5.8211688787565162e-03    2.6272399490635110e-08    3.9532456734132001e-05    3.1419095667426163e-10 
   1.2282944551940676e-06    5.8211688787565162e-03    2.6272399490635110e-08    3.9532456734132001e-05    3.1419095667426163e-10 
   1.1953023293684378e-05    1.5737101314977343e-02    3.2442489726076940e-06    9.7647087214710696e-05    3.9846726611737694e-08 
   1.1953023293684378e-05    1.5737101314977343e-02    3.2442489726076940e-06    9.7647087214710696e-05    3.9846726611737694e-08 
   1.1953023293684378e-05    1.5737101314977343e-02    3.2442489726076940e-06    9.7647087214710696e-05    3.9846726611737694e-08 
  -2.5976361233798970e-06   -1.8933468855035036e-03   -4.3953218697681206e-07   -1.1853217402985264e-05   -5.3550965813880681e-09 
   3.7958898567112907e-05    7.8830696501384737e-08    6.1694519438989135e-06   -2.1139351440694944e-05    7.3921112010105077e-08 
   2.8283397122488089e-06    2.0615005069934498e-03    4.7856831372539383e-07    1.2905935976575957e-05    5.8306982212583912e-09 
  -4.1330138307015159e-05   -8.5831879011982930e-08   -6.7173788425131143e-06    2.3016798477958941e-05   -8.0486260100101044e-08 
  -6.7612487134496696e-07   -2.0395850770986170e-03   -9.7848933536620274e-09   -1.4241654800352826e-05   -1.1012773223479816e-10 
   1.3443470925927569e-04   -4.5091296214724432e-08    1.7020991445558572e-05    6.3638176148593276e-08    2.0740897914934202e-07 
   7.4269992167160350e-06    5.4133393468942586e-03    1.2566830200031289e-06    3.3889980038078537e-05    1.5310958204437977e-08 
  -1.0852971568571032e-04   -2.2538781159509606e-07   -1.7639312274147694e-05    6.0440315400158624e-05   -2.1135063377679138e-07 
   3.6094751301400113e-06    2.6308490378786947e-03    6.1074008153405804e-07    1.6470318164712810e-05    7.4410298486564443e-09 
  -5.2744762483218588e-05   -1.0953706562377930e-07   -8.5725953522399381e-06    2.9373614959279989e-05   -1.0271508506957548e-07 
  -9.3523732887959887e-07   -2.8212186540837571e-03   -1.3534774286954995e-08   -1.9699507825843038e-05   -1.5233216598874492e-10 
   1.8595434619384435e-04   -6.2371708562783312e-08    2.3543974270256960e-05    8.8026340101329585e-08    2.8689466674907431e-07 
   1.3041190414345227e-05    8.6058298319414989e-03    2.1983925760664681e-06    5.3189110481272550e-05    2.6743911932048422e-08 
   1.3041190414345227e-05    8.6058298319414989e-03    2.1983925760664681e-06    5.3189110481272550e-05    2.6743911932048422e-08 
   1.3041190414345227e-05    8.6058298319414989e-03    2.1983925760664681e-06    5.3189110481272550e-05    2.6743911932048422e-08 
  -1.4703488068694211e-05   -2.4540231000578965e-03   -2.4122281578349550e-06   -9.0497685793382522e-06   -2.9017805523201776e-08 
  -1.4703488068694211e-05   -2.4540231000578965e-03   -2.4122281578349550e-06   -9.0497685793382522e-06   -2.9017805523201776e-08 
  -1.4703488068694211e-05   -2.4540231000578965e-03   -2.4122281578349550e-06   -9.0497685793382522e-06   -2.9017805523201776e-08 
  -1.4422468832085853e-06   -4.2124356797786202e-03   -2.6010400940195128e-08   -2.9413874395753619e-05   -2.9814247541855435e-10 
  -1.4422468832085853e-06   -4.2124356797786202e-03   -2.6010400940195128e-08   -2.9413874395753619e-05   -2.9814247541855435e-10 
  -1.4422468832085853e-06   -4.2124356797786202e-03   -2.6010400940195128e-08   -2.9413874395753619e-05   -2.9814247541855435e-10 
   1.2383878985544504e-06    3.6170155262678265e-03    2.2333877878957031e-08    2.5256276526155469e-05    2.5600057653236576e-10 
   1.2383878985544504e-06    3.6170155262678265e-03    2.2333877878957031e-08    2.5256276526155469e-05    2.5600057653236576e-10 
   1.2383878985544504e-06    3.6170155262678265e-03    2.2333877878957031e-08    2.5256276526155469e-05    2.5600057653236576e-10 
  -3.0802650843852788e-06   -2.2451221137384605e-03   -5.2119526550415767e-07   -1.4055491211962878e-05   -6.3500491368660690e-09 
   4.5011489040222495e-05    9.3477080883463103e-08    7.3157080168173702e-06   -2.5066946660950564e-05    8.7655317953999667e-08 
   3.6082568890229021e-06    2.6299610947968632e-03    6.1053394943662964e-07    1.6464759234930314e-05    7.4385184118994555e-09 
  -5.2726960493718045e-05   -1.0950009555129532e-07   -8.5697019985633245e-06    2.9363701012179281e-05   -1.0268041749729212e-07 
  -8.0223433642209532e-07   -2.4200044255845688e-03   -1.1609952183715746e-08   -1.6897979903603272e-05   -1.3066853762576226e-10 
   1.5950920361822770e-04   -5.3501635023828748e-08    2.0195712887193862e-05    7.5507842082666749e-08    2.4609448906215748e-07 
   7.2641207663779137e-06    5.2946216389413584e-03    1.2291232240624413e-06    3.3146752892158249e-05    1.4975179907879428e-08 
  -1.0614959534494885e-04   -2.2044492464890059e-07   -1.7252471806765264e-05    5.9114823822326197e-05   -2.0671559037594330e-07 
  -9.5155458069574959e-07   -2.8704409571137859e-03   -1.3770917898309326e-08   -2.0043208638377538e-05   -1.5498993234962765e-10 
   1.8919872470554003e-04   -6.3459918842030537e-08    2.3954750171793087e-05    8.9562151294418127e-08    2.9190016896492732e-07 
  -6.6225777615248183e-06   -8.7191478372253117e-03   -1.7974775561755697e-06   -5.4101411197575558e-05   -2.2077096232873889e-08 
  -6.6225777615248183e-06   -8.7191478372253117e-03   -1.7974775561755697e-06   -5.4101411197575558e-05   -2.2077096232873889e-08 
  -6.6225777615248183e-06   -8.7191478372253117e-03   -1.7974775561755697e-06   -5.4101411197575558e-05   -2.2077096232873889e-08 
   6.4964047368216164e-07    4.2859794952537968e-03    5.0139063137902417e-09    2.9729627645464261e-05    6.4990806765303703e-11 
   6.4964047368216164e-07    4.2859794952537968e-03    5.0139063137902417e-09    2.9729627645464261e-05    6.4990806765303703e-11 
   6.4964047368216164e-07    4.2859794952537968e-03    5.0139063137902417e-09    2.9729627645464261e-05    6.4990806765303703e-11 
  -8.1437617112356670e-07   -3.8595152838953352e-03   -1.7418963354378822e-08   -2.6210564261778630e-05   -2.0831293930868460e-10 
  -8.1437617112356670e-07   -3.8595152838953352e-03   -1.7418963354378822e-08   -2.6210564261778630e-05   -2.0831293930868460e-10 
  -8.1437617112356670e-07   -3.8595152838953352e-03   -1.7418963354378822e-08   -2.6210564261778630e-05   -2.0831293930868460e-10 
   2.1560979847030249e-05    1.5715216490238330e-02    3.6482186786029035e-06    9.8384442396691124e-05    4.4448538588991144e-08 
  -3.1506762616008384e-04   -6.5431298991261482e-07   -5.1207876204211664e-05    1.7546149989594066e-04   -6.1356230457950510e-07 
  -1.4526033981921114e-06   -1.0587634253639532e-03   -2.4578729201940420e-07   -6.6283432556686008e-06   -2.9945808890468814e-09 
   2.1226693205387769e-05    4.4082285655455421e-08    3.4499700624081043e-06   -1.1821168277555538e-05    4.1336836032409382e-08 
   8.2605542375961834e-06    6.0208951121050380e-03    1.3977244299201761e-06    3.7693556986718527e-05    1.7029354250188274e-08 
  -1.2071034029395144e-04   -2.5068378060199094e-07   -1.9619026675880180e-05    6.7223718345993112e-05   -2.3507116703796806e-07 
  -9.3848060405811042e-07   -6.8403319187250455e-04   -1.5879530956024323e-07   -4.2823606155860585e-06   -1.9347029513708410e-09 
   1.3713887690433385e-05    2.8480155093732349e-08    2.2289153337936461e-06   -7.6372788054883007e-06    2.6706407886577182e-08 
  -2.4576298166369533e-06   -7.4136380888847374e-03   -3.5566870378154082e-08   -5.1766643942521259e-05   -4.0030060991612294e-10 
   4.8865344830355533e-04   -1.6390125366587086e-07    6.1869186977422152e-05    2.3131685552117597e-07    7.5390584343048439e-07 
  -1.8084743936023655e-06   -5.4554085226431780e-03   -2.6172279447473805e-08   -3.8093064048551242e-05   -2.9456568189238352e-10 
   3.5958110640591315e-04   -1.2060857104169805e-07    4.5527133355980670e-05    1.7021709583224084e-07    5.5477004868737428e-07 
  -5.0500492907469990e-06   -3.6808446765184849e-03   -8.5449197026665626e-07   -2.3043771065644923e-05   -1.0410812141591648e-08 
   7.3795674098096550e-05    1.5325429892695141e-07    1.1993995669049264e-05   -4.1096890280009579e-05    1.4370960425055105e-07 
   1.0912193244411354e-06    3.2917508943939269e-03    1.5792149006250449e-08    2.2985057330091586e-05    1.7773863181876166e-10 
  -2.1696843118273681e-04    7.2774269782041482e-08   -2.7470716688166729e-05   -1.0270766618508725e-07   -3.3474391447862439e-07 
   1.0005214378692506e-06    3.0181534217726051e-03    1.4479567284854741e-08    2.1074629173368290e-05    1.6296569121271428e-10 
  -1.9893486293451139e-04    6.6725556825621148e-08   -2.5187458052229577e-05   -9.4171006277154539e-08   -3.0692130823806859e-07 
   9.2387186392031766e-07    4.1970345787639080e-03    7.6775901313078608e-07    2.9313783216749138e-03    5.0726084947898207e-08 
   9.2387186392031766e-07    4.1970345787639080e-03    7.6775901313078608e-07    2.9313783216749138e-03    5.0726084947898207e-08 
   9.2387186392031766e-07    4.1970345787639080e-03    7.6775901313078608e-07    2.9313783216749138e-03    5.0726084947898207e-08 
   3.0707915454001363e-04    7.0009465183448410e-07    3.7577258757006191e-04    1.4089840058141307e-07    4.9009304301189103e-06 
   3.0707915454001363e-04    7.0009465183448410e-07    3.7577258757006191e-04    1.4089840058141307e-07    4.9009304301189103e-06 
   3.0707915454001363e-04    7.0009465183448410e-07    3.7577258757006191e-04    1.4089840058141307e-07    4.9009304301189103e-06 
2    103 5 
   5.8243608483706168e-02    5.1577928049361822e-02    3.7919951041384709e-02   -1.5462227494771932e-02    4.4751395558482550e-03 
   7.3245339589655359e-02   -2.7044982672342774e-02   -4.9592290913987182e-02    2.1922342799873498e-02   -6.4665734644212157e-03 
  -5.9609745501871370e-02    2.9492830551041443e-02    3.6934308990458686e-02   -1.6012669807394884e-02    4.7479728616565547e-03 
   9.8808969989562276e-02   -1.2016285487702974e-01   -1.5653894837332763e-01    6.7715966731794530e-02   -1.9865505508641069e-02 
   1.9936007262504696e-01   -1.2392475629498881e-01   -1.7478999928061625e-01    7.6158596469287965e-02   -2.2443753955210602e-02 
   1.1817624666177584e-02    4.9548490578142479e-02    8.6789545609901139e-02   -3.8204479098049325e-02    1.1249224903683658e-02 
  -5.8243468334436563e-03   -5.1933170625185036e-03   -1.1424851087286508e-03    1.5038079478178702e-04   -5.1979300590675626e-04 
  -6.5783798394609171e-03   -6.0804287443200107e-03   -4.3842522230081830e-03    1.7441385557782530e-03   -4.8332847002894344e-04 
   5.1785968476741068e-03    6.0729411969188849e-03    3.8247810549086906e-03   -1.6451820476769143e-03    3.2025054764744763e-04 
  -9.1541407101220652e-03   -3.7669945378604494e-03   -9.5171163882207307e-03    3.5220286281945597e-03   -1.2506948831422335e-03 
   9.6061197061523083e-03    2.9445181374438819e-03    1.1564977306321890e-02   -8.7109124475344499e-04    5.3457122007954608e-03 
  -2.9061635792369106e-04   -6.7349468106451721e-05   -9.0190456816733281e-06    1.4321411904576688e-06   -2.2506068882986133e-07 
   1.4318937000657406e-06   -6.2181750427238226e-06    2.7472811914651423e-07   -1.2051180401562211e-07    3.8542040521765673e-08 
   9.9584055990574407e-08   -9.5366257578238702e-08   -2.3994810361357018e-06    5.9137362566175593e-07   -1.3298337764266286e-07 
  -1.7402987154539035e-04   -4.0330900046217510e-05   -5.4008775440498505e-06    8.5760949311619193e-07   -1.3477315264291570e-07 
   8.5746128837842808e-07   -3.7236314282629795e-06    1.6451551325795837e-07   -7.2166115914400435e-08    2.3080140460852280e-08 
   5.9633946952701226e-08   -5.7108201598422609e-08   -1.4368818722996426e-06    3.5413242683424801e-07   -7.9634471693783933e-08 
  -3.7673832248653758e-04   -1.4904941391794333e-04   -1.8947596869811320e-05    2.9608557541627062e-06   -4.5473269063671563e-07 
   3.4171532107301386e-06   -8.7283138695417921e-06    6.7939113734495241e-07   -2.2799977265232053e-07    6.5081379830339235e-08 
   5.0508371840781701e-03    1.2597653984269123e-03    1.7860412375510158e-04   -2.9123882504185101e-05    4.7382051407740342e-06 
   5.0508371840781701e-03    1.2597653984269123e-03    1.7860412375510158e-04   -2.9123882504185101e-05    4.7382051407740342e-06 
   1.8659850223731494e-06   -9.1718847988348159e-03   -6.0660923789375987e-03    1.3900925822950623e-03   -3.0881017376302184e-04 
  -2.9779382861138992e-04    2.8559912025083857e-04   -3.1531701819105019e-04    3.2466131576662919e-06    6.3790849089794982e-06 
  -3.3531025069435304e-02   -5.2375746460010843e-03   -1.8311208761467180e-02    1.9116445228036412e-02   -6.4441753381263255e-03 
   9.0869801542158826e-04   -1.8603617168068728e-03    1.2490264455365125e-03    8.7710295534500346e-04   -8.9609048482665611e-05 
  -3.9273913837966183e-03   -1.8903593846883485e-03   -2.7371677543118619e-04    4.5433702383258594e-05   -7.5235320088926144e-06 
  -3.9273913837966183e-03   -1.8903593846883485e-03   -2.7371677543118619e-04    4.5433702383258594e-05   -7.5235320088926144e-06 
   3.6865069008655662e-03   -1.9943212963513153e-02   -7.8474381288872845e-03    1.7886536406040445e-03   -3.9179947569761034e-04 
  -5.1777591423984729e-04    4.2790865505381941e-04   -5.7760973703961530e-04    2.7523604567233200e-05    5.0111408218483559e-06 
  -2.6867555475357696e-05   -2.1850364676421059e-04    7.4143948178977728e-05    2.3315433743680765e-04   -8.5370264378951475e-05 
  -5.5223015728977656e-02    8.6502864838830015e-03   -3.3957525706305142e-02    2.0297719729737398e-02   -6.5957242381948630e-03 
   1.0290352608436856e-03   -2.4634050572634957e-03    1.5014234328065302e-03    1.2253244376152174e-03   -1.7830641569389544e-04 
  -3.3439726214713961e-04    2.8064520792730173e-04   -1.1120840197766367e-03   -2.7439756430579042e-04   -5.3252284088430870e-04 
  -1.0325545085681145e-03   -2.3929140616799424e-04   -3.2044501376756159e-05    5.0883709839260346e-06   -7.9963643689230397e-07 
   5.0874916551716638e-06   -2.2093060147413000e-05    9.7610389202405764e-07   -4.2817619579652594e-07    1.3693915233984796e-07 
   3.5382029672798669e-07   -3.3883453750230601e-07   -8.5253114442242350e-06    2.1011394808879071e-06   -4.7248746467878714e-07 
  -1.7586343055433927e-03   -6.9577050406545427e-04   -8.8448378818821951e-05    1.3821430399404503e-05   -2.1227161185184598e-06 
   1.5951450927593158e-05   -4.0744228246317844e-05    3.1714335646320425e-06   -1.0643149313720090e-06    3.0380330428376930e-07 
  -1.9148237125758691e-03   -7.5756389801786693e-04   -9.6303735556234793e-05    1.5048951670665392e-05   -2.3112406860221258e-06 
   1.7368145492139709e-05   -4.4362841183486690e-05    3.4530977664171419e-06   -1.1588398235015532e-06    3.3078495578517527e-07 
   1.8944831293826721e-03    7.4951948936690109e-04    9.5280581590637611e-05   -1.4889032230976733e-05    2.2866711903123311e-06 
   1.8944831293826721e-03    7.4951948936690109e-04    9.5280581590637611e-05   -1.4889032230976733e-05    2.2866711903123311e-06 
  -5.0281775388794653e-03   -1.9893036373333953e-03   -2.5288608912339298e-04    3.9517371900690922e-05   -6.0691375545832962e-06 
   4.5607393767904011e-05   -1.1649335661276778e-04    9.0675650790310407e-06   -3.0430228816474828e-06    8.6861546259045206e-07 
  -2.4436628100977429e-03   -9.6678911572941522e-04   -1.2290105637749888e-04    1.9205195385372181e-05   -2.9495628618570715e-06 
   2.2164907892442310e-05   -5.6615042125484239e-05    4.4067798701290700e-06   -1.4788900727271390e-06    4.2214167773422715e-07 
  -2.7471722371928227e-03   -6.3665479020452926e-04   -8.5256966998376756e-05    1.3538028216786644e-05   -2.1274955885560403e-06 
  -2.7471722371928227e-03   -6.3665479020452926e-04   -8.5256966998376756e-05    1.3538028216786644e-05   -2.1274955885560403e-06 
  -8.3798869866753573e-03   -1.9420136408596609e-03   -2.6006307449469182e-04    4.1295615328539746e-05   -6.4895973200268409e-06 
   4.1288478973485740e-05   -1.7930031362884622e-04    7.9217515729591930e-06   -3.4749430673012973e-06    1.1113550046383305e-06 
   2.8714940233848956e-06   -2.7498743242032250e-06   -6.9188740968144618e-05    1.7052185862322334e-05   -3.8345593610546048e-06 
  -2.3896054729769453e-03   -5.5378389137861910e-04   -7.4159490112441292e-05    1.1775842389752763e-05   -1.8505711709490660e-06 
   1.1773807389385660e-05   -5.1129211102160713e-05    2.2589637478890705e-06   -9.9091347951470486e-07    3.1691358197632418e-07 
   8.1883417339778063e-07   -7.8415314497240432e-07   -1.9729835778066648e-05    4.8625950120351120e-06   -1.0934615288011695e-06 
  -4.1018568042224318e-03   -9.5059299478850862e-04   -1.2729783746955717e-04    2.0213721377061951e-05   -3.1765820906824373e-06 
   2.0210228214614515e-05   -8.7765409322004186e-05    3.8776048701575710e-06   -1.7009440446583428e-06    5.4399529431971235e-07 
   1.4055627858506925e-06   -1.3460313636001233e-06   -3.3867080590350934e-05    8.3468458127718376e-06   -1.8769720201891305e-06 
  -3.5220667744841573e-03   -8.1622839674840161e-04   -1.0930451871300843e-04    1.7356548472765602e-05   -2.7275779657878405e-06 
   1.7353549062503076e-05   -7.5359927680515544e-05    3.3295124451202920e-06   -1.4605186848016989e-06    4.6710254478578591e-07 
   1.2068890319135735e-06   -1.1557722683711019e-06   -2.9080030091070921e-05    7.1670342754636363e-06   -1.6116654248240448e-06 
  -2.0853805499590500e-03   -8.2504149489167451e-04   -1.0488168477254252e-04    1.6389389219053717e-05   -2.5171071056044184e-06 
   1.8915157860377721e-05   -4.8314320288270351e-05    3.7606714769091456e-06   -1.2620597982867135e-06    3.6024857457270346e-07 
  -2.4428380446112727e-03   -9.6646281281558704e-04   -1.2285957579796393e-04    1.9198713401749355e-05   -2.9485673490397623e-06 
   2.2157426970375266e-05   -5.6595933870217928e-05    4.4052925291062682e-06   -1.4783909296026342e-06    4.2199919985849203e-07 
  -2.1762154845091281e-03   -1.0474711996411939e-03   -1.5166980492976049e-04    2.5175368834629710e-05   -4.1688808819773214e-06 
  -2.1762154845091281e-03   -1.0474711996411939e-03   -1.5166980492976049e-04    2.5175368834629710e-05   -4.1688808819773214e-06 
  -4.9179066553556939e-03   -1.9456770414167581e-03   -2.4734014881741046e-04    3.8650732749560685e-05   -5.9360378071705704e-06 
   4.4607196864131986e-05   -1.1393858895410584e-04    8.8687080567913540e-06   -2.9762876044724649e-06    8.4956621586802945e-07 
   2.7835173474924208e-03    6.9425695434132252e-04    9.8428767090963571e-05   -1.6050177272052727e-05    2.6112257680563899e-06 
   2.7835173474924208e-03    6.9425695434132252e-04    9.8428767090963571e-05   -1.6050177272052727e-05    2.6112257680563899e-06 
  -8.4902237521993391e-03   -1.9675838548824302e-03   -2.6348728755598886e-04    4.1839348750353036e-05   -6.5750449136499313e-06 
   4.1832118431939435e-05   -1.8166113504501801e-04    8.0260561354472858e-06   -3.5206971423903365e-06    1.1259880559856415e-06 
   2.9093025717896079e-06   -2.7860815235380699e-06   -7.0099739159557042e-05    1.7276709538614639e-05   -3.8850484521105125e-06 
  -4.1734685149863266e-03   -9.6718879367814915e-04   -1.2952024950216526e-04    2.0566619890541512e-05   -3.2320400183364578e-06 
   2.0563065743191194e-05   -8.9297649818789065e-05    3.9453015089413900e-06   -1.7306397455970628e-06    5.5349256239441485e-07 
   1.4301016131391587e-06   -1.3695308696262816e-06   -3.4458344424124252e-05    8.4925680884787185e-06   -1.9097408816675086e-06 
  -3.7581956808706829e-03   -8.7095056160970102e-04   -1.1663259001869466e-04    1.8520178543384896e-05   -2.9104421882413733e-06 
   1.8516978044525688e-05   -8.0412261565120558e-05    3.5527319871693574e-06   -1.5584358175198377e-06    4.9841836590243259e-07 
   1.2878021450039360e-06   -1.2332583750342309e-06   -3.1029634156739867e-05    7.6475316861772171e-06   -1.7197158448165543e-06 
  -1.4597070959569398e-02   -5.7750558984351677e-03   -7.3414197471730297e-04    1.1472106490070917e-04   -1.7619034105820895e-05 
   1.3240072729402423e-04   -3.3818650587543576e-04    2.6323631149791530e-05   -8.8340597744487223e-06    2.5216376004968214e-06 
  -9.8343187693496420e-04   -3.8907627957232110e-04   -4.9460513149021231e-05    7.7289719623730856e-06   -1.1870271665090082e-06 
   8.9200837696111066e-06   -2.2784255221361752e-05    1.7734720932086798e-06   -5.9516707214788064e-07    1.6988742503718856e-07 
  -5.5925054068529049e-03   -2.2125693179359026e-03   -2.8126827459947482e-04    4.3952528388343539e-05   -6.7502955745880524e-06 
   5.0726052186357959e-05   -1.2956776519560455e-04    1.0085245864801455e-05   -3.3845507218472562e-06    9.6610285405628124e-07 
  -6.3536388739320970e-04   -2.5136974230692468e-04   -3.1954855891765352e-05    4.9934416269600343e-06   -7.6690029339407543e-07 
   5.7629808761100273e-06   -1.4720178701061954e-05    1.1457836071333251e-06   -3.8451841299559566e-07    1.0975883263746278e-07 
   1.2523706846244991e-03   -6.7751379845596496e-03   -2.6659651099776764e-03    6.0764900906000972e-04   -1.3310388170292199e-04 
   1.2523706846244991e-03   -6.7751379845596496e-03   -2.6659651099776764e-03    6.0764900906000972e-04   -1.3310388170292199e-04 
  -4.3791601022995412e-03    6.8594730499475711e-04   -2.6928126982129321e-03    1.6096107191999722e-03   -5.2304171093839422e-04 
  -4.3791601022995412e-03    6.8594730499475711e-04   -2.6928126982129321e-03    1.6096107191999722e-03   -5.2304171093839422e-04 
  -3.4189507327288971e-03   -1.3526433933351042e-03   -1.7195197922507087e-04    2.6870162513294334e-05   -4.1267600693946876e-06 
   3.1011123043077712e-05   -7.9210617339901931e-05    6.1655655615391956e-06   -2.0691284725873049e-06    5.9062223824043591e-07 
  -5.4880798653621982e-07    2.7229252195186903e-03    1.8008944119523829e-03   -4.1268786410725300e-04    9.1678814465591526e-05 
  -5.4880798653621982e-07    2.7229252195186903e-03    1.8008944119523829e-03   -4.1268786410725300e-04    9.1678814465591526e-05 
   2.3254517230450024e-03    3.6324564545292835e-04    1.2699203101796605e-03   -1.3257739609139263e-03    4.4691906944006421e-04 
   2.3254517230450024e-03    3.6324564545292835e-04    1.2699203101796605e-03   -1.3257739609139263e-03    4.4691906944006421e-04 
  -4.9848741572728252e-03   -1.1552296142878365e-03   -1.5470157310842618e-04    2.4565181605341411e-05   -3.8604131563047821e-06 
   2.4560936460753850e-05   -1.0665889662003077e-04    4.7123469277294523e-06   -2.0671106808156375e-06    6.6110257226456515e-07 
   1.7081419323070963e-06   -1.6357950263846178e-06   -4.1157734868591881e-05    1.0143692959733790e-05   -2.2810326551949495e-06 
  -4.7256016577803097e-04   -1.0951439912341052e-04   -1.4665525894486273e-05    2.3287501199706278e-06   -3.6596259475346986e-07 
   2.3283476852918866e-06   -1.0111137067507930e-05    4.4672490721204520e-07   -1.9595964415322222e-07    6.2671740808105460e-08 
   1.6192983197494770e-07   -1.5507143098474936e-07   -3.9017045162862566e-06    9.6161007789125914e-07   -2.1623919394461699e-07 
2    103 5 
   2.7995549302271410e-04   -1.8288717536080870e-01    2.8859097503487611e-04   -6.5256140067511126e-02    4.8896958394568230e-05 
  -1.2610412259788647e-04    7.6179399013763208e-02    5.8011752900149422e-05   -4.2823821844744682e-02    5.1557730748991528e-06 
  -6.0046937132048777e-04    2.3208621709785493e-02   -9.9698273249294411e-04    3.1657412692130828e-02   -2.3142531277375668e-04 
   1.0162544174743682e-04   -1.5367468663090805e-02    1.1185067372360613e-04    9.2668458756463238e-03    2.8267076627899029e-05 
  -3.9119827155977504e-06    5.6022644941925846e-02    2.5341660977839126e-04   -7.4079801296863979e-02    4.4375176109492279e-05 
   2.5493624892156981e-04   -3.5652697038370089e-02    3.4472897189850762e-04   -1.7455683610968981e-03    7.8357544316450564e-05 
   1.9113357447524916e-03   -1.2058420840263590e-05   -5.5222649700452254e-03    5.1940346232243357e-05   -1.0813856439637485e-03 
   1.2986185631028008e-02    7.3396746511253429e-06    2.6021970028291562e-02    3.9272681109493534e-04    5.9618582666986671e-03 
  -1.0942491561619694e-02    1.1952787003831025e-06   -1.7607525854639167e-02   -2.9292944858440068e-04   -4.1715226668071646e-03 
  -1.5818315011743840e-03    2.7831731674469467e-05   -8.6354004109040726e-03   -3.2342453107891083e-04   -1.8500982555525584e-03 
  -2.0415061501266735e-03   -5.5822203686503884e-05    3.7500578213084943e-04    1.3357631055830704e-04    5.4732931663840358e-05 
  -6.6318521737996987e-05    5.3887055473230062e-02   -6.2151504948674313e-05    3.7646732083044261e-02   -6.9629687177170879e-06 
   6.5154555225262580e-04    3.6489558191048227e-04    5.8380487249893676e-04    9.1857178169874227e-04    6.2433089303581650e-05 
  -1.1537955292883874e-04    2.6569675444380392e-04   -6.7649548442104044e-05    6.7186800215185839e-04    2.1684162255688297e-05 
   1.5257059050457432e-03   -3.1318791082966848e-06    1.8637717291043849e-03   -2.9354437220218676e-07    3.7155198185123693e-05 
   2.7976255859618425e-08    3.0860965537502747e-05    2.0935667149806698e-05    2.5700211681748247e-06    2.3267789270681963e-05 
  -2.6792413379354997e-08   -5.0480837726405983e-06    1.5280462643783902e-05    9.9782941241307274e-07    1.7048286166770717e-05 
  -8.9834321484468645e-06    9.6042491575367914e-03   -6.6291093937244792e-07    8.5521272761155401e-05   -1.2196170329873023e-08 
  -8.9834321484468645e-06    9.6042491575367914e-03   -6.6291093937244792e-07    8.5521272761155401e-05   -1.2196170329873023e-08 
  -5.7516581756206110e-07    2.1985429476150284e-04    9.7165733947155636e-11    1.8905414216873416e-06    1.6952472057532724e-11 
  -1.4540093497041240e-05   -3.8040572749601115e-08   -1.3972986373812628e-06    2.9340808369798646e-10   -2.3598645544587467e-08 
   9.5538210594543410e-06   -3.9032914413108287e-03    7.5439747953850354e-08   -3.3805913996579850e-05    1.0486747277259329e-09 
   9.5538210594543410e-06   -3.9032914413108287e-03    7.5439747953850354e-08   -3.3805913996579850e-05    1.0486747277259329e-09 
   3.2890230246294402e-06   -3.8503729472494238e-03   -3.2279844938234659e-07   -3.3237500620773067e-05   -5.7267590649495152e-09 
   3.2890230246294402e-06   -3.8503729472494238e-03   -3.2279844938234659e-07   -3.3237500620773067e-05   -5.7267590649495152e-09 
  -8.7999455586941120e-05    5.3133472974826623e-02   -7.2735102621218585e-05    3.7103068535959433e-02   -9.5959865357724933e-07 
  -2.3143220656905144e-03   -8.8624478863090742e-06   -2.1981331330301742e-03   -6.1454498790538593e-06   -3.3560326419164357e-04 
  -4.7307210807578528e-06    2.6072302177379890e-03   -3.4041612087080316e-07    2.3103833445581439e-05   -6.0612735470051330e-09 
   4.9274686097871682e-05   -1.4097789611596876e-07    2.8653235468048481e-06    2.6040800970756549e-05    4.9335084602334398e-08 
  -1.0157943061294629e-05   -1.8734827425501489e-07    1.2654728423823398e-06    1.9080669632674171e-05    2.2992834888500001e-08 
  -8.9371917191757628e-07    4.9255316291485843e-04   -6.4310790777652378e-08    4.3647339470283929e-06   -1.1450847096501264e-09 
   9.3088835516030105e-06   -2.6633286220979573e-08    5.4131168247106354e-07    4.9195804788234609e-06    9.3202939265695321e-09 
  -1.9190200196017030e-06   -3.5393493226312936e-08    2.3907081425247461e-07    3.6046851997062961e-06    4.3437643026918525e-09 
  -2.3562847291659284e-04    1.9145970474571111e-01   -2.2082313985194845e-04    1.3375813812727699e-01   -2.4739298206969312e-05 
   2.3149292156933597e-03    1.2964672083502823e-03    2.0742478418269011e-03    3.2636684370173311e-03    2.2182360382197097e-04 
  -4.0994140324519525e-04    9.4401562139493126e-04   -2.4035758601321757e-04    2.3871345017912331e-03    7.7043424745941490e-05 
  -4.9555531666884161e-06    1.8933094748049045e-03    6.0388901731993817e-10    1.6280691777300357e-05    1.4205598549060664e-10 
  -4.9555531666884161e-06    1.8933094748049045e-03    6.0388901731993817e-10    1.6280691777300357e-05    1.4205598549060664e-10 
  -5.3956701985143239e-06    2.0614597737423383e-03    6.5752215027504808e-10    1.7726627175444059e-05    1.5467238906538865e-10 
  -5.3956701985143239e-06    2.0614597737423383e-03    6.5752215027504808e-10    1.7726627175444059e-05    1.5467238906538865e-10 
  -5.3357197215225976e-06    2.0395525265960645e-03    9.0139070690186624e-10    1.7538245215631360e-05    1.5726532544882688e-10 
  -1.3488608198899832e-04   -3.5289620495599191e-07   -1.2962512146381836e-05    2.7218990608261853e-09   -2.1892079568843686e-07 
   1.0153747444497882e-05   -5.4132306089007837e-03    7.2695487790749351e-07   -4.7782124388647438e-05    1.2932506877241393e-08 
   1.0153747444497882e-05   -5.4132306089007837e-03    7.2695487790749351e-07   -4.7782124388647438e-05    1.2932506877241393e-08 
  -8.8208495129963661e-06    2.6308046865521286e-03   -5.9225795305826705e-07    2.0997013066520650e-05   -1.0407986977379446e-08 
  -8.8208495129963661e-06    2.6308046865521286e-03   -5.9225795305826705e-07    2.0997013066520650e-05   -1.0407986977379446e-08 
  -7.3805364533927191e-06    2.8211736291980428e-03    1.2468321647787436e-09    2.4259456061828204e-05    2.1753437734891350e-10 
  -1.8657869924453918e-04   -4.8813720376571990e-07   -1.7930157207848359e-05    3.7650169591648756e-09   -3.0281817586235165e-07 
  -1.5614631208740095e-05    8.6056517878115996e-03   -1.1236071825346243e-06    7.6258530698055109e-05   -2.0006368897279238e-08 
   1.6264033288165058e-04   -4.6532395777649151e-07    9.4575371731510816e-06    8.5952542244030418e-05    1.6283968946104835e-07 
  -3.3528194123862101e-05   -6.1837807812954276e-07    4.1769301975653199e-06    6.2979324809883845e-05    7.5892159165271517e-08 
  -4.4526624588436674e-06    2.4539844801471549e-03   -3.2040740849253199e-07    2.1745854401975662e-05   -5.7050087533819262e-09 
   4.6378457155658641e-05   -1.3269160765271243e-07    2.6969078014751353e-06    2.4510195148121543e-05    4.6435305604087645e-08 
  -9.5608874325882622e-06   -1.7633646399013984e-07    1.1910918698803022e-06    1.7959160963553632e-05    2.1641380031226426e-08 
  -7.6431796002544119e-06    4.2123660374814385e-03   -5.4999259229644739e-07    3.7327660089115797e-05   -9.7928839039924482e-09 
   7.9610543332193112e-05   -2.2777064242133286e-07    4.6293539837184963e-06    4.2072765516348465e-05    7.9708126049354990e-08 
  -1.6411659419623895e-05   -3.0268884668622339e-07    2.0445585458238837e-06    3.0827643905881314e-05    3.7148325502979808e-08 
  -6.5628300075614695e-06    3.6169557277832111e-03   -4.7225213555618918e-07    3.2051462945702534e-05   -8.4086775016444839e-09 
   6.8357737227762991e-05   -1.9557567466745385e-07    3.9750031830942047e-06    3.6125856315426408e-05    6.8441526804601930e-08 
  -1.4091901086479952e-05   -2.5990432645602064e-07    1.7555638986034804e-06    2.6470212276734018e-05    3.1897476978494893e-08 
   5.4951235924026423e-06   -2.2450775196322863e-03    4.3391093072219301e-08   -1.9444332734441086e-05    6.0317198754529714e-10 
   5.4951235924026423e-06   -2.2450775196322863e-03    4.3391093072219301e-08   -1.9444332734441086e-05    6.0317198754529714e-10 
   2.2464981349203019e-06   -2.6299164158992039e-03   -2.2048070477533625e-07   -2.2702177088709067e-05   -3.9115425651349703e-09 
   2.2464981349203019e-06   -2.6299164158992039e-03   -2.2048070477533625e-07   -2.2702177088709067e-05   -3.9115425651349703e-09 
  -6.3309275424450514e-06    2.4199658038270766e-03    1.0695163072022449e-09    2.0809443800790815e-05    1.8659814089174999e-10 
  -1.6004476549097429e-04   -4.1871770261251362e-07   -1.5380254108135451e-05    3.2295822553105283e-09   -2.5975346670615803e-07 
  -4.9522819013966929e-06    5.2945186754259606e-03   -3.6544182591278703e-07    4.7145171720666105e-05   -6.7233628075460882e-09 
  -4.9522819013966929e-06    5.2945186754259606e-03   -3.6544182591278703e-07    4.7145171720666105e-05   -6.7233628075460882e-09 
  -7.5093059840021980e-06    2.8703951466708924e-03    1.2685858670497425e-09    2.4682715101282837e-05    2.2132973827417094e-10 
  -1.8983397095482282e-04   -4.9665382027440758e-07   -1.8242987845836394e-05    3.8307058788836484e-09   -3.0810149837041793e-07 
  -1.5820226809869525e-05    8.7189611659693970e-03   -1.1384015565443831e-06    7.7262615793022822e-05   -2.0269789876287114e-08 
   1.6478179472981621e-04   -4.7145081133710803e-07    9.5820632035340176e-06    8.7084266993403482e-05    1.6498377620859409e-07 
  -3.3969655028927935e-05   -6.2652017325806179e-07    4.2319272361353654e-06    6.3808564512693219e-05    7.6891420299012595e-08 
  -7.7766170148142006e-06    4.2859070587080335e-03   -5.5959456338458354e-07    3.7979339980779264e-05   -9.9638516396177408e-09 
   8.1000413206975896e-05   -2.3174714529407882e-07    4.7101749324567536e-06    4.2807287187629735e-05    8.1099699558772162e-08 
  -1.6698180150016983e-05   -3.0797329886847349e-07    2.0802531939336545e-06    3.1365844146476693e-05    3.7796874506090781e-08 
  -7.0028199258994400e-06    3.8594462468833257e-03   -5.0391319920082048e-07    3.4200279926767704e-05   -8.9724180408655480e-09 
   7.2940625278490880e-05   -2.0868759818622260e-07    4.2414981744177189e-06    3.8547831675415929e-05    7.3030032335750384e-08 
  -1.5036660344471293e-05   -2.7732901721310459e-07    1.8732616624482953e-06    2.8244847079800698e-05    3.4035970322796836e-08 
   1.6361730368322680e-05   -1.2883246180903082e-02    1.5314813905884512e-05   -8.9999825171737033e-03    1.7150215194774135e-06 
   1.6361730368322680e-05   -1.2883246180903082e-02    1.5314813905884512e-05   -8.9999825171737033e-03    1.7150215194774135e-06 
  -4.7085804046934006e-04    1.0800648830196548e-06   -8.4367524933857919e-04    7.4279976368421415e-07   -4.3304655539985509e-04 
  -4.7085804046934006e-04    1.0800648830196548e-06   -8.4367524933857919e-04    7.4279976368421415e-07   -4.3304655539985509e-04 
  -1.0957005509393992e-05    4.9383035952482428e-03   -1.0091429964362705e-05    3.4446492730869473e-03   -1.1271926319193575e-06 
  -1.0957005509393992e-05    4.9383035952482428e-03   -1.0091429964362705e-05    3.4446492730869473e-03   -1.1271926319193575e-06 
  -4.3328967010617081e-04    1.0527168580750336e-06   -5.2921661575827574e-04    9.4749054814203281e-08   -1.0461255834540802e-05 
  -4.3328967010617081e-04    1.0527168580750336e-06   -5.2921661575827574e-04    9.4749054814203281e-08   -1.0461255834540802e-05 
  -1.9394677575972842e-05    7.4135197718563162e-03    3.2764431122238990e-09    6.3749340099980732e-05    5.7163989867332397e-10 
  -4.9029413203816844e-04   -1.2827338147650690e-06   -4.7117119484298360e-05    9.8937645592829113e-09   -7.9574986480756375e-07 
  -1.4271790458791546e-05    5.4553214577342246e-03    2.4110073170662025e-09    4.6910665064125228e-05    4.2064761426389876e-10 
  -3.6078842188604028e-04   -9.4391402729029972e-07   -3.4671659462635874e-05    7.2804373305814588e-09   -5.8556143991868308e-07 
  -5.0008318620062183e-06    3.0179322765430429e-03   -4.1337029694224932e-06    2.1074200843041835e-03   -5.4873214092668031e-08 
  -5.0008318620062183e-06    3.0179322765430429e-03   -4.1337029694224932e-06    2.1074200843041835e-03   -5.4873214092668031e-08 
  -8.6114868964145129e-06    3.2916983601078641e-03    1.4547829845193193e-09    2.8305528915116261e-05    2.5381548507882975e-10 
  -2.1769691591399552e-04   -5.6955035185126601e-07   -2.0920608525015906e-05    4.3929590231510427e-09   -3.5332319945876840e-07 
  -7.8957337528874001e-06    3.0181052539311349e-03    1.3338671070588309e-09    2.5952883948701987e-05    2.3271933368171485e-10 
  -1.9960279886128583e-04   -5.2221155198567607e-07   -1.9181769286635961e-05    4.0278334335719296e-09   -3.2395635564472676e-07 
  -9.2885466965796569e-06    5.1191729997984324e-03   -6.6839092413167978e-07    4.5363282291608572e-05   -1.1901023421376803e-08 
   9.6748511477676133e-05   -2.7680341937406204e-07    5.6259270227452210e-06    5.1129878871332682e-05    9.6867101079457447e-08 
  -1.9944639909084930e-05   -3.6784945978310403e-07    2.4846959668648906e-06    3.7463990765803353e-05    4.5145341883982865e-08 
  -8.8054322502176469e-07    4.8529153697926894e-04   -6.3362667932423589e-08    4.3003854307299241e-06   -1.1282029241859254e-09 
   9.1716442943628981e-06   -2.6240636297004416e-08    5.3333121813010288e-07    4.8470519562456467e-06    9.1828864481483790e-09 
  -1.8907282399635650e-06   -3.4871693088349495e-08    2.3554623466203075e-07    3.5515419503950588e-06    4.2797249382264026e-09 
 TENSORSUMACCUMULATOR_IMPL_H - PrettifyOut: Norm of simple tensor is 9.10089e-05 
 As simple full tensor 3    5 5 5 
   4.8066381837250333e-08    5.5343403802095246e-09    8.7100476329927762e-08    1.1055636682811949e-08    2.0564709487028184e-08 
   1.1793816888186330e-08    6.3587523159438378e-08    2.4200756008550067e-08    3.1853811304677039e-09    5.2402350218849182e-09 
   2.5356834507433073e-09    2.2789452624909821e-08    4.0682263802054064e-09    8.9379165997787842e-10    7.3091926236308245e-10 
  -5.9122114013768655e-10   -1.2474721477858562e-08   -5.7521513958349033e-10   -1.4965287972125001e-10   -4.0283473498042652e-11 
  -9.1631264730512102e-11    6.9809920531306360e-09    2.0093710743247414e-10    1.3940312989904216e-10    2.3081042731198474e-11 

  -6.0439227894920252e-08    4.8873086142927567e-05   -7.9885287796179709e-08    3.4450093525376521e-05   -8.9819706005812081e-09 
  -4.8544683408453968e-08    5.1494238094618056e-05   -1.9313465730195957e-08    1.0042648081558930e-05   -1.0603602775129473e-09 
  -3.8545610065186314e-08    3.9597401236270372e-05   -9.2607602392750755e-09    1.9111216846067603e-06   -4.3960374931119726e-10 
   1.1923951806724275e-08   -1.6262555537349221e-05    2.3283254581419480e-09   -4.5669252824563501e-07   -1.3521942950695860e-10 
  -8.1589950224018614e-09    4.7278112076260365e-06   -7.1949539919637980e-10    1.0374673237560325e-07   -3.4931475059939660e-11 

  -1.3145115799566195e-08   -1.2585563614097610e-08    9.0814691107231503e-09    6.6271023167855499e-10    1.5716887591139331e-09 
  -9.5431228612409595e-09    1.1565741137383878e-08    2.4588817436571901e-09    2.3022378079508155e-10    3.7514600461407664e-10 
  -1.2308486381711472e-09    3.7567372728122756e-09    2.7212265042910848e-10    4.6640439416868670e-11   -4.6955798490412673e-11 
   4.3161458366336363e-10   -2.2642433922384070e-09   -1.1083418725189782e-10   -8.0516460592921314e-11   -4.0068609910379197e-11 
  -1.3616071843325176e-10    1.5090276281307531e-09    3.6955095611466795e-10   -1.4482401586407558e-10    5.9826300467250897e-12 

   1.1473423000784419e-08   -8.9099237052033505e-06   -6.0266358237707026e-10    1.5462648808636564e-07   -1.4953371673373911e-11 
   6.3381975186461841e-09   -4.0612770181374335e-06   -1.6111957724193101e-10    2.4739519391579160e-08   -4.2955769631643672e-11 
   1.0232519214831719e-09   -3.5949301283982180e-07    1.2872779349218486e-10    6.8536950243454723e-09    7.9802181439180066e-11 
   7.7764656871092175e-10   -5.6564516926058660e-09    3.9278196670918286e-10   -2.0964443230038097e-09    7.5908679143093799e-11 
   8.1075016950638685e-10    1.4881105347440656e-08   -1.2284720351203996e-10    5.5496220764247894e-10   -5.4736175104411447e-12 

  -5.5300299648705718e-09   -3.7732707820367891e-09   -1.7027212476880480e-10   -3.3741510483177323e-12   -2.1335005746512753e-10 
  -3.2689621531362248e-09   -1.1943535642383510e-10   -2.8867785727557814e-11   -1.0880938753704958e-10   -5.7272000124825455e-11 
  -4.7179475117921715e-10   -1.5582699557271563e-10   -1.9046681580189850e-11    6.5867076233726764e-11   -3.1725491910216497e-11 
   1.6031892629791505e-10   -6.9520107844963018e-11   -1.4112551530053913e-11   -5.8625429552604509e-11   -9.7185693235896929e-12 
  -3.7164498021375933e-11    1.5584450983089870e-10    1.1940896807850392e-10   -3.5220483278706271e-11    4.8653081401064353e-12 
