2    4 5 
  -7.6153053597085366e-02    1.9282033155247037e-07   -1.4957335684205912e-04    1.0025873272240626e-09   -5.0884627444559104e-07 
  -3.4120638047232246e-03    8.6393813908743429e-09   -6.7016857883591659e-06    4.4921270634725444e-11   -2.2799032647989739e-08 
  -1.1258788925760710e-02    2.8507371812435772e-08   -2.2113556503093173e-05    1.4822674290358766e-10   -7.5229981320957595e-08 
   3.1754073079115286e-06    4.2626146056922831e-02   -2.4949364045662288e-07    2.3262034492895769e-04   -2.5182697837778973e-09 
2    4 5 
   6.4014181916224155e-02   -3.3104434240393377e-03    3.0795621403635707e-04   -2.9342701199665851e-05    3.2308488149554831e-06 
   2.8681774766504717e-03   -1.4832555821741805e-04    1.3798084275287272e-05   -1.3147098371905666e-06    1.4475929433333255e-07 
   2.8751862867197154e-02    1.0379321391120004e-01   -1.3015979270927661e-02    1.8704568173812477e-03   -2.5856756855907311e-04 
   2.7058554019861267e-03   -1.3993119889634998e-04    1.3017193384053538e-05   -1.2403049476425120e-06    1.3656676469581017e-07 
2    4 5 
   4.9654257103117494e-02    2.1568556693312361e-07    2.7759802487466504e-04    2.8691835698563450e-09    2.4648768783493982e-06 
  -2.3181307070442253e-06    1.9119920150313760e-02    1.7314930231941601e-07    2.8819819054640063e-04    4.5272250193043535e-09 
   7.3410949867787172e-03    3.1887864737258725e-08    4.1041263884282971e-05    4.2419221129577345e-10    3.6441780323285656e-07 
   2.0988667790820606e-03    9.1169478222843315e-09    1.1733964142052372e-05    1.2127931076188566e-10    1.0418941892034139e-07 
 TENSORSUMACCUMULATOR_IMPL_H - PrettifyOut: Norm of simple tensor is 0.000244471 
 As simple full tensor 3    5 5 5 
  -2.4443467138900496e-04   -1.8817703627280480e-07   -1.3665428985230250e-06   -2.8345483114903441e-09   -1.2133977241581106e-08 
   3.9391547558496924e-06    9.6936309419174127e-09    2.2022406951314192e-08    1.4608364599639261e-10    1.9554512955396827e-10 
  -8.8687190042172294e-08   -9.0055000388234404e-10   -4.9582503685700160e-10   -1.3573479290701597e-11   -4.4027213231684650e-12 
  -4.3642474475275018e-08    8.5579977946344985e-11   -2.4398760483664210e-10    1.2902989236312926e-12   -2.1664263748085485e-12 
   9.1542031760155299e-09   -9.4040993927301042e-12    5.1177568747917035e-11   -1.4182018164416186e-13    4.5441964515009749e-13 

   2.4270259919305366e-07    1.5280167044114650e-12    1.3568577263579114e-09    2.1165484551050946e-14    1.2047950481582555e-11 
  -1.2529142845712009e-08   -7.8924486784860819e-14   -7.0045662186853311e-11   -1.0932833931490642e-15   -6.2195663782024884e-13 
   1.1648286151916972e-09    7.3389483113467798e-15    6.5121128149152977e-12    1.0166278124058469e-16    5.7823020941418399e-14 
  -1.1085536577668064e-10   -6.9869714530511573e-16   -6.1975009770906646e-13   -9.6790172282011912e-18   -5.5029487198781552e-15 
   1.2194985830682266e-11    7.6883902266318092e-17    6.8177517679880760e-14    1.0650952433706880e-18    6.0536881725379368e-16 

  -4.8009926329081218e-07   -3.6960135079092520e-10   -2.6840555601436730e-09   -5.5673790143027928e-12   -2.3832599120660708e-11 
   7.7370281527774574e-09    1.9039406515286986e-11    4.3254960296783809e-11    2.8692508848710840e-13    3.8407685559303666e-13 
  -1.7419882947503620e-10   -1.7687838245945592e-12   -9.7389646624969787e-13   -2.6659875033022624e-14   -8.6477979413822896e-15 
  -8.5718174159989870e-11    1.6808892349668807e-13   -4.7921599898188381e-13    2.5342955423399817e-15   -4.2550775481802195e-15 
   1.7979834707189660e-11   -1.8470733241197314e-14    1.0051822196906461e-13   -2.7855115398593982e-16    8.9252881438520869e-16 

   1.3243225309835971e-09    8.2159751282318179e-15    7.4037825060044500e-12    1.1365572123044706e-16    6.5740426022667752e-14 
  -6.8371745244882243e-11   -4.2438511674249520e-16   -3.8224036781721790e-13   -5.8709972031508119e-18   -3.3940279314299911e-15 
   6.3566705717334655e-12    3.9462825303994928e-17    3.5537722325710153e-14    5.4594214240186439e-19    3.1555019393176088e-16 
  -6.0499081724090934e-13   -3.7571200822204000e-18   -3.3822730673500918e-15   -5.1978860629277619e-20   -3.0032226391939174e-17 
   6.6556717247194576e-14    4.1343806064565587e-19    3.7209323808200896e-16    5.7199493465519073e-21    3.3039284949870241e-18 

  -1.6332998390905658e-09   -1.2573781889430782e-12   -9.1311690095292333e-12   -1.8940138883107200e-14   -8.1078608705259350e-14 
   2.6321741877304287e-11    6.4771772166336744e-14    1.4715545520479482e-13    9.7611479505410829e-16    1.3066479340746330e-15 
  -5.9266736895628194e-13   -6.0173757417911165e-15   -3.3134359010475738e-15   -9.0696490126165375e-17   -2.9421940715959719e-17 
  -2.9160757259904220e-13    5.7183596815888776e-16   -1.6302612086181444e-15    8.6216349612853232e-18   -1.4475493056487891e-17 
   6.1166644399154206e-14   -6.2837154326193098e-17    3.4195877986976465e-16   -9.4762679715644756e-19    3.0363456334508639e-18 
