2    21 5 
   2.1209173824887779e-05    9.7362876567984107e-04   -2.9389163571863662e-06   -1.6644798474013179e-04    4.2167132026599573e-08 
   5.3125180473115948e-05    3.1573302757751672e-04   -2.6255811128843744e-06    9.0424216263099350e-04   -2.6638492413387641e-06 
  -2.7713651952925640e-04    1.5644331795430255e-03   -1.0713744388009224e-06    6.5564816892440712e-04   -9.7870337355361165e-06 
  -9.8219920571544078e-04    1.4801016022075531e-03   -3.3907540531227551e-05   -1.1214998670340229e-03   -7.4700151005636621e-06 
  -5.8278683665657777e-05    3.9289623625802367e-04   -1.2526174760537293e-05    8.5607295112721544e-04   -6.2071152727011321e-06 
   1.8616477431416568e-04   -1.4858952978886498e-03   -4.0624032854134489e-06    7.6836573385895724e-04    2.0084689569307168e-06 
  -1.1008470607853997e-04   -3.1305780158626058e-04   -1.3059614011746418e-04    1.6436339358948750e-04   -2.0439875802047636e-05 
  -1.0304962083229337e-03    2.2706359266024611e-04    1.2531184897361121e-04    4.1799525238582898e-04    1.2201975192569025e-05 
  -9.5505313776637392e-04   -8.6430553279054920e-04    5.3416181846931111e-04    2.5558999816611494e-04    1.1162491315993946e-04 
   6.1239697933334648e-04   -3.9364385548792480e-04    5.6292307983641591e-04    2.0739081172186960e-04    7.8907865779487824e-05 
   4.2298220608123581e-04    1.4928109630162992e-04   -1.3383886829013448e-04   -2.5500554937327735e-05   -3.3176592642007912e-05 
  -7.3285914428990401e-05   -2.7947704939529427e-05   -3.0505875736174854e-04   -1.2294826846330763e-05    9.7024206139681752e-05 
  -1.7158536954054807e-04   -3.4854314200840521e-06    3.7118514457409906e-04   -9.6013656407072472e-05    2.4467014893011070e-04 
  -7.8392530997272212e-05    5.5990032228203490e-06    2.4449965214000076e-04   -6.9050366115131780e-05    7.8652021613105191e-05 
   8.6329932347377423e-05    1.0542765481536959e-05   -2.1463483614228817e-08    2.1502195023677869e-04   -5.4537571301102159e-05 
   4.8845435604779560e-05   -7.6812918011481518e-06   -2.2187242637223544e-04    5.1136804069866919e-06   -9.6346040363769092e-06 
   6.7661989804951300e-05   -3.3894954423739386e-05    3.3797805238391362e-05   -1.0201365749475707e-05   -8.3607242534378012e-05 
  -4.8046667224280736e-05    5.8153643288862334e-05   -3.2398614284373325e-05   -4.6679363488400489e-05   -4.7423211046340522e-05 
   3.6506281970963315e-05    5.9208461847474227e-06   -1.8214683370378479e-05   -4.4101424823512693e-07    1.4434634702466278e-04 
  -2.2571941860052644e-06    1.8030283525332703e-05   -4.1286457541992564e-06    2.2136470266085572e-06    2.4432696566750690e-05 
  -8.7627915377963065e-05   -6.2839174496996892e-06   -3.5639815152775380e-06    1.9460565641655764e-05   -5.4877197601306774e-05 
2    21 5 
  -2.7509472162684213e-02    3.0899732620403648e-02    1.8955258605617871e-02   -2.7119089708735968e-02    2.8349024341481992e-02 
  -8.6910140602842675e-03    4.4840025403813768e-03   -1.3766586081189292e-02    1.2471990033751618e-02   -1.3458692549327432e-02 
   2.5476171811616977e-02    2.4562352084178613e-03    6.0208623774873401e-03   -5.6540721102246623e-03    5.8397738301871477e-03 
   1.1372061780265097e-02   -6.4433150759935776e-03    2.6962965759333006e-03   -2.2092253423620844e-03    2.5004465332871461e-03 
  -1.3034216304948235e-02   -5.0523657111950946e-03   -8.7502638618473377e-03    7.8036826592634756e-03   -7.8147637545634245e-03 
   2.2608754313377694e-02    2.3464333701926350e-04    4.7477674220284052e-03   -4.8563858547533457e-03    5.1493394173891174e-03 
  -1.5318036716867171e-03    4.5462384658160270e-05   -5.0191649214756402e-03   -1.1283839555116654e-03    1.1482224718378444e-03 
   4.4192430670438542e-04    9.5641474894920240e-04   -3.9450697806357893e-03   -1.7358489645838363e-03    2.6048170964319997e-03 
  -1.3898796324221009e-05   -5.0314332993678639e-03   -4.0444729603122918e-03   -2.5550724175715665e-03    3.6786778910832566e-03 
  -1.6929636059584256e-03   -5.5334355495246157e-04    1.9238972986626551e-03    8.1200557921141036e-04   -1.0943739642787862e-03 
  -6.4921424264174710e-03   -1.4104224298339997e-02   -1.2727213067184339e-02   -4.6074808436046815e-03    6.8970395133467997e-03 
  -1.7156221310129934e-03    3.6625697086392715e-03   -2.1206860693266279e-03    3.8273523186556514e-03   -1.4827219132020441e-03 
  -1.8781344661653195e-03    2.7283459743927419e-03    3.4514618848938950e-03   -4.3972951801231393e-03    1.6761457651772187e-03 
  -3.9918734323332785e-03   -8.5175319953449471e-03   -2.1297638215750560e-03    6.9502215802611433e-03    4.2570809722300732e-03 
   9.2697711638160113e-05    5.5227030631568711e-04    2.5667842490799211e-03    2.3291673998039357e-03    2.8107374882959388e-04 
  -5.3735450350226336e-03   -4.9587033074307068e-03   -1.8959656172121790e-03    1.3896004666491451e-03    2.3552700096234871e-04 
   1.1543122387232816e-04    9.9056275209426816e-05   -1.5491195866388784e-03   -2.7204483616347294e-03   -2.1163387416318086e-03 
  -1.4194509653483978e-04    3.3156513265648701e-04    1.3136375488297238e-04   -1.4683115349144872e-03   -1.0978813920976538e-03 
   1.7571910010368216e-03   -7.7458530467315319e-04   -9.4494935500337917e-04    2.1606962452563865e-03    2.5030976715240036e-03 
  -7.9221184272421303e-05   -9.3615767160029281e-04   -4.2869138692710074e-04   -5.3925692602207302e-03   -4.5812843112250238e-03 
   7.1954604121706161e-06    4.1579152253139081e-04    9.2890947772205864e-05    1.9650778289549329e-03    2.2054603205088948e-03 
2    21 5 
  -5.4306125370443201e-03   -1.5121912739412517e-02   -3.5176382492821314e-04   -2.3400467284003860e-02    1.5724172073400245e-04 
   1.1763424161977426e-02   -1.3443801509384927e-02   -7.5402463718648224e-04   -7.8381104414669521e-03    7.0088089639026895e-04 
   5.0031433006234357e-03    7.0631383029029873e-04    2.2906112310975722e-03    1.4322608742775482e-02   -3.0674940921324482e-04 
  -1.7051024843267648e-02    9.5852260135110624e-04    4.5287721736647114e-04    1.8360027113666763e-03   -1.0065418030677444e-03 
  -1.9049772524177784e-02   -6.0927779184362938e-03    4.0850331143551114e-03    2.4906412676084181e-02   -1.0540183774263284e-03 
  -2.1225231097123522e-02   -2.1918729086750302e-04    9.0524387234266167e-04    1.8528448789810175e-02   -1.1284069371370236e-03 
  -6.1340767260491110e-03    8.2519328497493855e-03    3.3778090088127819e-04   -4.9046897910144339e-03    2.2443462071656379e-03 
  -4.9113034416314386e-03   -1.6434240250931265e-03    2.3161671543965412e-03   -2.4207643705983204e-03    1.0201892368976026e-04 
  -4.6769153739180478e-04   -3.3789345685204700e-04   -4.8770394511924980e-03   -8.0407116142502250e-04    1.9385973099541273e-03 
   8.2915254695676861e-04   -5.5992481297187100e-03   -8.3749578999361401e-03    3.3406995513879868e-03   -1.0307091281330063e-03 
   3.8348059970627071e-04   -4.7315163129063484e-04   -8.2370249746410739e-05   -1.5622585276189541e-03    3.4597731789446800e-03 
   9.4675169161467397e-05   -1.1175534303251937e-03    1.8040066239149205e-03   -1.0370261573495966e-03   -4.5158487595041663e-04 
  -9.8135406718861994e-05    1.1085346809961698e-03    1.8253137923580299e-03   -6.7785704146930642e-04   -1.5490013231083305e-04 
  -1.7258057700890992e-04   -2.2941956268760812e-04    1.4829869850102627e-03   -6.2361558691212838e-04   -3.0135319092748359e-04 
   3.2258042561634506e-04    6.8845774829276907e-05    4.0167868866961649e-03    1.6282023228325565e-03    3.1244256016778995e-03 
  -3.4105589393358627e-04   -1.0650942856227524e-03    3.9938549883914848e-03    3.1615365588666958e-04    1.4506863313018140e-03 
   1.9131285373123670e-03    7.7927308189952008e-04    5.3884533935580391e-04   -5.8617878363830716e-04   -5.0321045823369245e-04 
   1.3095636833505577e-03    3.1241432794721166e-04    1.8110167529855012e-04    1.8789794747476718e-03   -3.4501462164513959e-04 
  -1.4844502498785649e-04    8.9380826562010041e-04    9.1002092521718443e-04    2.1383763098192535e-04   -1.4151576604799904e-03 
   1.2289165951316617e-03    1.4552684406944681e-03    1.9737760120340040e-03   -2.6692360008431439e-03   -5.3582432796309577e-03 
  -9.8402684433564940e-04   -2.4659583201915692e-04   -1.1224795092557409e-03   -1.5982747909197520e-03   -1.4447434278241536e-03 
 TENSORSUMACCUMULATOR_IMPL_H - PrettifyOut: Norm of simple tensor is 1.93127e-06 
 As simple full tensor 3    5 5 5 
   4.8377104663008737e-08    3.5170406853313373e-09   -5.5901150583734263e-09   -6.9539964204451695e-09   -1.2852274952690521e-09 
  -1.1851527649208005e-07   -4.7799811311392896e-09   -2.1355891516800008e-08   -2.6232446053306170e-10   -1.7464715210895590e-08 
  -2.8750307611806810e-08   -1.1607345608602833e-08   -2.0498505968626719e-08   -6.1490496706371515e-09   -8.8638661364720239e-09 
  -1.4640060695172912e-09    2.5701552697633845e-09   -8.7769789845836973e-09    5.3866270141827833e-09   -1.8136890856467301e-09 
   9.3293073025463918e-09    6.4057872196698272e-10    1.4056250249421099e-08   -3.0857301547114172e-09    4.7525911840250331e-09 

   8.3289344557263392e-07    5.2519709295009727e-07    5.4148243442864649e-08    5.0111418458559957e-07    5.1178980062452207e-09 
   7.6676397384821814e-08   -4.7034710883997930e-07   -3.8083436633537569e-08   -7.3315591997045772e-07    1.7771807951838759e-08 
   3.4838154828430185e-08   -1.6934190374862437e-07   -1.2110972261557798e-08   -4.7980394770225762e-07    9.0580481124282096e-09 
  -1.2202834005178131e-08    3.2168491606823771e-07   -5.3800473700624198e-09    6.6200593323783648e-07   -3.1788588508728174e-09 
   5.1216313247365453e-09   -3.3576124992514126e-07    9.6884391524732707e-09   -6.9042202429549607e-07    3.3215438586034680e-09 

   3.0527327868677593e-09    1.1671524435723862e-09    1.1403264341457299e-08   -5.5412935966877429e-09    6.7208168955617887e-09 
  -3.6232722328059797e-09    4.5618920342317712e-09    1.7388273226115952e-08    4.1413117656221130e-09    3.8682717366630337e-09 
   1.3206122281161545e-09    2.6685778199490230e-11    5.1724600692344061e-09    2.7488676834106690e-09    2.2973148838578153e-09 
   5.8454410820930963e-10   -1.5380258916431806e-09   -1.8357259205741544e-09   -7.4173050078136374e-10   -8.8489946723867035e-10 
  -1.8379286815862288e-09    1.5008205570131654e-09   -5.2727012970709014e-11   -2.6811883022256252e-10    2.7487032934347210e-10 

   2.7933461024711135e-08    9.9811807959796004e-08    1.0976703897042645e-08    2.1331066740863843e-07   -4.6325095657492906e-09 
   3.7606758285211567e-08    5.7603705788705590e-08   -2.9879539585684234e-09    1.9612260832988106e-08   -2.2290836348972324e-09 
   2.1587059865755849e-08    2.5328491689417223e-07   -9.7115507529579675e-09    1.1408614901551852e-07   -5.2195455913364971e-09 
   4.7747317114078019e-09   -2.6044560898696574e-07    8.4471904725729878e-09   -1.4078761775288515e-07    4.5512948722915971e-09 
  -1.4158595609786117e-08    2.7555708929672373e-07   -5.9927506119850002e-09    1.5779625411602328e-07   -2.7927453587558367e-09 

  -2.2564240740888664e-09   -2.4627652337428764e-10   -3.1811150355962402e-10   -1.2067773383319125e-09    9.4701581517203782e-10 
  -1.3094285284004589e-09    4.6950115653013789e-10    4.0040685515671244e-09   -2.4023747739892563e-10    7.2798378229787030e-10 
  -5.2815533545375247e-10    2.6787063002173065e-10    1.2393143179505702e-09   -3.9122797512965506e-10    4.4590384421392659e-10 
   1.3825228362123380e-09   -7.0841291586212268e-10   -1.3486076894592117e-11    2.4609544572854737e-10   -3.3563157337024677e-10 
  -8.4054019626049092e-10    2.3496792277150701e-10    1.0921930227715256e-10    2.1517731498252026e-10    4.8466907234513788e-11 
