2    4 5 
  -1.2260650204110831e-03    1.4207508819170957e-06   -2.1665885565867324e-05    2.5824494710205801e-08   -1.8464594312266075e-06 
   5.8726965763994480e-06   -1.7742396838226168e-04   -3.4289274424766526e-04   -5.5981115464081206e-05   -1.3403398876170088e-05 
   1.3652980730144984e-06   -5.8208912832396554e-05   -8.0839521025424698e-05   -2.4865061378188075e-05   -3.1549428956601046e-06 
   9.7636392360121507e-07   -7.2602911431522655e-05   -5.9845970126292816e-05   -2.6648847310388302e-05   -2.3327854002715913e-06 
2    4 5 
  -7.8377698560997897e-03    2.8386102932467756e-04   -5.7753197189204846e-05    7.0384009559122058e-06   -1.4903081706656429e-06 
   5.6112451182063072e-05   -2.0330550936335007e-06    4.1335280706719539e-07   -5.0404076547134636e-08    1.0676062536406125e-08 
  -5.3941230421838491e-03    1.9548631816173232e-04   -3.9729225953190408e-05    4.8462088920660541e-06   -1.0266742124132103e-06 
  -4.9823660338668202e-03    1.8057321442072942e-04   -3.6695383628948839e-05    4.4764443330575997e-06   -9.4837368314501313e-07 
2    4 5 
  -6.0071120336471625e-03    1.6881320291171083e-06   -1.9491840033021663e-04    4.2304167777649601e-09   -1.8095695828902769e-05 
  -1.3724312442593796e-03    1.6570040981295688e-02    4.2192471955945866e-02   -3.0015576762295850e-02    2.3623603311158418e-03 
   3.5910683569966520e-05   -2.6530756054420047e-03   -1.1519891363813027e-03   -3.1447036551204648e-03   -6.1578367186271418e-05 
  -6.7877414534684140e-05    4.9515939070514832e-03    2.1672913387188338e-03    2.6624442263839276e-03    1.1853945151745686e-04 


 TENSORSUMACCUMULATOR_IMPL_H - PrettifyOut2: Norm of simple tensor is 5.78158e-08 
 As simple full tensor 3    5 5 5 
  -5.7726423189918342e-08    1.7133915512228006e-11   -1.8612462165526415e-09    3.5728481025146967e-13   -1.7323735460234811e-10 
   2.0906816916135175e-09   -6.2046891527995488e-13    6.7408740485777039e-11   -1.3010448919356303e-14    6.2741412280349685e-12 
  -4.2536149410914727e-10    1.2626174222759007e-13   -1.3714752411247789e-11    2.6224465141438884e-15   -1.2765135603143693e-12 
   5.1838944015544491e-11   -1.5385159021129215e-14    1.6714165748157996e-12   -3.2207191337861688e-16    1.5556886197264104e-13 
  -1.0976357051335523e-11    3.2573682548653839e-15   -3.5390447522743644e-13    6.8506296541158777e-17   -3.2940055321093613e-14 

   6.7277677562553743e-11    7.9314750652184322e-10    4.3902544617828586e-12    2.7453014698028290e-10    2.2760453093294784e-13 
  -2.4364433237601673e-12   -2.8748920178592134e-11   -1.6420698784752899e-13   -9.9482898537578025e-12   -8.5303969996630370e-15 
   4.9576174051365353e-13    5.8411421098639296e-12    3.1647967600928605e-14    2.0221385621498268e-12    1.6383739571715762e-15 
  -6.0413288968158834e-14   -7.1266851552151850e-13   -4.0348556419861114e-15   -2.4663059326836689e-13   -2.0948779428926293e-16 
   1.2791244456333818e-14    1.5099808012006597e-13    8.7565164187577125e-16    5.2244461391959297e-14    4.5533318731156644e-17 

  -9.9825488742529116e-10    1.0134047726799620e-12   -7.0100937087678232e-10    1.1584532723926221e-13   -4.0032302471403155e-11 
   3.6153619533577760e-11   -4.2261839443423402e-14    2.5395879323405509e-11   -5.7869736919531947e-16    1.4502568237539747e-12 
  -7.3557511683033040e-12    6.7366428228253590e-15   -5.1643835267156835e-12    1.3812321778937337e-15   -2.9492311314366804e-13 
   8.9643929171332509e-13   -1.0094312912272468e-15    6.2964240751637717e-13   -4.1381541155617735e-17    3.5956477860669502e-14 
  -1.8981063316178157e-13    2.3591697137561155e-16   -1.3335233343957714e-13   -7.2692350668148990e-18   -7.6151696898974294e-15 

   1.3311614795655840e-12    2.4954939754832579e-10    7.5271482339365068e-13    2.6006248924290636e-11    6.2710803714472615e-14 
  -4.8158807168606220e-14   -9.0454983573291543e-12   -2.8978441825793571e-14   -9.4230584535771728e-13   -2.3671142642677682e-15 
   9.8157333339263178e-15    1.8377872522188474e-12    5.3156955837264953e-15    1.9157842245408446e-13    4.4919216848683789e-16 
  -1.1944738107952159e-15   -2.2423133262168392e-13   -7.0645317915571894e-16   -2.3361937849667654e-14   -5.8018419912537801e-17 
   2.5270579384234217e-16    4.7510120431886409e-14    1.5658967386378994e-16    4.9481806118508994e-15    1.2676372162765023e-17 

  -8.6081260039294134e-11   -3.6955862069928191e-14   -2.8968489106606043e-11    2.6964848480504446e-15   -1.7087992684141072e-12 
   3.1176011272783759e-12    1.1235378208660270e-15    1.0494430923280979e-12    4.3926762962720659e-17    6.1903558001106358e-14 
  -6.3429761275877139e-13   -3.0054203039219756e-16   -2.1341503701865853e-13    4.0519331644855686e-17   -1.2589143814613230e-14 
   7.7301723317519274e-14    2.9344497875555554e-17    2.6019054490562490e-14    3.1112507302011462e-20    1.5347963247765049e-15 
  -1.6367794053797341e-14   -5.3564834438176363e-18   -5.5105234700371203e-15   -6.3402757248432357e-19   -3.2504618192242486e-16 
