2    27 5 
   3.5515415252542084e-05   -1.0217532522547052e-03   -7.2815254903545095e-08   -9.4334590223368439e-05   -4.6495414273352011e-08 
   1.6512700101235486e-05    1.5909414791955745e-03    6.2506154826842783e-07    7.7686105668775448e-05    4.6608079688407219e-08 
  -5.6129040971751935e-05   -1.5615606968837079e-03   -2.6980572186612787e-06   -1.2159306744090637e-04   -1.4085396501385529e-07 
   3.7122860371023877e-05    5.1797445187030803e-04    3.1661320504333709e-06   -1.9227150726491344e-05    1.5560284975824659e-07 
  -5.9195750595135225e-06    3.8210842265209030e-05    3.8218053810733812e-07    6.2252722819075942e-05    4.2639579741833657e-08 
  -4.9866800464193213e-05   -7.8526733940472945e-05   -1.0722876186492872e-05   -1.2223307975006397e-04   -6.3776743188223497e-07 
   6.1266515006580201e-06    4.6804192643881466e-05   -5.1681129370797265e-07   -1.8208360762094391e-05   -5.6153121291123506e-08 
   3.4757562888774809e-05    3.8576537375401357e-05   -5.3441342600878885e-06   -5.9446763287549993e-05   -2.2001896480986616e-07 
  -2.0466219899734421e-06   -5.8880631944059311e-07    8.3712606398850555e-07    7.8980452061935753e-06    3.0518863079198629e-08 
   6.1589030444009374e-07    2.3428349591208823e-03    8.5557850478030895e-08    1.9675679044956946e-04    2.1928809495206159e-08 
  -2.9902705578024983e-06   -1.5401682047316476e-03   -3.8816575317024742e-08    8.8505027124716434e-05   -5.3184997818079563e-09 
   3.7770515904312602e-06    8.8984564932811347e-05   -1.0366117863560111e-06   -9.3440849334694084e-04   -2.9972614927845875e-08 
  -5.1664712344004149e-05   -8.9297747226683302e-05    2.9356904218492767e-06   -1.1340632266292741e-05    8.7545450998855825e-07 
   3.9370236801663488e-07   -6.6721385747644683e-05    1.0949728201116602e-07   -2.8954023033985991e-05    2.7327625787482727e-08 
  -4.1520343363269819e-05    6.7110911638341449e-05   -8.2962200582134845e-06    1.2959901630525028e-05   -1.5751369605059868e-06 
   5.7173712011340210e-05    1.6538079461543825e-06    7.5689880991089445e-06    6.7656702021790733e-05    3.8983260109712890e-06 
  -1.3942040134624561e-05    1.5851902344323804e-05   -1.7533911291373921e-05    1.9280670664373431e-05   -3.0975662474513189e-06 
  -2.2997647104460315e-05    4.5164345841984570e-06    2.6581032040258106e-06    1.3169125045705197e-05    4.2919890372492569e-06 
  -1.8954293092946853e-07   -7.2101769038156237e-04   -2.6330802135899815e-08   -6.0552761544104062e-05   -6.7486868904259924e-09 
   2.0332799933797226e-06    1.0472608202455704e-03    2.6393921378680951e-08   -6.0180340704174288e-05    3.6163949021026287e-09 
  -1.8225524938650627e-06   -4.2937999879232659e-05    5.0019952101775492e-07    4.5088304701808827e-04    1.4462779439601324e-08 
  -4.6401502934340419e-05   -8.0200769383550154e-05    2.6366245265577883e-06   -1.0185334583455354e-05    7.8626983817572721e-07 
  -5.2992765630367471e-07    8.9807708682841349e-05   -1.4738452887676815e-07    3.8972428955048869e-05   -3.6783280626071051e-08 
   3.6817567777305433e-05   -5.9509636426253442e-05    7.3565539094005504e-06   -1.1492006520619717e-05    1.3967300630097915e-06 
  -6.7714039832626351e-06   -1.9586976811860626e-07   -8.9643779213439881e-07   -8.0129633960778711e-06   -4.6170065490083161e-07 
  -1.4723083613841465e-05    1.6739937727930933e-05   -1.8516174069780705e-05    2.0360788204699468e-05   -3.2710942172213886e-06 
   7.3976398857880319e-06   -1.4527989089431262e-06   -8.5503052522397356e-07   -4.2361048613596889e-06   -1.3806016392503978e-06 
2    27 5 
  -7.4379834596497308e-07   -5.4236636508263574e-04    6.1231427977536850e-08   -1.7226440509257178e-05    7.4500183965438481e-09 
  -7.4379834596497308e-07   -5.4236636508263574e-04    6.1231427977536850e-08   -1.7226440509257178e-05    7.4500183965438481e-09 
  -7.4379834596497308e-07   -5.4236636508263574e-04    6.1231427977536850e-08   -1.7226440509257178e-05    7.4500183965438481e-09 
  -7.4379834596497308e-07   -5.4236636508263574e-04    6.1231427977536850e-08   -1.7226440509257178e-05    7.4500183965438481e-09 
  -7.4379834596497308e-07   -5.4236636508263574e-04    6.1231427977536850e-08   -1.7226440509257178e-05    7.4500183965438481e-09 
  -7.4379834596497308e-07   -5.4236636508263574e-04    6.1231427977536850e-08   -1.7226440509257178e-05    7.4500183965438481e-09 
  -7.4379834596497308e-07   -5.4236636508263574e-04    6.1231427977536850e-08   -1.7226440509257178e-05    7.4500183965438481e-09 
  -7.4379834596497308e-07   -5.4236636508263574e-04    6.1231427977536850e-08   -1.7226440509257178e-05    7.4500183965438481e-09 
  -7.4379834596497308e-07   -5.4236636508263574e-04    6.1231427977536850e-08   -1.7226440509257178e-05    7.4500183965438481e-09 
   1.5137364373593223e-06    1.9025074941290718e-03   -2.8325357569393587e-07    5.0615326365102995e-05   -1.7079076853761782e-08 
   1.5137364373593223e-06    1.9025074941290718e-03   -2.8325357569393587e-07    5.0615326365102995e-05   -1.7079076853761782e-08 
   1.5137364373593223e-06    1.9025074941290718e-03   -2.8325357569393587e-07    5.0615326365102995e-05   -1.7079076853761782e-08 
   1.5137364373593223e-06    1.9025074941290718e-03   -2.8325357569393587e-07    5.0615326365102995e-05   -1.7079076853761782e-08 
   1.5137364373593223e-06    1.9025074941290718e-03   -2.8325357569393587e-07    5.0615326365102995e-05   -1.7079076853761782e-08 
   1.5137364373593223e-06    1.9025074941290718e-03   -2.8325357569393587e-07    5.0615326365102995e-05   -1.7079076853761782e-08 
   1.5137364373593223e-06    1.9025074941290718e-03   -2.8325357569393587e-07    5.0615326365102995e-05   -1.7079076853761782e-08 
   1.5137364373593223e-06    1.9025074941290718e-03   -2.8325357569393587e-07    5.0615326365102995e-05   -1.7079076853761782e-08 
   1.5137364373593223e-06    1.9025074941290718e-03   -2.8325357569393587e-07    5.0615326365102995e-05   -1.7079076853761782e-08 
   7.7952824485037193e-07    8.1696176828022855e-04   -1.3981523465377416e-07    1.5512982985185186e-05   -7.2044420100809517e-09 
   7.7952824485037193e-07    8.1696176828022855e-04   -1.3981523465377416e-07    1.5512982985185186e-05   -7.2044420100809517e-09 
   7.7952824485037193e-07    8.1696176828022855e-04   -1.3981523465377416e-07    1.5512982985185186e-05   -7.2044420100809517e-09 
   7.7952824485037193e-07    8.1696176828022855e-04   -1.3981523465377416e-07    1.5512982985185186e-05   -7.2044420100809517e-09 
   7.7952824485037193e-07    8.1696176828022855e-04   -1.3981523465377416e-07    1.5512982985185186e-05   -7.2044420100809517e-09 
   7.7952824485037193e-07    8.1696176828022855e-04   -1.3981523465377416e-07    1.5512982985185186e-05   -7.2044420100809517e-09 
   7.7952824485037193e-07    8.1696176828022855e-04   -1.3981523465377416e-07    1.5512982985185186e-05   -7.2044420100809517e-09 
   7.7952824485037193e-07    8.1696176828022855e-04   -1.3981523465377416e-07    1.5512982985185186e-05   -7.2044420100809517e-09 
   7.7952824485037193e-07    8.1696176828022855e-04   -1.3981523465377416e-07    1.5512982985185186e-05   -7.2044420100809517e-09 
2    27 5 
   7.8148422912253468e-04    6.6271613719912450e-04   -5.2178579105631098e-05    7.9901469400593664e-06   -3.7991448421272929e-05 
  -4.1292337615244257e-04    1.5212503315382663e-03   -1.1121917355314739e-04    1.9686159730712951e-04   -3.9629591712416372e-05 
  -9.5386272548222256e-04    1.2428912710916601e-03   -1.0898422052822647e-05    4.0362250527929251e-05    5.8099056349554684e-06 
  -5.2956478316596115e-05    4.7056465437358801e-04    1.9781526764794914e-04    5.4849372060654410e-05    6.0667579566281449e-05 
   5.3831361378265332e-05    4.7331103399470245e-05   -1.1305548584689595e-05   -8.2081319152203311e-06    6.1173146723780610e-06 
   9.6463182793366247e-05   -1.0555121048072007e-04   -4.3466713359318014e-05    3.4606235438817910e-05   -1.3278101069329827e-05 
  -2.7498152847961884e-05    1.2718009133492910e-05    3.8600642320799701e-05    1.2322353618170798e-05   -4.8662485135227356e-07 
   4.8723413400962254e-05   -4.4620696280722802e-06   -3.8674822281386613e-05   -4.7372337767263933e-05    1.1180425560066297e-05 
  -5.4722138898626164e-06   -3.1130145176339912e-06    2.1476361856484222e-06    3.9550726501203915e-06   -2.7794349932501917e-06 
   3.4128526447109975e-05   -2.3361878708319504e-03    2.2523157833102658e-06   -2.6200055936530871e-04    1.1735480189080358e-06 
  -1.2281787311151791e-05   -1.4530350769735784e-03   -1.9263882499927501e-06    5.1816419743612007e-04    7.4716410320725481e-07 
   5.4912862007592051e-06   -9.3421930402660535e-04   -1.3067079387063657e-06    9.0858369801284555e-05   -1.1716473237212154e-07 
   9.7299343569057161e-05    2.4937163710610456e-05    2.5625340563914281e-05   -8.6038600728963933e-07    5.9077969162162338e-06 
   5.3829846718264491e-06    1.6491273969015668e-05   -2.7838538997717850e-06    7.0577893571930329e-05   -5.6476478539648440e-07 
  -3.6294213012904721e-05   -2.6477851310216343e-06    6.4682531557128299e-05   -2.2692698189477786e-05    2.1071583799535636e-05 
   7.1124343120179979e-05    5.1890778425200702e-05   -1.2766491793715219e-05    1.9778802799891234e-06   -1.8066233433534072e-06 
   8.9865091781965251e-07    2.7079319099172378e-05    1.9468199963048934e-05   -2.3507175084534550e-06    3.9757685038118183e-06 
   7.4281400151231900e-06    1.4874490906417176e-05    2.0897491887834666e-05   -2.0645096092463040e-06   -5.5504396010611992e-06 
   1.0503203061411911e-05   -7.1897201993124319e-04    6.9316001870728289e-07   -8.0631816362829571e-05    3.6116452797957057e-07 
  -8.3511882754387373e-06   -9.8801332340325192e-04   -1.3098770203156775e-06    3.5233363522355570e-04    5.0804560773231324e-07 
   2.6497274713099095e-06   -4.5079175690479896e-04   -6.3052986050705239e-07    4.3842172791433307e-05   -5.6535864037128783e-08 
   8.7387223721820687e-05    2.2396754430518102e-05    2.3014825040595325e-05   -7.7273640035177409e-07    5.3059553321041299e-06 
   7.2455557365077015e-06    2.2197433578791730e-05   -3.7470975346929444e-06    9.4998610030821377e-05   -7.6017952494347515e-07 
  -3.2183371795250647e-05   -2.3478854128978329e-06    5.7356305288144026e-05   -2.0122423996621736e-05    1.8684924108813485e-05 
   8.4236556166826970e-06    6.1457164728662198e-06   -1.5120073604300256e-06    2.3425147563758854e-07   -2.1396855430712755e-07 
   9.4899401199223474e-07    2.8596322737077337e-05    2.0558823034450643e-05   -2.4824064552453172e-06    4.1984940184993291e-06 
   2.3894055162902261e-06    4.7846689146196154e-06    6.7220841680101684e-06   -6.6408961580209112e-07   -1.7854067066062709e-06 
 TENSORSUMACCUMULATOR_IMPL_H - PrettifyOut: Norm of simple tensor is 7.21773e-09 
 As simple full tensor 3    5 5 5 
  -5.4736438095764028e-14   -2.3024022892261236e-15   -1.1693725663452131e-14   -3.3566546015031204e-16   -2.2474779443467801e-15 
  -4.0881024892500599e-11   -1.9673657419224419e-12   -1.2712942987200978e-11   -3.9071480805156131e-13   -2.5160987259061685e-12 
   4.8381370266683027e-15    3.1557419154541791e-16    1.7730243464307893e-15    5.8553691371857956e-17    3.4954725823618011e-16 
  -1.2472785957549934e-12   -3.9633670159970244e-14   -3.5827822965461983e-13   -1.0074104949035129e-14   -7.1867540699226909e-14 
   5.4418852814139395e-16    2.0614751123658477e-17    1.2813634217554899e-16    3.6241960874967392e-18    2.5060502890074828e-17 

   1.1571594709647122e-13   -5.4565712410823439e-12    1.1364831396736979e-14   -1.9932243663509074e-12    3.0178908342286905e-15 
   1.4951464440525023e-10   -6.7550419225009927e-09    1.5105437601665644e-11   -2.4715003888101775e-09    3.9224521074629217e-12 
  -2.1915009023950961e-14    1.0136384243799470e-12   -2.1031210322865989e-15    3.5486410354824714e-13   -5.5735427182377985e-16 
   4.1027139744999979e-12   -1.7678576626776681e-10    4.4846800116268375e-13   -6.9203958416812706e-11    1.1272425778292995e-13 
  -1.3404223639159323e-15    6.0722522828826775e-14   -1.3872572372079947e-16    2.2930266135026178e-14   -3.5871403796614276e-17 

   1.0655768539719445e-15    6.0815527034573601e-16   -2.1216708062292388e-15    4.9915524604599764e-17   -5.0436222365204435e-16 
   1.6690558193588740e-12    9.6362531466524171e-13   -2.1957206946083869e-12    1.0124492953856480e-13   -5.5305967599392666e-13 
  -2.6401172572944771e-16   -1.3411226385635061e-16    3.0092255654980846e-16   -1.4771289154979778e-17    7.6337320880350036e-17 
   4.2303129810915322e-14    2.9629161231243128e-14   -6.2493448044273958e-14    3.0421240090204610e-15   -1.5847446267046076e-14 
  -1.2854789961179629e-17   -8.2198935401431560e-18    2.2925301486425834e-17   -7.5690000694207370e-19    5.5871601278636955e-18 

   5.9485632485726595e-15    4.2483283246233910e-13    2.1800947456970744e-15   -1.3964283351972707e-13    5.8385237824918197e-16 
   7.4785743841975325e-12    5.1527673815165443e-10    2.8943382037430142e-12   -1.7416660363769477e-10    7.6332372778706608e-13 
  -1.1336610312176267e-15   -7.3184679313364929e-14   -4.1534691163987991e-16    2.5671174112658112e-14   -1.0771618603675450e-16 
   1.9329958513377328e-13    1.4573151443915437e-11    8.2434105159488283e-14   -4.6973474280398113e-12    2.2176008269511667e-14 
  -6.6203192928655048e-17   -4.8673737100851672e-15   -2.6029666213515019e-17    1.5811408635820757e-15   -6.9962063981552519e-18 

   6.8921755955709812e-16    2.1285803646876499e-16   -1.8055904059243949e-16    3.2622980193614095e-17   -1.0382536518674650e-16 
   8.6486150415453388e-13    2.8598482854034495e-13   -2.0578778862026805e-13    4.4032019650620818e-14   -1.2781401511855754e-13 
  -1.2904155917621532e-16   -4.1007897654533546e-17    2.8995921814586657e-17   -6.1591323321630718e-18    1.8393790577832940e-17 
   2.2922003721464142e-14    8.1760932385372351e-15   -5.7916310639059600e-15    1.3035917353427903e-15   -3.5606986737638312e-15 
  -7.7572082970968665e-18   -2.5595852893435680e-18    2.0134389639458329e-18   -4.0034313677383769e-19    1.1879608004676357e-18 
