2    21 5 
   4.0923056266078542e-03   -4.3165664332347749e-04    2.3049259290668074e-05    5.4588335200319385e-05   -1.8073600566362200e-05 
  -1.4028701163561550e-03    1.6919603897632000e-03   -4.2431589556759814e-04    1.1373708906615820e-04    1.4749560118628945e-06 
  -6.9375624613900819e-06    1.1069335952976261e-03   -3.4491332126819686e-04    3.8670491395527073e-05    1.0133013031292411e-05 
   2.1097265760976680e-03    4.0401671769293686e-03   -7.0531382443041744e-04   -1.6567539747301425e-06    3.8350366271763906e-05 
  -1.4608892623951695e-03   -2.6597851509093579e-03    7.8139679574227043e-04    6.1681090555799222e-05   -5.2295492644157076e-05 
  -5.2089762115173286e-06   -2.0653507534649192e-04   -5.1720693844783711e-04    2.2483597846441374e-04   -6.6606184354037765e-05 
  -1.4642769344376617e-04   -2.3754907565475598e-05    3.5136999686513952e-05   -2.8219219598607449e-04   -1.0235943094884885e-04 
   3.4182230503610692e-04    3.4777235455019715e-05    4.7546335208481109e-04   -1.2646300851086028e-04    1.2277018435604048e-05 
  -8.0188758652485705e-04    8.8323393333016172e-04   -2.6045754880329802e-04    6.5601661709851697e-04    2.5118299030108345e-04 
   1.0232418970368945e-03   -9.0643800348443656e-04    1.3587305745238073e-03   -9.8148955384854742e-04   -2.9220087724236919e-04 
   2.7426944100996786e-04    4.8041020527142577e-05   -1.7546991691610441e-04    1.7058585189732130e-04    3.9476446489284475e-05 
  -1.2181889367260660e-04   -1.7053820043577255e-04    2.8968054396273684e-04    2.3005009334174935e-04    5.7936471444170475e-05 
  -3.7233484029446773e-05    4.0754336670051008e-04    1.4224447676231385e-04   -2.0419821099975727e-04    2.4084203134396378e-04 
  -9.5786072126096959e-05    5.3180066738458702e-05    2.9715703722568921e-04    5.5183358498721768e-04   -6.2842312990858592e-05 
  -7.4177786782056923e-05   -5.0693564489471926e-06   -5.2793216530483005e-05   -1.7250854178020033e-04    1.1969670807106195e-04 
  -3.6417364599607507e-04   -1.2093064244222920e-04    1.1197681816950076e-04    1.3479667985685372e-04    3.3765337395907886e-04 
  -2.7066769778030840e-05    5.7200982592791489e-05   -9.8595088971464514e-05    6.5373282536880297e-05   -1.7422122756207564e-04 
  -9.1249463260536519e-05    9.1161998377839998e-05    2.2472797997472048e-05    1.0481330961913488e-04   -1.6369780670979703e-06 
  -1.3460782117024787e-04    1.7764015977765607e-04   -4.3855999836127742e-05    4.6913379417763405e-05   -2.8499312231528744e-04 
  -5.4959387525268873e-05    4.4573577191675709e-05    3.0524521360853071e-04   -2.9696483223538644e-04   -1.8502466322530990e-04 
   3.5911218159297873e-05   -5.8719363636804890e-05    6.5279757923233868e-05    5.7833585582169641e-05    2.6153891203612334e-04 
2    21 5 
   8.2203871494200539e-02    6.7542768939264988e-03   -3.0991326981903711e-04    1.4578421970394898e-04   -3.1840993721657038e-05 
  -3.6245257985747500e-02   -6.2520640396646898e-02    1.1486041744096056e-02   -1.9845843778910624e-03    3.8248670408314728e-04 
  -1.0389052602377533e-01   -6.7625815002446618e-02    2.3537688045881314e-02   -9.4493641650902731e-04   -5.2089317449850389e-04 
   5.2544610896227757e-02   -1.7786611962147647e-02    6.8870796024573882e-04   -7.1621788719553048e-04    2.4716604024777348e-04 
   5.8931222303726889e-02   -1.5761031172587491e-02    1.6714654272129109e-03   -8.9042530472768864e-04    2.2916498914730661e-04 
  -7.0052637116579858e-02   -2.5663366883342757e-02   -5.2031832396569272e-03    1.6466286295750800e-03   -4.5400243657648699e-04 
  -7.9914461092563515e-03    1.6700813016829949e-03    1.3822386783124056e-02   -8.4819762778087626e-03    5.8229611108851749e-03 
  -1.1362651062520586e-03   -1.1452519788214353e-03    5.1810776868900024e-02   -1.1121010535756606e-02    8.6582179948705394e-04 
   1.0666407483563300e-03    7.1617313702868777e-03    3.1764463670894576e-02   -1.1991764291025017e-02    5.5637663565757745e-03 
   5.0079597961510773e-04    2.6979400457050112e-03    2.1826914854044876e-02   -1.1730705607618850e-02    5.3591319147738362e-03 
   3.5259821432818772e-03   -6.4926226223171925e-04    1.0187944414869022e-02    8.2140246650449309e-03   -8.3085208347257883e-03 
   3.2454060591601463e-04    1.5715369882418058e-03   -2.7144011504044640e-03    1.3336130995893964e-04   -3.9693473099718221e-04 
  -4.1068028628992955e-05    1.3120316691800978e-03   -9.9658668256594803e-04   -4.4526454467112234e-03    1.9922065787655770e-03 
   8.7068244426548530e-04    4.7312980639756730e-03   -2.2191268827533169e-04    5.1783498432473084e-03   -3.1666416713694474e-03 
  -4.1801875819245044e-03   -6.0955468555969720e-03   -5.7266561653459679e-04    7.3555572604823184e-03   -2.8797421559090663e-03 
  -1.5127003692507780e-03   -1.4857636646307191e-03    1.7197301289359392e-05   -3.4147866521548509e-03    3.2279123930556031e-03 
   6.3514971954116437e-03   -4.8700175001249327e-03   -2.1008651472937808e-03   -4.1505221152032231e-03    5.6131964749662490e-04 
   8.2582513572226240e-04   -2.3771070758515740e-03    7.3216288171546080e-04    1.3342213838644246e-03    1.9680583508429423e-03 
  -2.8736948199873714e-03    3.0119792149943042e-03   -1.2443300615527883e-04    1.8269573420181904e-03    1.3661272496780659e-03 
   2.3600111665288675e-03   -1.2914689270057641e-03   -4.4969779517426529e-04   -2.0541206393968089e-03   -1.7564239763097288e-03 
  -4.3357016937140671e-03    2.3939990282956323e-04   -2.3692875374393559e-03   -4.5765660766755036e-04   -2.5961837205391572e-03 
2    21 5 
  -1.9303389698695664e-01   -1.9979723131165364e-01   -3.8668525978068677e-02    1.1275659911896373e-02   -3.2497463387906331e-03 
  -5.5962623290903485e-02    5.9085862015264404e-02    6.2086485717835023e-03   -1.5813952187939892e-03    6.5405675967432700e-04 
   2.4314681410196281e-02   -6.2025649014247890e-02   -1.1725505651721653e-02    4.3500976268959265e-03   -1.3337238878728345e-03 
   1.3295072966738752e-01   -1.9765290132093397e-02   -4.5683789890835942e-03    1.4926856453305284e-02   -5.8804028379404634e-03 
   1.2641949154630988e-01    3.0360585073875131e-02    3.4656279204449986e-03    1.7775951949325984e-02   -7.3270479482032153e-03 
  -2.8243985813660836e-02   -5.4886376562832323e-02   -1.9000035931564994e-02    7.3762736932749982e-03   -1.6098425983707785e-03 
  -1.9331386523174278e-03   -3.8689901726647663e-03    2.3777171050551438e-02   -2.1648663976342609e-02    6.5949209430170089e-03 
   1.8467637859118174e-03    4.5224182300169412e-04   -6.0173722658011563e-03    5.5624814011336135e-03   -1.5937442854908170e-03 
  -3.9373769196953921e-03   -2.7539162042053525e-04    8.6355407546769552e-03   -7.2809807770052434e-03    2.2665394729531477e-03 
  -4.3503212400474748e-03    1.1674325316123535e-03    3.9254983123206480e-03   -2.6155663460585223e-03    7.9402368099050231e-04 
  -3.6971678940835259e-03    3.3287867890005934e-03   -1.8140973361723014e-02    1.9390566005958020e-02   -7.0815599393643028e-03 
  -5.3392080238069011e-04    9.9022891705507279e-03   -4.9536418600661727e-03   -4.4437871234072283e-03   -4.3233014738209294e-04 
  -4.7279630320975271e-04    2.1283685684252204e-03   -4.2587748440287600e-03   -3.9067507330592648e-03    3.4057604818836873e-03 
  -1.7914851269414242e-04   -3.5588090784360719e-03   -1.7900158736015976e-03   -2.4032496406727472e-03   -9.0845256355947656e-04 
   5.1895599124396970e-04    4.3438289469765034e-03   -3.6639598123398625e-03   -5.3970797424023912e-03   -1.0775981247040404e-03 
  -9.5981565784677471e-04    1.3784056877446350e-03    2.7959895668000119e-03    6.9783381406987219e-04   -4.4404409937813449e-03 
   4.4380369922111671e-04    4.6963983635197535e-04   -7.5213757834648697e-04   -1.1565638114251404e-03   -1.6793759486709958e-03 
   5.9093405339543477e-06   -1.3028791616903710e-04    1.4864172420062721e-03    8.7053224035977519e-04   -2.9270079020848015e-03 
   4.1197927291465543e-04    8.6132830118505776e-05    4.9401116948171982e-04   -4.3554041945452493e-04   -2.8066166095049288e-03 
   2.4012092812376141e-04    3.9772344454358814e-04   -4.8279205850990103e-04   -8.9324165929617996e-04   -1.5499320231143177e-03 
   2.7628354476818748e-05   -6.9293281316867221e-04    3.7981028466285867e-04    2.5619853563889941e-04   -2.1637955296836069e-03 
 TENSORSUMACCUMULATOR_IMPL_H - PrettifyOut: Norm of simple tensor is 9.72788e-05 
 As simple full tensor 3    5 5 5 
  -6.3926773265057438e-05   -6.9076328506441017e-05   -1.3504505478492832e-05    3.8382011454820314e-06   -1.0853523745904108e-06 
  -1.2303617782349420e-05    1.0714485126962702e-06   -3.1825527336199070e-07    5.9632513652641978e-08    5.6947051267337381e-09 
   1.0555954683545540e-06   -7.3110493480268429e-07   -4.0455707295744992e-07    3.1043082249879983e-07   -9.8110441171082029e-08 
  -3.1188825066771425e-07    1.0044603895045855e-07    5.8461394497718508e-08   -3.5914323995404109e-08    6.6080642038350766e-09 
   8.7668380268927908e-08   -2.4364799953655462e-08   -4.6034367197059975e-09   -7.4916531473630107e-09    9.2949047246243869e-09 

   1.5482174411182933e-05    8.4872707535228056e-07    5.6021927010104359e-07   -3.2080018967198952e-07    1.0628654168285212e-07 
   2.4411432032279958e-07    1.3708519696252848e-06    7.5062503333267116e-07   -5.2082486565726130e-07    1.6002247794345202e-07 
  -7.2468623484864047e-07   -7.6697928815965201e-07   -1.0179243114634239e-07   -7.1550709126086274e-08    2.9616479461835108e-08 
   9.2221667447649620e-08    3.7688616198423143e-08   -1.8811396500716598e-08    5.4237624246084622e-08   -2.5797265145451457e-08 
   3.8453694096774748e-09    2.2459989226978089e-08    2.4750792799776166e-08   -2.9562573547878199e-08    1.1875671819564396e-08 

  -4.8415143590777831e-07   -1.5499143182108757e-06   -7.5146431400415910e-07    6.7450277298637162e-07   -2.1802837440887567e-07 
  -1.2217890978799834e-06   -1.2549629837361505e-06   -4.7363003724586366e-07    1.2124568144691780e-07   -2.0182778490265348e-08 
   5.6542286578886354e-08    1.5120153608170148e-07   -3.4066170970220175e-08    8.6543711640068197e-08   -2.1971627154406715e-08 
   1.6753306151502629e-08    1.0297296002671255e-08    2.8114724940142920e-08   -4.2372018299211506e-08    1.3726396986255913e-08 
  -2.4930364595824815e-08   -7.6054574323853579e-09   -1.2347372559586320e-08    2.2639459415317611e-08   -6.7117874339785332e-09 

   1.5306865479477808e-07    8.0146727357046912e-08    2.0171713340708577e-07   -5.8728015855773582e-08   -3.6248923974236000e-10 
   3.0199514395235148e-07   -4.9833913601389419e-08    8.8516189617843256e-08   -8.6695743155725120e-08    1.6427393004379900e-08 
  -1.3506782466457247e-09    7.3830526390785396e-08    3.3877304233676952e-08   -1.7287370535547278e-08    4.5307434577478752e-09 
  -3.4471596477431692e-08   -3.6978320740383484e-08   -1.3845677796827774e-08    8.2171888357309672e-09   -2.5762599308658507e-09 
   1.9311728439195070e-08    1.2165053613005512e-08    5.4458871010757145e-09   -2.5978260541151982e-09    4.0128537724657854e-11 

   8.1152384441991669e-09   -3.5819054579063442e-08   -1.8861984117069011e-08   -2.4736638929024117e-08    1.9848513068819404e-08 
  -2.5919131714402762e-08    4.4328963948199377e-09   -6.5391559808258458e-09    6.8180100389672785e-09    3.7862820997153942e-09 
  -1.4470144845173274e-08   -4.1421612653959245e-08   -9.3084023408751901e-09    4.3302210520497915e-09   -7.8369839191364901e-10 
   1.9102173822869538e-09    1.3129891878835321e-08    3.2218901127796435e-09   -2.3603751865425777e-09    2.9241169938195210e-10 
   6.9460016376749724e-10   -2.3481005901053652e-09   -1.4945985546205082e-09    8.4321202431222222e-10   -4.8507091585602740e-10 
