2    103 5 
   3.7925013670494717e-07    2.9359050186217198e-04   -8.1992338266906447e-10   -6.7974104022156242e-05    1.0672597190475832e-08 
  -2.5369483076734289e-05   -2.5723080231211681e-04   -6.2283285525227061e-06   -1.3337128631031952e-03    2.1046403974926327e-06 
   9.0658366089832126e-05    2.0181475071076949e-03   -1.0037891192257400e-05    1.8473054993909054e-03   -1.1363715088079321e-05 
  -1.3461502371726006e-05    1.2211168930367272e-03   -1.1827031988849822e-05    1.8550316736020487e-03   -1.4509816137733049e-06 
   6.6029373315017030e-05    2.1051715246261870e-03   -4.7120725456230715e-06    2.6510949650739172e-03   -3.8316801525758055e-06 
  -3.1020585910955296e-05   -1.9665573004733479e-03    6.4096974803990906e-06    8.5135621170765005e-04    2.6794788985712973e-06 
  -9.4326346211685581e-04    2.7400520791239091e-05   -1.4007046057574855e-04    1.3776206844576249e-05    7.6895305115146962e-06 
  -2.7279159677301903e-05   -5.4429582795632525e-06   -9.8583390149531701e-05   -1.7510994434080454e-05   -2.6557008434213766e-05 
  -4.7845242175977358e-05   -5.0776495583247218e-06    1.0264368330508036e-05   -7.4984054996031499e-06    7.7009357376293317e-06 
   5.8381373847777478e-04   -2.5395404572283856e-06    1.0989964685402896e-04    2.9624577809371441e-05    5.5445226848011345e-06 
   8.1313401837905812e-04   -2.0790031818738473e-05    1.3949868091705654e-04   -4.4157756446210457e-05    2.8998363986007400e-05 
   2.8020016658535790e-05    8.1050337329546598e-05   -1.0406058725397676e-04    2.0284455172271691e-05   -2.2309002653955400e-05 
  -7.0535852124134561e-05   -1.3011133184444660e-05    2.4936273659773478e-04   -2.2817327799715522e-05    5.7821599536555114e-06 
   1.3386433170435465e-05   -2.5482312186310217e-05    5.0388239721148699e-05   -1.7007532260874517e-05    3.9952509324282273e-05 
  -3.8427825362928227e-06    1.9575614657404975e-05   -1.3223117169078904e-04   -9.6021162585377745e-05   -2.5424888737677573e-05 
   7.3104573590236972e-06    1.9279510433020051e-04   -6.7567739667083398e-06    7.6874168974100563e-05    3.4906608129963081e-05 
   3.3517966333069166e-04    3.8001329781889626e-01    2.4425428473284679e-04    1.9041824095416005e-01   -3.1318298334226491e-05 
   4.8324656803915418e-04    3.4286320205630411e-01    5.1543044988322311e-04    2.4244797436280235e-01    1.2987755568473450e-04 
  -4.3645002573928598e-04    2.1628180927053389e-01   -1.8488439857590106e-04    3.7162073509152371e-01    1.6815554768527795e-04 
   1.2239158308907424e-04    1.3876268223668123e-01    8.9189983329174234e-05    6.9531634848689822e-02   -1.1435944754798939e-05 
   1.7645853539246725e-04    1.2519724396661414e-01    1.8821054984855025e-04    8.8530405168783771e-02    4.7425071945104782e-05 
  -1.5937067618805939e-04    7.8975773073300184e-02   -6.7510940268027578e-05    1.3569811970275428e-01    6.1402363979661372e-05 
   1.5634355446822426e-01    2.1241746202254380e-04    2.4335269683079683e-01    9.8120098998333053e-05    6.7835941630121285e-02 
   1.3855600494886885e-01    3.7245790293547403e-04    2.5264836868120943e-01    3.0819330092478987e-04    1.3083351417831254e-01 
   7.9653312882929359e-02   -2.1962469428869270e-04    2.6179063131929825e-01    2.6688309724942291e-07    2.9806869483706661e-01 
   4.0351182097410565e-04    5.1854998605742190e-07    4.1518308914183016e-04   -3.5869463745581489e-08   -8.1166618741246351e-05 
   3.2744557692548166e-04    8.0659605105473220e-07    4.0422181629636326e-04    1.7659249155120606e-07    9.1572523190297198e-06 
   9.3202154754566739e-05   -6.2861355989209008e-07    3.4669806384613459e-04    2.3307633367767449e-07    2.6081203320017673e-04 
  -1.6605649056161459e-05   -1.8826820808723367e-02   -1.2100975615384215e-05   -9.4338017162356718e-03    1.5515877843138533e-06 
  -2.3941258358910251e-05   -1.6986311016135638e-02   -2.5535729341597223e-05   -1.2011486426829627e-02   -6.4344629042870833e-06 
   2.1622839184096701e-05   -1.0715148366369484e-02    9.1596411554416826e-06   -1.8411032004749688e-02   -8.3308515318645875e-06 
   1.2449376380183511e-04    1.4114605065864713e-01    9.0721898008222051e-05    7.0725900483764328e-02   -1.1632366942411636e-05 
   1.7948936251588232e-04    1.2734761431819208e-01    1.9144322792855997e-04    9.0050991025601046e-02    4.8239638347695873e-05 
  -1.6210800463178389e-04    8.0332249905610165e-02   -6.8670498735610365e-05    1.3802885162726447e-01    6.2457002395295105e-05 
   1.4271473062024290e-01    1.9390054789719105e-04    2.2213908780598590e-01    8.9566746416941130e-05    6.1922528044358320e-02 
   1.2647776231871322e-01    3.3998989894796198e-04    2.3062443476242492e-01    2.8132738871166084e-04    1.1942845866314580e-01 
   7.2709752120977855e-02   -2.0047950930611829e-04    2.3896974553709802e-01    2.4361828960968542e-07    2.7208536760397795e-01 
  -2.6747788182458452e-06   -1.9998645124971281e-03    9.2715260009719713e-08    2.6855629378627139e-04    4.4072964648911420e-08 
  -3.3080131608291011e-06   -1.6217984523747922e-03   -5.6136953775029042e-07   -2.2272943146190710e-05   -4.7542575242069481e-08 
   4.0480414494820455e-06   -4.5793496454038225e-04   -7.5837896378971247e-07   -8.3304349479812749e-04   -7.5393427420035280e-08 
   6.7410122214005731e-08    5.0400844465822138e-05   -2.3366219912184442e-09   -6.7681904993346079e-06   -1.1107325633994176e-09 
   8.3368976132116655e-08    4.0872774651612975e-05    1.4147707798801940e-08    5.6132559795541116e-07    1.1981741389511412e-09 
  -1.0201926491099669e-07    1.1540936287950021e-05    1.9112764870450964e-08    2.0994470051453364e-05    1.9000749227745024e-09 
  -5.7814228369992102e-08   -4.3226237192343772e-05    2.0040016688559169e-09    5.8047322616905501e-06    9.5261874580934294e-10 
  -7.1501324530653128e-08   -3.5054497013396795e-05   -1.2133768382664515e-08   -4.8142037492662880e-07   -1.0276129314292721e-09 
   8.7496727286419739e-08   -9.8980732305576744e-06   -1.6392044943847201e-08   -1.8005887635217770e-05   -1.6295974832479457e-09 
  -7.7023917106049843e-07   -5.7588835900431313e-04    2.6698628136055981e-08    7.7334460590903716e-05    1.2691413408013634e-08 
  -9.5258766723942132e-07   -4.6701906231019986e-04   -1.6165404199625190e-07   -6.4137988341220440e-06   -1.3690535267715439e-08 
   1.1656889419037599e-06   -1.3186864090636129e-04   -2.1838560274011367e-07   -2.3988627639553688e-04   -2.1710569353731282e-08 
   6.0544517475843071e-08    4.5267605343759648e-05   -2.0986410695509957e-09   -6.0788619647638069e-06   -9.9760636662592800e-10 
   7.4877989634105120e-08    3.6709953014543377e-05    1.2706788148942377e-08    5.0415555348137877e-07    1.0761421684495690e-09 
  -9.1628778652372409e-08    1.0365511822617715e-05    1.7166162717181269e-08    1.8856219469398720e-05    1.7065555674579456e-09 
   3.8603329478287073e-04    4.3766911142696419e-01    2.8131267083237845e-04    2.1930859471557335e-01   -3.6069926715769508e-05 
   5.5656498666692075e-04    3.9488258396815629e-01    5.9363182366923282e-04    2.7923230612104821e-01    1.4958264544188079e-04 
  -5.0266844882524103e-04    2.4909619696088364e-01   -2.1293515491656992e-04    4.2800322475255964e-01    1.9366819413778552e-04 
  -4.2154657581739482e-04   -4.7793264922097395e-01   -3.0719213789612493e-04   -2.3948397301241525e-01    3.9388193460279991e-05 
  -6.0776639611165751e-04   -4.3120995875583606e-01   -6.4824321100270170e-04   -3.0492038923515546e-01   -1.6334355828866772e-04 
   5.4891162559671572e-04   -2.7201189715269924e-01    2.3252420617427409e-04   -4.6737754559415845e-01   -2.1148477394790903e-04 
   1.8006407921559411e-01    2.4464554895466817e-04    2.8027429354866679e-01    1.1300693104216624e-04    7.8128045693326958e-02 
   1.5957779350590418e-01    4.2896740813372017e-04    2.9098030952820658e-01    3.5495254754947816e-04    1.5068364245131904e-01 
   9.1738354609632144e-02   -2.5294626621871617e-04    3.0150964097057936e-01    3.0737473845901500e-07    3.4329183100246491e-01 
  -4.1776823648305515e-04   -4.7364891918659929e-01   -3.0443876210232984e-04   -2.3733746829126504e-01    3.9035155458794663e-05 
  -6.0231896085242000e-04   -4.2734500612191423e-01   -6.4243298038322411e-04   -3.0218737521824551e-01   -1.6187950324303871e-04 
   5.4399170807147696e-04   -2.6957384330674511e-01    2.3044008213016150e-04   -4.6318842138865068e-01   -2.0958922720204373e-04 
  -5.5697832942203067e-06   -4.1643861826734215e-03    1.9306415274369986e-07    5.5922394348459077e-04    9.1774639665068036e-08 
  -6.8883887948275806e-06   -3.3771263122808286e-03   -1.1689589628559562e-06   -4.6379710278298407e-05   -9.8999528312831126e-08 
   8.4293749770393653e-06   -9.5357361810166619e-04   -1.5791984198432547e-06   -1.7346749230384587e-03   -1.5699430908964501e-07 
  -2.0338184842978842e-06   -1.5206346722438399e-03    7.0497795293562414e-08    2.0420183928899713e-04    3.3511709285759925e-08 
  -2.5153101508434772e-06   -1.2331650182607309e-03   -4.2684790780086141e-07   -1.6935652085111954e-05   -3.6149893089798124e-08 
   3.0780046069603168e-06   -3.4819948069549967e-04   -5.7664773780051174e-07   -6.3342032110739435e-04   -5.7326813430502190e-08 
   2.7594116475808338e-07    2.0631423397420248e-04   -9.5648868846317918e-09   -2.7705369881423413e-05   -4.5467479840214042e-09 
   3.4126821941594721e-07    1.6731138698213829e-04    5.7913186335201613e-08    2.2977682612205951e-06    4.9046872580287030e-09 
  -4.1761257601540035e-07    4.7242451090440167e-05    7.8237487589124194e-08    8.5940187158911342e-05    7.7778955162476537e-09 
  -2.0687510661228610e-06   -1.5467528806897585e-03    7.1708655565305385e-08    2.0770918151980400e-04    3.4087301717315476e-08 
  -2.5585127661889007e-06   -1.2543456881369628e-03   -4.3417938776389321e-07   -1.7226536476610020e-05   -3.6770798597380561e-08 
   3.1308719835823831e-06   -3.5418010627478238e-04   -5.8655215869176843e-07   -6.4429985994899632e-04   -5.8311450759933049e-08 
   8.9758522495913618e-06    6.7110178460092042e-03   -3.1112795923644159e-07   -9.0120409107481789e-04   -1.4789724525690941e-07 
   1.1100819689748505e-05    5.4423278619645833e-03    1.8838081092523747e-06    7.4742122780404560e-05    1.5954034330874294e-07 
  -1.3584159446350487e-05    1.5367089621010068e-03    2.5449197824285296e-06    2.7954742559591962e-03    2.5300045764394406e-07 
   2.5847195099371834e-06    1.9325294440877534e-03   -8.9593554345993462e-08   -2.5951405302402741e-04   -4.2589036077203907e-08 
   3.1966329692753197e-06    1.5671927983144992e-03    5.4246832919783904e-07    2.1523017268185004e-05    4.5941825523137113e-08 
  -3.9117446422625863e-06    4.4251637894536663e-04    7.3284448428477428e-07    8.0499507433779544e-04    7.2854944657217319e-08 
  -3.0805976405679158e-06   -2.3032849881376269e-03    1.0678206709364315e-07    3.0930179323769834e-04    5.0759737584324863e-08 
  -3.8099066243170368e-06   -1.8678585503151975e-03   -6.4654081364917452e-07   -2.5652205571769993e-05   -5.4755759286777937e-08 
   4.6622123867325063e-06   -5.2741309362611816e-04   -8.7344061145178314e-07   -9.5943328362700165e-04   -8.6832157126474533e-08 
   7.7637620735702280e-08    5.8047686591845676e-05   -2.6911354852762414e-09   -7.7950638538546996e-06   -1.2792534809865914e-09 
   9.6017760204034907e-08    4.7074013109539330e-05    1.6294205325364476e-08    6.4649020728594596e-07    1.3799617374953814e-09 
  -1.1749768041882382e-07    1.3291933095955791e-05    2.2012563417581581e-08    2.4179761879487308e-05    2.1883552703771260e-09 
   2.6528922735207807e-06    1.9835004962284698e-03   -9.1956611604454741e-08   -2.6635881514053961e-04   -4.3712334863235459e-08 
   3.2809451365492204e-06    1.6085279852539930e-03    5.5677609644910715e-07    2.2090693397911480e-05    4.7153555151031560e-08 
  -4.0149180975141585e-06    4.5418788309416501e-04    7.5217348055636715e-07    8.2622706437687104e-04    7.4776515991715131e-08 
   3.5707015520972979e-07    2.6697232945193235e-04   -1.2377042937588507e-08   -3.5850978350315289e-05   -5.8835295914524835e-09 
   4.4160390560731200e-07    2.1650232204550846e-04    7.4940143314716042e-08    2.9733311823530465e-06    6.3467059799318699e-09 
  -5.4039413606913055e-07    6.1132123429791328e-05    1.0123995765966818e-07    1.1120731477120711e-04    1.0064661289758706e-08 
   4.2254489527827308e-04    4.7906450390104394e-01    3.0791963968853264e-04    2.4005112626318748e-01   -3.9481473781639474e-05 
   6.0920572703192320e-04    4.3223116333498779e-01    6.4977840035080952e-04    3.0564251100308060e-01    1.6373039348649247e-04 
  -5.5021157485397865e-04    2.7265608402574260e-01   -2.3307487709290018e-04    4.6848440335581720e-01    2.1198561864129136e-04 
  -1.5646809754125213e-01   -2.1258667349771497e-04   -2.4354655127395580e-01   -9.8198261342131730e-05   -6.7889979653377772e-02 
  -1.3866637848298410e-01   -3.7275460241862756e-04   -2.5284962804452671e-01   -3.0843880730920290e-04   -1.3093773598628045e-01 
  -7.9716764608822585e-02    2.1979964703575385e-04   -2.6199917339719403e-01   -2.6709569597908401e-07   -2.9830613597338135e-01 
  -7.0958827300806409e-06   -5.3054121559239897e-03    2.4596299620368742e-07    7.1244917678173181e-04    1.1692054183409523e-07 
  -8.7757811220446130e-06   -4.3024460756814851e-03   -1.4892492721054267e-06   -5.9087574471960032e-05   -1.2612502248877650e-07 
   1.0738991656464553e-05   -1.2148491621872580e-03   -2.0118927798078809e-06   -2.2099692534654821e-03   -2.0001015259357607e-07 
2    103 5 
   4.3348623007222330e-02    1.1433776941424900e-01    1.1111505081451006e-01   -8.2646629931764345e-02    4.8315793886694748e-02 
   3.8129420770873231e-02    2.6699295961751112e-03   -8.2315074971081991e-03    5.0059636454563728e-03   -3.2420151159309927e-03 
   2.7885358111248797e-02    1.6144518584357902e-03   -5.5320884938341638e-03    1.7157071424791484e-03   -1.1194870354985459e-03 
   2.2268281573682526e-02    2.0798678663708037e-02    1.2751868565087747e-02    1.2390098041388882e-02   -1.0369870541259480e-02 
   6.7474123912430132e-03   -1.6173283445672277e-02   -8.6564603895126855e-03    5.9145250822940270e-03   -4.0169695635520544e-03 
  -2.7620605320176597e-03   -2.9295997641451722e-03   -1.7806988057119241e-03    1.1975779634026042e-02   -9.3257306444207745e-03 
  -1.5152003657039850e-02   -4.7587393441549117e-03    5.2225647093614590e-04    9.3000664200825910e-04   -8.6541831279113995e-04 
  -3.3946673495173665e-03   -5.0836515134368362e-03   -2.6011342277641541e-03    2.5692566643410021e-03   -1.4882435477613207e-03 
   2.6482173976866395e-02    4.8335578115935265e-02    1.1685764207607498e-02    2.2230492077114451e-02   -1.4527620399767516e-02 
  -1.0270538974709005e-02   -8.5418817039667537e-04   -3.5944615564657673e-03    3.0370674604440350e-03   -1.6096825030311431e-03 
  -1.4264315936085766e-02   -9.8685256605225767e-04   -2.1032136453916009e-03    4.0256826094680985e-04    5.1110076509639773e-05 
   2.0451447169096866e-03   -4.7242688002764911e-03    6.8000061950101338e-03   -1.7908713976934859e-03   -9.1113861681424609e-04 
   1.5716785203674789e-03   -3.2172787684781141e-03    4.2295335109813611e-03    1.3259991816615480e-04   -2.1430609488010553e-04 
  -2.2590114038316578e-03    6.8889322850004256e-04   -4.6094881991220332e-03    2.4084908931539346e-03    1.3278019072091513e-03 
   1.4893627364066348e-03   -2.3669181792685722e-03    5.5356960759474520e-03   -9.5146114889280370e-04    9.4412577217133087e-04 
  -6.9010203800862029e-04    2.9813047997592065e-03   -3.1797982392822886e-03    2.9087560585991648e-03    1.8124104166176379e-03 
   5.0908558394478635e-04   -7.1114753894136939e-03   -2.8158189844098439e-03    1.2935890995095780e-03   -2.2609128459936064e-04 
  -3.8373090728740368e-03    4.0437991035217448e-03   -1.2083209583020089e-03    2.6643135840781602e-03   -1.6016982531493753e-03 
  -5.6787094938087388e-04   -3.8327704249196937e-03   -1.9349476080009738e-03    1.9936749352569443e-03   -8.7077438356726903e-04 
  -3.6751618066902005e-02    3.0792298255052633e-03   -2.6609272854015407e-02    1.2394882638412791e-02   -5.2442247765859332e-03 
   2.6628307279154568e-02   -2.5298968389727425e-02    5.2228011103964290e-03    4.4217880991414080e-03   -1.4676077818654871e-02 
  -1.7287638710114368e-02   -3.0709735594174705e-03   -1.9712820468067362e-02    8.6164301174180506e-03   -1.0399561275492668e-02 
   1.2526620515356213e-05   -1.7498581047453507e-04   -6.9286377320524177e-05    3.1830207460982264e-05   -5.5632290784190765e-06 
  -9.4421284106209895e-05    9.9502202395203608e-05   -2.9732089422203006e-05    6.5558417394265565e-05   -3.9411577994098593e-05 
  -1.3973100219158378e-05   -9.4309605594050297e-05   -4.7611551312663445e-05    4.9056602922092771e-05   -2.1426378199354868e-05 
  -2.8323330858594407e-05   -9.2113616421536967e-06   -3.0979814920292252e-06   -4.7440441975351813e-07    9.4162621525849130e-07 
   2.1852295488088875e-05   -4.7413817849426867e-06   -7.4835407649136958e-06    4.4373644578145596e-06   -2.0905573635827463e-06 
  -1.1386147095660270e-05   -6.1908697172716744e-06   -5.2160884068282309e-06    1.9198692714252025e-06   -6.2762477662158932e-07 
  -4.3243135008926929e-05   -1.4063605622388682e-05   -4.7298967972308948e-06   -7.2430514880660833e-07    1.4376441018769559e-06 
   3.3363369893327840e-05   -7.2389866036158229e-06   -1.1425625229519033e-05    6.7748228939275069e-06   -3.1917945939569269e-06 
  -1.7383996908673372e-05   -9.4520173613486482e-06   -7.9637531447516182e-06    2.9311935985995916e-06   -9.5823697734899386e-07 
  -3.2419694151338756e-04   -1.0543587851546085e-04   -3.5460381746597958e-05   -5.4301686017220253e-06    1.0778122833070603e-05 
   2.5012762085273999e-04   -5.4271211281609432e-05   -8.5658746839783876e-05    5.0791342048923245e-05   -2.3929117190189540e-05 
  -1.3032909450035602e-04   -7.0862464505593495e-05   -5.9704838975322113e-05    2.1975372494464966e-05   -7.1839726059973743e-06 
  -1.9605183850414201e-05   -6.3760311034278756e-06   -2.1443980942652308e-06   -3.2837895779812813e-07    6.5178616034528656e-07 
   1.5125984748632071e-05   -3.2819466772072830e-06   -5.1800472649452836e-06    3.0715083067410547e-06   -1.4470671428971518e-06 
  -7.8814002587744121e-06   -4.2852706698599185e-06   -3.6105348169122969e-06    1.3289182060884125e-06   -4.3443686747767082e-07 
   1.1124887583088550e-03   -1.5540484105656518e-02   -6.1533209039530672e-03    2.8268396836618344e-03   -4.9407019251929173e-04 
  -8.3855511535992286e-03    8.8367873406827342e-03   -2.6405058892529144e-03    5.8222409048180671e-03   -3.5001409527732098e-03 
  -1.2409505734990846e-03   -8.3756329885865729e-03   -4.2283803150300094e-03    4.3567153012056903e-03   -1.9028759471746784e-03 
   2.8037085776119900e-05   -3.9165329322973325e-04   -1.5507679039775750e-04    7.1242379839098508e-05   -1.2451620983698706e-05 
  -2.1133374626715220e-04    2.2270585909801033e-04   -6.6546371418506095e-05    1.4673286937817213e-04   -8.8211005629027775e-05 
  -3.1274597080880979e-05   -2.1108378738790543e-04   -1.0656418835797385e-04    1.0979850330148342e-04   -4.7956526080635014e-05 
  -4.7539462056694548e-03    3.9830880149813554e-04   -3.4419995193053295e-03    1.6033200274702291e-03   -6.7835822719274335e-04 
   3.4444616866309342e-03   -3.2725072013090385e-03    6.7558700344940445e-04    5.7197325891669563e-04   -1.8984003461588325e-03 
  -2.2362145879216895e-03   -3.9724082553121054e-04   -2.5499200578493505e-03    1.1145644033563084e-03   -1.3452184547700064e-03 
  -6.3335197717896016e-02    5.3065317957484400e-03   -4.5856581178837126e-02    2.1360483806860737e-02   -9.0375344154243753e-03 
   4.5889383791158596e-02   -4.3598493054247608e-02    9.0006143502592336e-03    7.6202039054703323e-03   -2.5291737867858398e-02 
  -2.9792321355415704e-02   -5.2923035175776664e-03   -3.3971711929789275e-02    1.4848959959141962e-02   -1.7921884918473331e-02 
   2.0694154531484869e-02   -8.6102693906060040e-02    4.4646960533721641e-03    4.0817131891341916e-02   -2.6907186846235630e-02 
  -5.0900521387165359e-02    5.5885521786141895e-02   -4.9175751855107641e-02    1.7918698505263952e-02   -5.0382595638674551e-03 
   1.7989469667015554e-03   -4.8404340648594384e-02   -3.6534153588533643e-03    4.4152963320331785e-02   -1.6554570901443445e-02 
  -1.0052777719063372e-03   -3.2693813994119018e-04   -1.0995641534050715e-04   -1.6837999049381683e-05    3.3421065776817665e-05 
   7.7560181847888320e-04   -1.6828549369143716e-04   -2.6561272837865760e-04    1.5749503042417119e-04   -7.4199989365556724e-05 
  -4.0412763032953558e-04   -2.1973205576041272e-04   -1.8513421877750801e-04    6.8141770230535314e-05   -2.2276237218897328e-05 
  -1.0977586861537737e-03   -3.5701493953736653e-04   -1.2007189794863985e-04   -1.8387017230925009e-05    3.6495649543155809e-05 
   8.4695360528789696e-04   -1.8376698223728690e-04   -2.9004787321393295e-04    1.7198384616256613e-04   -8.1026045850088340e-05 
  -4.4130550670359674e-04   -2.3994639051851276e-04   -2.0216571225076076e-04    7.4410498521829707e-05   -2.4325548206933714e-05 
  -2.4735984593425992e-05   -8.0446788127551663e-06   -2.7056006526965645e-06   -4.1431781017081210e-07    8.2236272526302633e-07 
   1.9084550726855574e-05   -4.1408529021333222e-06   -6.5356984314226617e-06    3.8753414777348040e-06   -1.8257737762352421e-06 
  -9.9440126072344228e-06   -5.4067531361648384e-06   -4.5554346384404784e-06    1.6767045146088641e-06   -5.4813174631447682e-07 
  -1.0879194298024078e-03   -3.5381499991886687e-04   -1.1899568857820794e-04   -1.8222213637608956e-05    3.6168537532024415e-05 
   8.3936232521400478e-04   -1.8211987120099463e-04   -2.8744816217113588e-04    1.7044234786058840e-04   -8.0299806061405975e-05 
  -4.3735006725730132e-04   -2.3779574113019547e-04   -2.0035369263899969e-04    7.3743554156529870e-05   -2.4107517315705584e-05 
   2.3165733401089889e-03   -3.2360480861197777e-02   -1.2813270293986719e-02    5.8864248281375285e-03   -1.0288192375737706e-03 
  -1.7461519587917557e-02    1.8401144112914217e-02   -5.4984156035362544e-03    1.2123851103265765e-02   -7.2884630583988485e-03 
  -2.5840737656809974e-03   -1.7440866654142257e-02   -8.8049007565078972e-03    9.0721370816908807e-03   -3.9624235803160240e-03 
  -1.6723675017457731e-01    1.4011910662564736e-02   -1.2108441888227468e-01    5.6402411656270787e-02   -2.3863632540605570e-02 
   1.2117103426328783e-01   -1.1512193146341165e-01    2.3766145014917979e-02    2.0121167735115346e-02   -6.6782897972903682e-02 
  -7.8666700084028637e-02   -1.3974340857975847e-02   -8.9702391493435896e-02    3.9208716424953168e-02   -4.7322782572151979e-02 
  -1.9677613521910006e-04   -6.3995868038891376e-05   -2.1523203892413417e-05   -3.2959212571437550e-06    6.5419412845410519e-06 
   1.5181866402930909e-04   -3.2940715479307914e-05   -5.1991845056156796e-05    3.0828557309402515e-05   -1.4524132084373738e-05 
  -7.9105174165641838e-05   -4.3011022350855621e-05   -3.6238736283566798e-05    1.3338277805074123e-05   -4.3604185725165908e-06 
  -1.4752450576880612e-03   -4.7978169675764619e-04   -1.6136103157296549e-04   -2.4709762389206572e-05    4.9045411614364814e-05 
   1.1381956126166606e-03   -2.4695894984139659e-04   -3.8978665971753379e-04    2.3112394577579206e-04   -1.0888847903646182e-04 
  -5.9305726832919819e-04   -3.2245677596300071e-04   -2.7168445268867003e-04    9.9998042893242019e-05   -3.2690376510311414e-05 
   3.7332188574980114e-03   -5.2149765905120563e-02   -2.0648922034767005e-02    9.4861284083557779e-03   -1.6579692566462956e-03 
  -2.8139698008921146e-02    2.9653927640658214e-02   -8.8608413392675580e-03    1.9537904878971113e-02   -1.1745549886416320e-02 
  -4.1643028278795322e-03   -2.8106415263023286e-02   -1.4189329115324839e-02    1.4619987480984286e-02   -6.3855498012139822e-03 
  -2.1253621908345754e-01    1.7807321125577598e-02   -1.5388259190812942e-01    7.1680149895873957e-02   -3.0327581877086011e-02 
   1.5399266882349519e-01   -1.4630504372559799e-01    3.0203687875942048e-02    2.5571394502113241e-02   -8.4872401668774675e-02 
  -9.9975172838376494e-02   -1.7759574776699785e-02   -1.1400010530494725e-01    4.9829193256721145e-02   -6.0141118946011832e-02 
  -2.1968019827975855e-03   -7.1444766227446064e-04   -2.4028430548432206e-04   -3.6795551171772959e-05    7.3034006736759065e-05 
   1.6948983259271475e-03   -3.6774901081953310e-04   -5.8043516395673048e-04    3.4416894990176023e-04   -1.6214690935890095e-04 
  -8.8312743444796831e-04   -4.8017356920494872e-04   -4.0456800126284357e-04    1.4890807310889652e-04   -4.8679562464554803e-05 
  -5.5364088099618096e-05   -1.8005602519694207e-05   -6.0556761883691860e-06   -9.2732624638009907e-07    1.8406124971230948e-06 
   4.2715047132753775e-05   -9.2680582014187059e-06   -1.4628202179830997e-05    8.6737904520863672e-06   -4.0864474108835225e-06 
  -2.2256691985365938e-05   -1.2101396483044028e-05   -1.0195975167355940e-05    3.7528005450206935e-06   -1.2268286381944705e-06 
  -1.8918014251106360e-03   -6.1525486422611415e-04   -2.0692360763807822e-04   -3.1686914291585151e-05    6.2894079260702871e-05 
   1.4595812883978305e-03   -3.1669131227997545e-04   -4.9984845195710336e-04    2.9638507020729216e-04   -1.3963468560412257e-04 
  -7.6051540017064230e-04   -4.1350702049420098e-04   -3.4839841157123074e-04    1.2823390871085426e-04   -4.1920968009565204e-05 
  -2.5462995057607318e-04   -8.2811183874873217e-05   -2.7851204300062980e-05   -4.2649494354317542e-06    8.4653262658071173e-06 
   1.9645461008401864e-04   -4.2625558963730024e-05   -6.7277878601830815e-05    3.9892408778556262e-05   -1.8794347346473703e-05 
  -1.0236275128425182e-04   -5.5656619555162907e-05   -4.6893225230537508e-05    1.7259842076348970e-05   -5.6424177879834711e-06 
  -1.1003584317634027e-03   -3.5786043320855415e-04   -1.2035625588036846e-04   -1.8430561926059925e-05    3.6582079653768563e-05 
   8.4895938665376482e-04   -1.8420218481075964e-04   -2.9073477343570406e-04    1.7239114355372122e-04   -8.1217934203714053e-05 
  -4.4235061986738099e-04   -2.4051463888052980e-04   -2.0264448725793735e-04    7.4586719734453616e-05   -2.4383156712291456e-05 
  -2.1494528320159818e-05   -6.9904869124680435e-06   -2.3510529622453368e-06   -3.6002471907384373e-07    7.1459855664317081e-07 
   1.6583670422601447e-05   -3.5982266902840582e-06   -5.6792465444684143e-06    3.3675084502437298e-06   -1.5865204795576781e-06 
  -8.6409279483070214e-06   -4.6982406528622387e-06   -3.9584807500494211e-06    1.4569855724836714e-06   -4.7630339111168433e-07 
   2.9513056233448514e-03   -4.1227129521961579e-02   -1.6324057614468358e-02    7.4992828398265602e-03   -1.3107117951698341e-03 
  -2.2245909533579800e-02    2.3442987604211880e-02   -7.0049605636228890e-03    1.5445740187953869e-02   -9.2854742120021642e-03 
  -3.2921001479855722e-03   -2.2219597774511234e-02   -1.1217410071054569e-02    1.1557868132804275e-02   -5.0481125687610361e-03 
2    103 5 
   1.7490605291123444e-03    2.1128250564929454e-01   -2.8547601143223619e-03    2.5663379061188107e-01   -3.4262268499566598e-04 
   1.9016044111838513e-02    1.1664232088014282e-02    1.6867703581020601e-03    2.4529223917151535e-02    6.1263208134896212e-05 
   1.7490514410586043e-02   -6.2670054864013792e-03    2.0766332615482410e-03    1.3391563446678729e-02    1.1386897979030815e-04 
   2.5257624998017230e-03   -1.1113049578399712e-02    1.3712263274996773e-04   -6.7033816396043777e-03    1.9738579619077001e-05 
   6.3540453944138057e-04    1.1791430639110940e-02    2.7886573963807474e-04   -2.1058602214120488e-02    2.4500184519721482e-05 
  -4.2962431779076877e-03    1.8069245543154824e-02    8.1012516775786877e-04   -2.3632129014565208e-02    3.8126359507529900e-05 
   6.4295634272689263e-04    6.5960660521204948e-03    3.4072718264948768e-03   -1.5989049392972378e-03    8.8282669741923875e-04 
  -1.7690025792030419e-02    1.9579756134693307e-03   -8.1363538690906235e-04    1.3846453958750921e-05   -7.1666751629169564e-04 
  -3.5120808455858048e-03   -2.8478337103538718e-03   -1.6544237124664295e-03    2.6165068118960476e-03    4.8779077612729057e-04 
  -3.8203868065804993e-03    3.5853706055171907e-03    1.0956684592211578e-03   -4.6318287485511977e-03    7.8784878884486493e-04 
   8.1284417215528326e-04    5.0417025432374692e-03   -3.8684769678371481e-03    2.9707791926819288e-03   -1.4759946034438242e-03 
  -2.3677244554860306e-04   -6.9310577861056064e-04    3.6029796789286751e-03   -8.7729811515470759e-04   -3.1464920969283302e-03 
  -2.8185597287139940e-04   -1.9489336574390326e-03    2.7270805269341480e-03   -2.0327263019211117e-03   -2.1046127590244402e-03 
   3.7039767719310027e-04   -2.1630561441885441e-04   -5.3694236950205584e-03    8.2452569406482612e-04    2.8492484729915721e-03 
  -6.5572418053224838e-05    5.8328587395794942e-04    2.7264860110923052e-03    6.1426666583069541e-04   -8.8183993621817626e-04 
  -6.7231964259602869e-04   -4.6125226509673064e-04    4.9571000470757451e-03   -2.8184902022751105e-04    1.3724076626538207e-03 
   8.9994014971862833e-06   -9.2230661651307802e-04   -6.7098179556870834e-07   -4.3432093439351227e-05   -3.1924170259666562e-08 
  -8.4211227218657789e-06   -6.9274283876100563e-04   -3.0864597619062914e-06    2.6630926884137500e-04   -2.4979756084115429e-07 
   9.5334651706030832e-06   -4.1712911611314842e-04    8.6683809968835936e-07   -1.2308042170257222e-04    1.2211354794107071e-07 
   3.2861510306134285e-06   -3.3678226705894222e-04   -2.4501046205354315e-07   -1.5859323385232494e-05   -1.1657180206159469e-08 
  -3.0749912780348271e-06   -2.5295655430600565e-04   -1.1270274951846933e-06    9.7243408746527013e-05   -9.1214122656882274e-08 
   3.4811655425629757e-06   -1.5231560401462963e-04    3.1652781749503089e-07   -4.4943083687587459e-05    4.4590027630601374e-08 
   2.2144034515188247e-07   -2.2694386461185942e-05   -1.6510257981913553e-08   -1.0686952643334949e-06   -7.8552993587387826e-10 
  -2.0721114872798500e-07   -1.7045712802645125e-05   -7.5945796527426411e-08    6.5528375890127098e-06   -6.1465485352618397e-09 
   2.3458157951190898e-07   -1.0263928715023442e-05    2.1329521529382525e-08   -3.0285315164323162e-06    3.0047405054931855e-09 
  -5.7235833152501546e-02    4.7951917091133763e-04   -1.0599538793164824e-01    2.0820848955261869e-04   -5.9173830914956885e-02 
  -3.2534182059706158e-02   -8.4638865659720976e-04   -3.1729836247845762e-02   -8.4325359345567563e-04    2.0518875830128902e-02 
  -2.9503775543333000e-02    6.7988582031944310e-04   -6.4506989303549894e-02    5.0441923849595788e-04   -4.9241618970482591e-02 
  -3.9019136678816757e-04    3.4769605151895930e-06   -4.9710051418123404e-04   -3.9149891445239967e-07   -3.2270291848636120e-05 
  -2.9213848498394954e-04   -5.1010590322527290e-06   -1.9884665259132207e-04   -1.9956712593101973e-06    1.6881479062756682e-04 
  -1.7679382806722716e-04    4.4716735905374517e-06   -2.8521214288404332e-04    6.1150329665227729e-07   -8.1395877831495457e-05 
   3.4979876581945501e-04   -6.3357395115337445e-02    2.3968784362388056e-04   -4.7211623279721400e-02   -3.7960370070932763e-05 
  -4.4485789211053936e-04   -3.3886324374303972e-02   -5.7275861841053852e-04   -1.1717887668100644e-03   -2.2089272148350327e-04 
   4.2086242896407632e-04   -3.3395467616989610e-02    4.0446932897406280e-04   -3.3217036994231695e-02    7.3616908332158981e-05 
  -1.7690145455798338e-04    1.5763531049922919e-06   -2.2537096282789520e-04   -1.7749425876482819e-07   -1.4630414850089599e-05 
  -1.3244712037435428e-04   -2.3126722921103114e-06   -9.0151307977267059e-05   -9.0477949703894388e-07    7.6535732347791119e-05 
  -8.0153196620943068e-05    2.0273271779076778e-06   -1.2930691765196856e-04    2.7723786801135925e-07   -3.6902531447428491e-05 
   2.0580369518915695e-03   -3.7276249393704064e-01    1.4102006276138748e-03   -2.7776903397824076e-01   -2.2333939380958601e-04 
  -2.6173162108199845e-03   -1.9936979355180673e-01   -3.3698186397022774e-03   -6.8942055191563486e-03   -1.2996197460901915e-03 
   2.4761391837441883e-03   -1.9648184355497902e-01    2.3796905714786026e-03   -1.9543204907064304e-01    4.3312422008314329e-04 
  -9.7141483459290426e-02    8.1384686906510917e-04   -1.7989690472555406e-01    3.5337445844580269e-04   -1.0043068127849730e-01 
  -5.5217484123865859e-02   -1.4365030638393951e-03   -5.3852336783908404e-02   -1.4311821893533763e-03    3.4824932691114058e-02 
  -5.0074234375044421e-02    1.1539120430516651e-03   -1.0948219479470514e-01    8.5610762373887754e-04   -8.3573587580785536e-02 
  -3.7200703390871670e-04    3.3149215445753620e-06   -4.7393382728391678e-04   -3.7325364510944409e-07   -3.0766379207198292e-05 
  -2.7852377202508842e-04   -4.8633311802918949e-06   -1.8957967738259543e-04   -1.9026657405157461e-06    1.6094740910906939e-04 
  -1.6855459446482869e-04    4.2632773828819212e-06   -2.7192022258822442e-04    5.8300502516375549e-07   -7.7602534709409976e-05 
   5.9263990914823353e-04   -1.0734206221986041e-01    4.0608657247953090e-04   -7.9987395226191402e-02   -6.4313635347937217e-05 
  -7.5369202674757305e-04   -5.7411260875975742e-02   -9.7038540082753635e-04   -1.9852808419045984e-03   -3.7424329409743311e-04 
   7.1303816947687734e-04   -5.6579636146316961e-02    6.8526447145944667e-04   -5.6277333455760609e-02    1.2472404744922065e-04 
  -3.8957514440014865e-04    3.4714694123767498e-06   -4.9631545205016823e-04   -3.9088062707726758e-07   -3.2219327942210616e-05 
  -2.9167711579392654e-04   -5.0930030191119085e-06   -1.9853261755738984e-04   -1.9925195306616737e-06    1.6854818438696820e-04 
  -1.7651462067262138e-04    4.4646115547956458e-06   -2.8476171234472435e-04    6.1053756021160133e-07   -8.1267330747983356e-05 
   1.0364795335465116e-05   -1.0622394522227067e-03   -7.7278349977684071e-07   -5.0021633064200922e-05   -3.6767721842329197e-08 
  -9.6987798059974691e-06   -7.9784613966960428e-04   -3.5547390294020252e-06    3.0671384850883862e-04   -2.8769697565182049e-07 
   1.0979887424956012e-05   -4.8041616082225048e-04    9.9835522340707211e-07   -1.4175424678505077e-04    1.4064067843760816e-07 
   1.1318308658249186e-05   -1.1599605781011419e-03   -8.4387601427576323e-07   -5.4623392386059383e-05   -4.0150182517179224e-08 
  -1.0591022774667019e-05   -8.7124430133939947e-04   -3.8817586099968832e-06    3.3493010665673080e-04   -3.1416376928642775e-07 
   1.1989986380459895e-05   -5.2461222982299303e-04    1.0901992951498541e-06   -1.5479498309445725e-04    1.5357897159973085e-07 
   2.5503738856763086e-07   -2.6137590483954576e-05   -1.9015202841185237e-08   -1.2308382612177820e-06   -9.0471094302875430e-10 
  -2.3864933112092834e-07   -1.9631897143579250e-05   -8.7468331959826802e-08    7.5470374888701920e-06   -7.0791060502646167e-09 
   2.7017241778481184e-07   -1.1821177275209121e-05    2.4565647540513395e-08   -3.4880218806374042e-06    3.4606212852439213e-09 
   1.1216862191227746e-05   -1.1495638036284168e-03   -8.3631231877696484e-07   -5.4133800668638532e-05   -3.9790314776369272e-08 
  -1.0496095000997363e-05   -8.6343530275558489e-04   -3.8469662475773248e-06    3.3192811430563201e-04   -3.1134790647312499e-07 
   1.1882519638329098e-05   -5.1991010878364556e-04    1.0804277939316390e-06   -1.5340754928064876e-04    1.5220243694707113e-07 
   4.0951412184517368e-05   -4.1969189201241427e-03   -3.0532754969575251e-06   -1.9763598290702290e-04   -1.4526964436035707e-07 
  -3.8319978028244638e-05   -3.1522982430380810e-03   -1.4044810195463553e-05    1.2118295466971153e-03   -1.1366936878959670e-06 
   4.3381647309565057e-05   -1.8981291559726215e-03    3.9445116798801001e-06   -5.6007247621546127e-04    5.5567275630630712e-07 
   1.4953497229488202e-05   -1.5325140720834612e-03   -1.1149101886620727e-06   -7.2167209021540977e-05   -5.3045526603173411e-08 
  -1.3992623323892299e-05   -1.1510685597702548e-03   -5.1284929906752880e-06    4.4250219473501717e-04   -4.1506617247146818e-07 
   1.5840902871219524e-05   -6.9310598978021272e-04    1.4403470193164987e-06   -2.0451168286125370e-04    2.0290511556692886e-07 
  -1.7755500182071381e-03    1.5821768064391710e-05   -2.2620357653490583e-03   -1.7814999609189521e-06   -1.4684465663870514e-04 
  -1.3293643490935047e-03   -2.3212162616886158e-05   -9.0484364258275763e-04   -9.0812212734767652e-06    7.6818487051543848e-04 
  -8.0449315736422374e-04    2.0348169644167328e-05   -1.2978463097713432e-03    2.7826209955437722e-06   -3.7038864687172348e-04 
   1.5917451227380715e-03   -2.8830526153508318e-01    1.0906898289768010e-03   -2.1483458043654460e-01   -1.7273712723425190e-04 
  -2.0243078285872764e-03   -1.5419834722389592e-01   -2.6063149057299079e-03   -5.3321773451078360e-03   -1.0051633865717604e-03 
   1.9151174449627175e-03   -1.5196472342139963e-01    1.8405213071103343e-03   -1.5115278209605884e-01    3.3499076108590574e-04 
   6.5994277652017445e-05   -6.7634452079382464e-03   -4.9204337566287335e-06   -3.1849558377199490e-04   -2.3410585210421169e-07 
  -6.1753652309243055e-05   -5.0800115159807318e-03   -2.2633580972324433e-05    1.9528951824983422e-03   -1.8318117701607219e-06 
   6.9910665464956374e-05   -3.0588850507579399e-03    6.3566843026246433e-06   -9.0257152388484112e-04    8.9548125954993724e-07 
   1.9003955529587367e-05   -1.9476266205412432e-03   -1.4169062473918059e-06   -9.1715162673470504e-05   -6.7413984377001387e-08 
  -1.7782809419667607e-05   -1.4628588473767209e-03   -6.5176494322946699e-06    5.6236289755054794e-04   -5.2749527166988969e-07 
   2.0131733004873271e-05   -8.8084781806754755e-04    1.8304942504209967e-06   -2.5990782401805819e-04    2.5786608535665456e-07 
   2.3702833800503167e-03   -4.2931821183919422e-01    1.6241569944103712e-03   -3.1991229512478847e-01   -2.5722456186747097e-04 
  -3.0144167766963082e-03   -2.2961828149177371e-01   -3.8810892623325952e-03   -7.9401979374996278e-03   -1.4967987244891277e-03 
   2.8518202982340968e-03   -2.2629217023142656e-01    2.7407384527541523e-03   -2.2508310038629908e-01    4.9883805021904164e-04 
  -1.1187983944863591e-01    9.3732413593351706e-04   -2.0719095592601483e-01    4.0698861360021751e-04   -1.1566807605799229e-01 
  -6.3595109303891215e-02   -1.6544500498304319e-03   -6.2022841105185161e-02   -1.6483218895221577e-03    4.0108589446487063e-02 
  -5.7671523049584873e-02    1.3289841735695763e-03   -1.2609288987489142e-01    9.8599671411028376e-04   -9.6253415407262483e-02 
   2.0411969360045919e-03   -3.6971234155070981e-01    1.3986615729088482e-03   -2.7549617151053596e-01   -2.2151190527179058e-04 
  -2.5958998574688251e-03   -1.9773843776506539e-01   -3.3422448882316530e-03   -6.8377932519402655e-03   -1.2889855263542081e-03 
   2.4558780202338375e-03   -1.9487411859944442e-01    2.3602186047615046e-03   -1.9383291412403805e-01    4.2958015410292317e-04 
  -2.2975764458328762e-03    2.0473499064184837e-05   -2.9270930364132535e-03   -2.3052757210369185e-06   -1.9001820327775484e-04 
  -1.7202084903760052e-03   -3.0036730893817212e-05   -1.1708751761659653e-03   -1.1751175626358806e-05    9.9403759198156611e-04 
  -1.0410208162201866e-03    2.6330700239837625e-05   -1.6794238861559823e-03    3.6007346408055681e-06   -4.7928598019202881e-04 
   1.1345113022098773e-05   -1.1627076321288599e-03   -8.4587450719670867e-07   -5.4752753170291712e-05   -4.0245267404269082e-08 
  -1.0616104757899957e-05   -8.7330760867268726e-04   -3.8909515091570237e-06    3.3572329835295341e-04   -3.1490778150897601e-07 
   1.2018381431981944e-05   -5.2585463250988829e-04    1.0927811383790950e-06   -1.5516157329571761e-04    1.5394268200547281e-07 
   2.2161674424407002e-07   -2.2712464780052185e-05   -1.6523410032041519e-08   -1.0695465855971258e-06   -7.8615568800355124e-10 
  -2.0737621286072777e-07   -1.7059291395389884e-05   -7.6006294850592014e-08    6.5580575709503354e-06   -6.1514448678653827e-09 
   2.3476844689437010e-07   -1.0272104947346265e-05    2.1346512598611567e-08   -3.0309440407164240e-06    3.0071340778887875e-09 
   5.2171943349047091e-05   -5.3468587396857618e-03   -3.8898613688474195e-06   -2.5178749044109329e-04   -1.8507297432761510e-07 
  -4.8819506243600637e-05   -4.0160159706839589e-03   -1.7893034764326756e-05    1.5438662328447475e-03   -1.4481434345394536e-06 
   5.5268053654048693e-05   -2.4182093244642352e-03    5.0252928757402887e-06   -7.1353020425314899e-04    7.0792497782486843e-07 
 TENSORSUMACCUMULATOR_IMPL_H - PrettifyOut: Norm of simple tensor is 6.4819e-06 
 As simple full tensor 3    5 5 5 
   5.1182019075668905e-08    2.0057091556837754e-09    9.4277264600257186e-08   -2.7942161539983343e-08    2.5576512199207711e-08 
   9.8803902850862199e-09    2.7437498081709694e-08    2.2393413298027232e-08    1.6070222791492993e-08    3.6940902938042812e-09 
   1.5908138725766311e-09   -9.8332100449347540e-09    2.9513507390820365e-09    2.3298810504881881e-08   -1.3593452377373748e-10 
  -4.4343845549081399e-10   -2.0425371712053993e-09   -7.5478686678670571e-10   -1.6003948569670390e-08    7.8216910316158268e-11 
  -2.8099623438657722e-10    5.6095281765207211e-09    2.7757444429702857e-10    8.9907125824095959e-09    2.6571138320826948e-10 

   8.3591767408326648e-07    6.3639963384025181e-07    4.7088463865360202e-08    1.9338685120917366e-06   -1.3563451992971068e-08 
   1.7397014976321213e-07   -2.0582701042174227e-08   -5.4156439026153202e-09    7.8546193169354508e-07    1.8069762118925365e-10 
  -7.8009179563738551e-08    1.8275418055925819e-06   -8.4076966886917202e-08    2.7539036967136984e-06   -2.0007289721212818e-08 
   1.4884229513531628e-07   -2.2684348352464641e-06    7.1531349115477129e-08   -2.7189789049967327e-06    2.2746019971382089e-08 
  -1.2542516812308974e-07    2.0308113413145064e-06   -4.8522185512983997e-08    2.0755414140602270e-06   -1.5271366626411019e-08 

  -1.1991181432784871e-08    7.4805072455290003e-10    1.4434445451505991e-08   -1.0631652021319014e-08    4.9239223769701643e-09 
  -1.0139516476854550e-08    9.7786408561050842e-09    2.6863665303602836e-09    1.2712467633512252e-09    8.3449401817975939e-10 
  -1.7328212251343219e-09   -1.4404630371303480e-09    6.1055286750115240e-10    7.3959494169781665e-10    1.4727379265860434e-11 
   5.6090159428833906e-10    7.2233608989756522e-10   -3.4406584560987239e-10   -4.7900772597736516e-10   -3.5507603388836243e-11 
  -6.2486222701320403e-11   -5.7450601777122757e-10   -1.9855045975928859e-10   -5.2772912295144275e-11   -1.7455742744328954e-10 

   1.9874657026117689e-08    5.4663934966755270e-07    1.4883261864174759e-08   -3.9927290326603378e-07   -1.1001202661898425e-10 
   2.8905891085971570e-08    3.8833703585683403e-08    2.3864353142187144e-08   -6.7698808100793257e-07    7.2707029248502127e-09 
   5.0380752463121048e-08    4.0697040852654527e-07    2.1909446119503333e-08   -1.2415891078178206e-06    6.1285681927257360e-09 
  -3.6104105654238720e-08   -7.8585008761329427e-08   -1.5479468167335256e-08    1.1246890479431233e-06   -3.6441225216907870e-09 
   2.2171585010164692e-08    3.7394221900896651e-08    9.5746111947361566e-09   -8.0359729644989843e-07    2.1823797046170641e-09 

  -6.5051421387386730e-09   -5.1586296430924834e-10    6.3146982839479353e-10   -1.4758246696723654e-09    5.7842988892963549e-10 
  -3.8184438641294880e-09    8.1436998836738464e-10    3.9129236005475819e-10    6.7300231695748945e-10    1.9069946702422201e-11 
  -4.9316114332345846e-10    5.2927518191030982e-10   -2.4814810204232283e-11    4.9357731164872665e-10   -6.6087981393415924e-12 
   8.1987222147665858e-11   -8.0217172553486125e-10   -1.4898425638147221e-10    7.2201206337920837e-11    3.8727069028206659e-10 
  -1.7030448508036362e-11    3.6961052909760656e-10    1.8993787855698384e-10   -4.7574233562642654e-11    1.0319609803282328e-10 
