2    8 5 
   2.5868632473399761e-05   -5.5050732058300241e-04    3.2735574444444192e-05   -3.9898850662574789e-04    1.3747581616656058e-06 
   2.5868632473399761e-05   -5.5050732058300241e-04    3.2735574444444192e-05   -3.9898850662574789e-04    1.3747581616656058e-06 
   2.5868632473399761e-05   -5.5050732058300241e-04    3.2735574444444192e-05   -3.9898850662574789e-04    1.3747581616656058e-06 
   2.5868632473399761e-05   -5.5050732058300241e-04    3.2735574444444192e-05   -3.9898850662574789e-04    1.3747581616656058e-06 
  -8.7496118449662537e-07    1.0004108987951971e-03   -1.1457950334605987e-06    7.2855958095277996e-04   -2.7909697174608909e-07 
  -8.7496118449662537e-07    1.0004108987951971e-03   -1.1457950334605987e-06    7.2855958095277996e-04   -2.7909697174608909e-07 
   2.2596491347965062e-06   -5.2055152619343177e-04    1.8918580129006448e-06   -3.6783730692014575e-04    6.7480323971816795e-08 
   2.2596491347965062e-06   -5.2055152619343177e-04    1.8918580129006448e-06   -3.6783730692014575e-04    6.7480323971816795e-08 
2    8 5 
   7.0054385222326893e-04   -1.7910430692701697e-05    2.0693705246680319e-06   -1.5355860542746203e-07    1.4290114957859642e-08 
   2.7682173726248862e-06   -3.8591381160404321e-06    1.0320321956181971e-07   -6.5086150132266100e-10   -1.6766917380729986e-09 
   2.0108958393313034e-04    2.1101190956505142e-05   -7.4355457623771838e-06    9.8366097391405506e-07   -1.2999947425778852e-07 
   2.3438250089056745e-05    1.6930471302024929e-05   -1.0549234844901275e-06    9.0426453514239308e-08   -5.2476418932438568e-09 
  -1.1950572111161428e-03    7.4620571525598400e-05   -2.4945648566330198e-05    1.1493540011790713e-05   -3.4328050189914133e-06 
   3.1630421146364732e-04   -1.1744593385468534e-04    5.5571728178910901e-05   -1.3770764210492311e-05    2.6193303071499324e-06 
  -7.8060417241777890e-04    3.6205638887628917e-04   -2.7875816438662828e-05    2.3970208132582873e-07    4.7862860728808678e-07 
   8.9889219436303238e-04   -1.6787722702172862e-04    2.2321473319464448e-05   -6.0755818647908571e-06    1.3624069758214888e-06 
2    8 5 
   6.9841554372057797e-04    2.6388435756550371e-06    5.7326119268184162e-05   -2.5721980910207969e-06    1.6257721057681095e-06 
  -7.1914490595264130e-07   -4.4812995668818580e-06    7.8772397184106308e-07   -1.1604529774129503e-06    1.5911873846927233e-08 
  -1.2649795881056278e-04   -9.0475562984639285e-06   -1.5724069384671381e-04    1.0832595478493808e-05   -3.6027866065436880e-06 
  -8.7466473249965728e-06    8.8861185689733577e-06    2.0869581482654609e-05   -1.5680656452913569e-05    4.7342695322965767e-07 
  -6.0459072632620201e-06    1.1976888607506178e-03   -2.4880300233864318e-07    9.5706948847746271e-07   -2.2011543790488921e-08 
  -2.4156513657719678e-05   -2.9495438000974638e-04   -2.5954710103390131e-06   -1.7186676280607277e-04   -2.6327437151919237e-07 
   1.1132657179944069e-05   -8.5765688615182666e-04    2.3856562566838491e-06   -7.4162150052388252e-05    2.5324106323560126e-07 
   1.6111945211678735e-05   -8.5608742489547520e-04    5.4731261917417510e-06    3.2179390827905555e-04    6.3960903517320706e-07 
 TENSORSUMACCUMULATOR_IMPL_H - PrettifyOut: Norm of simple tensor is 1.89437e-09 
 As simple full tensor 3    5 5 5 
   1.2006831386230432e-11    1.1137365401258647e-12    2.4099496602189332e-13    8.3314721834674062e-13    1.1911546231670422e-14 
  -3.9548945077221061e-13   -4.8724432303934509e-13   -1.0370482010878062e-13   -2.0011462579068645e-13   -2.5751729828286109e-15 
   6.3109783922688674e-14    5.2953496640597987e-14    3.2992747593075780e-14    2.7483394490829332e-14    7.9577033756748749e-16 
  -6.4590872668727727e-15   -4.5297457133964681e-15   -4.2826726091065323e-15   -6.2892007061747681e-15   -1.0862196939582565e-16 
   7.8364474759769439e-16    7.4061149554318491e-16    5.7174094598913023e-16    1.2720137087101928e-15    1.5432103451470069e-17 

  -2.5866084350482664e-10   -1.4732765632401327e-09   -7.0872333279890395e-12   -2.3624095494773968e-10   -4.8766173927332019e-13 
   1.0132451115145235e-11    2.1093248639020435e-10    2.5139983539109518e-12    6.2355712997871838e-11    9.0958953793382735e-14 
  -2.5362315287610243e-12   -4.8819885563266283e-11   -8.6392992034326031e-13   -1.4355739916205899e-11   -3.4169915098315044e-14 
   4.4081634837761271e-13    1.5238944094624106e-11    1.3886269743298383e-13    3.4003868918338812e-12    7.4299748520411281e-15 
  -7.1310436413654676e-14   -4.0658430943091110e-12   -2.2065683900785837e-14   -6.6263812589913747e-13   -1.4002445045657102e-15 

   1.5188508316121524e-11    1.5649900379116597e-12    3.0202982357338418e-13    7.2054043162461894e-13    1.4710671089896525e-14 
  -5.0184878705774184e-13   -4.5996653590650474e-13   -1.3119147287775705e-13   -1.7576276910961842e-13   -3.2447129080768783e-15 
   7.9860800780817157e-14    6.4151480219233731e-14    4.1702277212746972e-14    2.6197530434206196e-14    1.0005701704426454e-15 
  -8.0916928598454572e-15   -1.1253731030798920e-14   -5.3891726080161713e-15   -6.1414192066665212e-15   -1.3388477989020402e-16 
   9.6691046567535100e-16    2.6513824641309743e-15    7.1542127698628240e-16    1.2372924149152779e-15    1.8591827363705532e-17 

  -1.8741512684064794e-10   -1.0740548773019336e-09   -5.1095468327973518e-12   -1.6813610162002927e-10   -3.5007799640512714e-13 
   7.3645061034199632e-12    1.5173547766895684e-10    1.8225393994210233e-12    4.4500614122530013e-11    6.5878150870789788e-14 
  -1.8418732649622949e-12   -3.5499432778867199e-11   -6.2610340875560659e-13   -1.0350694448560422e-11   -2.4746263649817840e-14 
   3.1950959844427682e-13    1.1154151859298952e-11    1.0044930305967961e-13    2.4541715658959180e-12    5.3606672296688544e-15 
  -5.1574467443025829e-14   -2.9787447804223602e-12   -1.5932051302023111e-14   -4.7803893774456823e-13   -1.0076248907502999e-15 

   6.3788092206006786e-13    4.1907058616045969e-13    1.2768346270069903e-14    3.8925046865652248e-14    6.2643013159697532e-16 
  -2.1642533907692007e-14   -4.5964495271869607e-14   -5.5749580229288147e-15   -1.1092076905164974e-14   -1.4283926102303501e-16 
   3.6284655172782985e-15    1.3323618898044684e-14    1.7825376575427547e-15    3.2010365752189731e-15    4.5185922367916540e-17 
  -3.9946307429611571e-16   -4.6501577845725528e-15   -2.3352671209268860e-16   -7.8350491965270390e-16   -6.3557906091204617e-18 
   5.0100768687697017e-17    1.2583233187592410e-15    3.1314805151026300e-17    1.5187799806463671e-16    9.1072827438968578e-19 
