2    104 5 
  -1.0433640901600911e-06    1.4305525927621484e-04   -4.3166452782648462e-07    3.9226211582532529e-06   -2.3868614200129285e-08 
  -8.8099493126725690e-06   -4.8758519608616421e-06    1.0188163220390869e-05   -9.7417784772889826e-04    2.7566459831334243e-06 
   1.1747916182215361e-05   -2.1736523599090758e-05   -1.6038281801861846e-06   -1.7928256645407005e-04    4.5059901387736699e-07 
   1.9259349481919590e-05    8.8000391872257304e-06   -8.2655797834439530e-06   -4.9891571325344192e-05    7.0555519467119268e-07 
  -1.9941616364005039e-05   -1.7075789793031894e-07    9.3856057611805209e-06   -6.3075619044795331e-04    1.3048907357737849e-06 
   3.3346412173171593e-05   -2.0053936517122491e-05    2.7566881831367866e-05    1.8815182660750053e-04   -1.2688021395516991e-06 
   1.3079924307183845e-04    2.4037879817960097e-04    3.8275294161009416e-05   -2.2244761986117947e-05   -2.9259411334269514e-06 
  -4.1030891221882990e-04   -8.5587356723637614e-05   -4.6541159390588022e-05   -2.8942861109919533e-06   -1.2971061744430147e-06 
  -2.7945253948081182e-04    8.2806412549181902e-05   -6.7479334355712207e-05    7.2250355999718622e-06    3.9977155841882544e-06 
  -1.7899422813909740e-04   -1.5965116779844977e-04    7.8817889267849585e-08    1.6065779431726236e-05    4.3433838719970309e-06 
  -1.1499838209259007e-04   -4.2878984696725240e-05   -5.9329614982893034e-05   -1.4453033616977204e-05   -3.1260984262978604e-07 
  -1.0590714944600714e-05   -7.0313118981518337e-06    3.4698378224379034e-05    5.6180330007727201e-05   -1.3370946439953523e-05 
   4.6544739093948532e-05   -1.9874616799868741e-04   -2.1893497672791068e-04    2.9682552974862787e-05   -1.8096861021107342e-05 
   4.3500781008937482e-05   -3.2060829876398182e-04   -2.5235589982435560e-04    4.9567076203326305e-05   -3.8090965293251767e-05 
  -2.3853717550752123e-05    4.4470750731268437e-05   -1.1827366889726712e-04    6.8175611791422837e-05   -4.2911155915744098e-05 
  -1.2600313290423316e-05    1.1714276870385429e-05    5.5604307826376797e-06    4.8595909725579490e-06    6.4411278848298593e-06 
  -5.6276629025412132e-06   -3.4890527054128902e-04   -4.5842730648761969e-07    9.9104606520672453e-06   -1.9692527617040518e-08 
  -2.4649232515446452e-06   -2.0326458982302626e-04    1.1807325596840680e-08    1.2903493728504599e-06   -4.7152696535666525e-09 
  -1.8624702192244943e-05    2.9403945107149695e-06    1.6320672096280241e-06    1.4170140657917941e-04    2.4878364393143572e-07 
   1.2273226403768791e-06    1.0157971949644075e-04    2.3448512899373203e-07   -5.6090957673197183e-06   -3.2064202219818403e-09 
  -3.0605779371308732e-06   -1.0237698373997827e-04    3.1680405368904178e-07   -1.1972310855340839e-05    3.4978770629172895e-09 
   2.2623013128160539e-05   -1.0574634576929997e-06    7.2759475271150307e-06    4.6494894614319296e-05    2.9048885479744211e-07 
   1.8584179445244180e-05   -6.6220562110098003e-07   -1.4304400034434422e-05    2.1136415104523833e-05   -4.9803877167807811e-07 
  -1.0202915499717605e-05   -6.3256294031602441e-04   -8.3112566474872916e-07    1.7967599400926953e-05   -3.5702421899114147e-08 
  -4.4688894989504043e-06   -3.6851735257856596e-04    2.1406602959075511e-08    2.3393948508113286e-06   -8.5487525935498125e-09 
  -3.3766461489559479e-05    5.3309157368170247e-06    2.9589270214062334e-06    2.5690370986251659e-04    4.5104309563354883e-07 
   2.2251278030532130e-06    1.8416335741062309e-04    4.2511998292987841e-07   -1.0169253406764028e-05   -5.8132185861192673e-09 
  -5.5488074914269684e-06   -1.8560879219387680e-04    5.7436364717185040e-07   -2.1705720137969801e-05    6.3416279047613313e-09 
   4.1015372685417113e-05   -1.9171742319549613e-06    1.3191244586809236e-05    8.4294935416967412e-05    5.2665436619696928e-07 
   3.3692994018137457e-05   -1.2005743969633287e-06   -2.5933782344992403e-05    3.8320180332946342e-05   -9.0294098829551708e-07 
  -2.0930681593988989e-06   -1.2976657007772555e-04   -1.7050054618142799e-07    3.6859474341383921e-06   -7.3241420545460851e-09 
  -9.1676642018490508e-07   -7.5599169363847320e-05    4.3914388054841110e-09    4.7991310666352713e-07   -1.7537263595521413e-09 
  -6.9269911528055106e-06    1.0936060373605038e-06    6.0700649090564626e-07    5.2702286435633944e-05    9.2528840605748753e-08 
   4.5647189328313161e-07    3.7780030574088685e-05    8.7210866366516506e-08   -2.0861625788379498e-06   -1.1925476327397688e-09 
  -1.1383052504219327e-06   -3.8076553026068190e-05    1.1782732708556660e-07   -4.4528009370327059e-06    1.3009476993687615e-09 
   8.4140626878760247e-06   -3.9329702779916529e-07    2.7061063113046159e-06    1.7292610658661675e-05    1.0804004844750446e-07 
   6.9119197327600112e-06   -2.4629078260454366e-07   -5.3201630534514669e-06    7.8611598145190791e-06   -1.8523303779883598e-07 
  -1.1761229281570397e-05   -7.2917567300121312e-04   -9.5806532017029509e-07    2.0711830476255312e-05   -4.1155331520138882e-08 
  -5.1514328460931282e-06   -4.2480182042415167e-04    2.4676080630894062e-08    2.6966957847762963e-06   -9.8544224272897066e-09 
  -3.8923687608411337e-05    6.1451182520498347e-06    3.4108504698638419e-06    2.9614117994633245e-04    5.1993190218641691e-07 
   2.5649764788535386e-06    2.1229103307089870e-04    4.9004949531866464e-07   -1.1722425902934603e-05   -6.7010842790109888e-09 
  -6.3962890947959260e-06   -2.1395723229580398e-04    6.6208747348481960e-07   -2.5020882636078721e-05    7.3101987180396869e-09 
   4.7279740995169655e-05   -2.2099884797992317e-06    1.5205972459443760e-05    9.7169486774791269e-05    6.0709144882696841e-07 
   3.8838999288082162e-05   -1.3839407718959978e-06   -2.9894706106920139e-05    4.4172905971766679e-05   -1.0408491564362441e-06 
   1.6833157982434137e-06    1.0436263936977044e-04    1.3712227273036002e-07   -2.9643628753885451e-06    5.8903213321715604e-09 
   7.3729438359021179e-07    6.0799394206441062e-05   -3.5317427600702329e-09   -3.8596225861215816e-07    1.4104057116218446e-09 
   5.5709192218367877e-06   -8.7951475038060403e-07   -4.8817503204062592e-07   -4.2384950992771212e-05   -7.4414805120122972e-08 
  -3.6711004654442182e-07   -3.0383971032145703e-05   -7.0137911407248383e-08    1.6777620981395305e-06    9.5908690853390336e-10 
   9.1546336064323410e-07    3.0622444359308788e-05   -9.4760698669693153e-08    3.5810922497109830e-06   -1.0462658873300957e-09 
  -6.7668721567002038e-06    3.1630269531530391e-07   -2.1763416948894152e-06   -1.3907298997351969e-05   -8.6889440068161654e-08 
  -5.5587982790234216e-06    1.9807532949095444e-07    4.2786540308738328e-06   -6.3222090732566099e-06    1.4897063790457089e-07 
   5.4652399926807219e-04    5.1249894320820881e-02    5.1575845668048494e-04    3.3500059262881528e-02    6.9662265376955692e-05 
   2.2397017474760022e-04    3.0321380781917599e-02    1.8155220344424349e-04    2.0705127174223400e-02    1.0418177207022797e-06 
   1.5696393731034215e-03   -1.5116040858670701e-02    1.0006614738367467e-03   -3.7876240882717689e-02   -2.8867964625741457e-04 
  -1.2925895107560189e-04   -1.4638717060403379e-02   -1.3962058031286698e-04   -9.0309514109994174e-03   -3.0575681313841476e-05 
   2.5493443736491469e-04    1.6579027316925180e-02    1.6036143815707657e-04    1.3775161867704598e-02   -4.1551568171204850e-05 
  -2.5900992107948978e-03   -4.6570622272041982e-03   -3.2222033544186102e-03   -1.2218560091164616e-02   -1.0708915328751277e-03 
  -6.3053739864701755e-04   -2.0898083760601000e-03    1.6701261448530172e-03   -5.5355484330405751e-03    2.0486617026400852e-03 
   1.4352538168486335e-05    8.8983229794532435e-04    1.1691523688934673e-06   -2.5275192782397726e-05    5.0222936084163482e-08 
   6.2864293158370966e-06    5.1839686105209796e-04   -3.0112871760651894e-08   -3.2908489625695033e-06    1.2025611492643080e-08 
   4.7499602183026995e-05   -7.4990498145131641e-06   -4.1623507529464469e-06   -3.6138888943357055e-04   -6.3448660786144091e-07 
  -3.1301084208690456e-06   -2.5906434455384025e-04   -5.9802031893297719e-07    1.4305185382514450e-05    8.1775098148504941e-09 
   7.8055602158513143e-06    2.6109765139611295e-04   -8.0796279934428203e-07    3.0533642738030768e-05   -8.9208282236527622e-09 
  -5.7696714432108570e-05    2.6969072066247779e-06   -1.8556249086573196e-05   -1.1857848651354618e-04   -7.4084970052444250e-07 
  -4.7396254792983836e-05    1.6888594105283499e-06    3.6481298014280590e-05   -5.3905361743622632e-05    1.2701756668239458e-06 
   2.0930587869898191e-06    1.2976598900473269e-04    1.7049978270850428e-07   -3.6859309290823841e-06    7.3241092582631803e-09 
   9.1676231505823631e-07    7.5598830843413481e-05   -4.3914191413557598e-09   -4.7991095769291752e-07    1.7537185066588744e-09 
   6.9269601348979061e-06   -1.0936011403756120e-06   -6.0700377283212273e-07   -5.2702050443611559e-05   -9.2528426277079158e-08 
  -4.5646984927835418e-07   -3.7779861401431791e-05   -8.7210475850845933e-08    2.0861532373509043e-06    1.1925422927109643e-09 
   1.1383001532814421e-06    3.8076382525633354e-05   -1.1782679947450660e-07    4.4527809981349940e-06   -1.3009418739425921e-09 
  -8.4140250111108508e-06    3.9329526668086725e-07   -2.7060941938132433e-06   -1.7292533225243931e-05   -1.0803956466224093e-07 
  -6.9118887823397051e-06    2.4628967975561979e-07    5.3201392306512941e-06   -7.8611246135604811e-06    1.8523220835627936e-07 
   1.1663940693715999e-05    7.2314395048091249e-04    9.5014022834186730e-07   -2.0540502744206756e-05    4.0814895670244520e-08 
   5.1088203253247008e-06    4.2128787062880132e-04   -2.4471960722941687e-08   -2.6743887862055854e-06    9.7729068969723098e-09 
   3.8601711859886310e-05   -6.0942859910142445e-06   -3.3826360020007297e-06   -2.9369150767885442e-04   -5.1563103878743277e-07 
  -2.5437590590130434e-06   -2.1053496707412549e-04   -4.8599581842512590e-07    1.1625458295635985e-05    6.6456530812177564e-09 
   6.3433791549721792e-06    2.1218738354165107e-04   -6.5661070283531282e-07    2.4813910534756867e-05   -7.2497289411833226e-09 
  -4.6888644186713631e-05    2.1917075116090217e-06   -1.5080189044112314e-05   -9.6365703265046299e-05   -6.0206960388705163e-07 
  -3.8517724079177216e-05    1.3724928492215487e-06    2.9647417862482808e-05   -4.3807508823175043e-05    1.0322392788312049e-06 
  -1.6833204367811279e-06   -1.0436292695100693e-04   -1.3712265058390013e-07    2.9643710439740299e-06   -5.8903375635154812e-09 
  -7.3729641527541799e-07   -6.0799561744988089e-05    3.5317524921252678e-09    3.8596332216808429e-07   -1.4104095981297076e-09 
  -5.5709345730376382e-06    8.7951717396763630e-07    4.8817637725362729e-07    4.2385067788558371e-05    7.4415010177237268e-08 
   3.6711105815127414e-07    3.0384054758084523e-05    7.0138104678972911e-08   -1.6777667213734925e-06   -9.5908955138962962e-10 
  -9.1546588329010092e-07   -3.0622528742383677e-05    9.4760959791863489e-08   -3.5811021177532574e-06    1.0462687704158378e-09 
   6.7668908034637753e-06   -3.1630356691763951e-07    2.1763476920071524e-06    1.3907337320244778e-05    8.6889679500325917e-08 
   5.5588135968238545e-06   -1.9807587530647346e-07   -4.2786658211143264e-06    6.3222264947085168e-06   -1.4897104840741470e-07 
   2.1604800206403594e-03   -3.7105720836798485e-08    1.4118343381158735e-05   -3.9936092733058646e-09    2.3778568561330442e-06 
   2.1604800206403594e-03   -3.7105720836798485e-08    1.4118343381158735e-05   -3.9936092733058646e-09    2.3778568561330442e-06 
  -5.1707686766698128e-05    1.6095040882605147e-02   -5.0714747736350067e-05    4.2256812901926203e-04   -2.6005276699192470e-06 
  -2.6148014007340844e-05    1.6731918134387700e-05   -3.0218360766523691e-05   -6.4412799032070314e-04   -9.5497551125829652e-07 
  -1.0145144501473527e-04   -9.9105360930765665e-07   -1.2668258828470980e-04    1.0054024604380017e-05   -1.2321708607814806e-05 
  -5.0975634983346022e-06    6.1714944420826600e-03   -6.8740949111961650e-06    1.9091483065812741e-04   -3.4630950334220161e-07 
  -4.4731053029408348e-05    1.6299212318647959e-02   -4.7566012230207330e-05    4.8514693350344993e-04   -2.1216700855259471e-06 
   1.0409988394103379e-05   -8.1453004282310693e-05    1.0263015751550404e-06    2.7375485883980523e-03   -9.8859042322412203e-06 
  -5.0635493341024878e-05   -3.2057670596391141e-07   -6.0148839838657285e-05    2.1141218548517412e-07    1.6202178670361449e-06 
  -6.8966140443060041e-06    5.4481202750848281e-03   -8.9875979360227423e-06    2.0404881180550676e-04   -3.1479418155760634e-07 
   1.5675076375681805e-06   -3.4418181480484545e-05    4.1686356014048813e-07    9.1903694174679624e-04   -1.7582403660325683e-06 
  -2.0670646505834247e-04    3.7868893137809802e-03   -3.8134078823682097e-06    3.9853127328963293e-04    2.0701325066488172e-07 
  -4.4188968537251015e-04    2.6568439623127168e-05   -4.6586854045655733e-05   -4.8209320919274782e-04   -7.8694204648943017e-06 
   2.0307657323595846e-04    3.0238555710074017e-05   -2.2652829371408708e-05   -1.8221482898452587e-04   -4.3454392784468432e-06 
  -1.3499744020603548e-06    5.3514352702136916e-03   -7.5497265954573918e-06    1.4118447847946494e-03   -1.1516182818677065e-06 
  -1.3583141766471986e-03    2.1688287784169105e-04   -3.5336287384643510e-05   -8.2356089364855965e-04   -4.3434478807238699e-06 
  -3.7297813533117258e-04   -1.5144584757164115e-04    3.2760812884584119e-05    5.7385856435680901e-04    2.3851909646463885e-06 
  -8.7821729785586059e-07   -2.0803964794118991e-06   -1.4333724008752481e-04    7.1091437822169015e-06   -1.1077436331154322e-05 
2    104 5 
  -1.3889835845949567e+00   -2.0396575453968733e-03   -1.4149239089007809e-02   -2.1971437895093445e-03   -1.4790761639205813e-04 
  -1.1222316417461430e-03    3.2497433005499732e-02   -3.5994434173326631e-03   -1.7351029572438054e-03   -5.2304741077612493e-04 
  -1.4504503551270923e-02    8.4452109132819128e-02   -4.5921153115942533e-02   -3.1461780093747282e-02   -1.3197764900922847e-02 
   1.7652995686486899e-03   -5.9668481623171106e-03   -2.6931427509894617e-02    3.9813531249384892e-03    6.7425692878474858e-04 
  -2.0576672795484343e-03   -2.6599615014243710e-02    1.0528694445073768e-03    9.2938526484489668e-04   -7.3437388676450923e-04 
   1.8600893672945302e-03   -2.6882375682341312e-03    1.0050574182286070e-02   -1.6240836097686615e-03    1.4701243817225556e-03 
   2.6908490950876328e-04   -1.0041825903731735e-03   -4.8886488808902288e-04   -3.6498604867993855e-03   -3.3024427212026736e-03 
   1.5059433965147245e-03    5.0604104200314515e-04    3.3072287936333322e-04   -1.7030466908095725e-04   -3.8973831247082237e-04 
  -1.1823268520468843e-03   -7.4513465157297553e-04   -5.6037316503198577e-04    1.6323869444384920e-03   -2.1512052638261695e-03 
   6.2348230673948729e-04    8.2516953539057752e-04    5.2283516405343265e-05    3.7790385771464853e-03   -1.2341343881949467e-03 
   2.2165020696905363e-03   -5.6478100171868714e-04    1.7270806950077378e-03   -7.2281100069232001e-03   -1.7366404683883817e-04 
  -3.7088078329338298e-04    8.0428215116599804e-04   -1.7785138776651799e-03   -1.0573664583355873e-03    2.5579297355955411e-03 
  -8.4373848671028288e-04    3.8106518524187797e-04    2.3086190714923199e-03   -2.6000900898524696e-04   -1.2316822022718295e-03 
  -5.8465674944309886e-04    5.6422159083356789e-04    2.4285903190457586e-03   -1.7730639431144570e-04   -7.8057592366867371e-04 
   1.2782740177104087e-03    1.6419168395492751e-03    8.2948729964730378e-04   -1.0461395127196516e-03   -8.3504273580246679e-05 
  -2.4121261802170085e-03   -1.0349386478412151e-03    4.8072439004424022e-03    3.8723742512984712e-03    1.2219727949794782e-02 
  -3.4137795246835968e-04   -3.6434262814252400e-05   -6.2802587716669642e-05    7.3727070359605412e-06   -3.2000579073692808e-07 
   5.5407450481622267e-05   -1.9438600732433765e-04   -8.6861652436141406e-06    1.9595133516998728e-05   -2.9850207956677444e-06 
  -1.2360906894627439e-04   -7.0818614958418293e-05   -1.1290327698735079e-05   -3.4453188434191264e-06    1.9286635148284641e-06 
   3.1346840840766549e-05   -3.2936284626023689e-05    7.8242693763490816e-05   -4.6491851730850846e-05    7.9246597993992522e-07 
  -3.7846481343334111e-05   -1.1551741319128340e-05   -8.8961025787793793e-05   -3.3712595053038363e-05   -4.1771388848668995e-06 
   4.9843099685602042e-05   -4.3283142392184534e-06   -3.9073034331002352e-06    1.2167874499202736e-05    7.8310211965670457e-06 
  -1.1907445388632296e-05    2.5736166535531688e-06    2.8994484124551304e-05   -1.3024367150987102e-06    2.5758452910099696e-06 
  -1.0347451669558512e-03   -9.1699941676186645e-03   -7.9529498443708685e-04   -1.9629371414856683e-03    2.4304276024788375e-04 
  -4.2218155901942566e-03    9.0498650600898806e-04   -4.6046806021213405e-03   -4.0659827432614561e-04    6.7954509574629928e-04 
  -1.6356957432432614e-03   -3.0370727298313898e-03   -2.0221112138746459e-03   -2.9315738815959892e-04   -1.2226988387345115e-04 
  -6.9157015440127125e-04    2.7652708844274490e-03   -2.3114841359858623e-03    2.4543359945548766e-03   -1.5958608999519814e-03 
  -2.8831072132252841e-04   -3.2255681690861932e-03   -1.3712183454415332e-03   -2.8988689600594458e-03   -1.1850071371819410e-03 
  -6.1749789631263257e-05    9.8614574796205418e-04    2.6768403627056573e-04    1.4760083901738046e-04    4.1767795662195226e-04 
   5.1593673426448766e-05    5.1830825093324867e-04    3.1529281931145790e-05    9.8867935546418859e-04   -4.0330306284848322e-05 
  -3.2100044082918187e-02   -5.4639733127918788e-03   -3.4771096276007496e-02   -1.9656878514513441e-03   -7.7713139344540213e-03 
   3.3481375946238690e-03   -2.4398001663649520e-02    1.2226304194780657e-03   -1.3462396028210477e-02   -2.1999758587501195e-03 
  -1.1045347532660255e-02   -1.0346736562329199e-02   -1.0310857143220409e-02   -7.6178981592954784e-03   -8.7903460475141377e-04 
   7.6197983041306249e-03   -8.5586465045439462e-03    1.6928621424306293e-02   -1.4358170295872844e-02    9.7268410620666608e-03 
  -9.0631298197309772e-03   -5.0788499232744498e-03   -2.0014792014888389e-02   -9.4703888449819782e-03   -1.2060259642634182e-02 
   3.7972047936764633e-03    7.1232837590779407e-04    3.5279405810371570e-03    2.6007745144723099e-03    1.8568096626118719e-03 
   9.6530240691584382e-04    2.6331308411309235e-04    5.0408081318833974e-03   -5.2360651013449753e-05    4.2988049465371263e-03 
  -7.1344436228410293e-04   -7.6143814241240207e-05   -1.3125086672802520e-04    1.5408189754333671e-05   -6.6877877041777647e-07 
   1.1579580019395898e-04   -4.0624650780667743e-04   -1.8153180596802023e-05    4.0951787995748596e-05   -6.2383825392688285e-06 
  -2.5833007881515159e-04   -1.4800352870338059e-04   -2.3595608875031740e-05   -7.2003575138215263e-06    4.0307058538730404e-06 
   6.5511632229192573e-05   -6.8833404181832991e-05    1.6351908010420752e-04   -9.7163127465292950e-05    1.6561713537797623e-06 
  -7.9095203868488837e-05   -2.4141936112468478e-05   -1.8591927759949501e-04   -7.0455812112782528e-05   -8.7297851731130968e-06 
   1.0416688662034549e-04   -9.0457259170848782e-06   -8.1658571853349355e-06    2.5429590281584733e-05    1.6366018611397856e-05 
  -2.4885320567129855e-05    5.3785907346437900e-06    6.0595451716860096e-05   -2.7219570710417352e-06    5.3832483547907064e-06 
  -1.0211110908979515e-04   -1.0898017748164949e-05   -1.8785167111964126e-05    2.2052838708318253e-06   -9.5718384772763511e-08 
   1.6573174042458805e-05   -5.8143681089846735e-05   -2.5981583179273336e-06    5.8611893407756278e-06   -8.9286312105930926e-07 
  -3.6973269751012644e-05   -2.1182877409980020e-05   -3.3771011717926513e-06   -1.0305449597015320e-06    5.7689129932434662e-07 
   9.3762958667010811e-06   -9.8517216127838834e-06    2.3403527323879359e-05   -1.3906388826664180e-05    2.3703809675610813e-07 
  -1.1320432843337382e-05   -3.4552937865075945e-06   -2.6609536272848277e-05   -1.0083927348764409e-05   -1.2494429744855946e-06 
   1.4908795815809937e-05   -1.2946617210047057e-06   -1.1687312675566190e-06    3.6395881790116042e-06    2.3423722999840450e-06 
  -3.5616900454990675e-06    7.6980616049197868e-07    8.6726717705028071e-06   -3.8957775842400134e-07    7.7047277835885483e-07 
  -1.1796005857151492e-04   -1.2589529418943708e-05   -2.1700865190430467e-05    2.5475721191254483e-06   -1.1057510171823593e-07 
   1.9145542519229462e-05   -6.7168323682493885e-05   -3.0014257027730790e-06    6.7709208537597614e-06   -1.0314468914825203e-06 
  -4.2711993869095494e-05   -2.4470730778147852e-05   -3.9012704452781687e-06   -1.1904987115561656e-06    6.6643220374636109e-07 
   1.0831616848341996e-05   -1.1380834747885290e-05    2.7036053946658755e-05   -1.6064838146738988e-05    2.7382943958078427e-07 
  -1.3077508736886617e-05   -3.9915995533825908e-06   -3.0739676468950692e-05   -1.1649081782522994e-05   -1.4433724965466852e-06 
   1.7222831515003620e-05   -1.4956097705854402e-06   -1.3501333009134610e-06    4.2044987915551730e-06    2.7059384249703125e-06 
  -4.1145098719003097e-06    8.8928991752007014e-07    1.0018781297541259e-05   -4.5004520675064659e-07    8.9006000300168382e-07 
  -1.4555858571799077e-03   -1.2899517917127384e-02   -1.1187490104818533e-03   -2.7612823262421694e-03    3.4189055992167854e-04 
  -5.9388681010100336e-03    1.2730531160253745e-03   -6.4774479507807717e-03   -5.7196565547055665e-04    9.5592254235335081e-04 
  -2.3009487423059920e-03   -4.2722790634285345e-03   -2.8445230560679808e-03   -4.1238728313008801e-04   -1.7199820729659780e-04 
  -9.7283830661000351e-04    3.8899328251858424e-03   -3.2515866948526605e-03    3.4525377614970658e-03   -2.2449126897884941e-03 
  -4.0556943084356102e-04   -4.5374373886704761e-03   -1.9289058740928511e-03   -4.0778665074551537e-03   -1.6669607982937103e-03 
  -8.6864015741700248e-05    1.3872205927519081e-03    3.7655367701262566e-04    2.0763150255985105e-04    5.8755154982101647e-04 
   7.2577310585981080e-05    7.2910914088887059e-04    4.4352540443392029e-05    1.3907846424962538e-03   -5.6733025017805055e-05 
  -3.2099900344290624e-02   -5.4639488460334219e-03   -3.4770940576855036e-02   -1.9656790494299746e-03   -7.7712791358102431e-03 
   3.3481226022238114e-03   -2.4397892413479477e-02    1.2226249447435745e-03   -1.3462335745853113e-02   -2.1999660076262458e-03 
  -1.1045298073441718e-02   -1.0346690231373723e-02   -1.0310810972926968e-02   -7.6178640476218780e-03   -8.7903066858150249e-04 
   7.6197641839484938e-03   -8.5586081803566277e-03    1.6928545620771451e-02   -1.4358106002388156e-02    9.7267975068995351e-03 
  -9.0630892365517659e-03   -5.0788271810341063e-03   -2.0014702391997912e-02   -9.4703464381649793e-03   -1.2060205638808996e-02 
   3.7971877904286106e-03    7.1232518622048823e-04    3.5279247835094049e-03    2.6007628686391033e-03    1.8568013481288182e-03 
   9.6529808445314582e-04    2.6331190504114984e-04    5.0407855599878320e-03   -5.2360416551213641e-05    4.2987856972076990e-03 
  -7.0754276876376686e-04   -7.5513954557016052e-05   -1.3016516291484946e-04    1.5280733602710076e-05   -6.6324664953115285e-07 
   1.1483794029593002e-04   -4.0288604708279505e-04   -1.8003017951125504e-05    4.0613035852682896e-05   -6.1867787984343536e-06 
  -2.5619317900931040e-04   -1.4677924729875031e-04   -2.3400426601813611e-05   -7.1407963405975514e-06    3.9973639581245883e-06 
   6.4969721682681748e-05   -6.8264016022675586e-05    1.6216645445515934e-04   -9.6359396559593516e-05    1.6424715466935574e-06 
  -7.8440930364742170e-05   -2.3942234634313164e-05   -1.8438135808959241e-04   -6.9873003436709169e-05   -8.6575726134025833e-06 
   1.0330522079801834e-04   -8.9708999036195912e-06   -8.0983094235183367e-06    2.5219237361070886e-05    1.6230639323962598e-05 
  -2.4679469831775704e-05    5.3340991696302409e-06    6.0094207689828806e-05   -2.6994411117570282e-06    5.3387182620624092e-06 
  -1.0211139046672457e-04   -1.0898047778695398e-05   -1.8785218876289157e-05    2.2052899477024969e-06   -9.5718648533929513e-08 
   1.6573219711425328e-05   -5.8143841310322212e-05   -2.5981654774011277e-06    5.8612054918435588e-06   -8.9286558142905388e-07 
  -3.6973371634394435e-05   -2.1182935781425152e-05   -3.3771104777179960e-06   -1.0305477994667543e-06    5.7689288900350944e-07 
   9.3763217039813114e-06   -9.8517487601452381e-06    2.3403591814537768e-05   -1.3906427147048928e-05    2.3703874993725966e-07 
  -1.1320464037873034e-05   -3.4553033079001690e-06   -2.6609609597971042e-05   -1.0083955135990884e-05   -1.2494464174452371e-06 
   1.4908836898423036e-05   -1.2946652885689299e-06   -1.1687344881074318e-06    3.6395982082450078e-06    2.3423787546149976e-06 
  -3.5616998600767124e-06    7.6980828176649641e-07    8.6726956688795285e-06   -3.8957883194278311e-07    7.7047490147030179e-07 
  -1.3608880357884972e-03    3.7249477451306177e-04   -1.5904171635307328e-03    2.5394740953019884e-04   -8.1991308052436636e-05 
  -1.2231178136479909e-04   -8.9583640220869930e-04   -1.2098318504529598e-04   -8.3225334118596577e-05    4.9238600259678570e-05 
   1.6100584453593549e-02    6.4180885790921215e-05    3.9042048337915989e-05   -8.9222753219513218e-07    5.4457679015608848e-06 
   1.6100584453593549e-02    6.4180885790921215e-05    3.9042048337915989e-05   -8.9222753219513218e-07    5.4457679015608848e-06 
   1.6100584453593549e-02    6.4180885790921215e-05    3.9042048337915989e-05   -8.9222753219513218e-07    5.4457679015608848e-06 
   4.7760309067990445e-04    6.1556018389158761e-03    6.1568192503844765e-05    2.3152366554254555e-05   -3.0592542087311859e-07 
   1.6303561931644648e-02    2.5120278945965836e-04    1.8597655060359201e-04    8.0835837451093238e-06    8.3980626564109789e-06 
  -4.2056036792720128e-05    2.7382268941183868e-03   -1.3351281423568649e-05    3.4285469800076840e-05    2.2436451522424809e-06 
   1.0531474512401445e-07    9.4277076026489856e-07   -7.2634094199256327e-06   -7.8222570824257637e-05    3.4901403466401145e-06 
   5.4508794958194415e-03    8.7797749053815895e-05    6.2997761926485751e-05    2.5494612496764780e-06    2.8192628129864080e-06 
  -1.4797546128046768e-05    9.1950000254362185e-04   -1.5875808317513602e-06    1.0814870411221955e-05    7.2793701215881132e-07 
   3.8142304339802407e-03    1.5204459724373775e-05    9.2490660450633433e-06   -2.1136881192994169e-07    1.2901030845430077e-06 
   3.8142304339802407e-03    1.5204459724373775e-05    9.2490660450633433e-06   -2.1136881192994169e-07    1.2901030845430077e-06 
   3.8142304339802407e-03    1.5204459724373775e-05    9.2490660450633433e-06   -2.1136881192994169e-07    1.2901030845430077e-06 
   4.7516120968733064e-04    5.4159647568649862e-03    9.2102639504874158e-04    4.7320987437839162e-04   -2.3572574856090854e-05 
   1.1031234147459879e-03   -2.9399966709052320e-04    1.1239802575813587e-03    6.8884952180261056e-05   -1.3484101555853010e-05 
   2.6781451250358992e-04    6.4179135345970796e-05   -2.0797741292273862e-04   -5.9092365156192500e-04    1.5540979789466206e-04 
   8.3438042637475049e-05    8.4316276369018887e-07   -8.5956845526664473e-05    7.5202923422492080e-05    2.6781268924872151e-05 
2    104 5 
   4.3018783642142636e-02   -9.6276922166507468e-04    3.9703089264786436e-04   -5.0393983877540437e-05    1.7800710140157134e-05 
   2.3145945857487469e-03   -3.8973997079678412e-03   -1.4437150472190669e-03   -4.3676519649632088e-04    2.4715796466254068e-04 
  -1.4967577375320984e-03    9.5158690735811652e-04    8.4958490832905497e-05    2.2276332872851875e-04   -1.1355672904378604e-04 
  -1.8759156432656906e-02    1.2200920165826210e-04    2.1750941285760892e-04    8.5302908105419281e-04    9.8705068727911814e-05 
  -5.8062298329902328e-03   -6.2572937666358457e-03   -2.6265226405695528e-03   -5.7641483593484535e-04    2.9224271315230670e-04 
   1.5425196643649280e-02    4.5972104805147259e-04    1.5177324522488813e-03   -7.6941061611376211e-04   -1.3101038325482212e-04 
   2.6332539197056492e-05   -4.2005947731958568e-04   -1.4619945081811091e-03   -5.1616360786038902e-04    2.8182842468328180e-03 
   2.8736643853213915e-04    1.9295119069847576e-03   -3.1143161150233357e-03   -4.2855396560630165e-04    2.1873033718181260e-03 
  -7.9863771555235708e-05    1.1984348709017600e-03    1.7916800755901747e-03   -1.6872636185500131e-03    2.5492805173960879e-03 
  -3.6627980929018880e-05   -4.9868409078878328e-04   -2.2534132699287947e-03    6.2895750905709257e-04   -3.3198484441097349e-03 
  -2.0131078259495621e-04   -3.9029202547376170e-04    1.4989211834962497e-03   -1.4253390764269662e-03    3.6311829605289829e-04 
  -2.3416432630510086e-04    1.4607971360923074e-03   -9.2555038170945314e-04   -2.4001499057035060e-03   -1.4570421641628574e-04 
   1.1167491624083273e-04   -1.0787051477131060e-03    6.6854984346737033e-04    2.1339115010955119e-03    1.1852823834451905e-03 
  -4.3709470396802434e-05    9.4274039837726267e-04   -8.6743521044313943e-04   -2.4818703472529245e-03   -8.9182749459064859e-04 
   3.0702162157067239e-05    4.7177767576036595e-04    8.1237033143921196e-05    8.2189024572353162e-04    3.3145999198227127e-04 
   1.1996687770949887e-04   -3.4364412891005856e-04   -1.0000599059088352e-04   -9.1346041070849635e-04   -8.5552801700384553e-04 
  -9.4798420640999448e-04   -4.0021451360279453e-03    1.8688205120491407e-04   -1.3092206303942422e-04    2.0975356241089506e-05 
  -1.5812036541332525e-03    6.7583298038089129e-04   -2.2999050608142149e-03    3.3360849652132514e-04   -1.6156405172114242e-05 
   5.8797147550072328e-04    1.6912447093383916e-03    1.7283024190902692e-04    2.2643739916564701e-05    7.6881278452300605e-07 
   1.0007784123518800e-03    6.0527483470238278e-04    1.3392212725471862e-03    3.0255179744006968e-04   -1.7545477131531475e-04 
  -1.0145174889244070e-03   -1.2335917118933919e-03   -1.0829035548728901e-03   -7.5949870924555795e-05   -5.0713527035612161e-05 
  -1.5263512975144066e-04   -6.8789057453989616e-04    4.6168400206953068e-06   -1.0961095172560919e-04    4.6270972341312375e-05 
   6.5989278763186587e-05   -1.6726773062013738e-04    2.7049407882962884e-04    9.5066439546898730e-05    2.5467709271680164e-05 
  -6.3276609258337206e-04   -2.8333078972836542e-06   -1.2707415240555476e-05    1.0321923798119497e-06    1.5447981598758754e-08 
   2.0627552728070663e-04   -3.0482538125601178e-04    1.8879914045081401e-05    2.2150504567192051e-06   -1.0097567918796665e-06 
   2.5692424686374733e-04    3.3982549410458196e-05    3.4767068062931293e-06    2.7456159771169388e-07   -1.4916101815945949e-07 
  -3.3002204506075689e-05    1.7350156780869804e-04    5.0291492746960134e-05   -1.7181536759105842e-05    2.8825162060363594e-06 
  -1.2844272234211485e-04   -1.3471829729647030e-04   -1.5931014570104255e-05   -6.7553229582244442e-06    2.6262258382342727e-06 
  -9.3581048658490361e-05   -3.1790636394657899e-06   -1.3407161534137726e-05    4.2312805869136073e-06   -8.2701851631544314e-07 
  -5.0658570488642378e-05    2.3565971722556067e-05    1.1902409422342958e-05    3.7537046879096523e-06   -1.0336239945109048e-06 
  -1.2980824557158873e-04   -5.8123646576726052e-07   -2.6068515640458974e-06    2.1174820124878653e-07    3.1690626480477047e-09 
   4.2316212285244931e-05   -6.2533135720005444e-05    3.8731034223542963e-06    4.5440458490019633e-07   -2.0714567222267082e-07 
   5.2706499480754893e-05    6.9713203199809457e-06    7.1322597114707021e-07    5.6324698364888141e-08   -3.0599506360875652e-08 
  -6.7702083236453118e-06    3.5592827089102726e-05    1.0317004209259246e-05   -3.5246913023068304e-06    5.9133126114520978e-07 
  -2.6349269720820000e-05   -2.7636667045559794e-05   -3.2681540236737301e-06   -1.3858148085914571e-06    5.3875479822909252e-07 
  -1.9197602222194875e-05   -6.5216622451227733e-07   -2.7504004042568095e-06    8.6802234814124291e-07   -1.6965798881516596e-07 
  -1.0392308050907294e-05    4.8344206182186004e-06    2.4417093508933806e-06    7.7005045883870482e-07   -2.1204188859168312e-07 
  -1.9811882481199933e-03   -8.3640664656178219e-03    3.9056402113898242e-04   -2.7361347473878927e-04    4.3836309723291148e-05 
  -3.3045509368943458e-03    1.4124205333474165e-03   -4.8065620159774653e-03    6.9720700863151080e-04   -3.3765203937389511e-05 
   1.2287991399173213e-03    3.5345252802526116e-03    3.6119720336544385e-04    4.7323057824004917e-05    1.6067386391062240e-06 
   2.0915226394248774e-03    1.2649613583082260e-03    2.7988329645813547e-03    6.3230174245815078e-04   -3.6668219645016409e-04 
  -2.1202358783812430e-03   -2.5780781853283479e-03   -2.2631556330313511e-03   -1.5872731919426406e-04   -1.0598598911701352e-04 
  -3.1899152250542854e-04   -1.4376196492049324e-03    9.6487147471481061e-06   -2.2907547188618998e-04    9.6701512548244117e-05 
   1.3791071908533133e-04   -3.4957213417012806e-04    5.6530444973629864e-04    1.9867895640812846e-04    5.3224859627848522e-05 
  -2.0684858351092641e-02   -7.2723555445458219e-03   -1.6538051713755442e-02    1.8288201361279924e-03   -8.5488380135587464e-04 
   3.7594818683824075e-03   -1.4038168173133076e-02    5.4989126648380589e-04   -1.0448109784480937e-02    2.5233717448105131e-03 
   8.7131666990924034e-03    4.7474739340653800e-03    7.2448412233819667e-03    4.0185786126283171e-04    1.0919370115020636e-04 
   2.1263196788736498e-03    9.5554441426906628e-03    6.1837536776524742e-03    5.9311733188216831e-03    9.4778479722870408e-04 
  -5.9638146509788711e-03   -9.3605995059154977e-03   -7.1463970563550349e-03   -5.2517146578554665e-03   -3.0684680871063034e-06 
  -3.3865050659817992e-03   -1.3099052080056304e-03   -3.3217777854429734e-03    2.1755874103980956e-04   -5.5941090834685789e-04 
  -1.0930208083718012e-03    1.1111957314757634e-03    2.2575808728333470e-04    1.6867668283809464e-03    3.9319928193687131e-04 
  -1.2059977420832577e-04   -5.4000411317876314e-07   -2.4219240359825499e-06    1.9672698869918355e-07    2.9442524095729869e-09 
   3.9314341122788345e-05   -5.8097095567108260e-05    3.5983492124452193e-06    4.2216956324218316e-07   -1.9245095862965530e-07 
   4.8967551396299815e-05    6.4767816005952470e-06    6.6263041073468377e-07    5.2329078751868600e-08   -2.8428806981854242e-08 
  -6.2899362947222314e-06    3.3067906368201243e-05    9.5851259114108012e-06   -3.2746531111371131e-06    5.4938279353839048e-07 
  -2.4480078017329562e-05   -2.5676148621291285e-05   -3.0363143388739298e-06   -1.2875064467188485e-06    5.0053605403863141e-07 
  -1.7835742892473782e-05   -6.0590218345645205e-07   -2.5552896603392516e-06    8.0644568249620326e-07   -1.5762261521717950e-07 
  -9.6550877713819050e-06    4.4914714964212287e-06    2.2684968516711102e-06    7.1542382424195982e-07   -1.9699984214609067e-07 
  -8.9011807416989491e-04   -3.9856411375712103e-06   -1.7875641748471347e-05    1.4519948272512683e-06    2.1730822481906882e-08 
   2.9016974399160010e-04   -4.2880075987313616e-04    2.6558554459974900e-05    3.1159325220389607e-06   -1.4204344725527079e-06 
   3.6141777902831809e-04    4.7803575114345852e-05    4.8907164956271058e-06    3.8622840803363952e-07   -2.0982622138183734e-07 
  -4.6424514623369480e-05    2.4406630382614475e-04    7.0745520652491648e-05   -2.4169430995987660e-05    4.0548629330079562e-06 
  -1.8068159781687101e-04   -1.8950950872763730e-04   -2.2410309551859152e-05   -9.5027769857597959e-06    3.6943368376779830e-06 
  -1.3164135023514942e-04   -4.4720190250269844e-06   -1.8859981507746433e-05    5.9521826018194191e-06   -1.1633748041715005e-06 
  -7.1261892399218548e-05    3.3150476315795927e-05    1.6743232415857690e-05    5.2803720473761167e-06   -1.4540086932496575e-06 
  -1.2980766431197998e-04   -5.8123386308759862e-07   -2.6068398910006795e-06    2.1174725307576354e-07    3.1690484575153017e-09 
   4.2316022800325158e-05   -6.2532855707084513e-05    3.8730860792450808e-06    4.5440255015247999e-07   -2.0714474465900287e-07 
   5.2706263469867193e-05    6.9712891035747462e-06    7.1322277744048312e-07    5.6324446152311107e-08   -3.0599369341404991e-08 
  -6.7701780077849898e-06    3.5592667710377150e-05    1.0316958011440271e-05   -3.5246755193288048e-06    5.9132861326274294e-07 
  -2.6349151733198015e-05   -2.7636543293187949e-05   -3.2681393894267235e-06   -1.3858086031445696e-06    5.3875238577523145e-07 
  -1.9197516258543584e-05   -6.5216330422102124e-07   -2.7503880884238984e-06    8.6801846128237457e-07   -1.6965722911507319e-07 
  -1.0392261515890314e-05    4.8343989704917959e-06    2.4416984173273676e-06    7.7004701068156760e-07   -2.1204093910357734e-07 
  -1.9647999095952651e-03   -8.2948791217034076e-03    3.8733328554377657e-04   -2.7135015107270075e-04    4.3473696890259335e-05 
  -3.2772157760496243e-03    1.4007370268145367e-03   -4.7668022578965831e-03    6.9143973008536116e-04   -3.3485899033876420e-05 
   1.2186345448552570e-03    3.5052877775206240e-03    3.5820938933588098e-04    4.6931602699848479e-05    1.5934477381716858e-06 
   2.0742216176367892e-03    1.2544976303003866e-03    2.7756810898711885e-03    6.2707135861400426e-04   -3.6364901069806875e-04 
  -2.1026973414147742e-03   -2.5567523885069352e-03   -2.2444348675092164e-03   -1.5741433086892615e-04   -1.0510927572535273e-04 
  -3.1635283278863953e-04   -1.4257276962300809e-03    9.5689008255004016e-06   -2.2718056544075493e-04    9.5901600109333932e-05 
   1.3676992514376429e-04   -3.4668048241566799e-04    5.6062826578426642e-04    1.9703548916141637e-04    5.2784584950093871e-05 
  -2.0684915350198618e-02   -7.2723755842172251e-03   -1.6538097285939028e-02    1.8288251756168291e-03   -8.5488615706997054e-04 
   3.7594922279943414e-03   -1.4038206856648420e-02    5.4989278176179534e-04   -1.0448138575246953e-02    2.5233786982027506e-03 
   8.7131907090567760e-03    4.7474870161839655e-03    7.2448611872350252e-03    4.0185896862061156e-04    1.0919400204389574e-04 
   2.1263255381509362e-03    9.5554704736311065e-03    6.1837707175772935e-03    5.9311896627371611e-03    9.4778740894038141e-04 
  -5.9638310848406624e-03   -9.3606252999429065e-03   -7.1464167489357737e-03   -5.2517291294576045e-03   -3.0684765425636582e-06 
  -3.3865143978204738e-03   -1.3099088175747415e-03   -3.3217869389194346e-03    2.1755934054373295e-04   -5.5941244985713116e-04 
  -1.0930238202952012e-03    1.1111987934819025e-03    2.2575870938134105e-04    1.6867714764283042e-03    3.9320036543510754e-04 
   2.1425732621837973e-03    2.2986876316184283e-05    3.8128714102593706e-06   -1.1592040612341298e-05    1.0474958069354416e-05 
   8.2772529058236016e-06   -8.6783116804690908e-04    2.8757930208120374e-04   -6.7337913173782965e-05    3.2173898672746210e-05 
   1.6089850437219229e-02   -5.7498633145235763e-04    1.4108000587089272e-04   -1.8328570527091548e-05    4.6251110046174443e-06 
  -1.6353055602203056e-05   -5.4356406421416997e-04   -3.4707327026521964e-04    2.3291869021080012e-05   -6.8501469743415696e-06 
  -4.3508328290431465e-06   -8.7754248997368541e-05    1.3665081309471690e-04   -1.3921052691611382e-05    2.7902652599219256e-06 
  -6.1704146075584254e-03    2.1651962491368561e-04   -5.4014329173467159e-05    6.9070398583018026e-06   -1.7456770335833676e-06 
   1.6287876899097248e-02   -8.3952440232450587e-04    9.9189183351089589e-05   -1.2068887382566386e-05    4.1596695304166584e-06 
   1.6287876899097248e-02   -8.3952440232450587e-04    9.9189183351089589e-05   -1.2068887382566386e-05    4.1596695304166584e-06 
   1.6287876899097248e-02   -8.3952440232450587e-04    9.9189183351089589e-05   -1.2068887382566386e-05    4.1596695304166584e-06 
   1.4437574840312692e-03    5.2170785831024283e-03   -6.4996118399456894e-04    1.0373067488857712e-04   -1.6017246516908218e-05 
   1.4437574840312692e-03    5.2170785831024283e-03   -6.4996118399456894e-04    1.0373067488857712e-04   -1.6017246516908218e-05 
   2.4533181075671239e-03    1.6201313214573064e-03    2.4094664421874432e-03   -2.8954381019320188e-04    9.5606529678605710e-05 
   1.8224388267365832e-04   -5.8670130646458702e-04    1.9324270401195013e-04   -1.2450837830599719e-04    1.8497740922827976e-05 
  -1.9263518313309005e-04    1.6874197165192160e-05    1.7313691696697420e-04   -8.9279486554206874e-05    2.3419462519516570e-05 
   5.5371763693240240e-03   -2.8540212520146045e-04    3.3720048693064591e-05   -4.1029017122841444e-06    1.4141084176106998e-06 
   5.5371763693240240e-03   -2.8540212520146045e-04    3.3720048693064591e-05   -4.1029017122841444e-06    1.4141084176106998e-06 
   5.5371763693240240e-03   -2.8540212520146045e-04    3.3720048693064591e-05   -4.1029017122841444e-06    1.4141084176106998e-06 
   5.5371763693240240e-03   -2.8540212520146045e-04    3.3720048693064591e-05   -4.1029017122841444e-06    1.4141084176106998e-06 
 TENSORSUMACCUMULATOR_IMPL_H - PrettifyOut: Norm of simple tensor is 3.39301e-08 
 As simple full tensor 3    5 5 5 
   1.9685319695641819e-08   -8.6592163086848605e-10    3.8732370404806703e-10    2.0150972184071758e-10   -2.7563290773068106e-10 
  -2.1732185397116813e-10    1.7978182196036502e-10    3.3737021022716380e-11   -2.9491543166350117e-10    1.1511858040077151e-10 
   9.3086146307326096e-10    2.0511814133750142e-10    7.0930485767701427e-10   -6.9371782402857190e-10   -1.2174238395383967e-10 
   3.7756065401015960e-10   -3.3032126658069464e-10    2.3138190240864347e-09   -5.5879359151686288e-10    2.8805594436161071e-10 
   2.2830084141220685e-11    8.1960328251738820e-10    8.2221767333957840e-10   -6.5677614598541155e-10    5.6862644756292881e-11 

   2.4762050287777849e-08   -2.5333654265157172e-09   -4.1194921556470817e-10    1.2423034551220339e-09   -3.2816006185126189e-10 
   4.5012681137895131e-09   -2.4342504419448268e-09    1.4015528006938414e-10    2.2051536507620777e-10   -2.3778916770236056e-10 
  -5.4044954848668826e-10    1.0072152761060932e-09   -2.5573474786132848e-10    1.3652771059545940e-09   -5.1796028292409261e-10 
   2.3556071632957821e-09    9.7676663070245895e-10    3.3329375091889293e-09   -5.5734514687742632e-10   -1.0756854478116215e-10 
   9.1856038629007837e-10    2.2201370382668104e-10    2.7986870728031243e-10    7.0415420220828664e-10   -3.3508151599348117e-09 

   7.7919171659197243e-10    8.9321242247400703e-10    1.7132795269630146e-10    3.4408763292464805e-11    5.7646346413051340e-11 
   2.7707542091670271e-10    5.9113546928688335e-11    3.5764973016145691e-10   -7.9511380874068674e-11   -1.6678625217206803e-11 
  -3.3274174419640365e-10    2.0481351556383702e-10    7.3125255393822046e-10    5.8788471534772642e-10   -1.5530832825232715e-10 
  -3.7894282338743089e-10   -2.0259989830678295e-10    5.9707125071625690e-10   -1.5545642327600195e-10   -4.5192888943743170e-10 
   7.2043866371292454e-10    3.6540812081893262e-10    4.1351808390508898e-10   -4.0767108404885492e-10    1.2215147531035658e-10 

   5.2068616013405145e-09   -4.5515488302647532e-11    1.3830143165586205e-09   -9.9069517814389742e-10    3.5985345836521489e-10 
   8.7620151347979564e-10    1.7647336325398296e-10   -2.5729610608484291e-11    1.3345765468039783e-09   -1.0504906355278943e-09 
   4.1047110519468654e-09   -6.9163110546308040e-10    5.2355805378932524e-10    5.2998868134794226e-10   -3.8469648455355861e-10 
   6.0553950580579389e-10    1.9938075406731728e-09   -9.4463451293085942e-10    8.1995969850798056e-10   -3.0941448395260415e-10 
   4.0562941857450567e-10   -2.3713493421573119e-09   -1.5540523235483271e-09   -6.1794932785251343e-10    1.0725276468146458e-10 

   1.1378688442271335e-10    6.0892604017557671e-11   -4.1124522791787056e-11   -4.2469952734390536e-11   -3.6612939310696063e-11 
   2.0453341666280866e-11   -1.4436629541988968e-10   -2.9546557832219235e-11    1.8825565052298494e-12   -1.1016599554447976e-11 
   1.2688970951895091e-10   -3.4839824697938354e-11    3.4871723912961000e-12    2.2600744716278073e-11   -1.2306332082915416e-11 
  -3.8959954697092056e-11    2.9458875835319395e-11   -4.6734081214009635e-11   -3.6997530707027831e-11   -1.4635185697511780e-11 
  -6.6370114510412235e-12   -7.7026575433431576e-11   -4.3570142238859681e-12   -5.5427686037546938e-12   -3.6701779175631517e-11 
