2    4 5 
  -9.4968219558270747e-06   -5.7983431260895380e-04   -1.1447890876973338e-06    1.0450352293374023e-05   -4.2114403696396464e-08 
  -2.0990802515271814e-06   -1.5230197178194528e-04   -1.5780248964030137e-07    9.6000886050772539e-07   -6.4605962392824270e-09 
  -1.7497507330240354e-05   -2.8633349964298727e-06    1.3576369963075789e-06    1.3916368350796446e-04    2.2667276721090986e-07 
  -5.2521326084114007e-08   -2.2343765289584527e-05    2.2395994193844731e-07    2.8202178974975888e-06    1.4969926957269088e-08 
2    4 5 
  -9.6353319533344775e-05    5.8536057921048626e-04    1.6368814949881558e-05    3.4269538818266930e-06   -1.1179206518350847e-07 
  -9.6353319533344775e-05    5.8536057921048626e-04    1.6368814949881558e-05    3.4269538818266930e-06   -1.1179206518350847e-07 
  -9.6353319533344775e-05    5.8536057921048626e-04    1.6368814949881558e-05    3.4269538818266930e-06   -1.1179206518350847e-07 
  -9.6353319533344775e-05    5.8536057921048626e-04    1.6368814949881558e-05    3.4269538818266930e-06   -1.1179206518350847e-07 
2    4 5 
  -5.7985677830575276e-04   -5.2807288097555075e-06   -1.2081994614088195e-05    8.8991645255626751e-07    7.6783175452094511e-08 
  -1.0245003758919355e-04    1.1247981428468058e-04   -7.2612323044674380e-06   -8.2440936889064423e-07    3.4545335104774544e-07 
   1.3885893962109740e-04    1.9857094087648960e-05    2.5725472091189590e-06   -2.4325977058819914e-07   -1.8535781208362443e-08 
  -5.3518717403526384e-06    1.9430832092332640e-05    9.1774155846852075e-06   -3.9984744186930441e-06    9.1547557740931955e-07 
 TENSORSUMACCUMULATOR_IMPL_H - PrettifyOut: Norm of simple tensor is 2.09028e-10 
 As simple full tensor 3    5 5 5 
  -3.1723783243037591e-13    5.1493545514461088e-14   -8.1406305962585296e-15    2.1722199551881014e-16    1.1351215736593652e-16 
   1.9272664630372159e-12   -3.1283085807453892e-13    4.9455527469558696e-14   -1.3196555523979088e-15   -6.8960304123369400e-16 
   5.3893393598725938e-14   -8.7478908014977188e-15    1.3829567725415569e-15   -3.6902378298039878e-17   -1.9283814065605024e-17 
   1.1283051031089097e-14   -1.8314470798147517e-15    2.8953403741020949e-16   -7.7258340902693100e-18   -4.0372343184823836e-18 
  -3.6806902568061855e-16    5.9744384776389892e-17   -9.4450083366028231e-18    2.5202759593484277e-19    1.3170027308692701e-19 

  -3.3872641460363371e-11    1.4029009798713306e-12   -7.6109785363970994e-13    2.8945251548222681e-14    1.1325065044517009e-14 
   2.0578127583622796e-10   -8.5228296661668090e-12    4.6237813351954060e-12   -1.7584665783930044e-13   -6.8801434825094336e-14 
   5.7543943749285650e-12   -2.3832937613087924e-13    1.2929777599067610e-13   -4.9173133688109535e-15   -1.9239388420335407e-15 
   1.2047325479029759e-12   -4.9896329281366855e-14    2.7069614794931252e-14   -1.0294823534263807e-15   -4.0279334229700624e-16 
  -3.9300073525376585e-14    1.6276885793593105e-15   -8.8304898344134141e-16    3.3583165203894578e-17    1.3139686476769273e-17 

  -8.3567427898049762e-14   -1.8891204866575018e-15   -1.9776648771166710e-15    2.0373228735699011e-16   -3.6085334319385004e-18 
   5.0768440811843887e-13    1.1476684639656277e-14    1.2014604826900909e-14   -1.2377035924527126e-15    2.1922371020013789e-17 
   1.4196706140750661e-14    3.2092992554787389e-16    3.3597213425739975e-16   -3.4610702850861085e-17    6.1302938262984288e-19 
   2.9722039968782440e-15    6.7189473246418250e-17    7.0338690565215648e-17   -7.2460518889528306e-18    1.2834303698279410e-19 
  -9.6957483063818030e-17   -2.1918153064859495e-18   -2.2945472135731764e-18    2.3637642437753274e-19   -4.1867307384312054e-21 

  -1.2671393760486213e-12   -2.7662861512434233e-13   -2.4151490431392152e-14    3.5285544040137670e-15   -1.0949422903045525e-16 
   7.6980579672456964e-12    1.6805594987242954e-12    1.4672385441607698e-13   -2.1436486669194786e-14    6.6519353599739936e-16 
   2.1526575381837539e-13    4.6994567833704406e-14    4.1029336565667755e-15   -5.9944228553436286e-16    1.8601235346740880e-17 
   4.5067759207429287e-14    9.8387218106859038e-15    8.5898487241134319e-16   -1.2549845994550228e-16    3.8943305226104236e-18 
  -1.4701738187109899e-15   -3.2095297103803532e-16   -2.8021297093461412e-17    4.0939366266519921e-18   -1.2703854987325664e-19 

  -5.4418074904371240e-15   -4.1312918355149392e-16   -1.2297087822736017e-16    1.4178329304112677e-17   -3.8902974941636111e-19 
   3.3059780399697249e-14    2.5098205162383465e-15    7.4706616081119004e-16   -8.6135434605553377e-17    2.3634129114738396e-18 
   9.2447193553117107e-16    7.0183727853919901e-17    2.0890692294534617e-17   -2.4086606439873318e-18    6.6089637690079408e-20 
   1.9354624618878150e-16    1.4693574296397026e-17    4.3736482617711077e-18   -5.0427407049251888e-19    1.3836440886160558e-20 
  -6.3137513127040833e-18   -4.7932510099784634e-19   -1.4267457002048465e-19    1.6450130845882137e-20   -4.5136420120976919e-22 
