2    16 5 
   6.2733649597273674e-05    1.3745318156953108e-03   -4.0617643921489637e-06    5.9907252418200517e-04   -1.9226246929221193e-07 
   1.3435129417766097e-04    1.5010350467061461e-03   -9.8732508357270859e-06    7.6916940791194345e-05   -2.3359397267689181e-06 
  -3.3248643029482484e-04    8.6034836409595362e-04    1.1143866258908191e-05    1.7374512288969850e-04   -9.1515561435851715e-08 
   5.0091278454132736e-04   -5.4876935110537226e-04   -1.5493879824101265e-05   -1.7606232634900286e-04   -6.7814214722185912e-07 
   1.1990666096574954e-04    1.7970267816040200e-03   -7.6994320407412653e-06   -7.6650314412478738e-04   -1.9145607923012366e-06 
   5.7038424763937662e-04   -9.9421183000298827e-04   -5.2481695822153640e-06   -1.2212774891769028e-05    1.1269011588324813e-06 
   1.2620880294328336e-04   -1.5227947579008629e-04    7.3591189624631122e-06   -5.1400962294738247e-05    6.6766632134214932e-07 
   1.0043662888437129e-03   -1.0267444067665367e-04   -2.6003407970292094e-04    1.2086970766075475e-03   -2.8020745632947278e-05 
   6.9834862538348784e-04   -2.7881975572408588e-04   -1.3615511050520937e-05    3.7801587450334403e-04   -3.3561565182851352e-06 
  -4.6667970845772812e-05    8.9598355746178628e-05    1.6618955644735453e-06   -4.3189084914446035e-04    4.6991130627739702e-07 
   2.1605739098412176e-05   -5.7863930972163426e-05   -2.5229594323347438e-05    1.7045956754970057e-04   -1.7276545925484301e-06 
  -6.0279714936840208e-05   -6.7199053609310044e-05    2.5935291167674269e-04   -7.1517848812138305e-06    3.0040429588140495e-05 
  -5.4807201857072086e-05   -9.8425414150207395e-05   -2.2027754842808659e-04   -6.0260934759924876e-05   -2.6498141154357313e-05 
   4.7722662662979822e-06    1.3660207746282523e-05    5.1119293281150318e-05    1.1022634489288319e-05   -1.0386892903190000e-06 
  -2.5788208021524808e-05   -4.3342090365255121e-05   -9.4052057785430876e-06    1.7848224332430703e-05   -2.3282081612171397e-06 
   2.7810360815419405e-05   -7.2581307698193763e-05    2.0380169293172831e-04   -1.7866172375737449e-06    3.6900381882257820e-05 
2    16 5 
   8.8735765995852176e-03    1.5350561192434527e-02    1.0898563501530235e-03    6.1909439407774177e-03    1.1785211896649778e-04 
   1.7273695111215424e-02   -1.1004008746342124e-02   -3.1275766749829176e-04    1.8223250043931994e-03    6.6746622281674338e-05 
   5.3942012298207428e-02   -1.8990752053724691e-02   -6.1744665728833477e-04    4.2643153426801007e-03    2.8498123020444504e-04 
   4.3552745210503917e-02   -1.0025613172605252e-02   -5.6282491975649185e-05    3.6101273222279918e-04    3.7549927133121347e-04 
  -4.0961769701858665e-03   -1.5786945882030026e-02   -3.7827312746861253e-04    5.1256074823009205e-03   -4.8286736207609827e-05 
   4.8442096886959864e-02   -9.1452255175186194e-04   -6.4727339556009062e-05   -1.9437185531995579e-03    2.9871541096960851e-04 
   5.4547807083846316e-03    1.9952641895346407e-03    7.4338350391944096e-03   -1.5174760664385313e-02   -5.4260235084221215e-04 
  -1.2005205315439003e-03   -2.0730615564198529e-04   -1.3563885933350909e-03   -6.8154550074587443e-04   -8.7349219601770165e-05 
  -3.7468720692194536e-03    1.3220349434135564e-03   -4.8759107380800552e-03    1.0579886726785191e-02   -3.8343517794505789e-04 
   1.1103252861740960e-03   -1.8483624882421473e-03   -1.7785657206721185e-03   -1.1590696290695094e-02   -3.5346757223163197e-05 
   5.7860060248845838e-03    7.8489467561075055e-03   -9.3996775902666103e-03    1.2240363109256280e-02    4.1203835690430991e-04 
  -2.9688520524654934e-03   -2.0407407256821091e-03    2.4075959774252768e-03   -1.6042607160929838e-04   -5.8727351444820899e-05 
  -4.9900835744854147e-04   -3.5490214509295852e-03    2.8996366235447832e-03    3.4165356488297669e-03    3.5634846606289388e-04 
  -4.3610081984135881e-03    7.7243474629297188e-05    4.7748699534097393e-03   -4.8495044486579243e-03   -7.2253759433260839e-05 
   1.4304094577268672e-03    2.3487245170293555e-03    5.1024381793157055e-03    4.5312258213599482e-04   -6.7932962045298825e-05 
  -6.7099038672876945e-04    1.1902898720103699e-03   -1.5078119682649452e-03   -6.8982646275823450e-05   -1.6095705941186305e-04 
2    16 5 
   6.7606672887376455e-03    1.0132037529238823e-02    6.2101723824385313e-03   -5.8335469960939948e-03    6.4189120736225427e-03 
  -1.3350790134950804e-02   -1.9025656427083457e-03    1.6824249206453135e-05    1.1368187396891098e-02   -1.5428514155518158e-02 
   1.6839596085110889e-02    1.0567138666692387e-02   -8.1163528964373142e-04   -7.0964381234311586e-03    8.9784482618531468e-03 
   3.3625777144750638e-02    1.7830172441806225e-02    3.7104599360603891e-03   -1.3224610752254879e-02    1.5715427691847503e-02 
   1.3711219070685964e-02   -1.6730750710923900e-03   -4.9222051813796377e-03   -2.5253099124929331e-03    6.0117494222272803e-03 
  -1.8793348549337507e-02    1.5276704321903114e-03   -1.6923510709599509e-03    4.7382423189470928e-03   -6.0464830312757676e-03 
  -6.3692026751173657e-03    1.6448397969877238e-03   -1.9095738606745140e-04   -2.9788936005780298e-03    5.5610216257606405e-03 
   3.4837314604763900e-03   -3.2716831310541802e-03    1.7977996458239532e-03   -2.1939095063036114e-03    1.7474910857790318e-03 
  -3.4652312608048092e-03    2.4988301712079320e-03   -5.0055335979099782e-04   -8.4175746401787322e-04    1.5666711363681053e-03 
  -3.6231238376382654e-03   -7.9025332481197710e-03    4.9408688774594776e-03   -5.4205145341257475e-03    2.4482658907261329e-03 
   6.6990961377921127e-03    5.5659390521444862e-04    2.4814990989249241e-03   -9.0723977568984201e-04   -7.0609665802652143e-04 
   3.0739861618708900e-04    3.2536600839780903e-04   -9.6628901491573895e-04    1.7040002428334283e-03    1.6966604717718486e-05 
  -2.0054660307879597e-05   -1.2853214309424170e-03    1.4714469221648854e-04    7.2658244007685032e-04    4.4399497791393464e-04 
  -5.6171644587410820e-05    1.2042875773667168e-03   -1.9101402924512644e-03   -1.1295651409378798e-03   -1.7630694919047866e-03 
   4.3905089031399634e-03   -1.4384887499630621e-03   -2.8240044205908393e-03    3.6306025469153491e-03   -5.6720873541149693e-05 
   4.7961205153298873e-04   -1.5847074105348078e-03   -4.6289278425690249e-04   -2.8020090075967855e-03    8.2704812010888284e-05 
 TENSORSUMACCUMULATOR_IMPL_H - PrettifyOut: Norm of simple tensor is 8.55693e-07 
 As simple full tensor 3    5 5 5 
  -1.2026829950423787e-07    2.4281933259380960e-07    5.3705931125742761e-08   -2.7078848008502886e-09   -2.2972434169203224e-08 
  -5.7363618418520806e-08   -5.2393491460646405e-09   -7.5755063928870385e-09   -1.6444376646550444e-10    1.2025427632901998e-09 
   2.3802449689038852e-09   -3.7837115224484551e-10   -1.1502973235292549e-10    2.4867155529123042e-11    1.7743634709017996e-10 
  -5.1969673007907248e-09    2.6495445776573559e-09    1.8956838290591909e-09   -9.3228596154776048e-10    5.0509003062223849e-11 
   2.4971115891910804e-09    2.2078844022661818e-09    5.7214933314422926e-10   -3.1830797435409275e-10   -1.5062133151881196e-11 

   5.1763629145836146e-07    7.7061810467479076e-08    6.7170505839103717e-08    1.9002129146496347e-09   -3.5863175130692513e-08 
  -1.3264444412768199e-07    2.1895310971547903e-07    3.0111270951867756e-07   -1.8888470872044248e-07    1.5183459832450953e-07 
   4.1977727408667714e-09    1.5423264403681258e-08    1.3989996785264952e-08   -8.0666439596233367e-09    3.1800517036427629e-09 
   1.6080096987349971e-07    1.0818347292036647e-07   -5.0363480595250969e-09   -5.4583107987762228e-08    9.2213321721662469e-08 
   3.5571771694639237e-10    4.6682096590747018e-10    8.2502019730306950e-10   -3.6561111590469979e-10    3.6988436250829969e-10 

  -6.0050222328592737e-09   -7.5094169041285959e-09   -1.4811792998909294e-09    2.7432168476281676e-10    2.9362766771005435e-10 
   4.5832554026123656e-11   -2.3092005866560440e-09   -7.8109270388431434e-11   -2.8660622963405547e-10   -2.0125700967026115e-10 
   1.9584636411878284e-09    1.0191292216772843e-09    2.4494619337251478e-10   -8.8287497774162480e-11    1.5188319504323086e-11 
  -2.3086475249963981e-10   -1.9600231476646080e-10   -6.6726863874411944e-11   -3.7195422550324217e-11   -1.0878583152141938e-10 
  -1.0081709803921292e-10   -7.3928311325774639e-12    1.0174546315872944e-11    2.4174687884591784e-11   -4.2593950172853985e-11 

  -1.7545617981306431e-08    1.2448884402374636e-08   -1.9241683722947864e-08    1.5376093021892306e-08   -8.3697379627349615e-09 
   2.4727104690399395e-07    6.7172971068583374e-08    1.3222979977223839e-08   -9.8470138160793553e-08    1.4375726050770361e-07 
  -2.7885572707622343e-09   -1.4653172195228149e-09    2.4895724463971478e-10   -4.9661148954423488e-10    4.5180649846763839e-10 
  -4.6585600887085525e-08    2.6379204368599651e-08    6.7822929241519883e-08   -4.7394005195818896e-08    2.3483538129069840e-08 
  -3.6986660429341025e-11   -4.1852473527566200e-11    1.0542084064146966e-10    1.6356463259596141e-10   -2.5259226123769307e-10 

  -1.5403496461621329e-09   -5.2788325926657916e-10   -1.1624410443873016e-10    3.6525506882621236e-11   -7.8223199109944873e-11 
   2.4430298275262222e-10   -2.2260237532569202e-10   -9.8300705484792746e-11   -4.8956571181109795e-11   -4.2288067873411587e-11 
   1.0348026692272902e-10    1.5837040527299218e-10    7.8307367920066880e-11    7.0088896633093793e-11    7.1357167068073461e-11 
   6.6962815932294043e-11   -9.5677986247261003e-12    4.4802461736032743e-12   -3.0536256784560573e-11   -1.2137645549760929e-10 
  -1.2977105325138014e-11    1.0795590761859119e-11    2.3596119678812318e-12    5.9005207330250345e-12   -3.5697692624171866e-12 
