2    21 5 
   7.4168038195150633e-04   -9.3705635036936354e-04    7.3308602746913242e-04   -9.7698249708689167e-06    8.6412565372183855e-05 
   5.0217728869302001e-05    5.4075557713495286e-04    7.9089203468190228e-04    1.1958687336435539e-04    3.9420097383779750e-05 
   1.4204906389237259e-03    8.4984763264998777e-04    3.4766299829600098e-04    3.1818247403689860e-05    5.8201739210227664e-05 
  -6.6257019311491319e-04   -6.9312209911019087e-04    1.4977882500290783e-04   -2.1309447653997521e-05   -1.2274552928601259e-05 
  -2.2703632777956842e-04   -2.7435075821801851e-04   -5.4924912789278778e-05    2.0719098043316466e-05   -2.7216031654745426e-05 
  -6.6476431798496104e-04    2.7581481422088573e-03    1.3098288312658385e-04    2.2389440827721340e-04   -1.4122838797036810e-04 
   7.8757279572443001e-05   -9.3412894254764293e-05   -6.9404809571921370e-05    2.6536770883458892e-04    6.8700013726371022e-05 
   4.9109414855633170e-04   -4.7771872153664794e-04   -3.4338071780140190e-05    2.1227912126811386e-04   -3.3111136486420746e-06 
   7.6739797510630545e-05   -7.5381643619744071e-06   -1.3646729998872012e-04   -3.4863878804920227e-05    9.7051144478912114e-05 
  -2.8660310371328977e-04    2.1247499900460271e-04    2.9998933178107422e-05    3.5472919986301803e-04    1.2908182530195432e-04 
  -4.2459954513651617e-04    3.2797258694404621e-05   -3.7008134682857207e-04   -1.2022132687748084e-04   -3.1334817576323195e-04 
   8.1974567368670259e-05    1.3000621313077236e-05    1.9640198770318207e-05    4.8698615807989581e-04   -1.2851400701981643e-04 
  -3.8707903644770049e-05    8.7893862825571902e-05   -2.4109774429932490e-04    8.9046896155661744e-06   -2.6735488136863810e-04 
  -9.0406988998996903e-05   -2.9251154918803746e-04    9.9770600225953591e-05   -1.9372852960173061e-04   -2.7750651168330151e-05 
   1.2458961480502621e-05    4.6208918755560335e-05   -2.1326844133004520e-04    2.5464863033207913e-05   -3.0014716976291611e-05 
  -1.6452838805382965e-04   -3.3038279174577530e-05   -4.3192170277354231e-05    1.7597475579540154e-04    3.3819728624717379e-04 
  -1.4634948882952139e-04    7.6897904313402894e-05    4.9035259120860166e-05    9.1796387166984047e-05    1.3901309630713344e-04 
  -6.1225996116836271e-05    1.0988524413566559e-04    9.1316214403111006e-05   -1.0180864208907725e-04    3.5340850004701103e-05 
  -3.6980747642046920e-06   -4.9319635404479730e-05   -7.2980368709016683e-05   -4.3776394310385920e-05    1.6411831481247827e-04 
  -2.4709901172164639e-05    1.3880683225566303e-05    7.6481760080411630e-05    2.7446602595731538e-05    3.0733783116073343e-05 
   3.0101375917201778e-06    5.8443058630909822e-05    1.1609713703037282e-05    2.2474539539135000e-05   -8.4810214415155491e-06 
2    21 5 
  -9.5901467289029561e-03   -2.0492507809691946e-02    2.2424420770228532e-03    1.7708153505618250e-03   -1.3551739445301363e-03 
  -2.8753275041581417e-02    9.8093029174597026e-03    2.8379037918633740e-03    4.9989472760736593e-04   -1.1831620543587128e-03 
  -2.2290172575071079e-03    1.5535518116386874e-02    1.4642472915065371e-04   -1.0073360270080251e-03    1.6367073116250819e-03 
   1.0953504349241895e-02   -1.0915636849409705e-02    4.9270717180827745e-03   -6.6617544924088708e-04   -1.0706273343212931e-03 
  -1.0991757760195234e-01   -4.2750423576325240e-02    1.4430184370887078e-02   -2.7216847785941134e-02    1.8829689199675127e-02 
  -2.6041981942419690e-02   -1.1484750195226956e-02    5.3308050674657028e-05   -2.3135835853690281e-03    1.1697215544369795e-03 
   2.1682914309681784e-03   -3.2754893538246865e-03    9.1559362488467712e-03   -2.3288082869172546e-03   -2.7508038993345396e-03 
   1.0191104990167636e-03   -1.4263540181837578e-03    2.7016345116477642e-03   -1.8822419629177395e-03    1.2006962287977932e-03 
  -3.9703382404431822e-03   -4.8585579616894419e-03   -1.8379902410059980e-03    2.7352790967603959e-03   -3.3636512778107749e-03 
   1.7384602690972662e-03   -3.2520896156831044e-03   -1.2121047710123212e-04   -1.5159438737398496e-03    2.2249210549787194e-03 
   7.2899785635672620e-04    6.5920668423366828e-04    1.5301380208371761e-03   -5.8601897809280597e-04    4.2135138838273115e-05 
  -5.7504642698750640e-04   -2.1067286573307696e-04    6.8631080907781178e-04   -7.0151081390507335e-04   -2.2689599449210399e-03 
   1.2532574140140364e-03    1.0666146978487324e-03    7.9187956796550123e-04    3.3898140373407335e-03   -4.5064522586453211e-04 
  -2.3971113228188611e-04    1.1481261920696328e-04   -1.7440731341645415e-03   -1.3149759132233436e-03    1.7324800720979880e-03 
  -1.1348406086886390e-03   -1.2073800402590856e-03   -8.2023546524519556e-04   -3.1616266321053098e-03    2.0366806538592865e-03 
   2.0844034722864347e-03    3.2558220792027457e-04   -3.1514500846534709e-03   -2.5073231346303144e-03    1.0990898387298041e-04 
  -8.4789826276488790e-04   -2.7080699595686462e-04    6.4493791741247948e-04    2.2603717011973499e-03    1.7159385265404599e-03 
  -1.5365919134664584e-03   -2.4777320747843353e-03    9.9105391182901376e-04    2.5244115639520039e-03    1.0983472213598306e-03 
  -7.8498126493796645e-04   -8.5594112291990465e-04    1.3922027630194136e-03   -5.0735812421934452e-04    1.3259580633528343e-04 
   1.8206836449014101e-03    1.2519272958228043e-03   -4.9597402029036568e-04   -7.8263041269795066e-04    4.2587188820565283e-04 
   1.6867701649862404e-03    9.8037181045934228e-04   -2.8599719136477345e-03   -3.6153533010842460e-03   -3.8746401086396220e-03 
2    21 5 
  -6.5531295434335132e-04    2.5417082999244413e-02   -6.4481389805982295e-04    1.0292568658437100e-02   -6.2272120608027108e-05 
  -3.9017097210259548e-04   -7.5795752942304029e-03    2.4817565175305891e-04   -1.0997807699024260e-02    9.4004813030893061e-05 
  -9.2153999710195970e-05    1.1170339403439936e-02   -3.5543425824815394e-04   -1.5914667463806147e-02   -1.2719462233022583e-04 
  -7.2080486041561963e-04   -2.2205212414340147e-02   -2.5649477196400445e-04    1.4833687560387221e-02   -9.3310536983820568e-05 
   2.4473286706978603e-04    4.5041884034166630e-03   -1.4926182071686028e-04    1.2765441592246874e-03   -1.9249575845506009e-05 
  -2.2391764752019628e-05   -9.3395277664409121e-04   -3.0392824917644480e-04    2.1949485987617545e-03   -6.3500106291829937e-05 
   8.1760453063427685e-04    1.7719725188456094e-03    1.6370260634183424e-03    3.6647139457254576e-03    1.5505797808391575e-03 
  -2.8050003340113097e-03   -7.3052457647604049e-04   -4.4181346031208187e-03   -3.4003472458065506e-03   -1.7911949346317926e-03 
  -2.6276795273884341e-03   -6.9823510075038250e-04   -7.5198068106076483e-03   -4.7754705306137380e-04   -4.3087174504154147e-04 
  -4.8343249719949439e-05   -2.6004179598812142e-04    2.0561093416593362e-03   -2.4742645354923014e-03    1.3050470228323490e-03 
   2.5567957857363412e-03   -4.3636512822510694e-04    7.2091714038078729e-03   -3.1167923238132932e-03    3.0435284914632917e-03 
   2.8312102979785787e-05    1.8820454430972763e-03   -1.4783875226084086e-03   -5.2932952034842541e-04    1.1287584231160813e-03 
   2.6196812255548600e-03    2.9039114034214213e-04    4.9380123045457511e-04   -1.7433985434510040e-03   -1.6648369972595922e-03 
  -2.0628702550920682e-03   -1.6105061107365803e-03    9.1297864728735495e-04   -1.5624762819242317e-04    1.7695193781710381e-03 
   4.0969261079918393e-03   -2.1531714561736899e-04   -1.5859369818137857e-03   -1.5645223020430230e-03    2.6095678830779520e-03 
  -1.5207910973578246e-03    5.0689074688968993e-04   -7.3037144769986053e-04   -6.1149637162287798e-04    1.7687757807288993e-03 
   1.1300603488423829e-03   -2.2797565472327936e-04   -3.4219499958505902e-04    3.4493189062263346e-05    4.8821270695869533e-04 
   1.9427808501917062e-04    4.0852806658799474e-04    1.3073984000668329e-04    3.6718848297827968e-06   -1.2205121985529356e-03 
  -2.0006788710844937e-03    8.1283681154104318e-04    8.8613354877771511e-04    1.6763258803649409e-04   -1.6013599169907239e-03 
   8.9873385764793745e-04   -1.0048462743230578e-03   -4.1365623156828791e-04   -4.3011252354688105e-04   -2.0060493551117163e-04 
  -3.5545600177943584e-04    7.4932878639574578e-04    1.1904542388360552e-03    1.9185246773455671e-04   -2.9068254615254106e-04 
 TENSORSUMACCUMULATOR_IMPL_H - PrettifyOut: Norm of simple tensor is 1.13269e-06 
 As simple full tensor 3    5 5 5 
   1.5637261768700661e-08    5.2344329280284504e-08   -4.3323098346799341e-09   -4.3108163123607975e-08   -2.9141696493995161e-09 
   6.6700443628927402e-09   -2.6731530792032598e-07    1.9136095242316652e-09   -3.7629237655258866e-07   -2.0494782241815065e-09 
  -5.3652013910888239e-09    1.0204577086613241e-07   -8.3192794922907872e-09   -4.0619921935035409e-08   -1.5560586700230523e-09 
   1.1618395397691608e-09    3.3651190917933750e-08    3.0209865575529730e-09    5.4373829564208239e-08    3.4641570996454266e-09 
  -2.0464972677223408e-09   -3.3944125423711833e-08   -1.7786522628064104e-09   -4.4318654901412909e-08   -2.8569196799900262e-09 

   1.5815069810663747e-08    6.9637445827699799e-07    1.3227123993232637e-08    6.1706714942176247e-08    3.7607342760594767e-09 
  -1.9475669981997115e-08    5.0998533821035593e-07   -1.3686172216118679e-08   -1.2762911262050740e-08   -3.0433970475796376e-09 
   4.3546212571498407e-09   -7.2495945655320831e-09    7.8317107560781577e-09   -9.4968247641507592e-08    2.6769541763583683e-09 
  -9.7584263243265507e-11   -2.5143181890114248e-08   -1.6796675124170802e-09   -5.8679223269916090e-09   -1.5778317379911799e-09 
   7.5430441686050321e-10    1.1202274499242795e-08    9.8193418028740757e-10    1.1147548957305998e-08    9.1257600102094005e-10 

   1.2096967251079988e-08   -2.1845063394121309e-08   -7.5840956865073816e-09    2.1481123261889550e-07   -1.8653295706760019e-09 
   6.0708761229534965e-09   -3.3227453322998139e-07    2.9248701940739082e-09   -3.4908226437929109e-07    1.5278787346549749e-09 
  -4.4466960935181548e-09    4.6330147822550491e-09   -7.9633846561393503e-09    1.0070594953776354e-09   -1.8000074666000296e-09 
   1.7443637683061965e-09    3.5721081915937127e-08    1.8844530643550476e-09    1.4697284727939973e-08    3.6987715148362946e-09 
  -1.8211186466436665e-09   -1.3297413050620338e-08   -1.6988420956593203e-09   -1.1379689456226732e-08   -9.8809165923341864e-10 

  -5.7139534870381933e-10    2.8346512017242235e-08    1.2065565248049766e-09    2.0727762144461359e-08    1.1148000656833836e-09 
  -1.5908551641597755e-09   -6.1345022903246332e-09   -3.2321506827325419e-09   -2.1116903306036526e-08   -2.9747586607508004e-09 
   3.9920052402133306e-11    4.1944490526963328e-09   -2.7972926998769567e-10    2.5363218946422680e-09    2.3315718955194180e-09 
   9.6127999318749827e-10   -5.6740776404907747e-09    2.1780470698576641e-09   -1.2335551381314775e-09   -1.2039007487105745e-09 
  -5.1314497541009524e-10   -4.7275519648904838e-10   -7.7593127141537013e-10   -2.7263248254175530e-09   -2.0906428664013597e-09 

   6.4027833482593454e-10   -1.0563126997963029e-10   -2.1834639929379431e-10    1.6802888428934466e-08    1.8803952547288377e-09 
   1.1123826786667339e-09   -3.7127597265259260e-08    5.4923011962551455e-10   -2.8453009964131708e-08   -3.3985689509049281e-10 
   2.5264079296642438e-10    4.5745518934061429e-09   -8.0926458262737801e-11    4.2415591174613378e-09   -2.2516659857231566e-09 
  -5.6340866311380866e-10    4.7738420295949411e-09   -1.8509585845240388e-09    5.1630213877197203e-09    4.9058267223935305e-10 
   9.7149346990794873e-10   -3.4937334818024632e-09    2.4424944290864506e-09   -4.4941116061052088e-09    1.7105027506314679e-10 
