2    101 5 
  -2.0870519437891505e-03    8.1527110501503743e-07   -3.0894617030985502e-05   -2.3000908736296458e-09   -2.5886509543615772e-06 
  -2.5807941633390332e-03    1.1819772436727611e-03    6.9057311345080540e-03   -2.1639171615250367e-04    1.9382552312790461e-04 
   1.2502393194416409e-03   -2.6311093096327899e-03    2.5491040385572563e-03   -2.9111272812361132e-04    7.3200739270274273e-05 
  -1.7271943040582795e-03   -4.1927460010658113e-03   -3.4803738777010075e-03   -4.5094806298471462e-04   -1.0027591729797839e-04 
   8.4743358503967488e-04    8.8757300589589776e-05   -2.8215087768520696e-05    5.9097803601264032e-06    1.9617321981717532e-06 
   6.6622478468718804e-04    1.8701981515672882e-03   -1.3856187283387083e-03   -1.7894956687843175e-04   -4.0464641459893053e-05 
  -6.2534816486348375e-05    8.6744565072806860e-05    3.8212363087972742e-04    4.4016001500874217e-04    3.2965374980013925e-06 
   2.2517427862155104e-05    2.9423954472987423e-04    7.5000157428307740e-04   -5.1718641784014529e-04    7.7296548229211133e-05 
  -6.4246622428798788e-04   -1.4746940758159508e-04   -4.0317627412656009e-04   -1.6930712284497193e-04    2.9057498314908844e-04 
  -1.5573966972604969e-05   -1.5952365136960881e-04    4.1227021246151822e-04    5.5914875536626062e-04   -4.2904641027824756e-05 
   1.3232571141859225e-04   -5.5958534164421588e-04    4.5528635960478205e-04    3.6923591268505246e-04    6.8616241642047648e-06 
   3.2724176399687318e-05   -1.8980624132919444e-05    3.8247900087137813e-05   -8.7426040507006169e-05    2.5407162454821770e-04 
   2.2876271411029301e-04   -3.1459389287808374e-05   -1.1506001584298293e-04   -1.9025646587057958e-05   -2.4555937726669072e-05 
   1.2477054931076063e-04   -1.6032807756822755e-05   -1.2220001403511074e-04    1.3646590082194813e-05   -1.1337943313839878e-04 
  -1.0151479979249642e-05    3.4928848041982687e-04   -1.0130253990811861e-03    9.6363649290455943e-04   -5.2600086430470549e-04 
   1.8348968545474039e-04    5.9370453388717617e-05    2.2568047800223219e-04   -3.9648451526390296e-05    7.8287914786820596e-04 
  -2.0895737872497277e-05    6.7295956522477868e-05    1.1186461237014690e-04   -2.3079104953586082e-05   -5.5580343999120462e-05 
   1.4199766016795679e-05   -1.0062242655484608e-05    3.0770583262757638e-06   -3.9008636790682633e-05   -2.1400986501349959e-06 
  -2.5639359230428949e-04    1.0994268466523833e-04   -1.1284058602894248e-05   -1.2412684163291937e-04    2.3990204310979585e-05 
   3.3215850690598449e-05    1.0473489270407049e-04   -7.5620829772734353e-06    6.2661719059882196e-05    3.9424494229000784e-05 
   2.0594388031925103e-05    7.4055668137300513e-05   -4.6700557868021868e-05    1.0095040573376161e-04    7.1644439090338030e-05 
   4.3273395244499492e-04    2.1764600468884528e-06    9.8461215027868037e-06    9.2142434478539845e-08    4.7393246213586233e-07 
  -1.8947784751461841e-06    1.2129003608998477e-04   -1.3357782911415649e-06    1.1031917245328711e-05   -2.1596095863204211e-07 
  -2.1918506460441600e-04   -9.6220705974753978e-06   -2.5218151960224018e-05   -4.6858136624056075e-07   -1.5632471863508436e-06 
   3.2147009226671927e-06    7.5425147903414698e-05   -1.0852523024755925e-05    1.6103678805835913e-06   -7.2446546780109157e-07 
   2.4230554946358130e-05   -1.3157025983811646e-05   -4.1172325066107446e-05    4.2752824742453547e-07   -7.4360085518955750e-07 
   1.7839203618868446e-05   -2.9697161488026937e-05    2.7554695553107024e-05   -1.6689068100732121e-05    2.4926966027705523e-06 
  -5.4928703740890654e-06   -4.7282554773371719e-06    2.8029609313604494e-05    3.9881162907052121e-06    1.9785855317218396e-05 
   2.6064410420334443e-05    3.4312204532498335e-06    1.2212255415544967e-05    6.1664666572507427e-06   -2.5295040888533777e-06 
  -3.0867208716653187e-05   -1.5524838333387328e-07   -7.0233057923662448e-07   -6.5725828552155406e-09   -3.3805926583041790e-08 
   1.3515584421722349e-07   -8.6517012082980614e-06    9.5281978866869723e-08   -7.8691420035891749e-07    1.5404642845978401e-08 
   1.5634620529521785e-05    6.8634887496237686e-07    1.7988280226369716e-06    3.3424229253932641e-08    1.1150749069763785e-07 
  -2.2930681491695260e-07   -5.3801273731001553e-06    7.7411788794179710e-07   -1.1486864203678704e-07    5.1676617183086781e-08 
  -1.7283820523526854e-06    9.3849965975194781e-07    2.9368500992003209e-06   -3.0495882218059864e-08    5.3041557449632823e-08 
  -1.2724825919742922e-06    2.1183188348494580e-06   -1.9654952747663180e-06    1.1904426390420974e-06   -1.7780575309673950e-07 
   3.9181019962162461e-07    3.3726969621866379e-07   -1.9993711980324716e-06   -2.8447506195421559e-07   -1.4113385886717850e-06 
  -1.8591922172393869e-06   -2.4475130108209970e-07   -8.7110852911551955e-07   -4.3985828308176445e-07    1.8043125624673393e-07 
  -1.4572024398165087e-01   -1.2313623465392636e-03   -1.2404509706947855e-01   -9.0968504763251927e-04   -6.1141616526655482e-03 
   9.8353366087498666e-04   -7.0371341357084033e-02    1.6227027032563151e-03   -5.6413488251784084e-02    9.0201472307049717e-04 
   7.9251408077559496e-02    5.4340732893450542e-03    7.8803766349176407e-02    4.0831108422381126e-03    1.4427381658477066e-02 
   1.8549498002776274e-03   -4.1779864537149561e-02    7.7091673336347833e-03   -3.0009331975457895e-02    6.0893831436952097e-03 
   3.0608600961855264e-03    7.0213543956362196e-03    2.5049993876669230e-02    4.5519437779446368e-03    2.0732009496439441e-02 
  -1.3310968487485841e-02    2.2506967220019741e-02   -2.6884629091015667e-02    2.7324026159637870e-02   -1.6272898021237058e-02 
  -5.7569419712583158e-03    1.0756237411027080e-03   -2.9333411741178612e-02   -2.0705843171196941e-03   -3.6705784691367448e-02 
  -1.1896517325634832e-02   -4.2005898189336173e-03   -1.5041394781052504e-02   -7.2515490774404208e-03   -2.9914553745719490e-03 
   1.1964453013474009e-01    1.0110178610176666e-03    1.0184801334991457e-01    7.4690267543263530e-04    5.0200711864929991e-03 
  -8.0753654750884282e-04    5.7778835950068219e-02   -1.3323303418564237e-03    4.6318652170224843e-02   -7.4060490682390553e-04 
  -6.5069871027323603e-02   -4.4616803242746314e-03   -6.4702331948348124e-02   -3.3524640424645227e-03   -1.1845693175070539e-02 
  -1.5230182932283089e-03    3.4303622647446234e-02   -6.3296607126115184e-03    2.4639352266753008e-02   -4.9997266346161239e-03 
  -2.5131385867183048e-03   -5.7649275393827143e-03   -2.0567456280333987e-02   -3.7374022965574898e-03   -1.7022147830488176e-02 
   1.0929055063372760e-02   -1.8479488122023331e-02    2.2073795153996371e-02   -2.2434564902807014e-02    1.3360966084620415e-02 
   4.7267737024301011e-03   -8.8314769169759149e-04    2.4084383673308358e-02    1.7000663803262792e-03    3.0137517222237092e-02 
   9.7677109698265617e-03    3.4489209010545589e-03    1.2349832541982068e-02    5.9539303422290208e-03    2.4561534000366618e-03 
  -1.0516553256034599e-03   -2.0986596064664212e-01   -1.9691781760711787e-03   -1.2992370760793681e-01   -1.0805047619572791e-03 
  -5.9447170544934258e-02    2.0940582161438890e-03   -1.1666832064700500e-01    2.6034584497816385e-03   -7.0708156841237740e-02 
   4.6138962128952988e-03    1.2394771234332529e-01    8.7406117936452525e-03    9.4152259167731123e-02    4.8889718945594610e-03 
  -3.5554596140543793e-02    7.9729480530973569e-03   -6.5803988972703731e-02    1.4362551652401280e-02   -3.4655072189988465e-02 
   6.0117788128941667e-03    2.3819335807540067e-02    1.0571406828293276e-02    4.7705663634220512e-02    4.7907295095203119e-03 
   1.8318780463165155e-02   -3.2625397982982134e-02    4.6537790304610090e-02   -4.4626397679175589e-02    4.2128945817669301e-02 
   1.1278180667188777e-03   -2.9463022504885899e-02   -1.1327124665104385e-03   -6.9644849631304198e-02   -5.0871281208092253e-03 
  -3.2584896113393019e-03   -2.1377696647967334e-02   -1.0825125486919069e-02   -1.8218129415532230e-02   -1.2387667292072137e-02 
   1.5012348675983515e-05    3.0330836846629424e-03    1.8999633217456021e-05    1.0626040158810239e-04    1.0435028303264655e-06 
   8.2859918145301750e-04   -2.4008686252084806e-05    1.1154336096555861e-03   -1.5114203658527754e-05    1.2097439046809762e-04 
  -6.5799596340399355e-05   -1.7047756459541517e-03   -8.4603280219548916e-05   -2.6154295077922518e-04   -5.2652902018319877e-06 
   5.1517541398958706e-04   -6.8429018538250692e-05    6.4339192340838892e-04   -1.1153363224984347e-04    1.9297879178367076e-05 
  -8.9843944998603987e-05   -1.7757849269064773e-04   -1.0546874801400604e-04   -4.0157748742591931e-04    4.1822214564792329e-06 
  -2.0313105757890351e-04    3.5113586075025452e-04   -4.0697162810659929e-04    2.9055462103713491e-04   -1.7864329028112043e-04 
  -3.2222059287789370e-05    1.9647237333937545e-04   -1.1879633260403063e-06    4.7896793884279518e-04    4.2362192010598534e-05 
   2.3557382574112267e-05    2.7935721219322408e-04    8.7589630507956125e-05    9.0353623411449681e-05    6.5791564096755954e-05 
  -5.3271258028019852e-01   -4.5015173936121733e-03   -4.5347428693099406e-01   -3.3255548832848208e-03   -2.2351670167748555e-02 
   3.5955248218162371e-03   -2.5725800209908611e-01    5.9321486188849267e-03   -2.0623198306611909e-01    3.2975143154311470e-03 
   2.8972104996716730e-01    1.9865456743012478e-02    2.8808459662580405e-01    1.4926714730265012e-02    5.2742484502992633e-02 
   6.7811792472744041e-03   -1.5273553511305313e-01    2.8182566196015488e-02   -1.0970575008880884e-01    2.2261086848036661e-02 
   1.1189651040668094e-02    2.5668113880128223e-02    9.1575792830294558e-02    1.6640637216779733e-02    7.5790445935792705e-02 
  -4.8661189243478647e-02    8.2279196455149459e-02   -9.8282707615795953e-02    9.9889020779962520e-02   -5.9489177733062983e-02 
  -2.1045774617413908e-02    3.9321804773097685e-03   -1.0723477418163253e-01   -7.5694789146759766e-03   -1.3418611402139816e-01 
  -4.3490350192420951e-02   -1.5356185111964481e-02   -5.4987145271569525e-02   -2.6509641450766498e-02   -1.0935926730825095e-02 
  -2.4779959259483590e-03   -1.2463221567677894e-05   -5.6382562154975717e-05   -5.2764192861388277e-07   -2.7139139503887686e-06 
   1.0850207882830051e-05   -6.9455196106276318e-04    7.6491644455372426e-06   -6.3172870616845839e-05    1.2366729548962899e-06 
   1.2551353875739841e-03    5.5099563149628948e-05    1.4440853892860403e-04    2.6832715805146327e-06    8.9517361351950231e-06 
  -1.8408575857066124e-05   -4.3191251382677535e-04    6.2145592435398897e-05   -9.2215667959898883e-06    4.1485593343396565e-06 
  -1.3875319027151085e-04    7.5342035449890309e-05    2.3576808151794880e-04   -2.4481861184222734e-06    4.2581356958018178e-06 
  -1.0215393000700174e-04    1.7005701716672037e-04   -1.5778845855647468e-04    9.5567825283470525e-05   -1.4274109973092282e-05 
   3.1454223390260291e-05    2.7075753458873395e-05   -1.6050799178708971e-04   -2.2837440567670668e-05   -1.1330118330315899e-04 
  -1.4925453033881012e-04   -1.9648447403175589e-05   -6.9931926985109460e-05   -3.5311486810376977e-05    1.4484883359470453e-05 
   4.9973191661615440e-04    2.5134301214978117e-06    1.1370545671358240e-05    1.0640837198808000e-07    5.4730897890401211e-07 
  -2.1881372459864835e-06    1.4006874630294956e-04   -1.5425899489392990e-06    1.2739932047878040e-05   -2.4939707910987303e-07 
  -2.5312035676776097e-04   -1.1111806120883320e-05   -2.9122548257181337e-05   -5.4112940045252505e-07   -1.8052766790450008e-06 
   3.7124164728821410e-06    8.7102834223809708e-05   -1.2532763146130970e-05    1.8596928271382289e-06   -8.3663071663524549e-07 
   2.7982046695436367e-05   -1.5194060402955065e-05   -4.7546823632805948e-05    4.9372023915818274e-07   -8.5872873728003469e-07 
   2.0601155432785537e-05   -3.4295019710424844e-05    3.1820846833780871e-05   -1.9272950369145110e-05    2.8786279509774407e-06 
  -6.3433031410137280e-06   -5.4603068665865307e-06    3.2369289040406553e-05    4.6055757501384271e-06    2.2849197165365246e-05 
   3.0099828546454167e-05    3.9624586047544869e-06    1.4103015884319905e-05    7.1211888597283704e-06   -2.9211341501376063e-06 
   2.4552404030759326e-04    1.2348771370049390e-06    5.5864799123451547e-06    5.2279657441079658e-08    2.6889919840831809e-07 
  -1.0750570046035050e-06    6.8817386621984944e-05   -7.5789219020880402e-07    6.2592751946276073e-06   -1.2253165440902132e-07 
  -1.2436094356057617e-04   -5.4593581942645228e-06   -1.4308243028728094e-05   -2.6586310041585739e-07   -8.8695320305638181e-07 
   1.8239529263979436e-06    4.2794624617300154e-05   -6.1574907296139444e-06    9.1368848270050342e-07   -4.1104629695185341e-07 
   1.3747901489382650e-05   -7.4650166914925312e-06   -2.3360301501586548e-05    2.4257043400503441e-07   -4.2190330874379119e-07 
   1.0121584691072185e-05   -1.6849537765665017e-05    1.5633948164731670e-05   -9.4690222616196652e-06    1.4143030324181270e-06 
  -3.1165378161623543e-06   -2.6827115872076001e-06    1.5903404130958014e-05    2.2627723555732312e-06    1.1226073459171033e-05 
   1.4788392078962846e-05    1.9468015026508337e-06    6.9289739664557874e-06    3.4987220197442413e-06   -1.4351868171213148e-06 
2    101 5 
   8.3060659627979694e-01   -2.4155619369522562e-02    1.1022025636663060e-02   -1.7104479819260387e-03    5.0260314976603791e-04 
   1.3956152247606570e-02    2.6349027582202512e-02   -8.5960306284596890e-04    6.9394523306882483e-04   -1.0259204077706129e-04 
   1.9605812621519520e-02   -3.6360579192304517e-02    5.8015828923687323e-03   -1.4976380588446587e-03    3.1056160013397908e-04 
  -1.4042864336778461e-02    2.1216693162173107e-02   -1.6730144015558431e-03    5.8824788032395628e-04   -9.9673469937657506e-05 
  -1.0931696019793482e-02    6.8756090123048728e-03    5.3594361781967963e-02   -9.8767622011258372e-03    2.8250151942826223e-03 
   1.5475002884932670e-02    3.0137734784127759e-02    2.8884747857424440e-03   -2.8445264385967210e-04    1.5436808242152826e-04 
  -8.8900236344450160e-03    4.2582800105333248e-03    2.3198065599148690e-03   -6.6816910836314143e-03    1.6619182241035760e-03 
  -6.8952588731440606e-04    2.1325496455237331e-03    1.7416225186940876e-02   -2.1396293881129633e-03    4.1116264646788776e-04 
   2.9539718096735328e-03    8.6436915371627815e-03   -2.1021900773782053e-03   -1.0927175401531656e-02    5.6051664495428248e-03 
   3.9550741160038075e-03   -1.0375036654910223e-03   -1.6698974116502816e-02    5.2488052027065022e-03   -9.5745194224698595e-04 
  -2.5023464044216411e-03   -9.5717962446622282e-04    2.4726104764005667e-03    3.3165632164356969e-03   -7.0477770172901991e-04 
   1.6107208166234550e-03    1.1089349875754759e-02   -1.7975946491909989e-03    8.6560795623786702e-03   -2.2123246800530992e-03 
  -1.3941749171057769e-03    1.0118556275993210e-02    1.2359229209919264e-03    6.9634099765107805e-03   -8.5997006814781621e-04 
  -6.4835505232386343e-04    9.7737741752082340e-03    1.1772047838433583e-03    2.1686403795738735e-03    1.7503431587925452e-04 
   2.5547972757789879e-03    8.1451918781734684e-05    4.8385286896394437e-04    8.8446074038550475e-04   -5.1001709185444157e-04 
   9.5672679280597232e-04    5.4815984603994545e-03   -2.9256919879049693e-04    8.3264353036761494e-04    4.2093403495973777e-04 
   6.1748033396022872e-04   -6.6228157009079892e-04    1.0262735078186754e-03    3.2874753515077678e-04    9.2112569452515024e-04 
  -1.4533803946755000e-03   -1.8083322071887099e-03    2.0121267556111656e-03    4.3220153128138410e-03    2.9517915553449038e-03 
   5.7667625495124237e-05    1.5077567534293641e-04    5.9882694906756975e-05   -1.0185950496496747e-03   -3.2153334882007475e-03 
   5.3243196857778849e-04    4.8932152791966808e-04    1.6720279774472408e-05    3.2119928714415677e-03    3.3536901472391888e-04 
  -3.5620195302935487e-04    5.8875619120270087e-04    1.4212447743809570e-03    2.1478562868019503e-03   -3.1228359785258229e-03 
  -8.3761111366720223e-02   -2.3143463797165909e-02   -6.4180242880181482e-02    1.2335144537696950e-02   -3.1530831917916972e-03 
  -1.5335353772414764e-02    1.7386756103707053e-02   -9.2191057254428482e-03    1.7076723085265356e-02   -4.5595238925340027e-03 
  -4.2307335657586820e-02   -6.2917703548419053e-03   -3.3536482860190737e-02    9.5092535963538193e-03   -3.9476337392210731e-03 
   1.3190715958127663e-02    2.3185183777727301e-02    1.4419927978736305e-02    1.1673115041505892e-02   -1.5764741781775882e-03 
  -1.1704276806916165e-02   -1.4004477446448511e-02   -1.9391909171617282e-02   -7.6822454551712079e-03   -5.4587744328820128e-03 
  -3.1845459640277053e-03    1.1655352893144955e-02   -2.9877052239914510e-03    9.1820101945788487e-03   -3.9664796091053297e-03 
  -6.6545794537796335e-03   -5.5981411683472522e-04   -5.8187683360720601e-03    9.5384317629229674e-04   -1.0985829355312521e-03 
  -1.5355416944144496e-03   -8.3640013994929902e-03    1.3260770022120812e-03   -6.4756588397292883e-03    4.4905137944787794e-03 
  -3.6181857911827452e-02   -1.3731925277552698e-01   -3.1904454310518769e-02   -6.8720871402898884e-02    1.9820572905556128e-02 
   1.3775045593211657e-02   -1.7120166308170624e-02    3.3494283147907380e-02   -8.3344625319279574e-03    2.1553242291232545e-02 
  -1.2987053441326309e-02   -6.9057600757588003e-02   -7.4014803717972156e-03   -3.7619664282215998e-02    1.3870188570221546e-02 
   2.3917792786586196e-02    3.0856740663624701e-02    4.1555983435917807e-02    1.9068754340814831e-02    1.3151221941102189e-02 
  -1.4193646039627248e-02   -3.2091620316162708e-02   -2.9648713022953986e-02   -3.2258012147277686e-02   -8.8569398110293161e-03 
   1.0640585519979024e-02   -2.5674190615116274e-03    2.1004547725108264e-02   -4.3992501362570303e-03    1.1819719649591401e-02 
  -1.5250296934938457e-03   -1.1233824947676545e-02   -1.5515755086460408e-03   -7.4263539960202265e-03    8.5327812366994772e-04 
  -8.3857520112993692e-03   -1.9911090555958808e-03   -1.5264511114714815e-02    4.5010400414356106e-03   -9.1865871688032140e-03 
  -5.4444533953023331e-04    2.2039343826905173e-05   -5.4922475464909598e-06    8.1732824341040796e-07   -1.9871936878506193e-07 
  -1.2232797802228077e-04    9.1892074249290913e-05   -1.0029787650469163e-05    2.7262534271842553e-06   -4.7978954816905289e-07 
  -2.7571983890312346e-04    3.3715324302365810e-05   -1.1614162682597168e-05    2.1846924034147815e-06   -5.0684234191878598e-07 
   5.9087596257471916e-05    7.5712428388168291e-05    5.9587790138782269e-07    4.2890472785889656e-08    9.7862633503461031e-08 
  -3.8622899653323420e-05   -3.7518756032760365e-05   -3.1055914351668693e-05    5.2193176438765994e-06   -1.2148803961295796e-06 
  -2.7086628446294832e-05    5.1141837914123927e-05   -1.3505060870152135e-05    4.8828853652618531e-06   -1.1130887047604512e-06 
  -4.3309284884149868e-05    8.9683666590437347e-06   -3.8367145927778613e-06   -1.6695149837814212e-06    6.3586921792606489e-07 
  -1.4678896558731487e-05   -2.7736732445368954e-05    1.6972256664761259e-05   -1.0713480131866589e-05    3.8029884641581232e-06 
  -4.4702029760769702e-04    1.8095542970543553e-05   -4.5094446669080121e-06    6.7107253581735918e-07   -1.6315979754984976e-07 
  -1.0043816187029953e-04    7.5448570124872117e-05   -8.2350207356412822e-06    2.2384076598496354e-06   -3.9393425021628377e-07 
  -2.2638152169539560e-04    2.7682180761410780e-05   -9.5358819001342433e-06    1.7937555479828281e-06   -4.1614611802942315e-07 
   4.8514245501171736e-05    6.2164169317498603e-05    4.8924932858469775e-07    3.5215494590928618e-08    8.0350735651693208e-08 
  -3.1711576615566033e-05   -3.0805012496031805e-05   -2.5498655361694358e-05    4.2853538400896922e-06   -9.9748525114419545e-07 
  -2.2239648005251128e-05    4.1990330240133819e-05   -1.1088415844636377e-05    4.0091239848741745e-06   -9.1390853762309120e-07 
  -3.5559362919322283e-05    7.3635343016065134e-06   -3.1501588397821407e-06   -1.3707658615544777e-06    5.2208445255889402e-07 
  -1.2052201078437867e-05   -2.2773420015114997e-05    1.3935178932566637e-05   -8.7963707818555176e-06    3.1224677880674562e-06 
  -2.9146958960431698e-05    1.1798794174488056e-06   -2.9402825630985907e-07    4.3755784168232386e-08   -1.0638469771122829e-08 
  -6.5488457632945074e-06    4.9194553106910992e-06   -5.3694611341940909e-07    1.4595036634244749e-07   -2.5685601941590121e-08 
  -1.4760700929169979e-05    1.8049546987152271e-06   -6.2176585690222248e-07    1.1695781963794642e-07   -2.7133877116227201e-08 
   3.1632628992160849e-06    4.0532756601951242e-06    3.1900408500447049e-08    2.2961475823495744e-09    5.2390900525409900e-09 
  -2.0676824455869488e-06   -2.0085719592656915e-06   -1.6625828074270875e-06    2.7941691501811563e-07   -6.5038795406670062e-08 
  -1.4500865199467400e-06    2.7378855922069008e-06   -7.2299536126086668e-07    2.6140596496349773e-07   -5.9589362680496166e-08 
  -2.3185687478069835e-06    4.8012278914683585e-07   -2.0539906333861793e-07   -8.9377722946603886e-08    3.4041349339282259e-08 
  -7.8583682239052445e-07   -1.4848899303265137e-06    9.0861218299810499e-07   -5.7354768799444482e-07    2.0359353022923010e-07 
  -2.2358981678176996e-04    9.0509964737690979e-06   -2.2555260068891584e-06    3.3565586648676052e-07   -8.1608977121519961e-08 
  -5.0236981028960221e-05    3.7737731510060657e-05   -4.1189780135934639e-06    1.1196027590405168e-06   -1.9703733208826494e-07 
  -1.1323110657286682e-04    1.3846023900229046e-05   -4.7696404353762845e-06    8.9719745718736279e-07   -2.0814722459493398e-07 
   2.4265768961641939e-05    3.1093163559853339e-05    2.4471185833010593e-07    1.7614023402523826e-08    4.0189687937636006e-08 
  -1.5861439946420419e-05   -1.5407996318754386e-05   -1.2753872052374051e-05    2.1434406560025756e-06   -4.9892039743925994e-07 
  -1.1123787553712049e-05    2.1002648638646243e-05   -5.5461841002980741e-06    2.0052764986973641e-06   -4.5711714563299479e-07 
  -1.7786018850949900e-05    3.6830794802238755e-06   -1.5756408413438321e-06   -6.8562722873189156e-07    2.6113527219450325e-07 
  -6.0282484830473474e-06   -1.1390768687516037e-05    6.9700729945111696e-06   -4.3997530805315384e-06    1.5617903803859845e-06 
  -1.9903403516068801e-03    8.0569695719089673e-05   -2.0078125606193774e-05    2.9879241592394421e-06   -7.2646260261870433e-07 
  -4.4719697848511885e-04    3.3593180084713148e-04   -3.6666107007182118e-05    9.9664223584194253e-06   -1.7539768066047891e-06 
  -1.0079548510433366e-03    1.2325382468038261e-04   -4.2458140347468807e-05    7.9866262609894080e-06   -1.8528742773228799e-06 
   2.1600777630344906e-04    2.7678352700960079e-04    2.1783634566260249e-06    1.5679560919542501e-07    3.5775850068717073e-07 
  -1.4119455176602572e-04   -1.3715811056171280e-04   -1.1353176343378539e-04    1.9080369984293860e-05   -4.4412639786378020e-06 
  -9.9021160934466287e-05    1.8696029934547187e-04   -4.9370736875006851e-05    1.7850467382339835e-05   -4.0691419379475458e-06 
  -1.5832666944773184e-04    3.2785847822487060e-05   -1.4025958745819486e-05   -6.1032812636427133e-06    2.3245605589625522e-06 
  -5.3661952847489238e-05   -1.0139775988416925e-04    6.2045837929020027e-05   -3.9165496082657838e-05    1.3902665423567400e-05 
  -5.4992634536885311e-03   -2.7570811297770018e-02    2.9970046384382928e-03   -6.6308068064454054e-04    1.1799334651349941e-04 
   3.2126185587936515e-03   -5.0217768699807415e-03    6.0367707354751542e-03   -1.1081088430001179e-03    3.0736553485416409e-04 
  -1.6099616474034878e-03   -1.4071538574484458e-02    2.8111312529568266e-03   -1.0417058314652733e-03    2.4581334797864676e-04 
   4.5673047530014159e-03    4.5480675090007203e-03    4.5521209048797612e-03   -2.5726024461473915e-04    4.2159700497786378e-05 
  -2.2784143314881307e-03   -4.6692325657126475e-03   -2.6860073741045210e-03   -2.0042098225230417e-03    5.2130339618340399e-04 
   2.3138578771480377e-03   -1.2208150756167103e-03    3.2604293161550926e-03   -1.1254599802639951e-03    4.4948054824202528e-04 
  -6.0568409806241662e-05   -2.2534323560417418e-03    4.6644385634108635e-04   -3.3643869411370883e-04   -8.1687657386737147e-05 
  -1.6462256643114087e-03   -1.9203639701352522e-04   -2.0095805968156927e-03    1.2744671410056230e-03   -8.1545560197804866e-04 
  -9.6729411881566793e-02   -2.6726646834961263e-02   -7.4116938599774404e-02    1.4244931294925670e-02   -3.6412587867935648e-03 
  -1.7709647438976316e-02    2.0078657804295061e-02   -1.0646452277737846e-02    1.9720623973936320e-02   -5.2654514414668960e-03 
  -4.8857562055466965e-02   -7.2658926820250097e-03   -3.8728763392833626e-02    1.0981522245816827e-02   -4.5588254941708135e-03 
   1.5232966422093540e-02    2.6774826104762801e-02    1.6652490994907024e-02    1.3480403189102871e-02   -1.8205515377412006e-03 
  -1.3516389569800833e-02   -1.6172718401177462e-02   -2.2394258371511731e-02   -8.8716478647846205e-03   -6.3039283012260002e-03 
  -3.6775927776503520e-03    1.3459891018995859e-02   -3.4502762018867178e-03    1.0603613437309865e-02   -4.5805891728106472e-03 
  -7.6848736410034413e-03   -6.4648724689601780e-04   -6.7196582022306123e-03    1.1015217917304031e-03   -1.2686708607747091e-03 
  -1.7732816888022893e-03   -9.6589565628782525e-03    1.5313866595209715e-03   -7.4782516718320171e-03    5.1857568661460721e-03 
  -2.4537711512995360e-04    9.9329541736353460e-06   -2.4753115890391061e-06    3.6836323487555829e-07   -8.9561213757466872e-08 
  -5.5132231222122144e-05    4.1415015329277861e-05   -4.5203442482612963e-06    1.2287003901123006e-06   -2.1623727241527533e-07 
  -1.2426470343656430e-04    1.5195224226041772e-05   -5.2344092726821893e-06    9.8462321278897730e-07   -2.2842974795789410e-07 
   2.6630302175296298e-05    3.4122979679469347e-05    2.6855735515780928e-07    1.9330389507681638e-08    4.4105898139965159e-08 
  -1.7407028781003857e-05   -1.6909400173260286e-05   -1.3996649650652805e-05    2.3523042873437780e-06   -5.4753677768171557e-07 
  -1.2207724566957531e-05    2.3049213095733664e-05   -6.0866218063904161e-06    2.2006769779166961e-06   -5.0166008491048783e-07 
  -1.9519144736151928e-05    4.0419703842494001e-06   -1.7291762643521493e-06   -7.5243691265680825e-07    2.8658111837133887e-07 
  -6.6156600660414375e-06   -1.2500721186168001e-05    7.6492589343084708e-06   -4.8284789250427914e-06    1.7139761707075723e-06 
2    101 5 
  -1.4929493701987820e-01   -1.0155378309575534e-04   -1.0759078242438068e-02   -2.7363441868629660e-05   -1.3773006824777737e-03 
   5.3967303748455936e-04    9.0291594205038125e-03    1.2436350543296677e-02   -1.1080498808365767e-03    1.4096999918604284e-03 
  -1.4704468557958619e-03    2.5813725009584780e-02    1.6701433187340985e-02    4.8460500129414328e-03    2.0302525477206750e-03 
  -3.3056984166471913e-03   -2.9158157500159675e-02    1.6317930638580183e-02   -6.0364699766276356e-03    1.9688078168251140e-03 
  -4.3681504967543784e-03   -3.9523412003147230e-03    4.2279407894494414e-02   -2.9945350479876707e-05    4.2033030927649193e-03 
  -2.5186393643327060e-03    3.4049565273849884e-02   -9.6344618595251823e-03   -5.0768396780195681e-03   -1.1987154229129013e-03 
  -8.3306822589779093e-03    1.3551530317203321e-03   -6.2778188734950811e-04   -8.6873824569229895e-03   -2.1463578485805567e-03 
   1.5710522843557888e-02   -3.9766363443633759e-03    2.0534725231205822e-06   -2.7977239460821703e-03    4.9466395677917260e-05 
  -6.8328096894736893e-04    1.3094252147219279e-04    1.0814054761724395e-03   -8.0869002299205741e-04   -2.8067526376742849e-03 
  -1.5445592229804567e-02   -4.3099428608462231e-03   -1.6049147697946116e-03    1.1412276934697693e-03   -2.1126107397167367e-03 
   5.2555835588755147e-03   -1.5838016728600700e-04   -1.0495608627869963e-03   -1.4748283414414264e-02    1.1015494071311928e-05 
   8.6511734708177824e-04    7.5915428870185469e-04   -1.9440182679234148e-03   -2.3415271960895404e-03    2.3471578573114032e-03 
  -7.3213463299454898e-04    2.6695466806579173e-03   -2.6529439830515639e-04    4.6664526277917472e-03    9.8543462012622000e-04 
   1.1445182893558971e-03   -5.1403402597466246e-03   -7.0409150596587001e-04   -4.5531636440899071e-03    2.4332300100923954e-03 
   6.9893013423161145e-06   -5.8807040439255373e-04    6.1414100125921096e-06   -1.6424992273107195e-03   -2.0220937945801543e-03 
   2.4915236268451891e-04   -1.3768651923479025e-03    6.8741580577879365e-04    1.3792092013898030e-03    1.9453220350836554e-03 
  -2.7998851851598959e-03   -5.1350819785505697e-04    2.8685104271549754e-03    9.6410610413476402e-04   -2.0986861918567646e-04 
  -1.8700974280509161e-03   -2.6292577105302673e-03    3.5694870197593110e-03   -1.9063186876976939e-03    1.4952924719147985e-03 
  -1.2089249822906775e-04    2.3196900900731583e-03   -7.6679190498914369e-04   -7.2907571664535345e-04    7.1237462634471263e-04 
   2.1649910815004971e-03    1.7256681482071469e-03    6.4236618994528119e-04   -2.3453789484918064e-04   -1.2213646497280684e-03 
   1.6411145539150555e-03   -4.0929666832303718e-04   -2.3844355366657551e-03    3.8974604419252074e-04   -6.4884013090713141e-04 
   4.4064589211721843e-02   -1.2583846741772759e-04    2.8521920071652281e-02    1.2974223827601401e-04   -6.0286990667672751e-03 
  -4.2132643967540788e-03   -2.4202770502480229e-02   -8.0289069884478207e-03   -2.3669940579308643e-02   -4.4335643228098163e-03 
  -8.9970394052084762e-03   -5.6309966209668863e-04   -4.4646383694108276e-02    4.7217049202332470e-04   -3.6471464127040644e-02 
   6.5488103152096808e-03   -6.1951051352495184e-03    1.1147820604949408e-02    1.9809260084572753e-03    5.7991751667215942e-03 
  -5.3732849544891638e-03   -9.4848729148044539e-04   -4.1520124539715167e-03    1.9356205857901432e-04    3.5092997157341974e-04 
  -4.0441709137247241e-03   -4.8062857079931133e-03   -7.0507372809755298e-03   -7.8516961315044389e-04   -2.5373738331199006e-03 
   2.4593024905682987e-03   -2.9048795517820864e-04    3.5134675291399655e-03   -5.2495010606336181e-04    5.7935066628992645e-03 
   2.9503234214204354e-03   -1.6013094866590594e-03    2.3773266064607934e-03   -1.9611723130585706e-03   -4.3811993202129210e-03 
  -8.2326070706698898e-07    2.3237806664343739e-04   -1.7983452562740193e-07   -3.3030538586623664e-05    8.7417588185294280e-07 
  -6.9272683454682805e-05   -2.9503602918528358e-05   -1.0994473683462672e-04   -2.2658567399700377e-05   -2.9879569715189087e-05 
  -3.5129586185091986e-06   -9.9791865378391159e-05   -1.0358386251180109e-06   -1.8306880006760656e-04    3.5214337597456868e-06 
  -3.2630144879830481e-05    4.3864556820164459e-05   -1.6173873386205066e-05    2.8858427103058341e-05    2.5575930878458556e-05 
  -4.7934664763280820e-06   -2.9505563576051816e-05   -2.6416431028200741e-06    9.4419092044907589e-07    3.4638757709138909e-06 
  -2.1014121628036997e-05   -2.8473935737488285e-05   -1.6006374044337735e-05   -1.7691224828603069e-05    1.0246177074613344e-05 
  -3.8567619973319577e-07    1.1455262309044616e-05   -1.6765229644009590e-06    1.0893974621020633e-05   -1.3546830926423013e-06 
  -3.8492078563780334e-06    2.0455727673534574e-05   -7.8620556344649223e-06   -3.3992925314694260e-06   -3.6099812958495996e-06 
   5.4267131185119027e-04   -1.6802916134520301e-06   -4.9363710974888841e-05    1.1952203577053843e-06   -2.0376730244740703e-06 
  -2.1896174684852356e-05   -1.4293068845999370e-04   -3.2413376841747616e-05   -3.9441201581008759e-05   -1.2989468864485836e-06 
   1.0492992532131657e-04   -7.2915120173676210e-06   -2.5681343782011355e-04    4.8193040482966843e-06   -1.6070105491914083e-05 
   4.2198598437062157e-05   -6.7719550276945911e-05    4.0228869823621308e-05    3.5107417717312665e-05    2.5554618472194503e-06 
  -6.1391127485088969e-05   -9.9490327894830453e-06    7.3120690856914722e-08    4.7604164261375652e-06    1.4323968084721608e-06 
  -2.0510914722878417e-05   -4.3552219255040067e-05   -3.1842432856328022e-05    1.4181533993601379e-05    4.9082959827131121e-06 
   3.5982459094224261e-05   -7.8183613874408264e-07   -1.0245523760101663e-05   -1.8269456396013545e-06    2.3882642835605028e-05 
   1.6717678120492528e-05   -7.9216943824848095e-06    2.1424766813840700e-05   -4.8331642849019488e-06   -2.4030836259994943e-05 
   4.4556372093512529e-04   -1.3796140816654628e-06   -4.0530387843993629e-05    9.8134325195848185e-07   -1.6730443548539061e-06 
  -1.7977993038820544e-05   -1.1735414788891109e-04   -2.6613208544994530e-05   -3.2383448601030128e-05   -1.0665085759717356e-06 
   8.6153380402815720e-05   -5.9867421674068240e-06   -2.1085830122645032e-04    3.9569201414973857e-06   -1.3194461992788548e-05 
   3.4647426770590833e-05   -5.5601566072325135e-05    3.3030168605158732e-05    2.8825167885121298e-05    2.0981781503627307e-06 
  -5.0405574419160969e-05   -8.1687164450720398e-06    6.0036206786784951e-08    3.9085700859974304e-06    1.1760784804733992e-06 
  -1.6840616564995055e-05   -3.5758825724657661e-05   -2.6144431366187550e-05    1.1643838391239142e-05    4.0299875334266487e-06 
   2.9543626155080190e-05   -6.4193151827397506e-07   -8.4121522361438995e-06   -1.5000252995688123e-06    1.9608995307485131e-05 
   1.3726155604858968e-05   -6.5041573934144018e-06    1.7590940617771138e-05   -3.9683001766310213e-06   -1.9730670458073143e-05 
   2.9051986135427166e-05   -8.9954651354168237e-08   -2.6426933127229011e-06    6.3986292443553582e-08   -1.0908711620228022e-07 
  -1.1722148369944770e-06   -7.6518148072022310e-06   -1.7352547555840773e-06   -2.1114903560818134e-06   -6.9539306964707697e-08 
   5.6174385287244120e-06   -3.9035213656725031e-07   -1.3748544048680509e-05    2.5800213008480632e-07   -8.6031539119569900e-07 
   2.2591079903338717e-06   -3.6253757896873802e-06    2.1536582878739608e-06    1.8794806183778931e-06    1.3680701473195027e-07 
  -3.2865827722695646e-06   -5.3262289041037647e-07    3.9145266215407794e-09    2.5484957282748789e-07    7.6683567587546632e-08 
  -1.0980547472120545e-06   -2.3315742740266120e-06   -1.7046891878338072e-06    7.5921044647772760e-07    2.6276632599560816e-07 
   1.9263260833855071e-06   -4.1855709279132737e-08   -5.4849557684059885e-07   -9.7805795576000754e-08    1.2785606929736109e-06 
   8.9498328429468428e-07   -4.2408903942972490e-07    1.1469779493358248e-06   -2.5874413982974070e-07   -1.2864942490999716e-06 
   2.2286126885432279e-04   -6.9005291571757767e-07   -2.0272417249575414e-05    4.9084652101856867e-07   -8.3682034746853160e-07 
  -8.9922005581533754e-06   -5.8697988806069302e-05   -1.3311347279743531e-05   -1.6197495680208502e-05   -5.3344436119314335e-07 
   4.3092044460810671e-05   -2.9944380411667909e-06   -1.0546672978933096e-04    1.9791652732376107e-06   -6.5995825140151799e-06 
   1.7329888251281969e-05   -2.7810692349815560e-05    1.6520970940741572e-05    1.4417721165301861e-05    1.0494630125874584e-06 
  -2.5211770493362976e-05   -4.0858140515551396e-06    3.0028803048916785e-08    1.9549816285385264e-06    5.8824884099737586e-07 
  -8.4233096179533533e-06   -1.7885785801887897e-05   -1.3076875144849758e-05    5.8239943610311613e-06    2.0157119912761798e-06 
   1.4777078343947099e-05   -3.2108016420158672e-07   -4.2075753322289073e-06   -7.5027998436202428e-07    9.8079923697847198e-06 
   6.8655240785102942e-06   -3.2532378679358662e-06    8.7986053671284598e-06   -1.9848573189548118e-06   -9.8688516300296391e-06 
   1.9838550010710236e-03   -6.1426776168307926e-06   -1.8045996305736538e-04    4.3693923600404597e-06   -7.4491644055415100e-06 
  -8.0046309256128070e-05   -5.2251474311514415e-04   -1.1849426779120731e-04   -1.4418603544347832e-04   -4.7485876266724302e-06 
   3.8359454897403074e-04   -2.6655734816125412e-05   -9.3883832042586943e-04    1.7618031816129873e-05   -5.8747824791252141e-05 
   1.5426630949400539e-04   -2.4756379331885463e-04    1.4706553091000895e-04    1.2834293004285229e-04    9.3420559645185212e-06 
  -2.2442884416945134e-04   -3.6370889752594626e-05    2.6730885725913720e-07    1.7402755089370486e-05    5.2364433312533451e-06 
  -7.4982185092330278e-05   -1.5921476976941371e-04   -1.1640705577894476e-04    5.1843733990824403e-05    1.7943361514404818e-05 
   1.3154183732580477e-04   -2.8581749209746902e-06   -3.7454778069498022e-05   -6.6788038443460565e-06    8.7308282920989220e-05 
   6.1115169756254355e-05   -2.8959505826904998e-05    7.8322973524116559e-05   -1.7668700976457483e-05   -8.7850036759235949e-05 
   2.4684435550181415e-03   -7.6431256143388493e-06   -2.2454021715663576e-04    5.4366868569852939e-06   -9.2687428553006357e-06 
  -9.9598910242737281e-05   -6.5014738947564933e-04   -1.4743840224103546e-04   -1.7940579816666215e-04   -5.9085066782452865e-06 
   4.7729369920878505e-04   -3.3166827603637870e-05   -1.1681647096225087e-03    2.1921520002798534e-05   -7.3097927721033914e-05 
   1.9194834159821678e-04   -3.0803523934151282e-04    1.8298865680412514e-04    1.5969275895939383e-04    1.1624003681612291e-05 
  -2.7924920604135409e-04   -4.5255065693610836e-05    3.3260335334203131e-07    2.1653658466331540e-05    6.5155290004923556e-06 
  -9.3297792143284627e-05   -1.9810554304061073e-04   -1.4484135505923821e-04    6.4507401482788066e-05    2.2326316722583618e-05 
   1.6367305089677920e-04   -3.5563302050732268e-06   -4.6603711198839405e-05   -8.3102093126291900e-06    1.0863473800235701e-04 
   7.6043534843635895e-05   -3.6033331809200476e-05    9.7454621986529182e-05   -2.1984565922072549e-05   -1.0930882394598924e-04 
   4.9780551125640422e-04   -1.5413721113079724e-06   -4.5282525246343582e-05    1.0964045237658461e-06   -1.8692067178960335e-06 
  -2.0085890290329995e-05   -1.3111377529860657e-04   -2.9733574039891960e-05   -3.6180367542599995e-05   -1.1915553757534296e-06 
   9.6254756755960512e-05   -6.6886802164940034e-06   -2.3558117394385718e-04    4.4208640907855048e-06   -1.4741496197868514e-05 
   3.8709794327631277e-05   -6.2120780316673549e-05    3.6902914660258754e-05    3.2204882852645386e-05    2.3441869204616282e-06 
  -5.6315565125547133e-05   -9.1264882556265427e-06    6.7075377121518789e-08    4.3668450516076380e-06    1.3139722148405324e-06 
  -1.8815157844125871e-05   -3.9951503422298847e-05   -2.9209833321793146e-05    1.3009063913849728e-05    4.5024985432476148e-06 
   3.3007579458290606e-05   -7.1719718781256861e-07   -9.3984665894511650e-06   -1.6759013942657084e-06    2.1908125539889612e-05 
   1.5335530222526050e-05   -7.2667617321388847e-06    1.9653456455862619e-05   -4.4335784208389627e-06   -2.2044066950062198e-05 
  -6.5483826827698118e-06    1.8483822857096391e-03   -1.4304403007136098e-06   -2.6273160497821058e-04    6.9533723124174811e-06 
  -5.5100897787258073e-04   -2.3467764314820768e-04   -8.7452274178678919e-04   -1.8023084194700558e-04   -2.3766815932299362e-04 
  -2.7942785542005394e-05   -7.9376474246326391e-04   -8.2392705696264134e-06   -1.4561663757634150e-03    2.8010198534792052e-05 
  -2.5954679220462930e-04    3.4890758395586156e-04   -1.2865027018338997e-04    2.2954578382211699e-04    2.0343614291625330e-04 
  -3.8128204825728764e-05   -2.3469323861591708e-04   -2.1012165162350818e-05    7.5102861336902254e-06    2.7552370614564933e-05 
  -1.6715058666277240e-04   -2.2648746149680698e-04   -1.2731794643680051e-04   -1.4071959138842394e-04    8.1500171141450406e-05 
  -3.0677467366164786e-06    9.1117480388906282e-05   -1.3335403782918336e-05    8.6652884247299009e-05   -1.0775424149786446e-05 
  -3.0617380196473285e-05    1.6270900786466091e-04   -6.2536385528616842e-05   -2.7038662425719114e-05   -2.8714523601016325e-05 
 TENSORSUMACCUMULATOR_IMPL_H - PrettifyOut: Norm of simple tensor is 0.000259935 
 As simple full tensor 3    5 5 5 
   2.5902201943433552e-04    1.6441142657712557e-07    1.7151567454947871e-05    7.4652255586579250e-09    2.2775243860784729e-06 
  -7.8149889144575079e-06   -6.4727625620161881e-08   -3.0653582852012170e-06   -1.2318874553208804e-08   -2.9599218754692291e-07 
   1.9118398251717419e-06    8.0786342583441141e-09    1.2345096574913392e-06   -6.4879561624355695e-10    1.4042528006962436e-07 
  -2.3799950321774846e-07   -1.8807513197179147e-09   -2.0972221451083613e-07   -9.4236097125581074e-09   -2.1010482032802481e-08 
   8.0138640780991328e-08    1.5154657643772970e-09    4.3780383283434977e-08    3.4942215080984585e-09   -2.0552753543123613e-11 

  -2.6037210072770696e-07   -1.9187781718891998e-06   -2.1664834420400397e-08   -7.6099681937555440e-07   -2.5215071613224981e-09 
   3.7003391667792027e-08    7.2489969860236587e-06    1.4892270004212580e-08    6.2909666306430040e-07   -1.9334404859506951e-10 
  -5.6169438406925483e-09   -4.5528046400119069e-07   -5.7362229569604411e-09   -1.0837037872669489e-07   -1.1951179474212456e-08 
   5.7754184596122389e-09    1.1768908991148118e-07    8.9997226583079023e-09    2.0164001510051240e-08   -2.3185041195672004e-09 
  -1.4023796965403284e-09   -1.3571513721652781e-08   -1.1492677773944275e-09   -1.0061310126286612e-09    1.8477465645668322e-09 

   5.3414690613470251e-06   -9.8614641169198583e-10    3.3614350668433950e-06    5.4178879477318881e-09    3.8551462272109212e-07 
   4.2287976520170351e-07   -1.8987435600140826e-08   -1.4910224890964052e-07   -1.9978944614100965e-09   -3.0845521055692046e-08 
   3.0656606206247009e-07    7.6205375560082560e-09    2.0510522860748469e-07   -5.0083723202119892e-09    1.5709401903999543e-08 
  -2.5140846098230461e-08    1.0531571471122007e-08   -2.0259543015224154e-08   -1.1634334392092285e-08   -7.1795636406474893e-09 
   3.3399935229964065e-09   -2.2186377690995985e-09    2.2048426694989607e-09    3.4870364473624756e-09    2.6064282146663047e-09 

  -9.3279586869765468e-09   -5.0779334071347408e-07   -5.9433936880351687e-09   -1.5888752632371566e-08   -5.8789069474005034e-10 
   1.1864921477279542e-09    3.6136426285433533e-07    3.9104944222131904e-09    1.3830508801197416e-07   -2.2396829051824342e-10 
  -6.5483433056698232e-10   -6.3122695273351714e-09    1.7481284407675565e-08   -1.8423651230633414e-08    1.5424346899451949e-08 
   2.5946508819166359e-09   -5.0908271311524253e-09   -3.7123614819847158e-09    5.8252246160929805e-09   -9.3708457566896078e-09 
  -2.0219175425530419e-09    2.2859853945493033e-09   -4.1760681908553210e-10   -1.1660841410655476e-09    3.8315215974568147e-09 

   3.9085884787271297e-07    3.5930537513110549e-10    1.4677503604827205e-07    5.6934770672091288e-10    1.8220551898357665e-08 
   1.1657646052700617e-08   -1.4813159101802133e-09   -7.5394342976672266e-09    1.3179867131596777e-09    2.3047581216958527e-09 
   1.2829487590424394e-08   -7.5931665887997949e-09    1.0011157279232807e-08    6.9569846348235888e-10   -1.6595583607774366e-09 
   5.9281181190885143e-09    3.8120647851559681e-09   -8.7099239801585548e-09   -9.0398930055557212e-10    1.5955992426770620e-08 
  -2.0089549343681034e-09   -1.0844593613153024e-09    3.7562962733596318e-09    2.5083998714972130e-10   -6.0384353415205582e-09 
