2    3 5 
   3.7683071718685662e-05   -7.5378385235371742e-05   -1.8953777918448115e-06   -3.2851280020682857e-07    3.1087340920861479e-08 
  -2.9209459663185271e-04   -1.7959264203273268e-04    6.5460807292247266e-05   -7.7106586972638822e-06    1.0029259878216096e-06 
   1.0462835107399010e-03    1.8434181162501245e-04   -2.0397721837225177e-04    2.1456846456293857e-05   -2.8451148688025453e-06 
2    3 5 
   3.3181561446077291e-02   -3.1880445960433914e-03    1.1165013180056533e-03   -3.0017163294569001e-04    8.5486531819742935e-05 
  -2.9237599199938730e-04   -1.2314325650337214e-03    5.2266105160621670e-04   -1.5733542095263084e-04    4.5603018545254508e-05 
   5.2582205901893015e-05    7.9660573045245181e-04   -3.3667145734228023e-04    1.0083802419782492e-04   -2.9195813636290840e-05 
2    3 5 
   4.3015548120380813e-06    1.0084054129844205e-02    6.6145466251557871e-06    1.6969897956707702e-03    1.3052632590840810e-06 
   3.7216592743975516e-05   -6.7206890087644963e-03    4.4671562525125987e-05    2.3579074628897628e-03    1.1606466710729725e-05 
  -2.0153820490294076e-05    3.4953221385213649e-03   -2.4108498345412991e-05   -1.2393854361006167e-03   -6.2559927389183637e-06 


 TENSORSUMACCUMULATOR_IMPL_H - PrettifyOut2: Norm of simple tensor is 2.87756e-08 
 As simple full tensor 3    5 5 5 
   7.4481621151471016e-12    1.2227273172111981e-08    1.0759383195198079e-11    2.2550702739773308e-09    2.2791092153954455e-12 
  -3.9278682191476561e-12   -7.1558272011763195e-10   -4.8203532293812352e-12   -3.8873867319812873e-10   -1.1962388099507880e-12 
   1.5985141070109831e-12    2.1905179328392161e-10    1.9507554390004142e-12    1.4800260562362773e-10    4.8669549009073085e-13 
  -4.6463216682128769e-13   -5.4151669841269116e-11   -5.6542749358383152e-13   -4.1594929435386933e-11   -1.4140749311905382e-13 
   1.3375801775637352e-13    1.5235007720412492e-11    1.6270986732583404e-13    1.1918043985354788e-11    4.0704469697697125e-14 

  -9.0000933533564665e-12   -2.5540972405390208e-08   -1.4432168149056113e-11   -4.1326673665985324e-09   -2.7158895048921382e-12 
   6.3048433496321707e-12    1.4502534951116437e-09    7.9286550874258412e-12    7.4726799561005264e-10    1.9618313410007058e-12 
  -2.6045957479206679e-12   -4.3475881131120021e-10   -3.2535883820179731e-12   -2.8722678727486559e-10   -8.1104122558574096e-13 
   7.7429894070831879e-13    1.0323804882005412e-10    9.6377130595996878e-13    8.1984043075476714e-11    2.4119854922222020e-13 
  -2.2405312103153965e-13   -2.8749635785221753e-11   -2.7872950351909197e-13   -2.3575924712721984e-11   -6.9797667526017627e-14 

  -7.6666502536347607e-13   -5.4306317532730106e-10   -1.0123985090577147e-12   -1.3856166469524364e-10   -2.3712910837617134e-13 
   3.0072423022893537e-13    3.4739090500502799e-11    3.5634454934647791e-13    2.1568901625132793e-11    8.8815859963888328e-14 
  -1.1981082838543612e-13   -1.1244867338371054e-11   -1.4122341832132378e-13   -8.0308446464414221e-12   -3.5280402069079066e-14 
   3.3679405453013272e-14    3.0615335459946770e-12    3.9556781203403786e-14    2.1731753390925735e-12    9.8814751286480650e-15 
  -9.6192790521073407e-15   -8.8095774408251451e-13   -1.1290615360086697e-14   -6.1700048080140110e-13   -2.8199394009231179e-15 

   1.4273610762171644e-14   -1.2112952155625141e-10    1.4053978521952649e-15   -1.4580792963843527e-11    4.8793280948241620e-15 
   1.3400302027530243e-14    6.4914804886234619e-12    1.9012920188977414e-14    2.9816023935674913e-12    4.6407597820819035e-15 
  -5.9735436574356922e-15   -1.8637777235219020e-12   -8.2976690757933866e-15   -1.1717351497579083e-12   -2.0608050625574269e-15 
   1.9677127511320470e-15    4.0383123467539491e-13    2.6832645079880340e-15    3.4624279731911808e-13    6.7333154667534409e-16 
  -5.8188458841321799e-16   -1.0964834701235277e-13   -7.9081890105379816e-16   -1.0035353655843167e-13   -1.9876293888229253e-16 

  -3.4608485234357994e-15    1.1849778145616569e-11   -2.6693386096158961e-15    1.2444923254226225e-12   -1.1210561326255918e-15 
  -7.1281896022031446e-16   -6.2103747512712298e-13   -1.1861889955309742e-15   -2.7129862679710590e-13   -2.8496309505522188e-16 
   3.5316248472229015e-16    1.7514829082690703e-13    5.5320427895631377e-16    1.0772440735857993e-13    1.3688100545818203e-16 
  -1.3071580842632253e-16   -3.6396460565180628e-14   -1.9408205248062184e-16   -3.2328948607782554e-14   -4.8813806173213072e-17 
   3.9500478950195605e-17    9.7588780136961534e-15    5.8114168769609810e-17    9.4020550603352427e-15    1.4650602232507070e-17 
