2    3 5 
   2.2697276112874478e-06    6.1131371800218260e-04    1.3128018540782300e-06    2.7447002260254650e-05    7.6388272453269740e-08 
   2.8368303904652073e-08    3.0661774505663017e-05    3.2399245380352826e-08    2.9137257695696304e-06    3.4315480912254298e-09 
  -8.8052379499019202e-06   -1.3772877696879973e-06    1.0275114156329427e-06    7.7977711376028195e-05    1.2415442610348916e-07 
2    3 5 
   6.1120519904048784e-04   -2.7807107577598932e-05    1.0904599561594915e-05   -8.5999672607384264e-07   -1.5687899718694110e-08 
   1.1763051726579616e-06    3.0760587340580973e-05   -8.1088648538649291e-07   -5.9108173303366973e-07    1.7815173204274314e-07 
  -7.2552239473761478e-05    2.9891639405913428e-05   -1.9160745746251553e-06   -1.0458598213898244e-07    6.2955496060400830e-08 
2    3 5 
  -6.0254859789306519e-04   -1.0614765349620956e-04   -3.3704697626605285e-06    2.7182244679276188e-06   -2.0854621177448413e-06 
  -6.0254859789306519e-04   -1.0614765349620956e-04   -3.3704697626605285e-06    2.7182244679276188e-06   -2.0854621177448413e-06 
  -6.0254859789306519e-04   -1.0614765349620956e-04   -3.3704697626605285e-06    2.7182244679276188e-06   -2.0854621177448413e-06 
 TENSORSUMACCUMULATOR_IMPL_H - PrettifyOut: Norm of simple tensor is 2.29048e-10 
 As simple full tensor 3    5 5 5 
  -1.2208492734422194e-12   -2.1507026338055210e-13   -6.8290517566407799e-15    5.5075098976684382e-15   -4.2254432590878067e-15 
   1.9609638737803506e-13    3.4545215858184170e-14    1.0969023022138540e-15   -8.8463237671957143e-16    6.7870307678665734e-16 
  -2.5065394901340325e-14   -4.4156319706602584e-15   -1.4020803616425651e-16    1.1307531036887941e-16   -8.6753054800630145e-17 
   6.3136358177730935e-16    1.1122382981715497e-16    3.5316518353315074e-18   -2.8482149691269824e-18    2.1851927577698044e-18 
   3.5242556514179873e-16    6.2084862370746918e-17    1.9713591817365541e-18   -1.5898664400537999e-18    1.2197691074180772e-18 

  -2.2521706928575958e-10   -3.9675245308958952e-11   -1.2597943547076177e-12    1.0160019465121176e-12   -7.7949175868520008e-13 
   9.6991413374385562e-12    1.7086440786638489e-12    5.4253985016174733e-14   -4.3754882831861815e-14    3.3569394907912263e-14 
  -4.0032768888591911e-12   -7.0523514540386237e-13   -2.2393087881439591e-14    1.8059630757148338e-14   -1.3855616505875457e-14 
   3.2761011098989992e-13    5.7713261079369758e-14    1.8325492365169869e-15   -1.4779186653941394e-15    1.1338811147327083e-15 
   2.5394337772424669e-15    4.4735800167133110e-16    1.4204804044691409e-17   -1.1455924139761035e-17    8.7891548689666443e-18 

  -4.3858378181072879e-13   -7.7262878817559718e-14   -2.4533014932825504e-15    1.9785444213509334e-15   -1.5179686180032691e-15 
   2.8889806195060292e-15    5.0893573535626016e-16    1.6160060544503057e-17   -1.3032804050609770e-17    9.9989605186137791e-18 
  -7.4237107941533187e-15   -1.3077940663861706e-15   -4.1525933088090775e-17    3.3489933250275626e-17   -2.5693973379799978e-17 
   7.5657158191739407e-16    1.3328103061439545e-16    4.2320265104879909e-18   -3.4130548023805040e-18    2.6185462533115500e-18 
  -3.0045705458860032e-17   -5.2929857330151012e-18   -1.6806634701499096e-19    1.3554254714059429e-19   -1.0399025199705495e-19 

  -6.7013769854982243e-12   -1.1805445149013194e-12   -3.7485422050254981e-14    3.0231332301633009e-14   -2.3193926413324599e-14 
  -9.9859644118254303e-13   -1.7591721131181561e-13   -5.5858384234486162e-15    4.5048802528116745e-15   -3.4562109285176649e-15 
  -8.8890835973251722e-14   -1.5659406874184879e-14   -4.9722773544422514e-16    4.0100540630569168e-16   -3.0765729384335266e-16 
   2.0174506661447740e-14    3.5540312433626739e-15    1.1284992599231076e-16   -9.1011476629887165e-17    6.9825354392587891e-17 
  -3.0113119213860358e-15   -5.3048616413346535e-16   -1.6844343862819941e-17    1.3584666488139975e-17   -1.0422357563727203e-17 

  -2.2707203082369407e-14   -4.0002023622386225e-15   -1.2701704335772194e-16    1.0243700712693723e-16   -7.8591190808188410e-17 
  -1.0198730703295612e-15   -1.7966539737707620e-16   -5.7048532804114003e-18    4.6008636376285647e-18   -3.5298508045949930e-18 
  -3.5689663686259729e-16   -6.2872506344088738e-17   -1.9963689686555384e-18    1.6100363924722950e-18   -1.2352437939944794e-18 
   4.8629770508413204e-17    8.5668376751302786e-18    2.7201983646938273e-19   -2.1937920447892734e-19    1.6831097864062964e-19 
  -4.3559251396740188e-18   -7.6735923707784209e-19   -2.4365692697686200e-20    1.9650501779483470e-20   -1.5076156343715759e-20 
