2    21 5 
  -3.7555505729282752e-06   -5.2950018222819350e-04    2.2766365024496690e-06   -6.4561389635811185e-05    4.3423663327179013e-07 
  -2.2969649360013103e-04    5.6064075651517575e-04    1.1242853146309548e-05   -2.2074579118104157e-03    8.0940212833974255e-06 
  -5.4845881158116516e-04   -1.3354680587773266e-03   -3.3217679984690412e-05    1.8472770274483182e-03   -8.6232238134080469e-06 
  -3.4098703188123263e-04   -3.3120330739921282e-03   -5.5770102304158617e-05    2.5916770809040800e-03   -1.4637512642599690e-05 
   7.9830587484683074e-04    2.3026366006334881e-03    6.1022042367688316e-05   -3.0939771641747527e-03    1.5521323686300554e-05 
  -3.0750409363779907e-04   -4.9238074138571925e-04    6.0032332451823024e-06   -1.3782341370826979e-03    3.2201761249621311e-06 
   1.1146163325863776e-04   -4.2665904363139950e-05   -1.0528229457406433e-05   -6.7790460139899951e-05    3.4959466680108972e-06 
   5.9693136337160481e-04   -4.6138960593758021e-04   -7.3535768974991901e-06   -1.1477025596540107e-04   -7.3382247147984217e-06 
   5.6308306029300822e-06   -6.4167208688480526e-04   -4.7338740123365532e-06   -5.9051147722172422e-06   -4.1542847974284699e-06 
  -5.9085457399562332e-05    1.0209379773974401e-03    7.3888284921003425e-05    8.0234473136497637e-04   -2.8170120219770401e-05 
   5.2378645543721938e-05   -8.0108255807561439e-05    2.0809815759729759e-05    1.7539921108479541e-04   -5.7980389012308417e-06 
   1.2254338905472327e-04    1.1588607551911255e-04   -4.8167794117165372e-05   -1.1639201612588544e-04   -3.3818730763883949e-05 
   9.3832463111126507e-05    7.4593747227570193e-05   -3.3645350044290810e-04    8.4134979273722420e-06    5.1864021320066457e-05 
   8.1788088396851210e-05    2.8157613499992956e-05   -1.5091950547925259e-04   -5.0936126927229023e-05   -3.1799554573496776e-05 
  -3.4386650277722498e-04    6.0049613746409733e-05   -5.4548841936232829e-04    1.2216726022072353e-04    6.6809351827704791e-05 
  -2.0660502354645108e-05    1.2092870895622378e-05    1.0732728815656684e-04   -5.3058433353237521e-07    2.0006506187023464e-05 
  -2.2644250851684757e-05    1.4440224431387041e-05   -3.8256455870236709e-05    1.8803531684621554e-05    1.1934159745180414e-04 
   1.1406345986212615e-05   -3.6313079815293828e-06   -3.9897553525733273e-05   -4.1225897356318119e-06   -5.9414316125559219e-05 
  -1.0035399025456520e-04   -2.6597040437817452e-05   -2.6485965974506841e-04    8.8650592777298533e-05   -1.3274956358921012e-04 
   1.3283482001048283e-05   -1.4791834404428125e-06   -4.0373270541806420e-05    1.1200292274951768e-05    3.2214513724362301e-04 
  -3.2113443346413715e-05   -3.6721797051050415e-05    3.4222728539016284e-05   -7.8382967367453810e-05   -1.2268705578654942e-05 
2    21 5 
   1.1074016666241512e-01   -3.1090504670695930e-03    4.4401445927340953e-03   -9.6009205224981890e-04    2.2468898319106102e-04 
   4.6847316420443687e-02   -3.6295551914427536e-02    1.2793235961929815e-02   -3.6930284715788937e-03    9.2236706376219539e-04 
   8.5046487769523504e-02   -1.9554323395259365e-02    1.7370323689404339e-02   -4.1009163385100173e-03    1.5754673940029241e-03 
   4.3726693734791752e-02   -2.8772037863338349e-02    1.9759087499994259e-02   -5.9312425665301767e-03    2.0716798692844724e-03 
   1.1102007530711155e-01   -2.9751344104577505e-02    2.4788655810856274e-02   -6.2149902444126343e-03    2.3708353885798367e-03 
   1.7497709317029209e-02   -4.6297818998847724e-02    5.5521112420118500e-03   -1.2964510070622411e-03    2.9586189889801236e-04 
  -1.0480464808197396e-02    2.9239117255640865e-02    3.7081729115574599e-02   -1.6036585923615058e-02    7.2938119269102663e-03 
  -6.2141372884166315e-04    3.8445002649857129e-03    1.8464459254746924e-02   -2.2950203747902410e-03    1.6812955328838735e-03 
  -3.2818088602792504e-04   -1.0643131535373635e-03   -2.5238026458437187e-03   -1.2031048193368254e-02    6.8350026685601089e-03 
   1.4765647399803640e-03   -3.2732423278775788e-03   -4.9640654350520709e-03    6.7966854652616576e-03   -1.9032051737544924e-04 
   1.4664099753363743e-02    1.6952023796990245e-04   -5.0211686172055382e-02   -1.1528060535109384e-02    3.7654852144456260e-03 
   2.5860849156075080e-03   -1.0307431516074321e-03   -1.9557437901194163e-03    1.7132001384148640e-03    7.0775261488612217e-03 
   1.2023669596209276e-04    4.4225559316776724e-03    1.0788236150884466e-03    3.1104253024091810e-03   -2.5267869566247074e-03 
  -5.1771862237648012e-03   -4.8626634166142003e-04    2.2800842635200104e-03    8.1399344963931650e-04   -5.1460087827317411e-03 
  -1.1274121171403041e-03   -1.8113320977749176e-03   -7.1531304116536840e-04   -9.2292800392079722e-04    2.4986898544363347e-03 
  -4.6757124510678127e-03   -3.7438562471166243e-03   -1.0425146431557954e-02   -2.3483873716258737e-03    3.4921110727151989e-04 
   1.0564680058188374e-04    7.2446143215003410e-04   -6.3636635807275555e-04   -3.3208586161976856e-04    2.6270161075813651e-03 
   1.9146327996158177e-03    1.0250770610441401e-03    1.0652379890776717e-03    3.3781115325673436e-03   -2.2689315288621256e-03 
   8.7710133988020588e-05    6.3561357180320086e-04   -2.4043948910955544e-04   -2.5401684254137090e-04   -3.7183582031220238e-04 
  -1.6641937031122467e-04    1.4197422365583840e-04    2.4617105187523659e-03    8.7036921086799533e-04    4.4429991016256001e-05 
   7.0611734504251607e-04    2.1214314692930905e-03   -9.7329366547883975e-04    2.1342620477849952e-03    2.4560286386187931e-04 
2    21 5 
   3.4795573015310566e-01    6.7559410148879784e-02    4.8610788285395806e-02   -2.4582810116327829e-02    1.1292046571145187e-02 
  -7.0064660266958673e-05    7.8411027096474892e-03    1.3208941293002254e-02   -1.8353253586161147e-03   -1.7138302614832393e-03 
  -7.8105068101038316e-02   -4.3936360671296054e-02    3.2461111736746380e-02   -4.3700420901347244e-02    3.6420449552082672e-02 
  -1.5989100857856625e-02    7.4217388626681138e-03    1.6367481506240608e-02   -1.0339367813075763e-02    6.3245304132626377e-03 
  -4.4139604643474176e-02   -1.3829348207795890e-02    2.2464440442908767e-02   -2.5685990176436371e-02    2.0455309053294120e-02 
   1.2939857292703803e-02    2.2151847218538977e-03   -4.1416257143064199e-03   -3.0385482882224488e-03    4.6773355697779092e-03 
   5.8737611887517928e-03   -1.0059319150923394e-03   -3.0261800588092468e-03    6.3772777253851502e-03   -6.9213742297775018e-03 
   2.3782220785242849e-03   -4.2174779426224201e-03    2.3560884314293563e-03   -3.6695022175482666e-03    2.7387237249834233e-03 
   5.2749742196126909e-03    1.6231264495931235e-03   -3.7901703992106409e-03   -1.1024488267940887e-03    2.2322897008415408e-03 
  -4.2330422378721814e-03    8.5237601254288054e-04   -1.5558235130980891e-04   -2.4239397030022319e-03    3.1756864716866568e-03 
  -1.3010513273383573e-03   -2.1276320926058205e-03    1.4891673646454081e-03   -4.5113243409429845e-03    3.3978994441202235e-03 
   1.9021438243583687e-04    2.2901248399585024e-04   -5.0706310936860747e-04   -1.9651786025807563e-03   -2.8980574716336608e-03 
  -7.3823300041978056e-04    9.6452787277496359e-04   -1.6229910521880458e-03   -6.4974551290778956e-04   -1.4235978028758502e-03 
   1.3126824030040532e-03    3.4264646133010790e-04   -1.3224554621304584e-03   -3.7966392586991100e-03   -3.7689569214743998e-03 
  -3.5541735191778475e-04   -1.0006619800153287e-04   -1.9343527033074133e-03   -2.7989574750947504e-03   -1.8359066573577251e-03 
   2.0525948724005945e-03    7.4981717596872013e-04   -1.8070366041446871e-04    2.8403740825684726e-03    2.3573876420872972e-03 
  -5.0139024791525267e-04    4.3605383796436006e-04    8.8374481135089955e-04    4.9634139311030751e-04    1.0904888022067046e-03 
   4.0213703947725605e-04   -8.0705635498599471e-04    1.5972185143983166e-04   -3.2327631395178146e-04   -8.3706902358586836e-04 
   4.4562449282539539e-04    1.1042241468772202e-03    5.7542209624928005e-04   -1.2670174113824542e-03   -1.7398720019629629e-04 
  -7.5023027521876797e-04   -9.7927002736903951e-04    1.2972734682184506e-04    6.6445041765356388e-04   -2.8975013926015606e-04 
  -8.9432986768609422e-04    4.0659714166139753e-04    3.1994886228622248e-04    7.3031451889725982e-05   -1.7964519922916152e-04 
 TENSORSUMACCUMULATOR_IMPL_H - PrettifyOut: Norm of simple tensor is 2.16276e-05 
 As simple full tensor 3    5 5 5 
  -2.5281192455529589e-07    5.8963503286615224e-07    9.6161394083533896e-08   -4.6802111168677066e-08    1.7938589214923481e-08 
   2.6485937016827145e-07    1.5176953654388766e-08    2.0601527195855722e-08   -8.3702210161310203e-09    2.5738587409193660e-09 
   3.6942479579315627e-09    2.2382057565955039e-08    1.2523694013504469e-09   -1.4615147853577130e-08    5.4967208783559779e-09 
   5.6859474290223781e-09    1.3077793118680249e-09    4.7040061247864850e-09    1.1381429410549659e-09   -2.9503244124984306e-09 
   9.6861173514824400e-10   -8.3174500382723762e-10    2.6211751973813434e-09    4.1637162496896591e-11    1.5407016116084403e-09 

  -2.0614291812691740e-05   -3.3921802834837414e-06   -2.7855358048664670e-06    1.3170503942394822e-06   -5.7210753271403670e-07 
   3.3569882682364351e-07    5.1669117969797033e-07    5.8252535677129169e-07   -4.3297914246852586e-07    3.0724120296110876e-07 
  -5.2025956393667209e-07   -3.3725212402673877e-07   -5.6475372269046179e-07    2.9060399423703572e-07   -1.5393624050538224e-07 
   9.1734852047120257e-08    1.3417892592274368e-07    1.4357980852656953e-07   -1.1507710872316956e-07    8.2878053842164086e-08 
  -3.5779331512733212e-08   -4.1381178832624112e-08   -4.1168575870939284e-08    3.1267047935415300e-08   -2.4462435433824806e-08 

   4.9183896489110049e-08    3.2845174421581284e-08    3.7432689447771724e-08   -3.9567600495717409e-08    1.8555410531292133e-08 
  -3.2248702502730216e-09    2.4784138928076926e-09    3.2191173223554340e-09   -9.7288849240788040e-10   -3.7446878162805162e-09 
  -2.2818711256492409e-09   -9.1754787011775495e-11   -7.4345632760858189e-10   -2.2970407696550211e-09   -1.1046069524263950e-09 
  -6.9866014078450197e-10    9.5705601298402719e-10    5.9325714738504489e-10    4.6900985707455377e-10   -1.2427240213583692e-10 
   6.8618967334470968e-11    6.2864456733312659e-10    6.3994485836418355e-10   -1.1367595612116641e-10    2.0375018277170968e-10 

  -1.7171035343894674e-06   -2.6639896219272704e-06   -2.3736905327166405e-06    1.2143226787213096e-06   -5.9608361622342333e-07 
   8.3916022486553551e-07    5.4547347754676224e-07    4.8424319378410861e-07   -3.6532271090923166e-07    2.6336621545616053e-07 
  -1.2805807239142726e-07   -2.0001864978751494e-07   -2.0816351287060996e-07    1.6181779340495154e-07   -9.7968290206597464e-08 
   1.9819485808158618e-08    3.1643054760343312e-08    3.1215906544300000e-08   -2.3175590849169757e-08    2.0043600978425881e-08 
  -3.2758502342818074e-09   -4.8971892355718326e-09   -6.6059570158835305e-09    5.8860952309881208e-09   -3.1882101044245135e-09 

   8.9984034275016561e-09    1.0266392119116429e-08    1.1492850654155254e-08   -7.9023834797769015e-09    4.1650596316759083e-09 
  -2.1015685559793373e-09   -3.8901778463559538e-10   -1.8908744067036928e-09    1.7425692639014510e-09   -1.6243745842688839e-09 
  -1.3542208186023278e-09   -7.7249376800707792e-10    2.4455654985318983e-10   -8.5788319625816601e-10    3.2656289319266058e-11 
   1.3728329062616726e-10   -8.4931768122223558e-11    6.3186347721120505e-11    1.3401647647117118e-10    1.3626144297810656e-10 
   7.5812635084174323e-11   -1.0793224119374806e-10    7.8142741941506951e-11   -1.8667289211149715e-10   -8.1611011953768325e-11 
