2    105 5 
   1.9933348161557356e-06   -1.0844123816137015e-03   -1.1767720726228839e-06   -1.1636694280510787e-04   -2.8408088527241900e-07 
   8.4890664149037641e-05   -4.7051203173294697e-04    1.5483785653129533e-05    1.5712584917007867e-03    3.3598043769493818e-06 
   6.8580746472985066e-05   -6.9186638939108846e-04    2.6167858304734291e-05    3.2930281527630357e-03    7.3201677296582132e-06 
   1.1084788990545319e-05   -6.8442872300800134e-05    2.7933315493160649e-07    1.7694670760960147e-06   -1.1730096308764782e-08 
  -8.4253776748455870e-06    1.1088996377918256e-04   -2.4089062816937697e-06   -2.1200366243463793e-04   -5.0838948910152311e-07 
   4.5197978283567938e-05   -1.0820073065863250e-03    2.9792000870320450e-05    3.7198447722317962e-03    8.1985259897261890e-06 
  -9.2775221489020904e-04    6.6172163339148909e-04   -1.1758943502459472e-04    1.7949121342925086e-04   -2.9530568977589829e-05 
   5.3354472631250097e-04    7.5181932759614133e-05   -7.2309038314991738e-05    3.9884926261111410e-05   -4.7173706580226583e-05 
  -4.4506355681161254e-04    4.7346264246818587e-04   -1.2056376893518662e-04    3.2273496326421473e-04   -3.0041887034915923e-05 
   3.0293686077176004e-04    1.2099732055287077e-04    5.1234130609399724e-05    1.9028029481378240e-05    1.3969216244066054e-05 
   1.7537932505060002e-04   -3.9409435238050607e-04    4.6502839481429375e-05   -8.7244420346049099e-05    1.2077833830229484e-05 
   1.7434938655034992e-05    1.1151203587852546e-04    8.5436865499960966e-05    1.8991324161236455e-04    1.7745702295756679e-05 
   7.4385482117436970e-05   -2.5945377449884704e-04   -2.3701330304401138e-04    2.5410416473536094e-04   -6.0344148113824811e-05 
  -8.6630074241859556e-05   -1.4406966375081600e-05    5.8546068472741214e-04   -1.8327123981601453e-05    1.3087059978950344e-04 
  -1.1944797334322827e-04   -8.6758175817505491e-05   -2.5328913374415401e-04    3.3357371141293729e-05   -9.8192526527759229e-05 
  -4.6069570949657448e-05    6.4224050771863900e-05   -8.3758481539912877e-05   -7.9063887809364137e-05   -4.3810984191360004e-05 
   9.4637642829564727e-06    6.7416924855408121e-03    2.0717619556371293e-06    3.4009753578517706e-04    2.0429829251354723e-07 
   8.3878322360913441e-06    5.7401739728155583e-05   -4.4313563502549540e-07   -1.1380946080356349e-03   -8.2278973079018443e-07 
   1.3664170190768902e-04   -2.4625283187098839e-07    1.4816631033883037e-05    9.8900022052642519e-07   -1.8141261416667159e-07 
  -1.4238480699589455e-06   -1.2373520422886746e-09    1.3173919177133574e-05   -1.8150269552944078e-08    3.4089705630985692e-06 
  -1.2356494802576916e-07   -1.1931949489991159e-10    1.0873403270525662e-06    1.7350914942374214e-09   -4.2536125455631239e-06 
  -9.0400744128878980e-06   -6.4398689481155180e-03   -1.9790097982976090e-06   -3.2487147177521754e-04   -1.9515191963038246e-07 
  -8.0123115189633035e-06   -5.4831881168709861e-05    4.2329658641723338e-07    1.0871424559968561e-03    7.8595368292283984e-07 
  -1.3052429416207558e-04    2.3522816692584210e-07   -1.4153294935275267e-05   -9.4472297920847806e-07    1.7329082619446886e-07 
   1.3601028216918536e-06    1.1819561648817832e-09   -1.2584126792457874e-05    1.7337687464182025e-08   -3.2563519800736319e-06 
   1.1803298260389654e-07    1.1397759713288497e-10   -1.0386604288519211e-06   -1.6574119718221733e-09    4.0631795959600417e-06 
  -3.7099138934516529e-06   -2.6428277236923126e-03   -8.1215658308235403e-07   -1.3332248515639643e-04   -8.0087484339548896e-08 
  -3.2881350822165278e-06   -2.2502199479893740e-05    1.7371470800739591e-07    4.4614731222942009e-04    3.2254385912222426e-07 
  -5.3565255132691286e-05    9.6534188188232548e-08   -5.8083045692234336e-06   -3.8770044868567957e-07    7.1116012362690260e-08 
   5.5816624114551692e-07    4.8505746714810105e-10   -5.1643409879169966e-06    7.1151325382888832e-09   -1.3363590719586453e-06 
   4.8439004155038379e-08    4.6774733462668983e-11   -4.2625099966906409e-07   -6.8017755392257842e-10    1.6674692868845479e-06 
   2.4569941371319493e-05    2.4139989154801865e-03    1.4949839379847420e-06    8.0731599873191332e-05    1.3475291792465174e-07 
  -7.2920592185508934e-06   -6.6897974111665173e-06    2.1252071276478253e-06    2.0221455114427853e-04    3.5458064484198256e-07 
   2.9701661025064248e-05   -3.3812519945579565e-07    1.3934212867421173e-06    1.0448962755766656e-06    1.9668809529149169e-07 
   1.1766992381557963e-07   -6.7793391867172128e-10   -2.4720581549652724e-06    3.0940721134935968e-08   -4.2164628987110753e-07 
   1.7734498984864387e-05    1.7424160957103655e-03    1.0790742529620917e-06    5.8271790492298611e-05    9.7264191640759746e-08 
  -5.2633832069260981e-06   -4.8286727104595284e-06    1.5339671787695786e-06    1.4595776594644860e-04    2.5593508714445069e-07 
   2.1438556540987792e-05   -2.4405760338954544e-07    1.0057666813996718e-06    7.5420252976809560e-07    1.4196878916258246e-07 
   8.4933745380947866e-08   -4.8933036553856083e-10   -1.7843230546301849e-06    2.2332905857032815e-08   -3.0434283853927703e-07 
  -5.9553523601378513e-05   -5.8511389674932258e-03   -3.6235968124198592e-06   -1.9568020801373804e-04   -3.2661905686710224e-07 
   1.7674760155575361e-05    1.6214975933129406e-05   -5.1511548571267788e-06   -4.9013503378442225e-04   -8.5944555105200035e-07 
  -7.1991973612158243e-05    8.1956023995714335e-07   -3.3774255393025145e-06   -2.5326578549017366e-06   -4.7673980771989866e-07 
  -2.8521267019804847e-07    1.6432010567562532e-09    5.9918650781785875e-06   -7.4995252878542975e-08    1.0220017172928306e-06 
  -4.0363759602584473e-05   -3.9657429552958316e-03   -2.4559754282922222e-06   -1.3262672630620664e-04   -2.2137351907589588e-07 
   1.1979472024665699e-05    1.0990069956353988e-05   -3.4913127512061743e-06   -3.3220020378476976e-04   -5.8250883434495353e-07 
  -4.8794202936625174e-05    5.5547565458747845e-07   -2.2891272304310857e-06   -1.7165666551506057e-06   -3.2312128364715106e-07 
  -1.9330939563782180e-07    1.1137170132463312e-09    4.0611232881125975e-06   -5.0829743992754610e-08    6.9268498546543498e-07 
   1.2492897241239083e-05    1.2274282602383344e-03    7.6014347907022792e-07    4.1049002360010339e-05    6.8516824324004939e-08 
  -3.7077396774225249e-06   -3.4015120491890001e-06    1.0805884255403629e-06    1.0281854441368936e-04    1.8029101058067713e-07 
   1.5102184961392782e-05   -1.7192403138599236e-07    7.0850266534801863e-07    5.3129071825016260e-07    1.0000854808387710e-07 
   5.9830760049287078e-08   -3.4470406967281723e-10   -1.2569492143924354e-06    1.5732200735317867e-08   -2.1439138546982077e-07 
  -1.2448055885523306e-05   -8.8676093691555571e-03   -2.7250687817443663e-06   -4.4734346771579643e-04   -2.6872146077281157e-07 
  -1.1032840771541349e-05   -7.5502732601780546e-05    5.8287347240869517e-07    1.4969799395103428e-03    1.0822472162959721e-06 
  -1.7973012543255799e-04    3.2390589214261565e-07   -1.9488888948461490e-05   -1.3008703141602154e-06    2.3861904121518694e-07 
   1.8728425410239024e-06    1.6275370890433935e-09   -1.7328166387624318e-05    2.3873752872232134e-08   -4.4839510804360561e-06 
   1.6252976432291718e-07    1.5694555531369458e-10   -1.4302208669873088e-06   -2.2822330777680992e-09    5.5949414101416651e-06 
  -5.3239869884722632e-06   -3.7926433922219021e-03   -1.1655017353811514e-06   -1.9132712958549187e-04   -1.1493116466014038e-07 
  -4.7187047723559531e-06   -3.2292236608084723e-05    2.4929280616730488e-07    6.4025272646998671e-04    4.6287309045350250e-07 
  -7.6869903062714288e-05    1.3853333975326145e-07   -8.3353249805102357e-06   -5.5637737249664163e-07    1.0205647229691685e-07 
   8.0100775667825624e-07    6.9609153148164727e-10   -7.4111920150586619e-06    1.0210714896097439e-08   -1.9177691222410619e-06 
   6.9513372887488281e-08    6.7125027560360850e-11   -6.1170012060576844e-07   -9.7610255950321559e-10    2.3929355348975156e-06 
  -1.0176206257209623e-04   -9.9981316590693481e-03   -6.1918197826498154e-06   -3.3436848683045662e-04   -5.5811019889643862e-07 
   3.0201740218387674e-05    2.7707334440139730e-05   -8.8020340559220751e-06   -8.3751806711890927e-04   -1.4685772840053905e-06 
  -1.2301625966661640e-04    1.4004232726573800e-06   -5.7711747060276830e-06   -4.3276782215159436e-06   -8.1462897927803675e-07 
  -4.8735705019436710e-07    2.8078192295626630e-09    1.0238597351358966e-05   -1.2814811205998592e-07    1.7463450760709561e-06 
  -7.8835927693185929e-05   -7.7456368770327643e-03   -4.7968549804931861e-06   -2.5903808535690986e-04   -4.3237267575877615e-07 
   2.3397542737287990e-05    2.1465105553911337e-05   -6.8190099811902673e-06   -6.4883230658129411e-04   -1.1377192015116545e-06 
  -9.5301733347755800e-05    1.0849197144058807e-06   -4.4709776937431998e-06   -3.3526887990216415e-06   -6.3109993728396808e-07 
  -3.7755961503499292e-07    2.1752412260759006e-09    7.9319276758911836e-06   -9.9277422656619297e-08    1.3529082515101499e-06 
  -1.5299745268931901e-04   -2.4023049041909099e-02   -1.3946568107748279e-04   -1.7571903048151795e-02   -1.6992327489541676e-05 
   3.2971500938892824e-05   -1.2921692738012255e-03    3.4649481069606780e-06   -3.3991969159230858e-03   -2.5079198577300882e-05 
  -1.8271263456309038e-04   -3.7271365779334636e-06   -1.6315728482123161e-04   -1.5528772309246094e-05   -1.7566150905580357e-05 
   1.1206991055503172e-05   -2.0092032220222274e-07    3.6248627392247606e-05   -5.2241771741850656e-07    2.9820669163534932e-05 
  -7.3554617657480359e-05   -1.1549252331884615e-02   -6.7049121849271763e-05   -8.4478178394623033e-03   -8.1691827519634655e-06 
   1.5851284466011400e-05   -6.2121960341519097e-04    1.6657985393262393e-06   -1.6341881848250127e-03   -1.2057003761070936e-05 
  -8.7840403485471013e-05   -1.7918475185583554e-06   -7.8439029487816566e-05   -7.4655681504454521e-06   -8.4450524558554752e-06 
   5.3878409587134627e-06   -9.6593879306030922e-08    1.7426786404473109e-05   -2.5115604728557979e-07    1.4336499595637742e-05 
  -8.2657948437205690e-05   -8.4174925865418054e-02   -9.3594795998928459e-05   -6.3294348738866635e-02   -2.8195666588420977e-05 
  -5.8918668361123872e-05    8.7827229926130245e-03   -3.3872670170599622e-05    2.3566445001320987e-02    2.5053731375337201e-05 
  -1.0927023894173231e-03   -5.2797993368363984e-06   -1.0595858324851349e-03   -1.8850468529785703e-05   -1.6183198512248858e-04 
  -6.8303350067946988e-05    1.6503624197596433e-07   -2.4720694076727694e-04    3.9377461193931831e-07   -2.2668482439469273e-04 
  -5.2909499068072241e-06   -1.2830718211258145e-08    2.7792848185996364e-05   -3.5894244398833929e-08    9.6861202689579089e-05 
  -4.9026782010014451e-05   -4.9926544502227520e-02   -5.5513737607426644e-05   -3.7541679859664695e-02   -1.6723652420525694e-05 
  -3.4946339277408834e-05    5.2092830000528478e-03   -2.0090844836449058e-05    1.3977929330153811e-02    1.4860081212991212e-05 
  -6.4811289005657841e-04   -3.1315992719120485e-06   -6.2847051750398531e-04   -1.1180749448415461e-05   -9.5987156793222328e-05 
  -4.0512661125129510e-05    9.7887692739608567e-08   -1.4662547311547524e-04    2.3355893081828864e-07   -1.3445322174938693e-04 
  -3.1382129923537353e-06   -7.6102641871538452e-09    1.6484729360146369e-05   -2.1289898053696523e-08    5.7451136391286356e-05 
  -5.0845248848067509e-06   -4.9955502018344275e-04   -3.0937326712316845e-07   -1.6706666993705509e-05   -2.7885885201500511e-08 
   1.5090250317603967e-06    1.3843924532557907e-06   -4.3979219822264237e-07   -4.1846453836609033e-05   -7.3377224842480940e-08 
  -6.1464873814602728e-06    6.9971920764128050e-08   -2.8835580437037299e-07   -2.1623173759026891e-07   -4.0702804290050453e-08 
  -2.4350715648512703e-08    1.4029223056122452e-10    5.1156984933966805e-07   -6.4028995505901584e-09    8.7255847339490552e-08 
  -5.7465220555446060e-07   -5.6459630083043496e-05   -3.4965318160435172e-08   -1.8881848850980050e-06   -3.1516583747607758e-09 
   1.7054977257151541e-07    1.5646381808329515e-07   -4.9705245311999579e-08   -4.7294796537817055e-06   -8.2930824508689293e-09 
  -6.9467504047884157e-07    7.9082155176660910e-09   -3.2589927814300275e-08   -2.4438477091226610e-08   -4.6002245612803293e-09 
  -2.7521140659692503e-09    1.5855805909233284e-11    5.7817544191127819e-08   -7.2365470364496892e-10    9.8616421902058037e-09 
  -1.4798038498406062e-06   -1.0541664179560656e-03   -3.2395157214834742e-07   -5.3179435553205136e-05   -3.1945153190455893e-08 
  -1.3115654684192434e-06   -8.9756372726072241e-06    6.9291013502233273e-08    1.7795844571985041e-04    1.2865572036968187e-07 
  -2.1366013616370704e-05    3.8505385145011240e-08   -2.3168061872688937e-06   -1.5464526483018109e-07    2.8366628418351087e-08 
   2.2264035668216519e-07    1.9347885905024911e-10   -2.0599431402702994e-06    2.8380714012987554e-09   -5.3304452778388841e-07 
   1.9321263751590908e-08    1.8657422420369664e-11   -1.7002223998299598e-07   -2.7130801193160228e-10    6.6511718090766002e-07 
  -3.4093166685643187e-07   -2.4286915732551128e-04   -7.4635127814537114e-08   -1.2251997862818991e-05   -7.3598364583112149e-09 
  -3.0217126505494199e-07   -2.0678949962039285e-06    1.5963940581741603e-08    4.0999805168086004e-05    2.9640961672707649e-08 
  -4.9225109375753421e-06    8.8712467816944746e-09   -5.3376844187421048e-07   -3.5628686812571114e-08    6.5353809633669791e-09 
   5.1294060304909370e-08    4.4575549607190939e-11   -4.7458982385906924e-07    6.5386261402588959e-10   -1.2280800552426965e-07 
   4.4514214889440735e-09    4.2984792381141215e-12   -3.9171384563103259e-08   -6.2506590146598837e-11    1.5323619354424868e-07 
2    105 5 
   6.6230071111329891e-02   -1.6533651083068032e-03    8.8172873777973967e-04   -3.4174155636100052e-05    3.0338248992636276e-05 
  -2.9420190070656244e-02    1.1439291908524642e-02   -3.4063524849996737e-03   -2.7009044688607224e-05   -9.8028554646367684e-05 
   5.1832290815912778e-02    3.0954410678938650e-04    8.9285013099008395e-03    1.9840830904478799e-04    2.1485958214724845e-04 
  -1.1966151130624923e-01    6.1795431096828619e-02    7.1239439055058090e-03   -3.3120237973999008e-03    5.1754609367718821e-04 
   1.6736399929730039e-01   -1.5557091482812566e-01   -4.0924965091293203e-02   -4.0434684965613369e-03   -2.9864857837022009e-04 
  -4.9951778220483259e-02   -7.2116672823191071e-03   -1.1503122868476516e-02   -2.9252283146203581e-04   -2.7126466505898256e-04 
  -2.4176657983174879e-03   -4.7240200235283396e-03   -5.8669279032462062e-04   -1.7046397713134579e-04   -6.6387564396404503e-05 
   2.7525613601650169e-03    1.2419225977993909e-02   -1.2766143390881937e-02    2.1069404730158317e-03   -2.6452246454744120e-04 
  -1.2251387324754171e-03   -7.0273801618549287e-05   -2.6793355122569384e-03    7.9256212231391121e-03   -1.3367577701335141e-03 
   1.9814228353601357e-03   -3.1473504423715014e-04    1.9279501320236521e-03    7.5948134958263814e-03   -1.1053099078604915e-03 
  -4.5820039760913391e-03   -8.4198379806609928e-03    5.7581829367609047e-03   -5.4075583053162790e-03    3.2543892525798248e-04 
  -1.5930769659691098e-04    3.2189438724430881e-04   -3.9416125616936106e-03    4.9090079277917928e-04   -3.5056211492796115e-04 
   1.0368728109121921e-03    5.3381382502708371e-04    2.7576822003479271e-04    2.0188575392006305e-03   -2.5938801611293791e-04 
   3.8159571406182490e-04    1.4733606473797420e-03    3.7158078371998297e-03    1.6664619845386042e-03   -2.3831483734112417e-04 
  -1.9299282378772047e-03    5.8399286510835732e-04    3.0727166402507128e-04   -3.1368772413692636e-04   -1.1072916655203484e-04 
  -2.8338502448230995e-03   -1.9680069549133225e-03    3.2125074077114557e-04    1.5347745228748682e-03    3.6667735215836674e-04 
   1.7875731671996222e-03    6.4594710603929533e-03   -8.0474261437998146e-04    1.2843304578313245e-04   -1.9831585569413139e-05 
   1.7875731671996222e-03    6.4594710603929533e-03   -8.0474261437998146e-04    1.2843304578313245e-04   -1.9831585569413139e-05 
   1.7875731671996222e-03    6.4594710603929533e-03   -8.0474261437998146e-04    1.2843304578313245e-04   -1.9831585569413139e-05 
   1.7875731671996222e-03    6.4594710603929533e-03   -8.0474261437998146e-04    1.2843304578313245e-04   -1.9831585569413139e-05 
   1.7875731671996222e-03    6.4594710603929533e-03   -8.0474261437998146e-04    1.2843304578313245e-04   -1.9831585569413139e-05 
   1.7075440561287922e-03    6.1702824909757713e-03   -7.6871453046633783e-04    1.2268313709422256e-04   -1.8943731470142027e-05 
   1.7075440561287922e-03    6.1702824909757713e-03   -7.6871453046633783e-04    1.2268313709422256e-04   -1.8943731470142027e-05 
   1.7075440561287922e-03    6.1702824909757713e-03   -7.6871453046633783e-04    1.2268313709422256e-04   -1.8943731470142027e-05 
   1.7075440561287922e-03    6.1702824909757713e-03   -7.6871453046633783e-04    1.2268313709422256e-04   -1.8943731470142027e-05 
   1.7075440561287922e-03    6.1702824909757713e-03   -7.6871453046633783e-04    1.2268313709422256e-04   -1.8943731470142027e-05 
   2.0514856336729327e-03    6.2876066371700282e-04    1.5134942398815751e-03   -3.2516750792033905e-04    6.9566446272062820e-05 
   2.0514856336729327e-03    6.2876066371700282e-04    1.5134942398815751e-03   -3.2516750792033905e-04    6.9566446272062820e-05 
   2.0514856336729327e-03    6.2876066371700282e-04    1.5134942398815751e-03   -3.2516750792033905e-04    6.9566446272062820e-05 
   2.0514856336729327e-03    6.2876066371700282e-04    1.5134942398815751e-03   -3.2516750792033905e-04    6.9566446272062820e-05 
   2.0514856336729327e-03    6.2876066371700282e-04    1.5134942398815751e-03   -3.2516750792033905e-04    6.9566446272062820e-05 
  -2.4131590957596014e-03   -1.0561786482044264e-04   -4.6547224417011850e-06    6.1427861893997706e-07   -5.4010754803298726e-07 
   8.8491239926570345e-06   -2.0135001774964796e-04   -1.9219746014059891e-05   -1.9315229652695274e-06    1.6847334833365276e-07 
  -6.5744946872725587e-08    2.8125005959613145e-06   -2.9602132824136281e-05    1.0788608028046104e-06    1.0209429102706674e-07 
   1.7507307668636820e-09   -3.1727182459583906e-08    8.8550678296826662e-08    2.4717886992788017e-06    4.3019860344685931e-07 
  -1.7418099167310552e-03   -7.6234610743847005e-05   -3.3597626127645077e-06    4.4338418962331767e-07   -3.8984776632351413e-07 
   6.3872671933969422e-06   -1.4533374872240451e-04   -1.3872746419068540e-05   -1.3941666180286489e-06    1.2160348206966090e-07 
  -4.7454476018218476e-08    2.0300532349755366e-06   -2.1366717428649378e-05    7.7871800843946531e-07    7.3691307326173287e-08 
   1.2636714324421447e-09   -2.2900570930091754e-08    6.3915574344725804e-08    1.7841285624445520e-06    3.1051586899691002e-07 
  -5.8491033817018347e-03   -2.5600044828164134e-04   -1.1282286701477419e-05    1.4889110103277187e-06   -1.3091324526566338e-06 
   2.1448830771871071e-05   -4.8803954608491108e-04   -4.6585524180245415e-05   -4.6816960920003187e-06    4.0835187087190986e-07 
  -1.5935500968783842e-07    6.8170419330340563e-06   -7.1750733514211362e-05    2.6149823197146725e-06    2.4745988109453535e-07 
   4.2434853412300404e-09   -7.6901506635976217e-08    2.1463237661706056e-07    5.9912119616187533e-06    1.0427311281075611e-06 
  -3.9643632905746618e-03   -1.7351014562562079e-04   -7.6468272680901273e-06    1.0091434134573707e-06   -8.8729439353863879e-07 
   1.4537434507272046e-05   -3.3077993917844033e-04   -3.1574402071622950e-05   -3.1731263603264919e-06    2.7676979886976585e-07 
  -1.0800649421789277e-07    4.6204057316157713e-06   -4.8630696955262776e-05    1.7723639397808612e-06    1.6772158132306976e-07 
   2.8761190242408379e-09   -5.2121750976616397e-08    1.4547199105615758e-07    4.0606806234603756e-06    7.0673481667994990e-07 
  -1.2270012432865284e-03   -5.3702738321593718e-05   -2.3667524586990691e-06    3.1233772795507757e-07   -2.7462450946952937e-07 
   4.4994489422874300e-06   -1.0237896148194713e-04   -9.7725227882165653e-06   -9.8210726511431353e-07    8.5662403373768041e-08 
  -3.3428849218600088e-08    1.4300514765282665e-06   -1.5051578589647431e-05    5.4856041141277175e-07    5.1911132690252975e-08 
   8.9018118671762589e-10   -1.6132086936287981e-08    4.5024711613500516e-08    1.2568122062428727e-06    2.1873991740410693e-07 
   8.8687578488496586e-03   -4.5712149462702207e-04    5.4008564395198730e-05   -6.5715157576461472e-06    2.2649423264334832e-06 
   8.8687578488496586e-03   -4.5712149462702207e-04    5.4008564395198730e-05   -6.5715157576461472e-06    2.2649423264334832e-06 
   8.8687578488496586e-03   -4.5712149462702207e-04    5.4008564395198730e-05   -6.5715157576461472e-06    2.2649423264334832e-06 
   8.8687578488496586e-03   -4.5712149462702207e-04    5.4008564395198730e-05   -6.5715157576461472e-06    2.2649423264334832e-06 
   8.8687578488496586e-03   -4.5712149462702207e-04    5.4008564395198730e-05   -6.5715157576461472e-06    2.2649423264334832e-06 
   1.0056269364456141e-03    3.6338753639372939e-03   -4.5272040595348788e-04    7.2251996583504153e-05   -1.1156565228751215e-05 
   1.0056269364456141e-03    3.6338753639372939e-03   -4.5272040595348788e-04    7.2251996583504153e-05   -1.1156565228751215e-05 
   1.0056269364456141e-03    3.6338753639372939e-03   -4.5272040595348788e-04    7.2251996583504153e-05   -1.1156565228751215e-05 
   1.0056269364456141e-03    3.6338753639372939e-03   -4.5272040595348788e-04    7.2251996583504153e-05   -1.1156565228751215e-05 
   1.0056269364456141e-03    3.6338753639372939e-03   -4.5272040595348788e-04    7.2251996583504153e-05   -1.1156565228751215e-05 
  -9.9946533525620638e-03   -4.3744067623763667e-04   -1.9278603445145240e-05    2.5441761668279381e-06   -2.2369796194447590e-06 
   3.6650682060648442e-05   -8.3393740324712827e-04   -7.9602998108315156e-05   -7.9998465556225612e-06    6.9777111616848084e-07 
  -2.7229781692808933e-07    1.1648618012754458e-05   -1.2260404073383775e-04    4.4683501218989189e-06    4.2284698505132106e-07 
   7.2510540888974170e-09   -1.3140542249959398e-07    3.6675299828602365e-07    1.0237481338666357e-05    1.7817664495320970e-06 
  -7.7429422036606648e-03   -3.3888897935314608e-04   -1.4935296600835865e-05    1.9709947229565340e-06   -1.7330069681393723e-06 
   2.8393592344810779e-05   -6.4605833609608166e-04   -6.1669113659934311e-05   -6.1975485625482761e-06    5.4056916566209529e-07 
  -2.1095141414951597e-07    9.0242825682551090e-06   -9.4982383865670783e-05    3.4616685060632341e-06    3.2758312377139674e-07 
   5.6174527265178002e-09   -1.0180088851217101e-07    2.8412663937163854e-07    7.9310630914506218e-06    1.3803494881202807e-06 
  -5.1291256484727731e-05   -2.2448884548863134e-06   -9.8935276601546349e-08    1.3056380017587297e-08   -1.1479887432277735e-08 
   1.8808651662051281e-07   -4.2796579064136844e-06   -4.0851219636149314e-07   -4.1054168368702767e-08    3.5808702938014240e-09 
  -1.3973968556608165e-09    5.9779187242311945e-08   -6.2918793454014667e-07    2.2930989608272026e-08    2.1699955365136775e-09 
   3.7211463163245481e-11   -6.7435547698939909e-10    1.8821285179249579e-09    5.2537418015057589e-08    9.1437928595499011e-09 
  -2.4658637732792051e-05   -1.0792461513601529e-06   -4.7563840543417313e-08    6.2769479053649922e-09   -5.5190378401055014e-09 
   9.0423935649713994e-08   -2.0574760917770972e-06   -1.9639515484485489e-07   -1.9737084536549070e-08    1.7215289582398435e-09 
  -6.7180851463334339e-10    2.8739271041406998e-08   -3.0248659141912061e-07    1.1024236962749472e-08    1.0432408461781231e-09 
   1.7889676575242846e-11   -3.2420120991103165e-10    9.0484672185574972e-10    2.5257738785075597e-08    4.3959436964557060e-09 
   2.8122255068703888e-03    3.2577417068192995e-03   -4.8116560071831524e-04    7.3637869618233909e-05   -1.0342139800779662e-05 
   2.8122255068703888e-03    3.2577417068192995e-03   -4.8116560071831524e-04    7.3637869618233909e-05   -1.0342139800779662e-05 
   2.8122255068703888e-03    3.2577417068192995e-03   -4.8116560071831524e-04    7.3637869618233909e-05   -1.0342139800779662e-05 
   2.8122255068703888e-03    3.2577417068192995e-03   -4.8116560071831524e-04    7.3637869618233909e-05   -1.0342139800779662e-05 
   2.8122255068703888e-03    3.2577417068192995e-03   -4.8116560071831524e-04    7.3637869618233909e-05   -1.0342139800779662e-05 
  -2.4792753662862088e-03   -6.6037951535011870e-04    1.2788055841283727e-04    5.3525656955210622e-07   -4.4841724170497704e-06 
  -2.4792753662862088e-03   -6.6037951535011870e-04    1.2788055841283727e-04    5.3525656955210622e-07   -4.4841724170497704e-06 
  -2.4792753662862088e-03   -6.6037951535011870e-04    1.2788055841283727e-04    5.3525656955210622e-07   -4.4841724170497704e-06 
  -2.4792753662862088e-03   -6.6037951535011870e-04    1.2788055841283727e-04    5.3525656955210622e-07   -4.4841724170497704e-06 
  -2.4792753662862088e-03   -6.6037951535011870e-04    1.2788055841283727e-04    5.3525656955210622e-07   -4.4841724170497704e-06 
  -1.5820020235816285e-03   -5.6874392829414765e-03    4.2440808998210172e-05   -3.2418681105867663e-05    3.6457680563702229e-06 
  -4.5803280787887424e-04   -2.1619998662047530e-04   -6.0258672387353079e-04   -2.5394922184366391e-05   -6.8714402013781219e-06 
   1.0728959510887173e-05   -8.1756966387020626e-05   -2.5431788855441958e-05   -9.5489188627389526e-05    1.1519880248966014e-05 
  -4.7443340293555189e-08   -2.5264654794767491e-07    8.0133858451294516e-06    5.7524434103603734e-06    9.8142613111481818e-06 
  -1.1175694248857631e-02   -4.5631057166380055e-03   -8.7355266037600441e-03    6.6011634273364711e-04   -1.4707579060535352e-04 
  -3.3690400683183383e-04   -1.6173339923344920e-03   -7.5387012404861916e-04   -1.0945795149644724e-03    2.3626730117843066e-05 
  -9.9360167178231867e-05   -5.5817113819165001e-05   -3.1724787772956882e-04   -9.5301292904247366e-05   -1.7907079252735611e-04 
  -9.1685922503899439e-07    1.1730919406187811e-05    1.4062214778074730e-05    3.8773573211776963e-05    2.2460777176160627e-05 
   3.0534970669562947e-03    1.3313005361686761e-04    5.8357451953620994e-06   -7.8201137594959780e-07    6.8386851692178843e-07 
   3.0534970669562947e-03    1.3313005361686761e-04    5.8357451953620994e-06   -7.8201137594959780e-07    6.8386851692178843e-07 
   3.0534970669562947e-03    1.3313005361686761e-04    5.8357451953620994e-06   -7.8201137594959780e-07    6.8386851692178843e-07 
   3.0534970669562947e-03    1.3313005361686761e-04    5.8357451953620994e-06   -7.8201137594959780e-07    6.8386851692178843e-07 
   3.0534970669562947e-03    1.3313005361686761e-04    5.8357451953620994e-06   -7.8201137594959780e-07    6.8386851692178843e-07 
   2.8008690514913200e-03    1.2211567223496589e-04    5.3529306731483500e-06   -7.1731244955629180e-07    6.2728934147783182e-07 
   2.8008690514913200e-03    1.2211567223496589e-04    5.3529306731483500e-06   -7.1731244955629180e-07    6.2728934147783182e-07 
   2.8008690514913200e-03    1.2211567223496589e-04    5.3529306731483500e-06   -7.1731244955629180e-07    6.2728934147783182e-07 
   2.8008690514913200e-03    1.2211567223496589e-04    5.3529306731483500e-06   -7.1731244955629180e-07    6.2728934147783182e-07 
   2.8008690514913200e-03    1.2211567223496589e-04    5.3529306731483500e-06   -7.1731244955629180e-07    6.2728934147783182e-07 
2    105 5 
  -3.4737257789060383e-01   -5.6199542706424147e-02   -4.2488597955262858e-02    2.1333152046270204e-02   -1.2001846458440156e-02 
   2.3747279274307052e-02    1.0000360275624759e-01    8.1762314501569705e-02   -4.1215641671461911e-02    2.1175337280444781e-02 
  -4.8314260342452202e-03    1.1236644658684598e-01    6.9913295251114421e-02   -1.9640520331594115e-02    6.9774201622103266e-04 
  -1.1402169736486178e-02   -1.3378837267110333e-01   -4.6114745834856953e-02    2.7277164891664235e-02   -1.6866324196446000e-02 
   4.2500390387772988e-03    7.0542013602387463e-03   -9.9291125879701903e-03    1.2769787770582923e-02   -1.1528130900926329e-02 
  -7.1499841478106195e-03    6.3615808960206438e-02    3.3742724023277562e-02   -4.4610859784762332e-03   -5.0845422677313415e-03 
   4.6224216460085113e-03    2.3824683793056264e-03   -3.8658907588839482e-03   -4.5032475678939774e-04    2.7302282083101403e-03 
   6.2034522297624932e-05   -7.7701170107317540e-04   -1.4048552920535818e-03    5.6341199565562499e-04   -5.6757991066371883e-04 
  -1.8872380579909186e-03   -1.9337451982728124e-03    2.0422339154626099e-03   -3.1566010391954921e-03    1.5674092989039325e-03 
  -1.7604469097381131e-03   -3.8187542705675967e-03    1.5928688259475008e-03   -4.8932121626276744e-03    2.8601704263542301e-03 
   4.3884186016712881e-03    2.6357349457184842e-03   -3.4892597840879063e-03   -9.8440131766334537e-05    2.4489107652995094e-03 
  -5.5110604234709305e-04    5.9879254991468389e-04   -2.6152732707494640e-04    1.5125271693705840e-03    1.3309058587267220e-03 
   7.9422534355672557e-05   -6.0401582433622825e-04    1.6399714496649572e-03    2.5226819522211129e-03    1.6359833031993596e-03 
  -5.2802939926394478e-04    5.2855266744268462e-04    1.3461726456794065e-03    3.2396991183566911e-05    5.8427458318458891e-04 
   2.3805996090427601e-04    6.2794815197289686e-04   -2.1718784899739520e-03    8.9352870203612085e-04    3.9394635460231415e-03 
  -5.7147872554999036e-04    5.0147880783145014e-04   -2.9598730844993064e-03   -2.8142745687405441e-03    8.4188262268430252e-04 
  -6.1576650350809916e-03   -2.7034384260324327e-03   -5.5345978947074492e-04    1.7687950119527594e-04   -5.6175582797038856e-05 
  -3.3934419700992009e-04    5.7825774966150333e-04    7.9513773358039794e-04   -4.3280634707471846e-04    1.7182452422727880e-04 
  -3.8418234528626510e-05    1.0473765617966984e-04   -7.3010813625034243e-05    3.0899275263151001e-05   -1.2660072810580033e-05 
  -1.6322512203446884e-07    1.3719474716659003e-07    2.1886180003940611e-06   -1.0139393667601475e-06   -1.3466154404474310e-05 
  -1.3384670590373681e-07    1.6042130347255541e-07    1.9576595208694107e-06    3.9260734663138465e-06    2.5814684457288566e-08 
  -5.8819882303091549e-03   -2.5824063038010193e-03   -5.2868156177213784e-04    1.6896065932236649e-04   -5.3660618913252392e-05 
  -3.2415185974951421e-04    5.5236932477105470e-04    7.5953965728067264e-04   -4.1342973756985284e-04    1.6413199214725243e-04 
  -3.6698261766306961e-05    1.0004858293024733e-04   -6.9742141539223590e-05    2.9515924037356550e-05   -1.2093285172617262e-05 
  -1.5591758259466499e-07    1.3105257975168646e-07    2.0906342332067598e-06   -9.6854560739383609e-07   -1.2863278736889244e-05 
  -1.2785442928547927e-07    1.5323929014336406e-07    1.8700156950897018e-06    3.7503043424127030e-06    2.4658968826958749e-08 
  -2.4138816629244971e-03   -1.0597816552649359e-03   -2.1696315557247775e-04    6.9338975415198501e-05   -2.2021530636260953e-05 
  -1.3302716693996166e-04    2.2668426593515210e-04    3.1170393057338840e-04   -1.6966549801734334e-04    6.7357361257877995e-05 
  -1.5060428152919905e-05    4.1058470415234312e-05   -2.8621151556736168e-05    1.2112902135865478e-05   -4.9629067892852980e-06 
  -6.3986288108059660e-08    5.3782055787098913e-08    8.5796561329650438e-07   -3.9747690574198379e-07   -5.2789008498970651e-06 
  -5.2469581762436466e-08    6.2887156184804400e-08    7.6742700240336669e-07    1.5390698736675857e-06    1.0119678983936689e-08 
  -1.1011229496830784e-03    2.1149600039438356e-03    3.7489111257128240e-04   -8.9258906207768295e-05    2.4905780917878505e-05 
  -1.1011229496830784e-03    2.1149600039438356e-03    3.7489111257128240e-04   -8.9258906207768295e-05    2.4905780917878505e-05 
  -1.1011229496830784e-03    2.1149600039438356e-03    3.7489111257128240e-04   -8.9258906207768295e-05    2.4905780917878505e-05 
  -1.1011229496830784e-03    2.1149600039438356e-03    3.7489111257128240e-04   -8.9258906207768295e-05    2.4905780917878505e-05 
   1.3512913066664981e-03   -6.5826977384797860e-04    8.4143059720395263e-04   -2.5751936739419319e-04    7.8557208014878028e-05 
   1.3512913066664981e-03   -6.5826977384797860e-04    8.4143059720395263e-04   -2.5751936739419319e-04    7.8557208014878028e-05 
   1.3512913066664981e-03   -6.5826977384797860e-04    8.4143059720395263e-04   -2.5751936739419319e-04    7.8557208014878028e-05 
   1.3512913066664981e-03   -6.5826977384797860e-04    8.4143059720395263e-04   -2.5751936739419319e-04    7.8557208014878028e-05 
   5.8374207477420855e-03    4.4102364267637579e-04    8.8568315388057938e-05   -2.5386813443470867e-05    7.2512768854103776e-06 
   5.8374207477420855e-03    4.4102364267637579e-04    8.8568315388057938e-05   -2.5386813443470867e-05    7.2512768854103776e-06 
   5.8374207477420855e-03    4.4102364267637579e-04    8.8568315388057938e-05   -2.5386813443470867e-05    7.2512768854103776e-06 
   5.8374207477420855e-03    4.4102364267637579e-04    8.8568315388057938e-05   -2.5386813443470867e-05    7.2512768854103776e-06 
  -1.8089364301771477e-03    3.4744786679841207e-03    6.1587508558877911e-04   -1.4663547536037568e-04    4.0915480362413906e-05 
  -1.8089364301771477e-03    3.4744786679841207e-03    6.1587508558877911e-04   -1.4663547536037568e-04    4.0915480362413906e-05 
  -1.8089364301771477e-03    3.4744786679841207e-03    6.1587508558877911e-04   -1.4663547536037568e-04    4.0915480362413906e-05 
  -1.8089364301771477e-03    3.4744786679841207e-03    6.1587508558877911e-04   -1.4663547536037568e-04    4.0915480362413906e-05 
   1.2245505075997019e-03    9.2516155480435282e-05    1.8579502875075053e-05   -5.3255430149635538e-06    1.5211435280230358e-06 
   1.2245505075997019e-03    9.2516155480435282e-05    1.8579502875075053e-05   -5.3255430149635538e-06    1.5211435280230358e-06 
   1.2245505075997019e-03    9.2516155480435282e-05    1.8579502875075053e-05   -5.3255430149635538e-06    1.5211435280230358e-06 
   1.2245505075997019e-03    9.2516155480435282e-05    1.8579502875075053e-05   -5.3255430149635538e-06    1.5211435280230358e-06 
  -8.0994154322993443e-03   -3.5559373209377793e-03   -7.2798710784980811e-04    2.3265646206420924e-04   -7.3889920876276069e-05 
  -4.4635257203256190e-04    7.6060482581827684e-04    1.0458754728414506e-03   -5.6928695970354516e-04    2.2600745497609062e-04 
  -5.0532992595424674e-05    1.3776549779364914e-04   -9.6033952355376167e-05    4.0643014111263506e-05   -1.6652284349971397e-05 
  -2.1469632804206800e-07    1.8045756729228625e-07    2.8787740656254514e-06   -1.3336737396020030e-06   -1.7712554706362077e-05 
  -1.7605375888149442e-07    2.1100835683864084e-07    2.5749854277854360e-06    5.1641165669520866e-06    3.3955054794654150e-08 
  -3.4640897158842074e-03   -1.5208611049467328e-03   -3.1135736580965693e-04    9.9506299473989599e-05   -3.1602443059565449e-05 
  -1.9090332720438197e-04    3.2530784190446161e-04    4.4731703168571338e-04   -2.4348190545106895e-04    9.6662543987273674e-05 
  -2.1612772110019820e-05    5.8921788627795690e-05   -4.1073362579147361e-05    1.7382865267524057e-05   -7.1221197930748990e-06 
  -9.1824817263076616e-08    7.7181027227939743e-08    1.2312409109574773e-06   -5.7040727498386487e-07   -7.5755934626662788e-06 
  -7.5297534826042102e-08    9.0247485759950800e-08    1.1013116456987229e-06    2.2086733592979169e-06    1.4522450058232670e-08 
   9.9746906558797234e-03    7.5359899478338031e-04    1.5134107786388107e-04   -4.3379708569936184e-05    1.2390616835367996e-05 
   9.9746906558797234e-03    7.5359899478338031e-04    1.5134107786388107e-04   -4.3379708569936184e-05    1.2390616835367996e-05 
   9.9746906558797234e-03    7.5359899478338031e-04    1.5134107786388107e-04   -4.3379708569936184e-05    1.2390616835367996e-05 
   9.9746906558797234e-03    7.5359899478338031e-04    1.5134107786388107e-04   -4.3379708569936184e-05    1.2390616835367996e-05 
  -3.5330995679075522e-03    6.7861307206669259e-03    1.2028880409941510e-03   -2.8639908290471370e-04    7.9913513586001464e-05 
  -3.5330995679075522e-03    6.7861307206669259e-03    1.2028880409941510e-03   -2.8639908290471370e-04    7.9913513586001464e-05 
  -3.5330995679075522e-03    6.7861307206669259e-03    1.2028880409941510e-03   -2.8639908290471370e-04    7.9913513586001464e-05 
  -3.5330995679075522e-03    6.7861307206669259e-03    1.2028880409941510e-03   -2.8639908290471370e-04    7.9913513586001464e-05 
   1.1953300926689241e-03   -2.8825804150173803e-04   -1.2429714367293894e-04    2.8100625662900939e-05   -7.3418472355954981e-06 
   1.1953300926689241e-03   -2.8825804150173803e-04   -1.2429714367293894e-04    2.8100625662900939e-05   -7.3418472355954981e-06 
   1.1953300926689241e-03   -2.8825804150173803e-04   -1.2429714367293894e-04    2.8100625662900939e-05   -7.3418472355954981e-06 
   1.1953300926689241e-03   -2.8825804150173803e-04   -1.2429714367293894e-04    2.8100625662900939e-05   -7.3418472355954981e-06 
   5.7937771404137871e-04    1.3118023587501611e-04    1.7007503628680739e-05   -5.4718476818108040e-06    1.7206855782114782e-06 
   5.7937771404137871e-04    1.3118023587501611e-04    1.7007503628680739e-05   -5.4718476818108040e-06    1.7206855782114782e-06 
   5.7937771404137871e-04    1.3118023587501611e-04    1.7007503628680739e-05   -5.4718476818108040e-06    1.7206855782114782e-06 
   5.7937771404137871e-04    1.3118023587501611e-04    1.7007503628680739e-05   -5.4718476818108040e-06    1.7206855782114782e-06 
  -1.6234687674069562e-04   -7.1276170825582222e-05   -1.4591970773050753e-05    4.6634291431748027e-06   -1.4810695879412438e-06 
  -8.9468118533205022e-06    1.5245769146878143e-05    2.0963811264500689e-05   -1.1410942017927718e-05    4.5301546441439055e-06 
  -1.0128969909991261e-06    2.7614089530751103e-06   -1.9249305528626292e-06    8.1465958345323011e-07   -3.3378289796506205e-07 
  -4.3034313521353096e-09    3.6171403577220291e-09    5.7702927118991768e-08   -2.6732517676772837e-08   -3.5503524417443589e-07 
  -3.5288692291162089e-09    4.2295086584062819e-09    5.1613705377635111e-08    1.0351095122571669e-07    6.8060431540382657e-10 
  -9.6292553667956011e-05   -4.2275925735430740e-05   -8.6549132141882351e-06    2.7660125655703801e-06   -8.7846453006052835e-07 
  -5.3066087739956725e-06    9.0426996395492296e-06    1.2434233178973221e-05   -6.7681545141040883e-06    2.6869636666439148e-06 
  -6.0077803665837614e-07    1.6378702513499303e-06   -1.1417311025001659e-06    4.8319778757481213e-07   -1.9797613764435209e-07 
  -2.5524876286577722e-09    2.1454289051510193e-09    3.4225248541605304e-08   -1.5855817153672219e-08   -2.1058150911204432e-07 
  -2.0930727862083483e-09    2.5086419748571653e-09    3.0613557802015667e-08    6.1395291527804187e-08    4.0368579231950930e-10 
   1.5676825880736266e-03    6.8697738548723487e-04    1.3943675048997236e-04   -4.4244587848815150e-05    1.3990602146023079e-05 
   1.5676825880736266e-03    6.8697738548723487e-04    1.3943675048997236e-04   -4.4244587848815150e-05    1.3990602146023079e-05 
   1.5676825880736266e-03    6.8697738548723487e-04    1.3943675048997236e-04   -4.4244587848815150e-05    1.3990602146023079e-05 
   1.5676825880736266e-03    6.8697738548723487e-04    1.3943675048997236e-04   -4.4244587848815150e-05    1.3990602146023079e-05 
   8.3772944354175221e-04    3.6710312868701739e-04    7.4511429983266906e-05   -2.3643175117399033e-05    7.4762196376780267e-06 
   8.3772944354175221e-04    3.6710312868701739e-04    7.4511429983266906e-05   -2.3643175117399033e-05    7.4762196376780267e-06 
   8.3772944354175221e-04    3.6710312868701739e-04    7.4511429983266906e-05   -2.3643175117399033e-05    7.4762196376780267e-06 
   8.3772944354175221e-04    3.6710312868701739e-04    7.4511429983266906e-05   -2.3643175117399033e-05    7.4762196376780267e-06 
  -3.9091750081637710e-04   -7.1056169706797149e-03   -5.0058385542699991e-03    1.4969498259265984e-03   -4.9391656703892347e-04 
   1.0810411395968608e-03    4.5941646063975554e-04    9.2487845278700490e-04   -1.4266989415884887e-03    8.5584107395349348e-04 
   1.5529803676589307e-04   -2.6823476085794962e-04    1.8975482679933986e-04    1.1239937317345578e-04   -5.9674541622891243e-05 
   5.2057062638730179e-07    3.1283956318031671e-06   -2.6834651233733768e-06    2.5995774031017877e-05    2.0862059299869751e-05 
   4.5294252156405853e-07    2.3555154158349486e-06   -9.5098268099094882e-06   -9.0263808950733178e-06   -8.1085315511032747e-06 
  -2.3723984292124606e-02   -5.4229903233903561e-03   -1.4072008192816678e-02    1.4702643315511243e-02   -6.0296676159035442e-03 
  -1.4083274711873141e-04    4.2348594219989251e-03    4.1461221156797136e-03   -2.8460158814672398e-03    4.7490951018563958e-03 
  -6.8047468835326819e-04    1.0821527677852614e-03   -1.2850607707932506e-03   -5.0353683480968748e-04   -3.1935940803351449e-04 
   4.5941957664639980e-06   -1.4778564868943812e-05   -5.8233972274780248e-05   -1.0218412410990390e-04   -2.2816115234412332e-04 
   2.7920385336144877e-06   -2.3794853933322175e-05    4.4951234984349792e-05    6.9918466013268275e-05    4.0681874300874841e-05 
 TENSORSUMACCUMULATOR_IMPL_H - PrettifyOut: Norm of simple tensor is 2.77658e-05 
 As simple full tensor 3    5 5 5 
  -8.1347605991454743e-08    1.7068200005379768e-07    3.2175478589487069e-08   -1.3201964282405580e-08    5.2213297410186558e-09 
   3.8732160800755418e-08   -1.7090598327916243e-09    4.0348132320797030e-09   -1.5819354552380214e-09   -2.2203139395601183e-10 
  -2.5421706278330720e-09    3.1225824508812225e-09    1.5474089389625261e-09   -2.0559041109449246e-09    2.5823613270472838e-09 
  -7.2171850982585545e-11    4.7383093349133644e-10   -5.6882161773492077e-10    4.7033168294377306e-10   -9.6092082636874143e-10 
  -2.5742370060907611e-10   -1.5467997061659940e-10    1.0595545754223836e-10   -5.2211608166845267e-11    1.4303722983822319e-10 

   2.6708786221945227e-05    4.7326264023180415e-06    3.1181405056512359e-06   -1.2353103296674119e-06    5.2124936200145944e-07 
  -7.5739156685375982e-07    3.1678632491848015e-07    1.0625679854277023e-07   -1.0711473467502413e-07    9.4229234956006507e-08 
   2.9593917019740118e-07    3.4382510504617686e-07    2.3648600404117301e-07   -9.0316507504322873e-08    3.0205412649659160e-08 
  -2.0165691933768996e-08   -3.5425083963885693e-08   -4.9356676347802012e-09   -1.5857664757705337e-08    1.2176674876114699e-08 
   1.2709554362035900e-08    1.4501766669539633e-08    5.8774039533531586e-09    3.2612102592469603e-10   -9.1902580668365294e-10 

   1.9616077678614865e-08    1.8885759213243986e-08    1.4858460883408462e-08   -1.1031536556570992e-08    7.7557234921440850e-09 
   6.7638780302626453e-09    6.8171140150169833e-09    4.4681666080478495e-09   -2.7190805571780962e-09    1.1401792421482092e-09 
   6.3405923978433034e-10   -2.5019477960824952e-10    9.1028291428073197e-10   -1.2333057205409731e-09    1.1268174226366472e-09 
  -3.1876846386304378e-10    8.5859725845342745e-10    3.8713312021120457e-10    4.1696657542461321e-10   -8.6966080956411497e-10 
   2.7122064294212969e-11   -2.2461210011315379e-10    6.3920994557532583e-11   -8.5551128042345075e-12    2.0456081353047396e-10 

   2.0161533264164808e-06    3.0015407306810066e-06    2.5978384805317226e-06   -1.2526293764279553e-06    5.9492910191172606e-07 
   7.2331686429449949e-07    4.3116062419816780e-07    2.9940521629615238e-07   -2.1398341949046215e-07    1.3363309220130006e-07 
   1.0534602188364008e-07    1.1027832441698809e-07    9.2962480794860287e-08   -5.5483343850397330e-08    2.2343726935455802e-08 
   3.5794676362670609e-09    2.1330792733650018e-09    2.0977755325655688e-09   -2.3700481599622940e-09    1.5106884250178226e-09 
   2.2452470599440309e-09    1.2003058032160897e-09    1.5563624595900913e-09   -1.0112268504087445e-09    5.9528265530531006e-10 

   4.8902582489035430e-09    7.2093486960751534e-09    5.6315441174717716e-09   -3.7020661104697514e-09    2.4859672160809823e-09 
   1.5290844600918177e-09    1.6431716882338167e-09    1.2493974891457129e-09   -1.0947767735204432e-09    5.8115679233122726e-10 
   2.6839927185434871e-10    7.0125630824533562e-11    6.3661275919563616e-11   -3.1370091269726427e-10    1.5938360038457150e-10 
  -7.7375080182253892e-11    1.6259575760034066e-10    2.4509560939710594e-10    1.2368617739178668e-10   -1.6826496703689595e-10 
   1.5567411713931172e-11   -3.9561342463971424e-11    3.4966921728401285e-11    3.2734970213945547e-11    5.8978763828198151e-11 
