2    46 5 
   2.7346981140365041e-04    2.9289075526885522e-03   -5.3015877447602044e-05    2.5035681275907434e-03   -2.2633890025626978e-05 
  -4.6520355578740641e-04   -1.0920949854420564e-04    2.2252694451131748e-05    8.9158317879977362e-05    9.8026831918553380e-07 
  -4.6389585359117182e-05    1.2786030019624726e-03    2.7357335968113321e-05    1.5139865740810434e-04    7.2708588142566027e-06 
   4.1544915718499362e-04    1.9425620572028845e-05    6.2819034031277179e-06    5.6371073985520318e-04   -2.1156407633606661e-06 
  -3.7567673951114901e-04   -4.8692230070962017e-04   -2.6459810739028507e-06   -4.7430145140767166e-04   -1.2323267666535214e-06 
   2.1634466066876153e-05    6.7413122368066591e-04    2.8093397068567367e-05   -6.5720568406743010e-04    3.8529679902435359e-06 
   1.0545584223232173e-04   -3.1128495180003586e-04   -1.1074124193650997e-04    2.0599182595366840e-04   -2.5255438276366830e-06 
   2.2032848024946826e-05    2.1793298099248687e-04   -2.0673909575611190e-05   -1.6456060421721861e-04   -3.0496936858156598e-06 
  -1.3463641028334970e-03    1.1835836106086209e-03   -1.1619032469893935e-04   -1.4898970557358038e-03   -1.0878175368499609e-05 
   2.7167225103815455e-04    5.6950312115276944e-05    3.9088248685052283e-05   -7.1646249670227031e-04   -1.0842748654815640e-05 
   3.6693592240703509e-05    5.6424173472914411e-04   -3.6166017828136000e-05   -6.7611134479612911e-04   -1.0226985426094819e-05 
   5.5885584848794175e-06   -8.1841843377473020e-05    5.8776993158443766e-04    3.6793397989739951e-05    5.8390656479959317e-05 
  -3.8691411963277035e-05    5.1609981474825756e-05   -3.8362682609087775e-04   -7.7878748969079050e-06   -1.1885930556786330e-05 
   1.1764395819504143e-04    8.0842091908085102e-05    2.1441658888602221e-04    1.0718728889364988e-04   -2.6888897653418615e-05 
  -1.0639596339916157e-04    5.1175518261931950e-06   -4.2568121171828122e-05    8.6817108742272368e-05   -2.9930833769281758e-07 
  -3.1524900572907285e-04    1.3245074803895897e-05    1.6507366073529841e-04    4.3528225235195377e-05    3.2894033691708468e-05 
   1.1332496171197477e-04    1.7139572775562044e-04   -3.2334775922182916e-04    2.0686327701996358e-04   -2.6711190115704536e-04 
  -6.8676049411195504e-05   -7.5732920602117297e-05   -2.5796507635625300e-04   -6.0651042234826529e-05   -5.2650566066532779e-05 
  -1.8058155508164226e-05   -1.2604175157362654e-04   -5.1117362191072766e-05   -4.1086262592145029e-05   -7.2880414288858556e-05 
   3.9949731912990399e-05   -3.4018539947505515e-05   -5.9655904073761519e-04   -6.4490274099737293e-05   -1.7150596008973329e-04 
   9.4507248552617326e-05    3.7744766640327626e-05   -6.7372097098934936e-05    1.1078896343546252e-04    1.7308806598160652e-04 
  -3.3032202734039747e-06   -6.6623633012441225e-04    2.3035203464718790e-06   -1.3635639139493347e-04    1.6483500663845416e-07 
  -3.3032202734039747e-06   -6.6623633012441225e-04    2.3035203464718790e-06   -1.3635639139493347e-04    1.6483500663845416e-07 
  -3.3032202734039747e-06   -6.6623633012441225e-04    2.3035203464718790e-06   -1.3635639139493347e-04    1.6483500663845416e-07 
  -1.2413387561615289e-05   -7.4879115047427329e-04    2.2656026151746474e-06   -1.2216428997098518e-04    1.4755501882539503e-07 
  -2.9661189109626009e-05   -4.2025122062245445e-04    8.8565397030418763e-08    2.8668862361712188e-05   -6.0402863027196475e-08 
  -7.1383919494897498e-06    1.2386350010479115e-04    1.4107637591507576e-07    1.2284705323212599e-05    4.9057192410419441e-08 
   1.1922079311708216e-05    7.1915481890407384e-04   -2.1759325512761906e-06    1.1732916150916385e-04   -1.4171495319429531e-07 
   2.0329830880176467e-05    2.8804092145009601e-04   -6.0702877986768583e-08   -1.9649688392011137e-05    4.1400227937013141e-08 
  -8.1015141179048300e-06    1.4057534272320259e-04    1.6011060463842026e-07    1.3942175536805804e-05    5.5676059777888136e-08 
   2.9146200973071699e-05    1.7581355009059947e-03   -5.3195559084279867e-06    2.8683749134177647e-04   -3.4645403697608536e-07 
   6.9643437345232699e-05    9.8673520621528777e-04   -2.0794846276213225e-07   -6.7313488756896877e-05    1.4182381532849717e-07 
   1.6760695285768713e-05   -2.9082717746166625e-04   -3.3124240941997608e-07   -2.8844059566180713e-05   -1.1518457649627080e-07 
  -1.2238821344902800e-05   -7.3826109672405600e-04    2.2337420392325953e-06   -1.2044632557071574e-04    1.4547999125814668e-07 
  -2.0869947398371853e-05   -2.9569350156787353e-04    6.2315612853865931e-08    2.0171735099653268e-05   -4.2500136101406143e-08 
   8.3167525831564192e-06   -1.4431010397642166e-04   -1.6436437255282955e-07   -1.4312586847720905e-05   -5.7155243728375099e-08 
  -3.4878161541532166e-06    5.7167138934634720e-04   -9.1575813549600889e-07    1.3714542386785144e-04   -4.8633370226516610e-08 
  -1.1988075233453156e-05   -7.2313577590913921e-04    2.1879776543678356e-06   -1.1797864940124269e-04    1.4249943119654395e-07 
   3.4805643101229031e-05    4.9313983818315783e-04   -1.0392623130402449e-07   -3.3641206621624682e-05    7.0879170927599125e-08 
  -1.5964685050722893e-05    2.7701501716987113e-04    3.1551082169739405e-07    2.7474178052109740e-05    1.0971415296984940e-07 
   1.2336344297257027e-05    7.4414380386813781e-04   -2.2515412302106095e-06    1.2140608149319000e-04   -1.4663922365938363e-07 
  -3.5816791972244672e-05   -5.0746618719448033e-04    1.0694542250662187e-07    3.4618527109458410e-05   -7.2938302357911229e-08 
   1.6428479764074672e-05   -2.8506266108356174e-04   -3.2467681843604564e-07   -2.8272338397507654e-05   -1.1290149076985066e-07 
   2.8151351392617625e-05    1.6981249229554162e-03   -5.1379830863442084e-06    2.7704684458875676e-04   -3.3462849396103788e-07 
  -8.1733378403773808e-05   -1.1580301758244648e-03    2.4404783915485288e-07    7.8998956082144611e-05   -1.6644410452414993e-07 
   3.7489542731699432e-05   -6.5050868780164794e-04   -7.4090759665831654e-07   -6.4517049276599910e-05   -2.5763949698770484e-07 
2    46 5 
   1.6289919930190491e-02   -1.1604300572650567e-02    4.5425989552825589e-03   -1.1966004353002148e-03    3.7476778205496362e-04 
   2.5796483361777575e-02   -7.5094463275973099e-03    1.5352010062463230e-02    5.8944651736581521e-04    4.5318565291424257e-04 
  -1.2193072230467205e-02   -1.6876375655708500e-02    4.5767993014395030e-03   -2.5690060797445448e-04   -3.9572377916395477e-05 
   2.2234622799631579e-02    4.3077657978168087e-02    2.9612573297572799e-02    1.1884325712094315e-04    5.4025641271848485e-04 
  -2.8398318038861971e-02   -4.7309592150445369e-02   -1.5831176526246864e-02   -1.3345905364999335e-03    2.6062211400784929e-04 
   1.4585698987799782e-02    2.9674998868645365e-02    2.6812403560550419e-03    2.9408651094499296e-03   -7.3507627320580225e-04 
  -1.0589570570650440e-02   -3.3795561354130707e-03   -6.8399953369925170e-03   -1.3998649780012997e-03    1.3269748206337409e-03 
   2.0564515029305665e-03   -5.9928156300685827e-03    2.7520727839253569e-03    1.2356712988343286e-02   -3.3366030450802378e-03 
  -1.6890375124507398e-03    1.5919082130638855e-03    8.5440168102619450e-04   -3.2164454306000040e-04    4.3856459928497121e-04 
   1.9674279665870651e-03   -1.6127394283249848e-03   -6.7053091607225763e-03   -4.0053209763681865e-03    1.8474657862963526e-03 
  -1.9454748114846195e-03   -3.7287497330841276e-03   -2.1775480389219773e-03    5.7450751586279238e-03   -2.7865531626042393e-03 
  -1.0438156699967374e-03    4.4699783200475764e-03    2.2321123831763132e-03   -5.2610969204158545e-03    2.5120106536186092e-03 
   4.0828612537739404e-03   -1.8035872708643834e-03   -3.4424376103113510e-03   -7.8587637730335967e-03    5.8459553441987840e-03 
   4.1144465524106145e-03   -3.5100058041956877e-04   -3.5299336350150816e-03   -3.8555613365392214e-03   -1.2065321379048672e-03 
  -1.0336331675667577e-03   -1.8898506176229727e-03   -1.8652063188862329e-04    2.0400210806038183e-04   -4.9220628543975324e-03 
  -1.8203689286830586e-03    4.5720032953720959e-05    3.3281385370145067e-03   -5.1198495326910008e-03    4.7991320647054071e-03 
   1.9570902092309894e-04    3.4006889730742515e-04   -1.1720996873523981e-03    6.0938220749635918e-04    9.2443532940407783e-04 
   1.3824221365218222e-04   -2.1832677995224585e-04    1.4711535800522276e-03    7.7024982969924093e-04    1.8642300542610667e-03 
   3.8467984802682153e-04    6.1117954571297161e-05    7.9824029723924805e-06   -4.9973434295669857e-04   -3.3232606159993069e-03 
  -3.1438863928599662e-04   -4.6316013084922344e-04   -3.3856794452345153e-05   -1.1406486557169440e-03   -9.9705899451525519e-04 
   4.8009965931238089e-04   -1.8006437716462290e-04   -3.1919963778585548e-04    2.1086070505408924e-03    1.3686269469977618e-03 
  -6.6271799086527444e-04    1.4518546729500723e-04   -1.7487183375488439e-05    1.0597665476135440e-05   -9.2397623999534827e-07 
  -4.2020869480035585e-05   -1.9508861701955475e-04   -2.1589260872201814e-05    9.3578920047862041e-06    7.1575773674505007e-07 
   3.5493994391027633e-06    7.1460549975782984e-06   -6.2545239480235737e-05    2.0729380617011769e-05   -1.4333891962378486e-06 
  -6.6836852008735200e-04    1.3197406763323710e-04   -1.7283045875803604e-05    1.1343578165689278e-05   -7.6561561082937899e-07 
  -6.6836852008735200e-04    1.3197406763323710e-04   -1.7283045875803604e-05    1.1343578165689278e-05   -7.6561561082937899e-07 
  -6.6836852008735200e-04    1.3197406763323710e-04   -1.7283045875803604e-05    1.1343578165689278e-05   -7.6561561082937899e-07 
  -7.2509139081522651e-04    7.2308207291180301e-05   -1.0349156632253224e-05    1.8866660803835944e-06   -1.0003091148110276e-07 
   2.8824334055069781e-04    2.0815831188595938e-05   -1.5762183441292408e-05   -9.8226063536204066e-07   -2.3799888236286456e-07 
  -6.8451129419228168e-05   -1.2370837574227197e-04    4.5055131860585059e-06   -3.3910884319240576e-06    5.9668190435249821e-07 
  -1.5998312106958879e-03    3.5655931617648473e-05   -1.8804572538606357e-05    3.9035744456984724e-06   -4.6420517196136239e-07 
  -1.5998312106958879e-03    3.5655931617648473e-05   -1.8804572538606357e-05    3.9035744456984724e-06   -4.6420517196136239e-07 
  -1.5998312106958879e-03    3.5655931617648473e-05   -1.8804572538606357e-05    3.9035744456984724e-06   -4.6420517196136239e-07 
  -7.4435538960050185e-04    7.4229268877439977e-05   -1.0624109753084242e-05    1.9367904282121723e-06   -1.0268850110590222e-07 
   2.9590129847513182e-04    2.1368859609304070e-05   -1.6180948146697278e-05   -1.0083570253152625e-06   -2.4432196141029384e-07 
  -7.0269717380257711e-05   -1.2699502075035594e-04    4.6252142356678375e-06   -3.4811817970651052e-06    6.1253436050663749e-07 
  -2.4336052253029123e-03    4.9505817905931840e-05   -2.7576936712999726e-05    3.7065799698183646e-06   -6.6549558638216634e-07 
  -7.2910521033739471e-04    7.2708476964375570e-05   -1.0406445475362795e-05    1.8971099185551414e-06   -1.0058464309398499e-07 
   4.9348638936766800e-04    3.5637698880818890e-05   -2.6985612157190925e-05   -1.6816772017584485e-06   -4.0746547311865055e-07 
  -1.3488845500239210e-04   -2.4377730238068327e-04    8.8784760429331956e-06   -6.6824124487013950e-06    1.1758096745644771e-06 
  -7.5028665807390404e-04    7.4820752096944502e-05   -1.0708766152590201e-05    1.9522234111218648e-06   -1.0350675684462570e-07 
   5.0782280613834629e-04    3.6673020046531322e-05   -2.7769579032534940e-05   -1.7305320957486347e-06   -4.1930287120733084e-07 
  -1.3880713877996312e-04   -2.5085934776523651e-04    9.1364072353275218e-06   -6.8765451582598255e-06    1.2099684637443604e-06 
  -1.7121428234884450e-03    1.7073982640135549e-04   -2.4437242644886890e-05    4.4549443432448644e-06   -2.3620085604218909e-07 
   1.1588439748689895e-03    8.3687277939216198e-05   -6.3369759998006798e-05   -3.9490481093702090e-06   -9.5684282011451779e-07 
  -3.1675579454015687e-04   -5.7245724332063877e-04    2.0849143340215284e-05   -1.5692172206998059e-05    2.7611297622770555e-06 
2    46 5 
   8.6642985868848662e-03    1.2027263061665466e-02    1.1680163354610801e-02   -8.7437723390359750e-03    5.7384383956990727e-03 
  -2.5128377110396403e-03    1.7115815966483695e-02   -5.2752052490912383e-04   -1.1744935602014416e-03    1.9844825619433678e-03 
  -1.1729708091586459e-02    6.7535248861773662e-03    5.2678905960227276e-03    1.3444491956056811e-03    2.0078730543668412e-03 
  -1.0518190017712554e-02   -5.1256423477746543e-03   -2.8306770829489023e-03   -8.2146772234730782e-04    8.5975062579532469e-04 
   7.1480207885312522e-03    1.0178719423358136e-02    2.6204730486641126e-03    4.8092186106755645e-03   -2.7014673296601554e-03 
  -1.7878920291476818e-02   -7.1728769574723279e-03   -1.1603231184157809e-02    1.0484267120963873e-02   -1.3468354022144790e-03 
   3.0303320505526477e-03   -1.4007235082142810e-03    5.8027041598337570e-03    3.4365726938441589e-03   -5.4714319280461856e-03 
  -7.0766953862750085e-03    3.8941367568129971e-03   -5.2294453382402753e-03   -8.7408870742663354e-03   -1.1715161284159704e-02 
  -1.9635149065674759e-04   -4.2436391509670043e-04    7.6767344132741850e-03    3.8940327301008651e-03    5.9467480411352458e-04 
  -3.4729262505938264e-03   -1.0362771430788746e-03    7.3717767445066716e-03   -3.8064348123124543e-03   -3.0296573393577427e-03 
   3.3410747913989163e-03   -3.8934471070091736e-03    7.4233057871529520e-03    3.4660382746051553e-03    1.6120536701084757e-03 
  -9.1405148133492356e-04   -8.3985072283519443e-04    5.7264174499508307e-05   -8.6265409808980410e-04    1.0611079900549793e-03 
  -2.5941546223032377e-04   -5.4962237990082785e-04    2.0713994277618352e-04   -2.0216859809207622e-03    1.1570182640158243e-03 
   4.4873224203692487e-04    1.3705520653793815e-03   -3.8160608512329594e-04    1.1980043288319715e-03    2.0633970876662933e-03 
   2.0588670072690975e-03    5.4261420370973817e-05    1.6361218763524255e-03    1.4287905592229575e-03    7.6125858045146761e-03 
   1.2276054872122940e-03   -1.9740302797174256e-04    4.7557914728708971e-04   -2.0789347104499785e-03    1.0407877263360419e-03 
   3.9097988366600637e-04    1.2734956932510867e-04   -7.3951193178663276e-04   -9.0906205536561073e-04    6.8039860676559082e-04 
  -1.6114738364669744e-03   -3.8313286991363370e-04   -4.3516974227736230e-04    5.0887392345590524e-04    4.9269503994699550e-05 
  -2.4350375272732199e-04    1.6515867456835221e-03   -1.0277061382103754e-03    7.4940006487469926e-04   -7.9973574181413409e-04 
  -9.6707295535647343e-04   -2.2056793216014602e-04   -5.1997064093802620e-04   -9.9047393134667140e-04   -1.5239757328397408e-04 
   2.4524847545647713e-04   -1.4727685494582733e-03   -3.3492543080898101e-04   -6.8755200281874667e-04    7.4644755092269865e-05 
   5.8115422095977214e-04    3.4431775591185261e-04    6.3521898295322164e-05   -1.8485012614724525e-05    4.6095909013957582e-06 
  -1.0142988747484811e-04    1.7315462422443981e-04   -9.6507399231476961e-06    3.6698605282517108e-06    1.5329639758457184e-06 
  -6.7715568261073610e-06   -3.4912027328260421e-07    5.1417551108082474e-05   -3.9999797417586499e-05    1.0844764782370448e-05 
   6.7264550143980649e-04    3.2447024487931310e-04    1.2547165872312522e-04   -4.5938323825669390e-05    1.3607737991837722e-05 
  -1.7005141156834774e-04   -3.5976168064045177e-04   -1.3420981506638858e-04    4.2264643051898928e-05   -1.2971730394267091e-05 
  -7.7398451774948580e-05   -2.4936994115139600e-05    6.8383368735581740e-05   -6.1713409710081451e-05    2.1138957437296003e-05 
  -5.7798706846305648e-04   -3.4800571185075187e-04   -6.1818719321316226e-05    1.7752208959071175e-05   -4.5361601498094273e-06 
  -5.7798706846305648e-04   -3.4800571185075187e-04   -6.1818719321316226e-05    1.7752208959071175e-05   -4.5361601498094273e-06 
  -5.7798706846305648e-04   -3.4800571185075187e-04   -6.1818719321316226e-05    1.7752208959071175e-05   -4.5361601498094273e-06 
   1.5793481731948829e-03    7.6184481633985565e-04    2.9460307779941768e-04   -1.0786158185612795e-04    3.1950494120188095e-05 
  -3.9927478238507917e-04   -8.4470787642049563e-04   -3.1511996407648915e-04    9.9235907549920219e-05   -3.0457170467222091e-05 
  -1.8172886484369981e-04   -5.8551192294328717e-05    1.6056176434433176e-04   -1.4490093322354073e-04    4.9633534663318411e-05 
  -6.0585482824569183e-04   -3.3597989372249285e-04   -6.1728573800218375e-05    1.7136883903779525e-05   -4.3314154630645782e-06 
  -6.0585482824569183e-04   -3.3597989372249285e-04   -6.1728573800218375e-05    1.7136883903779525e-05   -4.3314154630645782e-06 
  -6.0585482824569183e-04   -3.3597989372249285e-04   -6.1728573800218375e-05    1.7136883903779525e-05   -4.3314154630645782e-06 
  -4.8833304453110345e-03   -1.0774398757534413e-03   -3.3884731164681136e-04    8.0888404772366953e-05   -1.4823524224558191e-05 
   6.4959905881283313e-04    3.1335311874561484e-04    1.2117269979470899e-04   -4.4364367050278170e-05    1.3141504363216873e-05 
  -1.9954522787447173e-04   -4.2215895699900300e-04   -1.5748724390711290e-04    4.9595047468539653e-05   -1.5221554902588262e-05 
  -1.7309807513286543e-04   -5.5770439613979283e-05    1.5293625683429287e-04   -1.3801920045845880e-04    4.7276305388525184e-05 
   6.6847075019405705e-04    3.2245643142762273e-04    1.2469292317454970e-04   -4.5653209193655445e-05    1.3523282032477771e-05 
  -2.0534227438486090e-04   -4.3442321976573835e-04   -1.6206245168054486e-04    5.1035847631603160e-05   -1.5663760725652375e-05 
  -1.7812679770915930e-04   -5.7390642892157754e-05    1.5737925255730233e-04   -1.4202883643375629e-04    4.8649743100345825e-05 
   1.5254401572258208e-03    7.3584070703562544e-04    2.8454736767033386e-04   -1.0417993396123344e-04    3.0859925380195645e-05 
  -4.6858796922949437e-04   -9.9134722718924838e-04   -3.6982406739592623e-04    1.1646303359227802e-04   -3.5744465434202357e-05 
  -4.0648266244216531e-04   -1.3096458041176738e-04    3.5913707771865908e-04   -3.2410765993458080e-04    1.1101797908501381e-04 
 TENSORSUMACCUMULATOR_IMPL_H - PrettifyOut: Norm of simple tensor is 1.88282e-06 
 As simple full tensor 3    5 5 5 
   3.0486011641648388e-08   -8.7833439940726181e-08    7.3892476819638754e-08    2.5086520155128904e-08   -1.0951744219252222e-08 
  -1.1643062898544031e-07    1.1330199449554396e-07   -6.8064845232283249e-08    9.5091023667633253e-08   -3.8303267810375232e-08 
  -5.4433932046452876e-08   -1.0811832933387853e-07   -3.0237368686983914e-08    1.7037350354078272e-08   -6.8236802033657576e-09 
   3.5498005674665738e-09   -4.0882396497548975e-09   -7.7056301457002623e-09    5.2150717168490797e-09   -1.3252651059520426e-09 
  -2.8986942018783987e-09   -4.5253011927313886e-09    2.5446044394549944e-10   -9.0499019266073037e-10    6.1634233828590470e-10 

   5.2450280940895930e-07    4.9068431223422554e-07    3.9159720163823932e-07   -2.7032245049365625e-07    1.6108835873445371e-07 
  -2.3942091395520412e-07   -4.5230832159326802e-07   -6.7396397868194814e-07    6.0270276770754202e-07   -3.1817008196117267e-07 
   6.6998156106046883e-08    2.3729615643377967e-07    1.9000320516660099e-07   -4.7511189234564141e-08    4.2012178868874529e-08 
  -6.3626982002502697e-08   -5.5980694731411539e-08   -5.6165904243268866e-08    4.2811681326307976e-08   -5.4264004065150767e-08 
   1.6504620990012095e-08    1.8302186355082240e-08    1.2017377343437713e-08   -1.5002211350552522e-08    1.4920812900628770e-08 

  -8.5398899509598053e-09   -5.3146649488538046e-09   -8.2447451966166313e-09    2.1388133050599868e-08   -1.1722661966727616e-08 
  -7.5659776865106736e-09   -7.9019238541618516e-09   -4.2593431140380082e-09   -3.0523361335054950e-10    1.7852698853634937e-09 
  -3.9716543303651011e-09   -1.3626863947003672e-09   -2.6167615561827812e-10    2.8377187657153839e-10   -8.9458224552389680e-10 
   1.4212600114319371e-09    2.4868656491062603e-10   -1.8219623935292980e-10   -6.2346839003760558e-11   -1.6122184218570784e-10 
  -1.5483332716723840e-10    3.2831533794148343e-12    7.6575572805551557e-11   -6.2817382979728612e-11    2.4288006086572604e-10 

   5.0980359417646247e-07    6.5612967644425325e-07    5.8366618229555421e-07   -3.9198613938493616e-07    2.4605733976350528e-07 
   2.8866021298666675e-08   -1.3966873855550076e-07   -1.3654010489335176e-07    1.1841963579990800e-07   -1.9632210821923645e-07 
  -1.6077292685648365e-08    1.5786010276362187e-07    1.5982372297898812e-07   -1.1592179269736156e-07    6.5078591606261763e-08 
   3.0651984094928211e-09   -1.1683858262980488e-08   -6.4966369043276967e-09    2.7486710086987596e-09   -6.4963575714640057e-09 
   2.7815626221694625e-09    1.4817389672292585e-09    1.1700277088738520e-09   -3.5956894132535785e-10    8.8788325113871052e-10 

  -2.3023695023467242e-09   -4.7766146281943146e-09   -4.8786907149793749e-09    4.2947001633707188e-09   -2.8440376739930905e-09 
   2.6567769495470051e-09    2.1313719183154807e-09    1.7957154689875913e-09   -1.2628496538093193e-09    8.4877050075288967e-10 
  -4.9422683029067985e-10   -3.9847032001034720e-10   -3.0077155770668922e-10    4.7546613960752460e-10   -9.9378121509021582e-11 
  -1.4113596837170718e-11    1.4661843014494610e-10    6.6810001580067197e-11    1.3344006243262260e-10    6.6463289694738614e-12 
   6.3396949481535295e-11   -1.6935612027997536e-10   -2.4370899355009942e-10   -1.5054375660297724e-10   -9.8967807675718055e-11 
