2    103 5 
  -2.1797994024151733e-04    1.5452257349554876e-03   -2.2266599377744270e-04    2.7837971759306115e-05    8.2710561698249381e-06 
   7.5928946593175077e-04   -1.4151318471314117e-04    4.8478439051139480e-04    2.7355524525926210e-04   -1.3268832350451951e-04 
  -3.7908967443585860e-04   -2.9509188633459034e-04   -1.9372979657004765e-04    5.4814451409444493e-05   -8.9841130261674463e-06 
  -1.0115034571422260e-04    9.7330186786001322e-04    5.1136021611967823e-04    3.3277686238565812e-04   -2.0458817023480793e-04 
   6.7815433581897792e-04    7.3148792796447898e-04   -6.4178708854937768e-04    4.1994231753297108e-04   -2.3161896988902863e-04 
   1.7915065603907269e-03   -1.8280153382408803e-03    3.3034096396227636e-04   -4.7226420194332796e-04    1.0358769023971147e-04 
   3.3326242194016409e-04   -3.9873473140948358e-04   -2.2611960255168164e-04    1.3630842553478916e-03    2.3684285964557388e-04 
  -2.0440486290761073e-04   -1.3423028631437878e-04    1.2761435372812363e-04    3.1691203009629571e-04    1.2932570220666628e-04 
  -5.5964715781520699e-05    1.2616851596951526e-04    2.6986892200627708e-04   -3.4826964306049957e-05    9.0586667592583198e-04 
  -8.8864940421052238e-05    2.3895271597403612e-04    1.2585417492024234e-03   -4.1746092041219613e-05    1.2132291409469570e-04 
   1.2841405139115287e-04    9.3872793141685398e-05   -2.8165651088201240e-04    2.9971461642288075e-04   -6.2363287600861596e-05 
   5.1334119127863864e-05    1.5033244960118621e-04    3.9469393870570317e-04    3.5939331525291570e-05    2.7138618033845980e-04 
  -3.1814665102401866e-04   -1.8045151604866865e-05   -1.2612606422708844e-04    1.8682058782805024e-04    9.2824141069774505e-05 
   6.1577580425716032e-05    3.1563110496831915e-05    8.9630194057802197e-05    5.8690781668360927e-05   -3.5222338822500952e-04 
   1.3388018986570965e-04    3.0635423084929389e-05   -9.1356506520143046e-05    4.3316310151437305e-05    1.8502514569584258e-04 
  -1.3053970249566479e-04   -1.0981508821637314e-05    3.6550706599074983e-06   -1.5282913201080168e-05   -2.9025995944636248e-05 
  -7.9912692746348475e-05    3.3173827399652430e-04    2.0232495793263874e-04   -5.6092259948884200e-05    1.2172641469443722e-04 
   2.2406391412798041e-04    2.3562724633141729e-04   -4.0748799643844362e-05   -2.1882512126196039e-08   -4.8429716756958317e-05 
   1.1032241649270537e-05   -1.3584236014920471e-04   -2.1523269267678964e-04    8.1085334401489301e-05   -5.4574273194747359e-05 
   4.2581620046470356e-05    1.5601585153718471e-05   -4.8254711101559448e-05   -2.6824596985849486e-04    3.5272560824593895e-05 
   3.5274955075439621e-05   -1.8337598020606386e-04    3.1937761700042967e-04    2.4773646341969615e-04   -2.2879709102192640e-05 
   1.5056994536983047e-05   -4.6328691897474530e-04    2.4926466303562984e-05   -7.2656381843638896e-06    5.4671237480924319e-07 
   1.5863411785751024e-04    1.2454020524840037e-06   -7.2136003159485682e-05    1.7825447057536467e-06   -9.6502163791072104e-07 
  -1.4752922510963085e-05   -1.8316550797478219e-06   -3.3198819053958408e-05   -2.7413241691414895e-05    3.4888253776924469e-06 
   7.4115156025525236e-06    1.4559456904752613e-06    1.5779488778293934e-05   -2.3555002099217895e-05   -2.8233763842218090e-06 
   1.6100219678843785e-07    2.6982590129707964e-08    3.1278882647273074e-07   -9.1770940657021384e-08    2.9503214672461698e-06 
  -3.4595894681457178e-04    2.8213910257941999e-04    7.1943079192889987e-06   -1.3609407413002633e-06   -3.0448772320569009e-07 
  -2.2214967592030667e-04   -2.7238634111091990e-04   -1.4882193514802683e-06   -5.0204405841397631e-06   -1.4485140588626383e-07 
  -4.8410783292359137e-07    7.5373964928300591e-07   -5.3496593209359852e-05   -3.6357348782776255e-06    7.1569318856231314e-07 
   8.8279998767272738e-08    6.2092612622094594e-08    5.8097872070944612e-07   -7.5880162931493283e-06    4.8740189535488103e-06 
  -3.1485992014852047e-08   -2.0054865371835595e-08   -1.1322862626536894e-07    2.4063725105625688e-06    3.7606341413481709e-06 
   3.8674644959252384e-04   -3.1540244071877143e-04   -8.0424948413075821e-06    1.5213914964477075e-06    3.4038589543235286e-07 
   2.4834044394972014e-04    3.0449985847196269e-04    1.6636758658777354e-06    5.6123351894320428e-06    1.6192894405770155e-07 
   5.4118266727028802e-07   -8.4260325093878570e-07    5.9803678093935030e-05    4.0643769117126742e-06   -8.0007122874721625e-07 
  -9.8687940889051907e-08   -6.9413141930941801e-08   -6.4947433674439888e-07    8.4826202294997828e-06   -5.4486508959746726e-06 
   3.5198094270327699e-08    2.2419272723045467e-08    1.2657793534052280e-07   -2.6900764770680654e-06   -4.2040014162789525e-06 
  -4.4164736664883424e-05    1.3588996613200966e-03   -7.3113583031393553e-05    2.1311357743180016e-05   -1.6036007720914838e-06 
  -4.6530096189081909e-04   -3.6529769307389418e-06    2.1158721787211540e-04   -5.2285080750760548e-06    2.8305732866913279e-06 
   4.3272841478009026e-05    5.3725571899003516e-06    9.7377806540465897e-05    8.0407719977477557e-05   -1.0233320713313003e-05 
  -2.1739241126137330e-05   -4.2705373811668917e-06   -4.6283935674421180e-05    6.9090844278221964e-05    8.2814451588418810e-06 
  -4.7224694185575784e-07   -7.9144545393041646e-08   -9.1746305140481326e-07    2.6917984313874203e-07   -8.6537967691783230e-06 
   2.1086324262351763e-05   -6.4880266616373331e-04    3.4907866234560593e-05   -1.0175045381873356e-05    7.6563449532724462e-07 
   2.2215658244409666e-04    1.7441031443010676e-06   -1.0102169791420567e-04    2.4963358780092331e-06   -1.3514489314046421e-06 
  -2.0660491515715734e-05   -2.5651117062891073e-06   -4.6492748734115935e-05   -3.8390430571492845e-05    4.8858690243959697e-06 
   1.0379337050766832e-05    2.0389555739246770e-06    2.2098129627130472e-05   -3.2987221390332385e-05   -3.9539517535281119e-06 
   2.2547292024934289e-07    3.7787331563125935e-08    4.3804004872582119e-07   -1.2851912828964406e-07    4.1317299401103052e-06 
  -1.5538331911265236e-05    4.7809713283056244e-04   -2.5723307918350107e-05    7.4979038730812641e-06   -5.6418950800019322e-07 
  -1.6370528458826506e-04   -1.2852146825806611e-06    7.4442024740798917e-05   -1.8395285471238909e-06    9.9587115307634936e-07 
   1.5224539404160046e-05    1.8902088664620928e-06    3.4260108699342293e-05    2.8289579777604604e-05   -3.6003550752361927e-06 
  -7.6484446557458246e-06   -1.5024889148903011e-06   -1.6283922626456910e-05    2.4308001167777079e-05    2.9136332128374862e-06 
  -1.6614906553873618e-07   -2.7845161279114016e-08   -3.2278796355612363e-07    9.4704645886359135e-08   -3.0446364372652255e-06 
   3.3636380017225713e-04   -4.2634295397520435e-06    4.1853039582451766e-04   -5.8850232559612708e-05    8.2740539734989277e-06 
   3.3636380017225713e-04   -4.2634295397520435e-06    4.1853039582451766e-04   -5.8850232559612708e-05    8.2740539734989277e-06 
   3.3636380017225713e-04   -4.2634295397520435e-06    4.1853039582451766e-04   -5.8850232559612708e-05    8.2740539734989277e-06 
   3.3636380017225713e-04   -4.2634295397520435e-06    4.1853039582451766e-04   -5.8850232559612708e-05    8.2740539734989277e-06 
  -8.5209733800040675e-04    3.8756936304838377e-04   -1.0620798556140276e-03   -2.8198720815505571e-05   -4.9073163083282141e-06 
  -8.5209733800040675e-04    3.8756936304838377e-04   -1.0620798556140276e-03   -2.8198720815505571e-05   -4.9073163083282141e-06 
  -8.5209733800040675e-04    3.8756936304838377e-04   -1.0620798556140276e-03   -2.8198720815505571e-05   -4.9073163083282141e-06 
  -8.5209733800040675e-04    3.8756936304838377e-04   -1.0620798556140276e-03   -2.8198720815505571e-05   -4.9073163083282141e-06 
   1.4923250383668002e-04   -5.6544430704434071e-04    1.1202507252699857e-04   -3.9741832046194672e-04   -1.4020273261421560e-05 
   1.4923250383668002e-04   -5.6544430704434071e-04    1.1202507252699857e-04   -3.9741832046194672e-04   -1.4020273261421560e-05 
   1.4923250383668002e-04   -5.6544430704434071e-04    1.1202507252699857e-04   -3.9741832046194672e-04   -1.4020273261421560e-05 
   1.4923250383668002e-04   -5.6544430704434071e-04    1.1202507252699857e-04   -3.9741832046194672e-04   -1.4020273261421560e-05 
  -2.3268678226229285e-04    4.7552144901245912e-04    8.7733934557247343e-06    1.7047721649143422e-06   -2.3926333560816284e-07 
  -2.3268678226229285e-04    4.7552144901245912e-04    8.7733934557247343e-06    1.7047721649143422e-06   -2.3926333560816284e-07 
  -2.3268678226229285e-04    4.7552144901245912e-04    8.7733934557247343e-06    1.7047721649143422e-06   -2.3926333560816284e-07 
  -2.3268678226229285e-04    4.7552144901245912e-04    8.7733934557247343e-06    1.7047721649143422e-06   -2.3926333560816284e-07 
   3.5068786480095158e-04   -2.8599566616632440e-04   -7.2926470211747358e-06    1.3795434605222678e-06    3.0864977042012730e-07 
   2.2518624314251827e-04    2.7610959405634526e-04    1.5085618439167065e-06    5.0890650611087450e-06    1.4683138190641023e-07 
   4.9072511008765536e-07   -7.6404252775272346e-07    5.4227838937117774e-05    3.6854317923707612e-06   -7.2547600939491279e-07 
  -8.9486699382626096e-08   -6.2941357466977356e-08   -5.8892012747855450e-07    7.6917370006494853e-06   -4.9406419910728170e-06 
   3.1916374507714268e-08    2.0328995624700918e-08    1.1477635004083290e-07   -2.4392652521780313e-06   -3.8120383053247338e-06 
  -2.1000957417804246e-05    6.4617602362256250e-04   -3.4766543624073578e-05    1.0133852260370943e-05   -7.6253486543776627e-07 
  -2.2125719352250196e-04   -1.7370422369498411e-06    1.0061271702808860e-04   -2.4862295970763877e-06    1.3459776634204391e-06 
   2.0576848632036551e-05    2.5547269901312149e-06    4.6304525352724691e-05    3.8235008987439898e-05   -4.8660888476190318e-06 
  -1.0337316865480150e-05   -2.0307009724420801e-06   -2.2008666543228350e-05    3.2853674406730750e-05    3.9379443934736875e-06 
  -2.2456010531331508e-07   -3.7634351592824788e-08   -4.3626666725449820e-07    1.2799882554225279e-07   -4.1150028546723061e-06 
   2.3078189362030080e-04   -4.7162859614629864e-04   -8.7015701343351321e-06   -1.6908160600485792e-06    2.3730460806028109e-07 
   2.3078189362030080e-04   -4.7162859614629864e-04   -8.7015701343351321e-06   -1.6908160600485792e-06    2.3730460806028109e-07 
   2.3078189362030080e-04   -4.7162859614629864e-04   -8.7015701343351321e-06   -1.6908160600485792e-06    2.3730460806028109e-07 
   2.3078189362030080e-04   -4.7162859614629864e-04   -8.7015701343351321e-06   -1.6908160600485792e-06    2.3730460806028109e-07 
   8.0687947546697692e-04    3.0852615039574650e-06    1.9254745220106969e-06   -6.0310341739677300e-08    2.6368968313732677e-07 
   8.0687947546697692e-04    3.0852615039574650e-06    1.9254745220106969e-06   -6.0310341739677300e-08    2.6368968313732677e-07 
   8.0687947546697692e-04    3.0852615039574650e-06    1.9254745220106969e-06   -6.0310341739677300e-08    2.6368968313732677e-07 
   8.0687947546697692e-04    3.0852615039574650e-06    1.9254745220106969e-06   -6.0310341739677300e-08    2.6368968313732677e-07 
  -6.4502559428487763e-04   -2.4663815298594327e-06   -1.5392389887244950e-06    4.8212546241364325e-08   -2.1079553978493336e-07 
  -6.4502559428487763e-04   -2.4663815298594327e-06   -1.5392389887244950e-06    4.8212546241364325e-08   -2.1079553978493336e-07 
  -6.4502559428487763e-04   -2.4663815298594327e-06   -1.5392389887244950e-06    4.8212546241364325e-08   -2.1079553978493336e-07 
  -6.4502559428487763e-04   -2.4663815298594327e-06   -1.5392389887244950e-06    4.8212546241364325e-08   -2.1079553978493336e-07 
   4.9842837571909058e-04    1.9058383895515193e-06    1.1894107703493843e-06   -3.7255112549458958e-08    1.6288730158113747e-07 
   4.9842837571909058e-04    1.9058383895515193e-06    1.1894107703493843e-06   -3.7255112549458958e-08    1.6288730158113747e-07 
   4.9842837571909058e-04    1.9058383895515193e-06    1.1894107703493843e-06   -3.7255112549458958e-08    1.6288730158113747e-07 
   4.9842837571909058e-04    1.9058383895515193e-06    1.1894107703493843e-06   -3.7255112549458958e-08    1.6288730158113747e-07 
   1.0203711668358988e-03   -8.3214094608542830e-04   -2.1218888639166320e-05    4.0139580287812691e-06    8.9805595801261659e-07 
   6.5520815726298920e-04    8.0337615566415481e-04    4.3893535061302978e-06    1.4807285269065984e-05    4.2722467334023566e-07 
   1.4278274312686085e-06   -2.2230793928321312e-06    1.5778282867775440e-04    1.0723234864171631e-05   -2.1108651781774738e-06 
  -2.6037298985857503e-07   -1.8313592458429666e-07   -1.7135383854514497e-06    2.2380091945303821e-05   -1.4375429375666634e-05 
   9.2864771115169688e-08    5.9149811180240385e-08    3.3395646091946674e-07   -7.0973540330512366e-06   -1.1091612696193832e-05 
   9.1702368439207621e-04   -7.4785821190838484e-04   -1.9069750372241590e-05    3.6074074809094788e-06    8.0709707425457951e-07 
   5.8884591994128694e-04    7.2200684041708876e-04    3.9447813257724354e-06    1.3307541152294426e-05    3.8395356194210392e-07 
   1.2832110650070827e-06   -1.9979165638643349e-06    1.4180192031156046e-04    9.6371405458634447e-06   -1.8970678767313254e-06 
  -2.3400131857576394e-07   -1.6458714805477256e-07   -1.5399840123340640e-06    2.0113342124666839e-05   -1.2919425439735102e-05 
   8.3459036599723406e-08    5.3158869578606090e-08    3.0013194626868536e-07   -6.3785041721688775e-06   -9.9682075220275147e-06 
2    103 5 
   5.0752602244345107e-03    2.6539082932123485e-02    3.3997988854303327e-03   -2.4315016035367505e-03    4.6058450412169317e-04 
   1.2859706161215966e-02    7.2428075016759269e-03   -1.6444054870220017e-02   -1.2578272922830808e-03    5.6059601014276039e-05 
   2.2433608285518030e-02   -1.7899798943053553e-02    1.2716519939867622e-04   -4.1734337211004899e-03    3.0465841726678849e-03 
  -8.9590925170642648e-03   -8.8306927443164637e-03    1.1763731201964452e-02   -8.6739954865464076e-03    2.3270925839738331e-03 
  -1.8676286776891021e-02    8.6084639073219626e-03    8.6909842551769149e-03   -2.1702053180055795e-03    2.3280739908219305e-03 
   1.5749838256859192e-02    4.9254594874402089e-03   -3.6590270158944949e-03   -7.8479923287448575e-03    4.2142743744108717e-03 
  -9.8541421834504820e-04   -4.2865909138154372e-03    1.1367341614375106e-03    3.3890307761663368e-03   -1.0545815733546224e-03 
   2.1401509164709074e-03    1.9690702650366747e-02   -7.5344968544868839e-03    5.2232600716364706e-03   -3.9747970761086120e-03 
   1.5646992677345647e-02    1.5563120017504045e-03   -2.9464525237034257e-03   -2.0620565698994198e-03    3.2341162205392574e-04 
  -3.4416328183858010e-03   -7.6023405652732952e-03   -4.0365821210055419e-03   -4.1947294857462283e-03    1.5635270175599733e-03 
   1.1684700133989943e-02    5.0606872976628253e-03    1.3167174574083470e-02    1.1356952280880330e-03   -1.0239318524048330e-03 
  -4.5127876117264542e-04    3.2531348858573358e-03   -2.6733075825375787e-03   -5.3634750759809285e-03    1.4734757767025704e-04 
   4.5976881482817540e-03    2.8775473205851368e-03    4.9934182165191771e-03    4.0352069785788407e-03    1.2161774801909447e-03 
  -2.8699757733730287e-03   -3.8499644677046658e-03   -3.8606847534733615e-03   -7.8203431042140909e-03    3.9525399200192133e-03 
   2.5256458821830251e-05   -3.7100358975796958e-04   -1.0957251122726702e-02   -1.4014031193033704e-03   -1.0551681459699440e-02 
   3.2059016589901400e-03    1.1372028560474709e-04    3.2446193267249086e-03    7.3702600412262152e-03    1.1079330761806394e-02 
  -9.3096687376545547e-04   -4.1968637471486028e-04   -1.0706054121256078e-03   -1.8117767795103848e-03    1.6093047984142897e-03 
   5.7393340710037435e-04   -2.9281556166587801e-04    4.7372905092518458e-04    2.3617938126565311e-03   -1.8146062380630299e-04 
  -8.9235289657547945e-04    8.4100997106770854e-04   -4.3555205967217255e-04    3.8743823540831959e-03    1.7073638658660930e-03 
  -1.6038943820525561e-03    2.0186419506440082e-03   -1.4092187144165312e-04    3.4854994336670636e-03    8.6053596787453706e-03 
  -2.4387026703988203e-03    7.7221642769989616e-04   -1.0333860580218840e-03    9.4360827263169811e-04    3.0925116330757663e-03 
   2.8536192008658313e-04    2.4805169826127020e-04    2.6486093102710622e-04   -6.6122149174677197e-05    1.3885244981439289e-05 
   2.8536192008658313e-04    2.4805169826127020e-04    2.6486093102710622e-04   -6.6122149174677197e-05    1.3885244981439289e-05 
   2.8536192008658313e-04    2.4805169826127020e-04    2.6486093102710622e-04   -6.6122149174677197e-05    1.3885244981439289e-05 
   2.8536192008658313e-04    2.4805169826127020e-04    2.6486093102710622e-04   -6.6122149174677197e-05    1.3885244981439289e-05 
   2.8536192008658313e-04    2.4805169826127020e-04    2.6486093102710622e-04   -6.6122149174677197e-05    1.3885244981439289e-05 
   3.4412378228445569e-04   -2.8007206902301476e-04    4.9662184750521095e-05   -3.9834837442407255e-06   -1.6403278193348798e-07 
  -2.2388483703557956e-04   -2.6543112279240455e-04    5.3611567161310198e-05   -1.0602643390378334e-05    2.7423632288230782e-06 
  -8.1254808884240180e-07   -1.0093784100483404e-05   -4.9994436877190500e-05    1.6318569605711663e-05   -2.8521236295277467e-06 
  -7.8546082957719640e-08    2.0776126331530937e-07    2.1300977028897747e-06    5.4468088865881148e-06   -6.8868613786499686e-06 
  -1.5061824395304588e-08    9.1133911757016237e-08    8.9188106420465895e-07    3.2917879105248000e-06    2.8822491847164376e-06 
   3.8469492477151391e-04   -3.1309171022173119e-04    5.5517204593545221e-05   -4.4531243064523745e-06   -1.8337174573364468e-07 
  -2.5028017525882972e-04   -2.9672464116483975e-04    5.9932207123526089e-05   -1.1852662650526215e-05    3.0656794744171743e-06 
  -9.0834502583747980e-07   -1.1283810405133879e-05   -5.5888628230777618e-05    1.8242479102065620e-05   -3.1883802910002918e-06 
  -8.7806426146798574e-08    2.3225568146130393e-07    2.3812297137075002e-06    6.0889710120028434e-06   -7.6988012929069418e-06 
  -1.6837567471241816e-08    1.0187832150037012e-07    9.9703111659902038e-07    3.6798796473658256e-06    3.2220575570993660e-06 
   7.9549297870164454e-04   -2.4513970230571869e-04    1.0422520841888846e-03   -3.0043616175248658e-04    5.7714954054904919e-05 
   7.9549297870164454e-04   -2.4513970230571869e-04    1.0422520841888846e-03   -3.0043616175248658e-04    5.7714954054904919e-05 
   7.9549297870164454e-04   -2.4513970230571869e-04    1.0422520841888846e-03   -3.0043616175248658e-04    5.7714954054904919e-05 
   7.9549297870164454e-04   -2.4513970230571869e-04    1.0422520841888846e-03   -3.0043616175248658e-04    5.7714954054904919e-05 
   7.9549297870164454e-04   -2.4513970230571869e-04    1.0422520841888846e-03   -3.0043616175248658e-04    5.7714954054904919e-05 
  -8.6556634928057290e-05    5.1720406096019539e-04   -5.6739845999419506e-05    3.5737810854290778e-04   -1.4484952413611849e-04 
  -8.6556634928057290e-05    5.1720406096019539e-04   -5.6739845999419506e-05    3.5737810854290778e-04   -1.4484952413611849e-04 
  -8.6556634928057290e-05    5.1720406096019539e-04   -5.6739845999419506e-05    3.5737810854290778e-04   -1.4484952413611849e-04 
  -8.6556634928057290e-05    5.1720406096019539e-04   -5.6739845999419506e-05    3.5737810854290778e-04   -1.4484952413611849e-04 
  -8.6556634928057290e-05    5.1720406096019539e-04   -5.6739845999419506e-05    3.5737810854290778e-04   -1.4484952413611849e-04 
   1.2951916028628140e-04    4.6350454277300238e-04   -4.2112012182543729e-06   -1.0534402144624664e-05    8.7564352678785661e-06 
   1.2951916028628140e-04    4.6350454277300238e-04   -4.2112012182543729e-06   -1.0534402144624664e-05    8.7564352678785661e-06 
   1.2951916028628140e-04    4.6350454277300238e-04   -4.2112012182543729e-06   -1.0534402144624664e-05    8.7564352678785661e-06 
   1.2951916028628140e-04    4.6350454277300238e-04   -4.2112012182543729e-06   -1.0534402144624664e-05    8.7564352678785661e-06 
   1.2951916028628140e-04    4.6350454277300238e-04   -4.2112012182543729e-06   -1.0534402144624664e-05    8.7564352678785661e-06 
  -3.3808677098957408e-04   -4.0407662609705388e-04    6.0211727204721743e-05   -9.1302603698388237e-06    1.2653862102020419e-06 
   2.1486743973698200e-04   -1.7668334545421655e-04    1.9676573903795735e-05   -6.9146558159049280e-06    1.8458116489215114e-06 
  -1.8854051491838518e-07    3.2852062415213354e-07   -1.6063669226635921e-06   -1.7424765121823559e-05    5.2426175979409890e-06 
   2.4248379435147398e-07    1.8755798389998186e-06    1.3757873283647792e-05   -1.2745773545732019e-06   -1.2960455177202658e-07 
  -8.8615881962637215e-04   -1.0591247476873756e-03    1.5782088412162913e-04   -2.3931314226037322e-05    3.3167022392565296e-06 
   5.6318878202819822e-04   -4.6310449946642649e-04    5.1574243658934566e-05   -1.8123995854702930e-05    4.8380546428163414e-06 
  -4.9418331176577421e-07    8.6108500391620263e-07   -4.2104463653158271e-06   -4.5672030430016789e-05    1.3741418538044780e-05 
   6.3557397514276765e-07    4.9160800092185650e-06    3.6060744742900613e-05   -3.3407931364635485e-06   -3.3970633124845292e-07 
  -4.4809233714690412e-04   -5.3555375516260066e-04    7.9803221781924187e-05   -1.2101034583240172e-05    1.6771134305647885e-06 
   2.8478030349044609e-04   -2.3417199368015254e-04    2.6078873070923883e-05   -9.1645238766553832e-06    2.4463957973786761e-06 
  -2.4988721010697355e-07    4.3541358878495951e-07   -2.1290413303808519e-06   -2.3094378123166963e-05    6.9484433400125856e-06 
   3.2138237711333568e-07    2.4858498636403613e-06    1.8234365029416665e-05   -1.6892951593862771e-06   -1.7177485631401777e-07 
  -3.3135046378919206e-04   -3.9602548503076354e-04    5.9012021311677165e-05   -8.9483418685893200e-06    1.2401736583648361e-06 
   2.1058625157575545e-04   -1.7316296727234580e-04    1.9284522342360710e-05   -6.7768827654406726e-06    1.8090342433318605e-06 
  -1.8478388514996512e-07    3.2197492039841213e-07   -1.5743604024560091e-06   -1.7077580372738169e-05    5.1381595543136375e-06 
   2.3765235618225868e-07    1.8382093085369883e-06    1.3483750576653621e-05   -1.2491816711339345e-06   -1.2702220856839052e-07 
   3.4882761537959522e-04   -2.8390037829751204e-04    5.0341017892060085e-05   -4.0379340427516879e-06   -1.6627494846793795e-07 
  -2.2694512220086747e-04   -2.6905930475525102e-04    5.4344384469726319e-05   -1.0747571080480260e-05    2.7798486325606463e-06 
  -8.2365482074659174e-07   -1.0231756185388018e-05   -5.0677811577987570e-05    1.6541628376213130e-05   -2.8911093498140377e-06 
  -7.9619730533186231e-08    2.1060115511175237e-07    2.1592140400525793e-06    5.5212613982208477e-06   -6.9809979892017920e-06 
  -1.5267704696844602e-08    9.2379622551447277e-08    9.0407219972828963e-07    3.3367834084032571e-06    2.9216466916643921e-06 
  -2.5858048278188165e-04    5.8686635143884983e-04   -1.0947288084011614e-04    1.4059648042608434e-05   -2.0904094854773890e-06 
  -2.5858048278188165e-04    5.8686635143884983e-04   -1.0947288084011614e-04    1.4059648042608434e-05   -2.0904094854773890e-06 
  -2.5858048278188165e-04    5.8686635143884983e-04   -1.0947288084011614e-04    1.4059648042608434e-05   -2.0904094854773890e-06 
  -2.5858048278188165e-04    5.8686635143884983e-04   -1.0947288084011614e-04    1.4059648042608434e-05   -2.0904094854773890e-06 
  -2.5858048278188165e-04    5.8686635143884983e-04   -1.0947288084011614e-04    1.4059648042608434e-05   -2.0904094854773890e-06 
  -3.2863786563963615e-04   -3.9278342529260393e-04    5.8528919830601667e-05   -8.8750863332967167e-06    1.2300209857766101e-06 
   2.0886228876666838e-04   -1.7174536990663508e-04    1.9126649741179628e-05   -6.7214038642220897e-06    1.7942245977233143e-06 
  -1.8327115322500107e-07    3.1933907506628724e-07   -1.5614719125302691e-06   -1.6937774885858106e-05    5.0960960486834729e-06 
   2.3570681690567042e-07    1.8231608214704172e-06    1.3373365951127415e-05   -1.2389552545150251e-06   -1.2598234218650932e-07 
  -5.0495801357215470e-04   -6.0351882402165586e-04    8.9930741963229220e-05   -1.3636730376216212e-05    1.8899494506542655e-06 
   3.2092067735553894e-04   -2.6388986144209491e-04    2.9388442627566734e-05   -1.0327558381283641e-05    2.7568584861798469e-06 
  -2.8159943558985013e-07    4.9067025398181421e-07   -2.3992297834133139e-06   -2.6025196895825083e-05    7.8302435804456267e-06 
   3.6216777947497718e-07    2.8013195163632605e-06    2.0548418218062846e-05   -1.9036771158643869e-06   -1.9357414317382506e-07 
  -4.0366727955843355e-04   -4.8245754163145929e-04    7.1891319636975925e-05   -1.0901306059285803e-05    1.5108399762816105e-06 
   2.5654643217905716e-04   -2.1095556384543044e-04    2.3493344727826190e-05   -8.2559287786368849e-06    2.2038536577948215e-06 
  -2.2511273221630375e-07    3.9224553579004096e-07   -1.9179625506975583e-06   -2.0804740490387604e-05    6.2595563184318448e-06 
   2.8951967956736370e-07    2.2393961437404167e-06    1.6426561928656531e-05   -1.5218139763392745e-06   -1.5474464345077103e-07 
  -3.1192440775054550e-04   -3.7280773190930032e-04    5.5552328454015206e-05   -8.4237281752679900e-06    1.1674661006039513e-06 
   1.9824022894673088e-04   -1.6301095641476924e-04    1.8153930257420795e-05   -6.3795750240742855e-06    1.7029761434429368e-06 
  -1.7395057570801484e-07    3.0309852356114191e-07   -1.4820605062874794e-06   -1.6076374490810192e-05    4.8369251021382316e-06 
   2.2371953129311018e-07    1.7304407645306041e-06    1.2693239854810020e-05   -1.1759460013588150e-06   -1.1957528812776581e-07 
   1.0149585333712290e-03   -8.2604443821575704e-04    1.4647362604173244e-04   -1.1748885217763479e-05   -4.8379821548746218e-07 
  -6.6032584069953941e-04   -7.8286243778922517e-04    1.5812193280148788e-04   -3.1271431790962976e-05    8.0883249109376876e-06 
  -2.3965289788177816e-06   -2.9770602423299096e-05   -1.4745357031921077e-04    4.8129982077317105e-05   -8.4120521889011805e-06 
  -2.3166378281557981e-07    6.1277097940169093e-07    6.2825092358055471e-06    1.6064815754335518e-05   -2.0312105946306376e-05 
  -4.4423338301904614e-08    2.6879031958571604e-07    2.6305136217480811e-06    9.7087978275028690e-06    8.5009044882346607e-06 
   9.1215926520486334e-04   -7.4237918399160487e-04    1.3163816127377757e-04   -1.0558908718777817e-05   -4.3479709784858604e-07 
  -5.9344526287949482e-04   -7.0357083814883477e-04    1.4210667854370741e-04   -2.8104129682621945e-05    7.2691053525046914e-06 
  -2.1537984464248422e-06   -2.6755310624311270e-05   -1.3251885267416151e-04    4.3255175105672263e-05   -7.5600441704809584e-06 
  -2.0819990074446568e-07    5.5070695790236030e-07    5.6461902824153362e-06    1.4437703662092868e-05   -1.8254810443540991e-05 
  -3.9923955798292146e-08    2.4156610575321978e-07    2.3640841408123783e-06    8.7254499579821256e-06    7.6398971353135078e-06 
2    103 5 
   1.3145778814379365e-02    2.9720870442001994e-02    1.7049947806514611e-02   -1.2879464702114065e-02    4.1685884951861750e-03 
  -1.9832087852166176e-04   -5.2905024893547909e-03   -7.4407717761955199e-03   -4.1866558581708964e-03    9.6452279381232164e-04 
   1.0621551872307778e-02   -1.3761906735522387e-02   -1.0822025692103644e-02    1.3151251157892153e-02   -7.9783890296349046e-03 
  -4.6462465366484164e-03    4.4739433347353594e-03   -6.0330968493592131e-03    2.0872604035807210e-03   -6.0263021823472006e-04 
   1.1079825415590015e-02   -1.6019985567189412e-03    6.1975819300925487e-03   -6.3293609772126329e-03    2.5477869992801671e-03 
   1.0245989844958326e-02   -2.0988095912048807e-03   -1.1521196359818642e-03    1.1957319924070897e-03   -1.7403389489758624e-04 
  -5.8082477424029879e-03    3.3714868506626449e-03   -4.9550805995316775e-03    1.8205104176965332e-03    9.9895524671607112e-04 
  -8.9755789979583216e-03   -4.2165469089021426e-03    2.9971180685413549e-03   -1.4819353123521001e-03    1.8386000925066880e-04 
  -4.4270050394208237e-04    2.7956947627363104e-03   -1.3335962651718873e-03   -2.7502628246603468e-03    1.7585946426495265e-03 
  -2.2379742781945011e-03   -4.6597854291091801e-03    3.6530679732151576e-03    5.6158715545227035e-03   -4.0964330533050271e-03 
  -7.1600359468108818e-03    4.9560572250665572e-03    3.4331983030671722e-03   -6.6449610866643584e-03    1.7597276326315643e-03 
  -2.7653864306553728e-03   -2.0122382359204294e-03   -1.2379858833005068e-03    1.4370525545560615e-03    4.6141584179814630e-03 
   3.0302654645648409e-04    7.8840915026863511e-04   -3.8281903872331834e-05   -2.1005680512880447e-03   -5.7333348757339277e-03 
   2.5439612458152600e-03    4.9358589296473205e-04    4.0643327261514926e-03   -5.2387079791017159e-04    2.8527645975712159e-03 
  -4.8608543662454731e-04    2.3272547024311761e-03   -3.2568082596163674e-03    1.2869402877018299e-03   -3.5219037158295313e-03 
  -3.3248536697863358e-03   -8.1515468190320566e-03    6.4009179451699916e-03    2.0474476944814910e-03    2.9969571536146676e-03 
   4.1962073030460292e-04   -1.5938209656205960e-04   -4.7283169260677353e-04    5.0914217939377737e-03   -1.9864241483139875e-03 
  -1.1001633557931076e-04   -1.9999218612420672e-03   -3.0709982535323701e-03   -2.7451383409781566e-03   -1.3770760768180266e-03 
  -2.6200971980143727e-03   -1.1982393883028461e-03   -5.1167259194476438e-04   -4.2869670033367233e-03   -6.5413254392563715e-05 
   8.9440317303100852e-05    1.4665505888608852e-03    1.0872366114246207e-03   -2.2526083571451408e-03    9.9794480813391500e-04 
   1.3497198006310225e-03    1.1012326492439606e-05    4.4475475856841772e-04   -8.2899952524248294e-04    3.2033697442978345e-03 
  -2.6321181095051622e-04   -3.7776301414046000e-04   -5.7083565852874670e-05    1.6455181043223298e-05   -4.6087680184814244e-06 
   1.4179608690513749e-04   -1.0060161307686053e-04    9.8054602500817920e-06   -6.6362877898724126e-06    2.6540303871963254e-06 
   5.7593607111455370e-06    2.6635397863253611e-06   -3.6006362925216356e-05    2.5757814922383519e-05   -9.3077984184496144e-06 
  -7.8661421629607245e-07   -1.0486473960529052e-06    1.7623047006711553e-05    2.2960215674923162e-05   -5.4212980603964549e-06 
   8.5403928224412944e-09    1.8706027230027223e-08   -1.6299649859874487e-07    8.0109343700169889e-07    2.8580699564606047e-06 
  -2.7495599311761387e-04    3.2577777278579566e-04   -2.2960502880109426e-04    3.4836843097414418e-06    9.6443180191658325e-06 
  -2.7495599311761387e-04    3.2577777278579566e-04   -2.2960502880109426e-04    3.4836843097414418e-06    9.6443180191658325e-06 
  -2.7495599311761387e-04    3.2577777278579566e-04   -2.2960502880109426e-04    3.4836843097414418e-06    9.6443180191658325e-06 
  -2.7495599311761387e-04    3.2577777278579566e-04   -2.2960502880109426e-04    3.4836843097414418e-06    9.6443180191658325e-06 
  -2.7495599311761387e-04    3.2577777278579566e-04   -2.2960502880109426e-04    3.4836843097414418e-06    9.6443180191658325e-06 
   2.4739389621845985e-04   -3.7064313884728576e-04    2.7635207831871436e-04    1.3423894411802707e-04   -1.2326904176131748e-05 
   2.4739389621845985e-04   -3.7064313884728576e-04    2.7635207831871436e-04    1.3423894411802707e-04   -1.2326904176131748e-05 
   2.4739389621845985e-04   -3.7064313884728576e-04    2.7635207831871436e-04    1.3423894411802707e-04   -1.2326904176131748e-05 
   2.4739389621845985e-04   -3.7064313884728576e-04    2.7635207831871436e-04    1.3423894411802707e-04   -1.2326904176131748e-05 
   2.4739389621845985e-04   -3.7064313884728576e-04    2.7635207831871436e-04    1.3423894411802707e-04   -1.2326904176131748e-05 
  -7.7204519727785276e-04   -1.1080434412237597e-03   -1.6743584834227396e-04    4.8265856493599710e-05   -1.3518303761472491e-05 
   4.1591214122410831e-04   -2.9508171359755869e-04    2.8761089655652827e-05   -1.9465365545043387e-05    7.7847244257956961e-06 
   1.6893188646715435e-05    7.8126171176170014e-06   -1.0561281223464073e-04    7.5552070522156783e-05   -2.7301362504380139e-05 
  -2.3072738476619402e-06   -3.0758619183421710e-06    5.1691406832390879e-05    6.7346234108091164e-05   -1.5901593152017377e-05 
   2.5050430820794875e-08    5.4867972797035031e-08   -4.7809656968594482e-07    2.3497438749974785e-06    8.3832073317726771e-06 
  -3.6861071987182226e-04   -5.2903209806737293e-04   -7.9941755751357680e-05    2.3044391921698476e-05   -6.4542745664785216e-06 
   1.9857603456456018e-04   -1.4088590053240298e-04    1.3731898080123363e-05   -9.2936818095953177e-06    3.7167938933030996e-06 
   8.0656034775580898e-06    3.7301111773787799e-06   -5.0424528101154580e-05    3.6072114950228951e-05   -1.3034955623976690e-05 
  -1.1016011457966675e-06   -1.4685612706925345e-06    2.4679910905290503e-05    3.2154262370607822e-05   -7.5921691107476183e-06 
   1.1960254879520081e-08    2.6196553028156278e-08   -2.2826580793657950e-07    1.1218783360496816e-06    4.0025378051634308e-06 
  -2.7162608523691488e-04   -3.8983922608838088e-04   -5.8908395744045795e-05    1.6981215214068536e-05   -4.7560996982029521e-06 
   1.4632898063680270e-04   -1.0381761452841390e-04    1.0118918190098315e-05   -6.8484345985806376e-06    2.7388736150198102e-06 
   5.9434741844843041e-06    2.7486870076979255e-06   -3.7157403270306881e-05    2.6581232834340260e-05   -9.6053472579660385e-06 
  -8.1176045783285513e-07   -1.0821702337562849e-06    1.8186415157787588e-05    2.3694200793850799e-05   -5.5946044508041125e-06 
   8.8134094756914058e-09    1.9304015760077958e-08   -1.6820712057645799e-07    8.2670254581647526e-07    2.9494358585321348e-06 
  -5.2753793205069358e-04   -5.4566976251167673e-05    4.0994939897585481e-06   -5.7802854180539651e-07    1.8656984784355594e-07 
   2.6807727488822688e-05   -2.6534208019356496e-04   -7.8988823806700777e-05    2.0591539836179109e-05   -5.9235709291477185e-06 
  -6.5554461574955985e-07    5.1152997468512881e-06   -1.4903256564834375e-05    8.8476510417654152e-06   -2.6167444292362726e-06 
   1.5214265089965457e-07   -1.0859029000370217e-06    6.8694354365313692e-06    1.0376781461664947e-05   -6.1990282278892739e-06 
  -1.3827290248768595e-03   -1.4302543433977248e-04    1.0745178654570516e-05   -1.5150699000062894e-06    4.8901799871967144e-07 
   7.0265701550011693e-05   -6.9548780004996644e-04   -2.0703750893104301e-04    5.3972459738984022e-05   -1.5526264476963255e-05 
  -1.7182471860839769e-06    1.3407705875142346e-05   -3.9062907452506855e-05    2.3190567263806559e-05   -6.8587456051257584e-06 
   3.9878091515217181e-07   -2.8462587557303044e-06    1.8005468773943638e-05    2.7198569126721017e-05   -1.6248265263908604e-05 
  -6.9918649645575647e-04   -7.2321800252217954e-05    5.4333739164471540e-06   -7.6610557543283602e-07    2.4727533383416338e-07 
   3.5530338051689994e-05   -3.5167821713149000e-04   -1.0468994857276169e-04    2.7291547621458444e-05   -7.8509630356968724e-06 
  -8.6884357561671044e-07    6.7796992235589281e-06   -1.9752429370986875e-05    1.1726470757671749e-05   -3.4681721605983270e-06 
   2.0164632831331365e-07   -1.4392304288273834e-06    9.1045898383584735e-06    1.3753144625003688e-05   -8.2160477280555765e-06 
  -5.1702685065065470e-04   -5.3479740823564529e-05    4.0178124415562817e-06   -5.6651144571555841e-07    1.8285248319860364e-07 
   2.6273589204794994e-05   -2.6005519552741699e-04   -7.7414988246671739e-05    2.0181257772614769e-05   -5.8055450348330851e-06 
  -6.4248302832831880e-07    5.0133784844015093e-06   -1.4606312338909811e-05    8.6713634714335088e-06   -2.5646063515214028e-06 
   1.4911124085145672e-07   -1.0642665150846490e-06    6.7325633925344370e-06    1.0170026292060396e-05   -6.0755139053244615e-06 
   4.7412014788373452e-04   -1.1545651424302361e-04   -5.2005629770647369e-05    1.3135912040828105e-05   -3.7982383155567070e-06 
   4.7412014788373452e-04   -1.1545651424302361e-04   -5.2005629770647369e-05    1.3135912040828105e-05   -3.7982383155567070e-06 
   4.7412014788373452e-04   -1.1545651424302361e-04   -5.2005629770647369e-05    1.3135912040828105e-05   -3.7982383155567070e-06 
   4.7412014788373452e-04   -1.1545651424302361e-04   -5.2005629770647369e-05    1.3135912040828105e-05   -3.7982383155567070e-06 
   4.7412014788373452e-04   -1.1545651424302361e-04   -5.2005629770647369e-05    1.3135912040828105e-05   -3.7982383155567070e-06 
  -3.6711841928731363e-04   -5.2689034020030848e-04   -7.9618115872203104e-05    2.2951097946020409e-05   -6.4281447846005440e-06 
   1.9777211021707202e-04   -1.4031553157572521e-04    1.3676305232637791e-05   -9.2560568408979357e-06    3.7017466540328934e-06 
   8.0329503176387044e-06    3.7150100238034849e-06   -5.0220387123417710e-05    3.5926078941717300e-05   -1.2982184310371190e-05 
  -1.0971413730739986e-06   -1.4626158797299403e-06    2.4579995619369375e-05    3.2024087576595353e-05   -7.5614326242840753e-06 
   1.1911834433815772e-08    2.6090497698540191e-08   -2.2734168614564096e-07    1.1173364722177868e-06    3.9863337471039140e-06 
  -5.1279421411739787e-04   -5.3041929316262618e-05    3.9849206493746888e-06   -5.6187370390654747e-07    1.8135556268159539e-07 
   2.6058500658836407e-05   -2.5792625557029991e-04   -7.6781231011313169e-05    2.0016044053389269e-05   -5.7580179828454007e-06 
  -6.3722334571361964e-07    4.9723364980879990e-06   -1.4486737869723101e-05    8.6003754177644404e-06   -2.5436112203725828e-06 
   1.4789054276826652e-07   -1.0555539050389613e-06    6.6774473115381658e-06    1.0086769446165864e-05   -6.0257767551520403e-06 
  -7.8791756764861796e-04   -8.1499881979346300e-05    6.1229025189610278e-06   -8.6332908975921799e-07    2.7865609613706651e-07 
   4.0039356705728656e-05   -3.9630834811864855e-04   -1.1797574760789013e-04    3.0755013044830271e-05   -8.8472985821986980e-06 
  -9.7910517470980027e-07    7.6400847966802787e-06   -2.2259134271086316e-05    1.3214632095046522e-05   -3.9083045608250007e-06 
   2.2723648888427080e-07   -1.6218776313842996e-06    1.0260018344521435e-05    1.5498503354087987e-05   -9.2587147697926700e-06 
  -6.2986730084553402e-04   -6.5151625994019655e-05    4.8946948783837908e-06   -6.9015184561867444e-07    2.2275980425439829e-07 
   3.2007766511782866e-05   -3.1681191000346810e-04   -9.4310710615040915e-05    2.4585791521094042e-05   -7.0725978281895584e-06 
  -7.8270412916263994e-07    6.1075419392883607e-06   -1.7794121362629649e-05    1.0563877480500188e-05   -3.1243284141456870e-06 
   1.8165457883404118e-07   -1.2965413235174345e-06    8.2019367591653885e-06    1.2389621548758699e-05   -7.4014870600635464e-06 
  -4.8671516054656441e-04   -5.0344388513233023e-05    3.7822604862341371e-06   -5.3329862637872890e-07    1.7213240589796756e-07 
   2.4733249679109455e-05   -2.4480896124216541e-04   -7.2876386179502803e-05    1.8998092854304571e-05   -5.4651838296853389e-06 
  -6.0481622934618207e-07    4.7194595616174172e-06   -1.3749989282141264e-05    8.1629881675295747e-06   -2.4142513885857849e-06 
   1.4036930855521769e-07   -1.0018718507595591e-06    6.3378539593515630e-06    9.5737890078121201e-06   -5.7193252576951744e-06 
   1.4241624301571413e-03    1.0794297348011313e-04    2.1415303419964203e-05   -6.0893529155026616e-06    1.7391878536881832e-06 
   1.4241624301571413e-03    1.0794297348011313e-04    2.1415303419964203e-05   -6.0893529155026616e-06    1.7391878536881832e-06 
   1.4241624301571413e-03    1.0794297348011313e-04    2.1415303419964203e-05   -6.0893529155026616e-06    1.7391878536881832e-06 
   1.4241624301571413e-03    1.0794297348011313e-04    2.1415303419964203e-05   -6.0893529155026616e-06    1.7391878536881832e-06 
   1.4241624301571413e-03    1.0794297348011313e-04    2.1415303419964203e-05   -6.0893529155026616e-06    1.7391878536881832e-06 
  -5.8511260263104071e-04    1.1239922252867358e-03    1.9969332501237094e-04   -4.7326757964206157e-05    1.3017506593217682e-05 
  -5.8511260263104071e-04    1.1239922252867358e-03    1.9969332501237094e-04   -4.7326757964206157e-05    1.3017506593217682e-05 
  -5.8511260263104071e-04    1.1239922252867358e-03    1.9969332501237094e-04   -4.7326757964206157e-05    1.3017506593217682e-05 
  -5.8511260263104071e-04    1.1239922252867358e-03    1.9969332501237094e-04   -4.7326757964206157e-05    1.3017506593217682e-05 
  -5.8511260263104071e-04    1.1239922252867358e-03    1.9969332501237094e-04   -4.7326757964206157e-05    1.3017506593217682e-05 
 TENSORSUMACCUMULATOR_IMPL_H - PrettifyOut: Norm of simple tensor is 1.89574e-06 
 As simple full tensor 3    5 5 5 
   3.2827716911328542e-08    4.6302272144391576e-09   -1.1184995538132016e-07   -2.5927617550184265e-08    4.0219892301279717e-08 
   1.8069747989562369e-07   -3.0877903153946451e-07   -1.9368880784754032e-07    1.2159944621216408e-07   -5.8439302445120249e-08 
  -3.1478389733050867e-08    4.4805414381842019e-08    1.4268165462103913e-07    3.0097611329912741e-09    1.5838676119013843e-08 
  -1.3699231071508387e-07    4.8130145901719980e-08   -1.4942678537334978e-08    1.5838833444065867e-08   -1.1571432755577945e-08 
   8.4407539988851137e-08   -2.4659527896790390e-09    1.3180026657828737e-08   -2.2853444893221398e-08    1.6405104690535365e-08 

  -3.8105066619641161e-07    3.9192434661427091e-07    2.1412471542889917e-07   -1.6543756408350470e-07    6.9917446659830851e-08 
   6.2624221719715536e-07    1.1498955909990289e-06    7.2857847110601797e-07   -5.2899242401378682e-07    1.6265887395084860e-07 
   1.4090092627889001e-07    1.7356875648351955e-07    4.2290827678604726e-08   -1.0445452560611427e-07    3.8306407992727557e-08 
   1.5110791713892658e-07   -1.8977939065676529e-07   -5.3971218964085824e-08    6.2946954493501188e-08   -2.8542318430223688e-08 
  -7.7370117677666577e-08    5.4784043013309336e-08    2.8810419854442671e-08   -3.0268846785234868e-08    1.2023841449091652e-08 

   1.6964027828400920e-07   -4.2225323455870025e-08    4.3470853824510198e-08   -1.6213771255237910e-07    8.7818624852911461e-08 
  -6.7066245079190488e-08   -2.2868389427984290e-07   -2.1402398118162432e-07    9.0309683792523619e-08   -1.3943773862299334e-08 
  -6.1500240953299714e-08    6.8366297933152372e-08   -5.7909214064281848e-08    8.8574128074259363e-08   -2.2154028227078287e-08 
   4.4244608550473766e-08    1.2203301861837353e-08    2.9939134550731853e-08   -4.2616309102600663e-08    1.3824715415379672e-08 
  -1.6280647894622010e-08    6.8029055807321258e-09   -9.7520857457595896e-09    2.2002768406127080e-08   -6.7117478606383838e-09 

  -1.5919796014875998e-07   -6.9759684783885820e-09   -3.7955268390625553e-08    8.0063863097985943e-09   -2.6558319549912395e-08 
  -5.7380025442468528e-09   -3.0102047286003579e-08    1.0377423251383473e-07   -9.0519564781354091e-08    1.7674157619996026e-08 
   2.6075247137585897e-08    6.9098208403937454e-08    3.1514037983038323e-08   -1.6453159785864168e-08    4.3645999259085197e-09 
  -7.0606978548808172e-09   -6.8316707721944020e-09   -8.1359947806020778e-09    7.1100904189687970e-09   -2.1393678801662810e-09 
   1.2640206686792390e-08    3.6327413139691234e-10    3.1822647196153991e-09   -2.0445203046097882e-09   -4.7273251277959981e-11 

   5.6864937052292125e-08    4.8689035927467932e-08    1.2233905640451873e-08   -5.7385821863655163e-08    3.4901371642705094e-08 
  -3.2532506914903651e-08    1.1221199878864084e-08   -3.6788028553896275e-09    7.3847837358052814e-09    4.3456641536828274e-09 
   7.0848880497462914e-09   -2.3093772288284717e-08   -6.0315044838876349e-09    3.4914368291928192e-09   -3.3241434437750607e-10 
  -6.7189474001902319e-09    9.9205826241266558e-09    2.9361276673977639e-09   -2.4405518429137778e-09   -3.3890572297944737e-10 
   4.1820457836576469e-09   -2.1693898298898977e-09   -1.5229147005953067e-09    8.3189915606188820e-10   -2.7035080856170098e-10 
