2    11 5 
  -3.0348648495542175e-07    1.0618332636867052e-03    1.3784731299159541e-08   -8.8666102869608307e-05   -4.6410532884157118e-08 
   1.0025069586361019e-03   -1.9978168125971861e-03   -1.5808810468450756e-05    1.9530721473497736e-03    5.5780240802619453e-07 
  -1.8403770776917434e-04    1.1488841079251505e-04    3.2182788574563848e-06   -1.5970571294369196e-04    1.2393431040788524e-07 
   1.0123624202993443e-04   -7.3587944278710819e-05   -1.2668414219055461e-06    1.4373109690159545e-03    4.9930262932367939e-07 
  -4.5169580299001943e-04    1.7919173920836272e-04    5.3244497728121317e-06   -2.6519505867495232e-03   -1.0475738431490306e-06 
  -2.2390893238970403e-04   -1.6110457232307381e-03    2.6051031235310429e-06   -2.4675827389943924e-03   -8.7146241900210359e-07 
   4.9910837620813850e-05    1.7568688696821687e-05    7.2765039135470781e-06   -1.1947180609596602e-05   -8.6581453396682514e-07 
  -9.6909351603457764e-05   -1.4224994201940752e-04    1.1377527735425342e-04   -3.3931530152950820e-05    2.7855197448691548e-06 
  -2.2631544841979788e-05   -8.6570397790466412e-05    3.6023897707549393e-05    6.9442179506479188e-06    2.6635408561898844e-06 
  -5.0980019386441706e-04   -5.3906474884308494e-05    1.3904071045743301e-05    7.3672764262747579e-05    5.0686687464379933e-06 
  -5.7801876516923751e-05    4.9314326392316002e-05    2.8834583379749721e-04    2.5186641809713688e-05    1.1485706243592385e-05 
2    11 5 
  -5.4038611479275680e-04   -3.4389472692211424e-02   -1.7177757887680092e-05    2.0645930708999951e-03   -5.6909389672733117e-07 
  -4.4959435930026328e-03    7.3482391911367300e-03    8.2087106129335330e-05    1.5932685302070718e-02   -4.0426530180230239e-06 
   2.2696809445335864e-02   -1.4918676826793856e-02   -4.1653974150974581e-04    4.5732626633490318e-03   -2.0401438696849650e-06 
  -8.1772506813129961e-03   -4.0277009944710992e-02   -1.8282814677273727e-05    3.6667032651214640e-02   -7.5972537271161558e-06 
  -4.7634868064933894e-03   -2.8405189387948844e-02   -8.5695608471285441e-05    4.1768737664771911e-02   -6.8872435837799879e-06 
  -1.3328932609761809e-02    9.6530724525603906e-03    1.1417081624541068e-04    4.7192445573938618e-02   -8.5281219889148162e-06 
   1.2940829039514979e-02    2.4079992679170124e-03    2.1535064098170578e-03    5.4793748693837754e-03    7.1169071517162373e-05 
  -8.4975943621077195e-03   -1.0476983457063890e-03   -1.9742382563078717e-03   -1.6194346222856537e-03    5.0914362015824023e-05 
  -1.2290705467459657e-02    1.5143928811098574e-03    4.8032659853484341e-03   -7.1944951264202124e-03    1.1872026180036772e-04 
  -4.0570310264568367e-03   -9.1729431302913834e-04   -3.6533553302104897e-03   -2.1035282580900930e-03   -2.3055662907489839e-05 
   1.1226658897464104e-02   -2.9586237568055029e-04   -1.6575763298335659e-04    1.1352715048678697e-03   -3.5284692844202891e-05 
2    11 5 
   4.2099778591080855e-02    1.8876804142993064e-01    2.4036995309249687e-01   -1.3869732706313825e-01    4.3159686517533498e-02 
  -4.8392467178380765e-03   -1.2714496284821027e-02    2.2191105446844662e-03   -2.1298700342816841e-03    5.9744049680176344e-04 
  -3.1899862856283372e-02    7.3460541579548358e-02    8.4332333334327918e-03   -1.0310398692741877e-03    8.0026494804659681e-04 
  -3.5131260297474522e-02   -3.7091855517934778e-02    1.0624491376352917e-02   -8.8747190112422290e-03    2.5821627157252259e-03 
   6.5197433953452768e-05   -2.0713101899162471e-02    7.2061813675667566e-04   -1.5959156111110089e-03    3.1832210710752593e-04 
  -1.7315339727003661e-02   -1.3471052405760605e-03    4.2777602348556473e-03   -2.8524254550575502e-03    9.5588767055871824e-04 
   5.1511583611540835e-03    1.4445315606749871e-02   -9.8968134559304453e-03    5.5846974940134651e-03    2.2135948400484363e-03 
   3.2231299025594793e-04   -3.6309720582746423e-04   -7.8181309084610438e-03    4.4517978302712787e-04    1.5277658132142563e-03 
  -3.3413589542106012e-03    3.7110794554706004e-03   -8.0942521408770302e-03    6.9922640819218909e-03   -2.6522503805930251e-03 
  -3.9921562158935220e-03   -3.7716959376800068e-03   -1.7921763037003059e-03    2.9169901830389559e-03   -1.4642827806945963e-03 
  -4.2746394884918123e-03   -2.2448524811996134e-03   -5.4268920743208021e-03    3.1638155743865448e-03   -7.4631495427186485e-04 
 TENSORSUMACCUMULATOR_IMPL_H - PrettifyOut: Norm of simple tensor is 1.29087e-05 
 As simple full tensor 3    5 5 5 
   1.2979252483865044e-07   -2.6367444769724472e-07   -5.4933743157499465e-08    1.9182449857596216e-08   -5.2224867694741262e-09 
   5.7541937847604373e-08   -1.8363024314137125e-09   -3.9477148859298779e-09    3.8020105242499254e-09   -1.6472436676232814e-09 
  -8.8309529714956073e-09   -2.0790690442663153e-09   -4.3402992170571356e-09    5.1610256266911784e-09   -1.8219721721923787e-09 
  -2.2291236853562667e-09    2.9075515177479682e-09    2.0197598151386981e-09   -1.0120992447247483e-10    1.2127882310596486e-09 
  -2.8155021920812719e-11    3.4883712488672977e-11   -1.0511473715930853e-11    4.4227228581742510e-11   -1.2565837086209596e-11 

  -5.4905666177411737e-07   -5.9802427704939831e-08   -2.2074167962271280e-08    4.1728400838743992e-09    3.2909228003441714e-09 
  -1.2462009238321115e-06   -6.8159292414283919e-06   -8.8635896120898034e-06    5.1233533662420460e-06   -1.5943814862737821e-06 
   5.6124646325821241e-09   -6.1805833653827416e-09   -5.4483050759454247e-09    1.4430787558812953e-09    2.3264805301081950e-10 
   1.6391179842899757e-06    9.0767242907844504e-07    1.0393647926899513e-07   -2.4343652826338256e-09   -2.5342915648300340e-09 
  -2.7374315129791416e-10   -2.6588944931770786e-10    6.9172394029330407e-11   -4.5315116704764037e-11    1.1181341935308469e-11 

  -1.4398369107574742e-08   -2.3373451794422065e-09   -6.5408647020943059e-09    6.8987412369654952e-09   -2.3415805560484206e-09 
   1.2108275470524911e-10   -1.9482429371669063e-10    5.6684260404266779e-10    1.9861762636538832e-10   -2.2631156262359399e-10 
  -1.1970662614778153e-10    1.1751057960670310e-09    5.3781937182449283e-10    9.0186813519442237e-10   -6.5901259015606359e-10 
  -2.3462497231458967e-12    2.9639332916525068e-10    1.1843202242449398e-09   -4.9722813665962149e-10    2.2356965754485098e-10 
   3.4959257100593814e-11    4.4433522087348101e-11   -2.9177119596984986e-11    2.1590715708228026e-12    6.7404025313315042e-12 

   3.9317191249791380e-09   -1.7768951567608884e-08   -1.4642260302380839e-08    4.8142418054036743e-09   -4.1586502347283351e-10 
   2.4341716537796213e-06    1.1870795514141723e-06    1.2228578249917279e-07    5.2589147452033983e-09   -6.1231003118505337e-09 
   3.8523197751251889e-09    5.3525560501105282e-10   -7.1749624246106253e-11   -6.2613824219312183e-10    3.0410202517002381e-10 
   2.3036082379010658e-08    1.1935741421129054e-08    1.5960997973385704e-09    4.5353519644744442e-11   -1.0666114801776120e-10 
   5.3257157262391312e-11    1.3201798885003686e-10    7.6380023800005331e-12    9.6963369049853316e-12   -8.1028754287024940e-12 

  -5.5896889460805466e-10   -2.1095601378208041e-10   -6.7907412588805003e-11    4.0063559577185805e-11   -3.6277371073742781e-11 
   9.6837340531819033e-10    2.6533299947871318e-10    1.8651115727513614e-10   -8.2260506558005847e-11    8.9284080585975348e-12 
   3.1446365027680773e-11    9.1047333690911334e-11    8.1048468745896477e-13    1.6623322108987235e-11   -1.7994734514202371e-11 
   2.5926508561322516e-11    6.6131808609697089e-11    1.7419479693920449e-10   -1.3390169342197762e-10    3.4973255438918074e-11 
   8.9575834029599826e-13    1.5787657787515122e-12   -6.5379857353614546e-13    3.0934905367494450e-13   -2.8563921435420934e-13 
