2    3 5 
  -6.5881105489481071e-06    7.2634976997118105e-04    3.5389468956702568e-07    9.7404632557708976e-05   -2.7517939884677218e-09 
  -1.1076556725286379e-05    1.7272479148095949e-04   -1.1433422519682291e-07   -3.7267348220949452e-05   -2.1681454507890798e-09 
  -3.6418848484032973e-07    2.0672711127475883e-05   -1.7597303546779351e-08    2.3915586931307156e-07   -2.2023802536487709e-10 
2    3 5 
   7.3230465122716554e-04    2.6657075090633441e-05    1.1106246441884422e-05   -3.3271609008474363e-06    2.4219723877631731e-07 
  -1.7225564912915056e-04    3.3991955885898037e-05    2.2638416435778201e-05   -2.3293336512914124e-06   -1.6311233617032730e-07 
   4.6475104906723538e-07   -2.0670197052704459e-05   -4.6328451181222735e-09   -2.7919747288424760e-07   -1.0555975527976048e-08 
2    3 5 
  -6.2865733548605693e-04   -3.3396044511793574e-04   -4.5872661588309510e-05    8.3151985945701855e-06   -9.5539689366323468e-07 
  -6.2865733548605693e-04   -3.3396044511793574e-04   -4.5872661588309510e-05    8.3151985945701855e-06   -9.5539689366323468e-07 
  -6.2865733548605693e-04   -3.3396044511793574e-04   -4.5872661588309510e-05    8.3151985945701855e-06   -9.5539689366323468e-07 
 TENSORSUMACCUMULATOR_IMPL_H - PrettifyOut: Norm of simple tensor is 3.6305e-10 
 As simple full tensor 3    5 5 5 
   1.8335883707534453e-12    9.7405367581759874e-13    1.3379558954609243e-13   -2.4252721765699403e-14    2.7865810749196721e-15 
   3.4237039178712995e-13    1.8187677448801184e-13    2.4982514692467609e-14   -4.5285048625252669e-15    5.2031462981782611e-16 
   2.0363669325906812e-13    1.0817753469871228e-13    1.4859219147762263e-14   -2.6934857035932550e-15    3.0947521518243969e-16 
  -3.0063890398662673e-14   -1.5970783529872457e-14   -2.1937398840969503e-15    3.9765259240471629e-16   -4.5689353924593335e-17 
  -1.3512689255584137e-16   -7.1783203087038788e-17   -9.8601095760719906e-18    1.7873122345740760e-18   -2.0535800047318430e-19 

  -3.1569040337474263e-10   -1.6770361479831651e-10   -2.3035695637735351e-11    4.1756108618876928e-12   -4.7976793352825211e-13 
  -1.5594665503962521e-11   -8.2843246060940139e-12   -1.1379312271812711e-12    2.0626935114195822e-13   -2.3699866587388993e-14 
  -7.5295166256649079e-12   -3.9998908497357723e-12   -5.4942326860089127e-13    9.9592293813153661e-14   -1.1442921904958006e-14 
   1.7758236929301440e-12    9.4336745547301547e-13    1.2958054365706724e-13   -2.3488673148529062e-14    2.6987936736748111e-15 
  -9.2744649782391331e-14   -4.9268564566556994e-14   -6.7675086146963142e-15    1.2267258138778989e-15   -1.4094793030208191e-16 

  -1.7529812132553149e-13   -9.3123288827846373e-14   -1.2791374478141089e-14    2.3186537558650385e-15   -2.6640790002064351e-16 
  -3.7160520422894342e-15   -1.9740712850584691e-15   -2.7115757370220079e-16    4.9151913093488596e-17   -5.6474399923278834e-18 
  -8.4376964258535245e-16   -4.4823414841240740e-16   -6.1569247804737037e-17    1.1160471293541949e-17   -1.2823120800302231e-18 
   5.6970744135205120e-16    3.0264460455842572e-16    4.1571131340221125e-17   -7.5354732192603516e-18    8.6580826953008824e-19 
  -6.5724487346302721e-17   -3.4914694874830117e-17   -4.7958673126290827e-18    8.6933235955685992e-19   -9.9884257295298663e-20 

  -4.8877785886138167e-11   -2.5965253580145170e-11   -3.5665759461903175e-12    6.4650243234954317e-13   -7.4281619204598970e-14 
  -8.3283841624630665e-13   -4.4242717375736722e-13   -6.0771604290073259e-14    1.1015884866627701e-14   -1.2656994373412147e-15 
  -1.4969902632278736e-13   -7.9524330096023357e-14   -1.0923427417410565e-14    1.9800566429807850e-15   -2.2750388273545254e-16 
   1.4920526068600531e-13    7.9262027912408137e-14    1.0887397703476612e-14   -1.9735256457311576e-15    2.2675348640831102e-16 
  -1.8650611508404945e-14   -9.9077290114699594e-15   -1.3609213507046817e-15    2.4669009625515284e-16   -2.8344115775365936e-17 

   1.0321161543473079e-15    5.4828910896703264e-16    7.5312753698475804e-17   -1.3651715030774928e-17    1.5685501657284519e-18 
   8.9584877403770706e-17    4.7590004673161922e-17    6.5369423573114653e-18   -1.1849317658985594e-18    1.3614589182291112e-19 
   5.0069074935749578e-17    2.6598099804654334e-17    3.6535034285276240e-18   -6.6225951410441791e-19    7.6092071088650833e-20 
  -8.9693593714603894e-18   -4.7647757832964562e-18   -6.5448753062400328e-19    1.1863697475525046e-19   -1.3631111255572935e-20 
   1.9519861115589207e-19    1.0369498833195498e-19    1.4243498527125442e-20   -2.5818758893357814e-21    2.9665150825215050e-22 
