2    11 5 
   3.0788063569558381e-03    1.4951224512439044e-03   -2.7467329355977393e-05   -3.5341703587183536e-05    5.2694675838085361e-06 
   8.5063580341466442e-04   -3.7810201270208183e-03   -4.6695443138222774e-04   -3.4017326189488293e-04   -5.6153836918404543e-07 
   1.3164969806424851e-04   -3.1178438379258905e-03   -1.4174406424533620e-05   -5.3468052316532485e-05    6.3970129316472013e-05 
  -1.0411586032008863e-03    2.7061255050401692e-03   -1.3674503950575654e-04   -6.9786088795219887e-05   -1.0359057763473370e-05 
   1.2942586466547777e-04    2.1934711672689246e-03   -3.0620576681452159e-04   -1.7904120841747610e-04   -6.2263308847484693e-05 
  -3.7079604524114227e-04    2.6331624362115251e-05    6.0383960485591860e-05    4.3662849378648548e-05    2.4469303862850471e-06 
  -4.0032685594552612e-05   -6.0715581934841417e-05    2.8145613295804933e-04   -7.7162205509177402e-05   -2.5874427005996141e-05 
   3.8623180942031221e-05    5.4750980249644554e-05    1.1972295218620199e-04   -3.9412543034161260e-04    1.6819104738777014e-05 
  -3.3641338097355666e-04   -2.6811069840105043e-04    6.3223282140129262e-04   -2.0301364814260914e-05   -1.1495793459354652e-04 
   3.8618807511981112e-05   -7.1281536509680131e-05    7.6331894963767484e-04    3.1779371028666550e-04   -1.5301485342656462e-04 
  -4.0226842956273872e-05    1.4485268565711167e-05   -3.9756086065343923e-04   -8.5718693472991116e-05    1.6078969551782278e-05 
2    11 5 
  -1.6462091170555757e-01   -3.5269551847356403e-02   -1.4542347204143302e-02    5.9820631358390806e-03   -1.9727981389748681e-03 
   3.5874484117523332e-03    4.8165225664557811e-02   -6.9951144360666049e-03    7.6922178854559207e-03   -2.7076813140643743e-03 
  -8.2564941301167497e-02    9.2225086343825351e-03    3.3645213908453125e-02   -1.5930239871663983e-02    6.0509108439594098e-03 
  -2.0776304330880454e-02    5.2029571321798633e-02    3.8266896868060854e-02   -1.6809459645891259e-02    4.8850084557491742e-03 
   1.6656828866134957e-02   -1.2128654168763983e-02   -4.2203971602578244e-02    2.1448000500371080e-02   -7.4522504424886366e-03 
  -1.0004784158824137e-01    6.7908219296236930e-02   -1.1674643235473163e-01    6.8082491631454953e-02   -2.4341344589091724e-02 
   1.6497241014871639e-03   -4.5647625495751232e-03    1.0137528000258999e-02    4.0097543230461314e-03   -6.3302034143746942e-04 
   5.9358329114658271e-04   -3.8435328830527341e-04   -1.3721791494290799e-03   -4.0230858764430805e-03    1.5858177752487942e-03 
  -3.8063042313353431e-04    3.0929609495591063e-03    7.1744092963511126e-05   -1.2629726125085396e-03    1.8187329533480144e-04 
   7.0550619094385467e-03   -4.1835810696566082e-03   -6.8085410868034017e-04    4.0012995886532741e-04   -3.1320304109794589e-05 
  -4.9584137205735210e-03   -2.5131947639713144e-03    7.6410797158725507e-03   -1.5032155783960427e-03    6.4620094036117585e-04 
2    11 5 
   8.3830155824203613e-05   -1.4759267934331058e-01   -5.3107322710337914e-04   -6.6354932055877239e-02   -9.6180954206940422e-05 
  -4.6611389929164201e-04    4.5958220418437820e-02   -1.4079208202827335e-04   -1.5659519571111741e-02   -1.0984285043574629e-05 
  -2.2677272372385106e-04    6.6170533385061098e-03   -8.3635396786101938e-04    1.7084463062926034e-02   -1.3615351109347103e-04 
  -7.7243689790491463e-04    9.7367911901836315e-02   -4.6083081248941772e-04   -3.7342635747146949e-03   -6.0016222913769152e-05 
  -5.5007323855502967e-04    3.3224766413219135e-03    5.4119393685880270e-04   -2.1770939256967357e-02    1.0179937622459330e-04 
  -5.6342713361218807e-04    8.3583378893568920e-06   -4.6114917060614271e-04   -5.0005850527046661e-02   -4.8226542957623789e-05 
  -3.2091499584340735e-03   -4.7159643171618007e-03    5.0499299748610086e-03   -5.6347385531691018e-05    7.6188256279418904e-04 
  -1.7519275215751166e-03    1.1935539008098281e-02    2.6338080533369617e-03    1.5479921271141086e-04    4.4149226328357179e-04 
  -2.8948575639914978e-03    9.1078331418414005e-04    5.6253436841802356e-03    4.4630702649487640e-04    5.3382126029244208e-04 
   2.2410374765013462e-03    4.0793511125277604e-04    3.2764679173088421e-03   -4.3234317544404582e-05    3.9642633115097910e-04 
  -4.8812267063126479e-03   -1.4833205837754757e-03    7.3522492631304627e-03    6.6834961846266850e-04    1.3464625681528235e-03 
 TENSORSUMACCUMULATOR_IMPL_H - PrettifyOut: Norm of simple tensor is 9.50303e-05 
 As simple full tensor 3    5 5 5 
  -8.0803951308280865e-08    7.6987788191557865e-05    2.5472547604809591e-07    3.1414963362719209e-05    4.7731267805536361e-08 
   3.0015017338540252e-08    1.2635653799142815e-05    8.1854722429658744e-08    8.0797270450253378e-06    1.3783751039908442e-08 
   1.0312018118730247e-08    2.4686166091145159e-06    1.1681643229447117e-08    1.2425562944289437e-06    2.7462462184589607e-09 
  -2.5555805318524123e-09   -7.1918074242911139e-07   -2.2041364638632041e-09   -2.2358485363606186e-07   -9.8460691666351562e-10 
  -1.2966584430233067e-10    2.9812048753013838e-07    2.9337676721531648e-10    4.1326088933600936e-08    2.5101863638603334e-10 

  -4.8679108789425433e-08    3.2054637660284819e-05   -3.7800577552524921e-08    2.0488494753903581e-05   -4.3102316608387292e-09 
  -5.7515219599676916e-09    1.2841758502327019e-05   -5.0243120355853912e-09    5.8231770993389797e-06   -4.2905782017301669e-10 
  -1.5966793645604433e-08    1.3507631212772363e-05   -3.2882123449968391e-09    1.0188996506014115e-06    2.4854733426753845e-10 
   1.1520799988601810e-08   -6.6020195443550197e-06    3.2432443197228729e-09   -2.3336304773785930e-07   -1.3029100687390259e-11 
  -1.7743756504586093e-09    2.0146425997811221e-06    1.4852510796621493e-09    5.1643974818691980e-08    3.6844206070841241e-10 

   6.4377745592909998e-09   -4.7927007590128889e-07    2.8888255266176076e-08    1.4968296353357978e-07    4.0715555550467495e-09 
  -1.7540904499558503e-09   -1.8533640307584527e-06    7.4328985137392245e-09    2.8088028209052233e-08    9.0305422854024524e-10 
   4.1878316943699094e-09   -3.8970332197743831e-07    2.5769636648382600e-09    2.7380900736232162e-09   -2.1053214390897693e-10 
  -1.5690086070423549e-09    5.0131886971566211e-08   -7.7187963298383758e-10   -2.8159605554341557e-10    1.6641924480664299e-10 
   6.3026798128127385e-10   -4.3474388201686271e-09    3.6554979421611429e-10    1.3746844521237290e-09   -1.0077316372116046e-11 

   6.7830722913139056e-09   -7.5623781782496300e-07    2.3776161547651223e-09   -1.3402831015191041e-08   -6.2224481441757940e-11 
   2.5479316644378846e-09   -1.2873082029510160e-06    2.5906200871060636e-09   -1.6372227975437774e-08    4.8792885603257117e-10 
   4.3995413911026244e-09   -2.0233128884065148e-07    5.0876697144079109e-10   -2.0314856583434700e-09    1.9021131060709489e-11 
  -1.6630495648265286e-09    3.8334891945437397e-08   -9.9401848960408979e-11    4.8171531595555913e-10    3.0320162225163508e-11 
   9.7507252338190527e-10   -6.4846104794171132e-09   -3.8694281226133123e-10    6.5661113572631096e-10   -8.4453692510716925e-11 

  -3.6914340448567217e-10    1.1053579934725453e-07    2.6443916432087114e-10    1.3912091672405185e-09    1.5583091753820656e-10 
   2.0639790276610564e-09   -2.0514419583253999e-08    5.6913689171285764e-10   -1.2346098437367055e-10    1.3574530281799261e-10 
  -9.3480079352543149e-10   -3.3225145009191657e-09   -2.1053400820231823e-10    4.3583543038782759e-10    1.1649274794794903e-11 
   7.5392709981241085e-10    7.4980256642977454e-10   -3.0734951898303103e-10    7.0510546276350393e-10   -1.0689573651834281e-10 
  -3.5068894909557616e-10    9.8803038276066027e-10    1.1091717973157911e-10    3.4525496141715999e-10    3.0409118274551491e-11 
