2    21 5 
  -7.5472986422150078e-03   -5.6224036964442486e-04   -1.5476479113772662e-04    1.9144151160360739e-04    2.7779869510097613e-06 
   1.6124494791578182e-03    4.2663221689414504e-04    8.7745948121303614e-03    1.3341987984859282e-03    5.3528921049740335e-04 
   8.3659880483248519e-04   -1.7941778327473833e-03    3.4648973118166665e-04   -1.4015313876160543e-04    4.8534014092313138e-05 
  -4.8481396077008761e-05   -6.9751757265948833e-04   -3.9047969848120820e-04   -8.4940863680754705e-05   -1.0191442254273182e-05 
   6.9891261201978435e-04    1.0949109226923376e-03    3.5598932727371618e-04    8.8258695700314449e-05    4.9635893174924102e-06 
   2.6617038104148898e-03   -4.9028968970102044e-05   -1.2381568585747322e-03   -1.0196173832742692e-04   -9.7919489920126300e-05 
   3.6674339903811646e-04   -4.3753541416275251e-04    4.5349671763284709e-04   -1.8295799376089316e-04   -1.0012884386179790e-04 
  -3.2960573258389241e-05    8.1330714596136441e-06    9.3919555881163725e-05   -2.7377380077238557e-04    1.0979385677406872e-05 
  -9.2280031170708949e-05   -6.2804619502273535e-06    2.2776126124449155e-04    1.9745468670060009e-04   -7.6355116889928465e-05 
   1.0685724582926105e-04   -9.0393216586261255e-05    5.0773998042533209e-06    1.0033444043572407e-04    2.3355394461830811e-04 
   2.3920858421565765e-05    8.2981124619273746e-05    3.4306808047382035e-04    1.3199121292394110e-04    1.9939580786252750e-04 
   1.0221019334020046e-04    1.3547442408429363e-04    1.0921309734468173e-04   -9.3011236663205520e-05   -9.6165959498805385e-05 
   8.4902772336544906e-05    2.0024962499944678e-04   -1.1753106503779291e-04    1.7726366276478431e-04   -1.9425706552694773e-04 
  -3.0099204669881614e-06   -2.0766475154466860e-05    9.2040735384914862e-05   -1.5211505374557052e-04   -1.3517753693045349e-04 
   7.2043603651937221e-05    1.6699226517981677e-04   -6.4648964236957391e-05    2.4453461819828870e-04    2.5507624686813296e-05 
  -2.5286086560999057e-04   -8.6865857225960289e-05   -7.6232900589023032e-05    1.4333389596456547e-04    2.6252096199339908e-05 
   6.0940320307920225e-05   -1.3700339467896609e-04    1.7190614652296274e-05    4.5144747055074513e-07    1.1843931422334414e-04 
  -4.8339751675047353e-05    6.8042893352674168e-05    1.9009127209474956e-05   -4.1358348470073461e-05    8.1701887709237508e-05 
   1.4518331512715814e-05    3.4027834538233764e-05    2.7613151032302904e-05    6.0819733476076840e-05   -1.7516699837083869e-05 
   9.0201945278431552e-05   -2.3860179905909362e-04   -2.3213137572797933e-04    3.0321122651395663e-04   -6.4932367852347034e-05 
   1.3405642077075059e-04   -2.4257967837636976e-04    4.4036050457944658e-04    1.7668835301184657e-04    5.1639744422869358e-04 
2    21 5 
   6.9797567508590314e-02   -7.8067844783131172e-03    3.8133391709010180e-03   -1.6215615254447401e-03    5.6145133609572192e-04 
  -2.6880216797105547e-02    1.8663332965979135e-02   -1.2828379414702759e-02    7.2862779719529832e-03   -1.6211682976165656e-03 
   6.8700097295654780e-02    4.4172583259679668e-02   -3.3677294560843819e-02    7.2435389912151125e-03   -3.1131176744360767e-03 
  -9.8074430395906687e-02    1.8743506166664867e-01   -1.6525864977355847e-01    6.9669318245935086e-02   -2.2748917299929765e-02 
   5.6446532884733780e-02   -3.1671370732063851e-02    6.6531604941627810e-03   -1.7647168884396616e-03    9.5350149398650821e-04 
  -4.2445965628175132e-02   -1.8475328778949682e-02    8.7520914239494051e-03   -2.4970840476018709e-03    7.2954068143991457e-04 
  -5.5703883675100999e-04   -4.5460126265727098e-03   -9.7048475046796236e-03   -4.6914484884920827e-03    5.3958761682364187e-04 
  -6.0523862836385943e-03    2.5442321915215486e-03    3.1808376260753250e-03    7.0100511111347865e-04   -5.4661933260047573e-04 
  -1.4308854716948193e-03   -3.5803418178553788e-03   -5.9827825088927498e-03   -1.6297730102968850e-04    8.1899187550122700e-04 
  -1.0197907131950527e-03   -4.3540030067965585e-03   -7.3179701401386455e-03    1.7410512131147689e-03   -1.1438604940731156e-03 
  -6.1104240590887130e-04   -3.4372185637691413e-03   -2.8244968942552858e-03    1.7058510378688465e-03   -1.1072597598021580e-04 
  -7.4713264572493204e-04   -4.2222309629889208e-03    1.9842804104577404e-03   -1.3756688173895643e-03   -2.4202034692749983e-03 
   3.4796009398906064e-04   -5.9559194312294706e-04   -2.7984127455840224e-04   -6.1900339342775799e-03    1.7233769950658626e-03 
   5.2510627280213473e-04    3.9596612063279280e-04   -4.2460783958866164e-05    9.5603955561490922e-04   -3.6800987480742932e-03 
  -5.0160480963190594e-06    4.4534438094176047e-04   -2.4523976248943158e-04   -7.4447333600484280e-03    2.2850126923777475e-03 
   8.2937767649446045e-04    2.9349307362947601e-03   -6.5483222240412294e-04   -3.9933241759927997e-03    3.0305363240001187e-04 
   4.0850558697911248e-04    7.4950420811011986e-04   -2.2642091058183044e-04   -8.7392195115301697e-04   -2.8636838740484175e-03 
   1.9359027723976933e-04   -3.7148301355546549e-04   -1.6221374681623098e-04    8.7518167843092228e-04    2.7004925016093344e-03 
   1.3073824057537027e-03    2.1881102288651738e-03   -2.1173018133254838e-04    1.1472492707651804e-03   -1.2596903516578958e-04 
   4.1709549191459653e-05   -4.6598418310225364e-04    4.4169804714471497e-04    4.4788946734903283e-04    2.9298301407362136e-04 
   1.8846769751935935e-04   -3.7215762115920423e-04    2.9048044747916383e-04   -5.0836602838686968e-04   -8.2946666556346367e-04 
2    21 5 
   1.5452400285427976e-04    1.9593319282929056e-01    1.8538182080618949e-04    2.6159303902144125e-02    4.3624798117582272e-05 
  -4.3768521820824520e-04   -3.4909770373025839e-03   -6.8512640844291462e-05    5.3372204795842655e-04   -9.6386183329226496e-06 
   1.5199045818958526e-03   -1.0595197975031140e-02    3.4049351905993130e-04    3.6799352451599579e-03    7.2195640679348166e-05 
  -6.3800669181585091e-04   -1.1559152852411183e-02   -2.2018917772418484e-04   -4.0470667058766898e-03   -4.8081823017465996e-05 
  -2.6585054062102684e-03    8.4238324843101831e-03   -5.9330094893140616e-04   -6.1541259893627548e-02   -1.8153018172201087e-04 
  -4.9420595735159844e-04   -6.2663438615967221e-04   -3.0893828306094982e-04   -2.7206322254387742e-02   -8.8148594759771649e-05 
  -2.7025355815807660e-03    1.2582875546257042e-03   -1.6865567370543896e-03    1.8983942827246300e-03   -3.7970365997205331e-04 
  -3.6629659671752824e-03   -4.9311720255075173e-04   -8.7306097992329440e-03    9.8996409082082685e-04   -2.1488984848807352e-03 
   2.5863918417227093e-03    3.6200420270679008e-03    3.5246871519243159e-03    7.2656292022236337e-03    8.5609646445835989e-04 
  -4.8608520506300814e-03   -4.6350471767619555e-03    2.6784055162200910e-03    8.1825072282051096e-03    8.4333872811897246e-04 
   8.0727927741387432e-03   -4.0645701089179502e-03   -5.7622471783041265e-03   -7.9087891765972779e-04   -1.5326803353653310e-03 
   4.6249606263173053e-03    1.3843241670152631e-03    7.7316663395667707e-05    1.7243816157619092e-03    5.5940429780277430e-05 
  -7.5818260045496669e-07   -2.6562080899898205e-03    2.2393072512627362e-03   -1.7520597304634194e-03    6.2574621537992965e-04 
  -4.6966802754493274e-03    1.3328833421460740e-03    1.6259121887150332e-03    1.3090968762414471e-03    5.4532219494253184e-04 
   1.9095696328393042e-03    4.6848192601757202e-03   -1.6041157459284973e-03    8.7857643226406563e-04   -4.8315049416682970e-04 
  -2.4924408196948869e-03    8.1301051956889813e-05   -1.5167585530856248e-03   -4.3173351823223231e-04   -3.6642632662523949e-04 
   1.1892580236750061e-03    4.4472805729429374e-04    8.2101563650217868e-04   -8.1005620984746265e-05    2.5763693064732575e-04 
  -1.1699594658209802e-03   -5.5043639840800262e-04    2.5467259584606469e-03    5.3627995971705883e-04    2.4300808997749731e-04 
   3.6062703225859030e-04    1.5622478725005391e-04    2.7205038621139140e-04   -1.9256713592238249e-04    2.0024836776914418e-03 
   1.8570316595142547e-03    1.4780171880346912e-04    3.6138568029401446e-04    1.4987168675393488e-05   -5.5148322862540471e-04 
  -1.9507050603633387e-03   -1.6395191447483306e-04    1.8683104446884298e-04    1.5973432403962155e-04   -3.5657210680118182e-05 
 TENSORSUMACCUMULATOR_IMPL_H - PrettifyOut: Norm of simple tensor is 0.000105552 
 As simple full tensor 3    5 5 5 
  -2.6398591347976407e-08   -1.0332327266331918e-04   -6.5421930585711133e-08   -1.2965509989688306e-05   -1.6022959030058113e-08 
   1.4829865446926728e-07    1.0998472497807287e-05    5.6699143801259075e-08    4.4253736369984304e-06    1.4872719454919059e-08 
  -5.2053759915901282e-08   -5.3346175561886405e-06   -1.8302932366542139e-08   -1.8288472651953385e-06   -4.9663331949684456e-09 
   1.4899343921277544e-08    2.3211667369248235e-06    8.4671000840068461e-09    6.1716502708543902e-07    2.1808625007270018e-09 
  -7.6079806966541734e-09   -8.0127831949747915e-07   -4.1096831626031356e-09   -2.2185034872181285e-07   -1.0290924728601511e-09 

  -3.9891483827127283e-07   -6.6146581838999395e-06   -1.0001451935780629e-07   -5.6222557207547028e-06   -2.4872049549958364e-08 
   4.0416831916819932e-08    2.8922007893076180e-06    2.1477488746461669e-08    2.4727652347511198e-06    6.8812460430742487e-09 
  -1.4368754053293965e-08   -2.3082686538259508e-06   -1.3331923336370756e-08   -7.2535274772240865e-07   -3.1932042466943280e-09 
   7.0914114196959298e-09    8.5078988594235329e-07    1.4850714820722193e-09    2.9305811433920244e-07    4.6228895693426794e-10 
  -5.4275491951965846e-09   -2.9342552185394818e-07   -3.6206273894032135e-10   -1.1582779477093427e-07   -1.2400323776694993e-10 

   3.3563062405428125e-08   -1.8519495021779587e-06   -8.7811692233371312e-09   -3.1455651546250574e-06   -5.1490752090066199e-09 
   9.0766226516589922e-09    2.3793661890133820e-07    1.5788839869748136e-08    5.3334890418425613e-07    4.6910374658611891e-09 
  -1.0553894748884033e-08   -3.2447308117240932e-07   -3.1839721263682398e-09   -2.4772745664594224e-07   -1.0011160073124411e-09 
   2.7325732809098833e-09    1.0162122292009587e-07    1.9486276088946729e-09    1.0877329898509752e-07    7.5019939029497429e-10 
  -1.2089998327910562e-09   -5.4975883501096964e-08   -1.1469137269292225e-09   -4.5038809380227676e-08   -3.2628543105522891e-10 

  -2.4405646844298612e-08    2.7871985575650471e-06   -2.0067417289317918e-08   -1.6423240565469368e-07   -5.1517671849511501e-09 
  -5.7900641212865722e-09   -1.5086885094493795e-07    3.0174146536158390e-09    1.2982305416048595e-07    1.3242904013448268e-09 
  -3.1078807419440322e-11   -1.0664959982899389e-09    5.7281158470578823e-10   -5.3343138633758039e-08   -1.0165456013636880e-10 
  -2.7931248496921745e-09   -2.3350782028323314e-08    5.9602251019558509e-10    2.2951964443583966e-08    3.6068776234241199e-10 
   7.3109402519998781e-10    6.3507177507480768e-09   -5.6236479994732999e-10   -6.5268430577198466e-09   -1.2807816273832011e-10 

   8.9553902237236906e-09    4.3372087871296839e-08    1.2189675686571570e-09   -1.2555651021668398e-07    7.1780369942520502e-12 
   9.2705636309838016e-10   -3.2840267103919697e-08    1.2026159241201330e-09   -2.3702338482249385e-08    1.7360167480751879e-10 
   7.3331248903576585e-10    3.7318355177683525e-08   -1.7606369668371277e-09   -3.6736235853988985e-09   -6.5035756546386751e-10 
   4.6460114047181414e-11   -1.7008813073094288e-08    1.2397029568471092e-09    1.9046846475841197e-09    4.3450518976275406e-10 
   1.2306143427574430e-10    5.3208835635692588e-09   -5.1998038653383011e-10   -1.2322236699522323e-09   -1.7961757383864416e-10 
