2    6 5 
  -8.7944203010502907e-04    7.0873899997063708e-07   -1.5356443179615537e-05    1.9462022351229338e-08   -6.1103070844633593e-07 
   6.9405261964185724e-07   -9.4822310740499583e-05   -1.3211251630268403e-07   -6.7905472878256908e-06   -2.5516712423356696e-08 
  -1.3963904682302517e-06    1.2786761536198781e-06    9.2280861498448131e-05    1.6134474837011287e-08    3.7864788150163490e-06 
   1.0241620594351522e-05    4.7840935530082007e-08    1.6337880290725836e-07    1.3792573496195842e-08   -2.1533596417205363e-08 
  -3.6506991161169487e-07    4.2101033903539280e-05   -8.3756486842923021e-07   -1.3668539025397341e-06   -3.4887295855317305e-08 
   1.4123566538742264e-07    8.5679879650861230e-09   -1.9296610243073518e-06    4.6067023459395628e-09   -5.4703813092103605e-08 
2    6 5 
   4.1462299637097684e-04    7.7556481314664980e-04   -1.3632638662414582e-05    1.2101958770941925e-05   -1.8416786431679471e-07 
   4.1462299637097684e-04    7.7556481314664980e-04   -1.3632638662414582e-05    1.2101958770941925e-05   -1.8416786431679471e-07 
   4.1462299637097684e-04    7.7556481314664980e-04   -1.3632638662414582e-05    1.2101958770941925e-05   -1.8416786431679471e-07 
   4.1462299637097684e-04    7.7556481314664980e-04   -1.3632638662414582e-05    1.2101958770941925e-05   -1.8416786431679471e-07 
   4.1462299637097684e-04    7.7556481314664980e-04   -1.3632638662414582e-05    1.2101958770941925e-05   -1.8416786431679471e-07 
   4.1462299637097684e-04    7.7556481314664980e-04   -1.3632638662414582e-05    1.2101958770941925e-05   -1.8416786431679471e-07 
2    6 5 
  -8.7918000220028956e-04   -3.8168532750425567e-07   -2.6271704124329968e-05    1.3784686763592372e-08   -2.6750944742335347e-06 
   6.0578675881623220e-07    9.0697878963184276e-05    1.1901893401769565e-06    2.8460363448790952e-05    2.9936167795972710e-08 
  -3.0653506622378006e-06    6.4263623286404638e-07    9.2205331647051404e-05   -9.8722261392124833e-08    4.6944343473215605e-06 
  -2.8956653529109594e-07    3.7854675534595808e-08    1.0223334754171906e-05    6.3141150753921004e-09    5.6438692324206227e-07 
  -2.3449383259545751e-08    3.4199671599067723e-05   -8.3900090746288925e-07   -2.4594275139973927e-05   -3.1206879655215428e-08 
   1.9276618957860294e-06    3.4652704674004919e-08    7.0946736772920769e-08   -2.9348311026082311e-08   -1.5378674836926402e-07 
 TENSORSUMACCUMULATOR_IMPL_H - PrettifyOut: Norm of simple tensor is 6.80608e-10 
 As simple full tensor 3    5 5 5 
   3.2058229735513404e-10    1.5989071987885427e-13    9.5701339782323678e-12    6.9686364141312616e-15    9.7512111747983411e-13 
   5.9965885086580831e-10    2.9908041129434857e-13    1.7901224089305579e-11    1.3035044475866340e-14    1.8239934443890329e-12 
  -1.0540618006385163e-11   -5.2571430640848751e-15   -3.1466218617407723e-13   -2.2912598441258555e-16   -3.2061593213701985e-14 
   9.3571118322978976e-12    4.6668682556594605e-15    2.7933174920508487e-13    2.0339959749373037e-16    2.8461700541706406e-14 
  -1.4239672559994905e-13   -7.1020499735659886e-17   -4.2508764622878481e-15   -3.0953393729336276e-18   -4.3313076030106582e-16 

  -2.8420558296530792e-13   -2.9686125934042772e-12   -2.0071331150214616e-14   -1.5483010530701160e-12   -8.3164566308771649e-18 
  -5.3161511005652676e-13   -5.5528793421009148e-12   -3.7544029948577096e-14   -2.8961437919007345e-12   -1.5556182820108681e-17 
   9.3445661536349395e-15    9.7606797425109824e-14    6.5993735861124382e-16    5.0907520764370137e-14    2.7344177528191432e-19 
  -8.2953533152326347e-15   -8.6647454498962114e-14   -5.8583924235713858e-16   -4.5191597362572416e-14   -2.4273958788613274e-19 
   1.2623886204999273e-16    1.3186027936135892e-15    8.9153139702429926e-18    6.8772668365995975e-16    3.6940161780642553e-21 

   5.4789846341168911e-12    1.0148686641819775e-14    3.6960763565721334e-12    3.1408253319578260e-15    1.9682051230422833e-13 
   1.0248605917145603e-11    1.8983424286491922e-14    6.9136222398427284e-12    5.8750084607623744e-15    3.6815870124115924e-13 
  -1.8014682834187774e-13   -3.3368476687726537e-16   -1.2152551565846709e-13   -1.0326908354602926e-16   -6.4713799019341803e-15 
   1.5991984701538458e-13    2.9621846446891674e-16    1.0788056637714328e-13    9.1673976134393376e-17    5.7447699380626299e-15 
  -2.4336636113328597e-15   -4.5078588520257084e-18   -1.6417287388773929e-15   -1.3950965060828706e-18   -8.7424030316868527e-17 

  -8.8052507771794143e-15   -2.7474187184736328e-13   -2.4120810129139644e-15   -6.6192917613309382e-14   -5.3848056702351549e-17 
  -1.6470487005024614e-14   -5.1391295313541000e-13   -4.5118702446532953e-15   -1.2381584772125153e-13   -1.0072441326265238e-16 
   2.8951313175555135e-16    9.0334031086383202e-15    7.9308261146483829e-17    2.1763967163698560e-15    1.7705026159223334e-18 
  -2.5700644394042768e-16   -8.0191278217797864e-15   -7.0403487568110148e-17   -1.9320297400192620e-15   -1.5717096442092505e-18 
   3.9111294949882405e-18    1.2203525665338432e-16    1.0714017615896797e-18    2.9401669411586126e-17    2.3918310579205334e-20 

   2.1787826459376496e-13   -3.4977869664767417e-16    1.5132131767559077e-13   -1.0322050928595519e-16    8.0463916975359905e-15 
   4.0754786166561018e-13   -6.5427159584152091e-16    2.8305108615627525e-13   -1.9307707410815390e-16    1.5051018221431877e-14 
  -7.1637503939679416e-15    1.1500583964092562e-17   -4.9753845393226209e-15    3.3938491544419731e-18   -2.6456214804500237e-16 
   6.3594007044388081e-15   -1.0209292303692061e-17    4.4167457273307982e-15   -3.0127859733486276e-18    2.3485696989971945e-16 
  -9.6777494308060517e-17    1.5536522602204443e-19   -6.7214129813923546e-17    4.5848640609112445e-20   -3.5740583309703813e-18 
