2    11 5 
   7.1778556320169198e-06   -8.2393341386543400e-04   -2.0709606400931460e-08    1.1509808127141234e-04   -3.0615008322670414e-08 
   3.6996136322358583e-05    2.4444086584806696e-03    5.5781761874447409e-06    2.6823461424762469e-03   -1.0522256804232580e-07 
   2.6231449165879648e-06    1.7328207504392237e-05    3.6810216232841641e-07    1.3878551430133223e-04   -6.1977469489554875e-09 
   2.4514183223581658e-05   -1.0612715713510885e-03    1.0319094007571994e-06    6.2893709399033319e-04   -1.8466481134279132e-07 
   5.5747761613072102e-06    5.4598101883757382e-04    5.8372428723437542e-07    3.1645470098317496e-04   -3.0981086728593070e-08 
  -2.4845730053439777e-05   -2.1857163174199483e-03   -2.9954240833092165e-06   -1.4102966774483720e-03    1.0770991910209450e-07 
   6.3596885820020490e-05    1.1221385318753892e-04    7.8225094926635282e-05   -2.1581491800732829e-04    1.7231955879519071e-06 
   2.1049206333314505e-04    3.4419830090698931e-04    4.5007978028342797e-04   -1.3412700212210190e-03   -3.1108988521459724e-06 
   2.6453658536784225e-04   -1.1552361867337923e-05    3.9903285707347545e-05   -4.0043922810434495e-05    2.3282193108302676e-07 
   7.9994690231550348e-05   -1.5467062489291631e-04    4.8505143281044151e-05    2.4329511228234131e-04    1.5365319548825038e-07 
  -2.2903748699339455e-05   -1.2689243222964959e-04   -5.7070431246705730e-06   -1.7841608501055568e-04    1.0076109842641240e-07 
2    11 5 
  -1.2482131200184717e-01    2.8831163515699882e-03    1.1425440704041152e-03   -7.4044530573722737e-04    2.1848932718023569e-05 
  -4.1137364702034385e-02    2.2008872754284564e-02    1.8070595804563050e-02   -5.3777320962756069e-03    1.1810959905800729e-03 
   3.6262700829078003e-02    3.1347152495745922e-01    4.9867383382399787e-02   -1.8649395937216456e-02    5.5205911672250273e-03 
  -1.1689543717919807e-02    1.0612672777878007e-02    1.1517683185476555e-03    4.0968059967916564e-04   -5.8837234927515056e-04 
   3.1028719836621327e-01   -9.8014082710893707e-02   -2.8706960769504192e-01    7.7408639685126276e-02   -1.3446359261458856e-02 
  -9.0867381715431905e-02    6.2695556635074326e-02    8.2245722753337885e-02   -2.2675877841340366e-02    4.1201421450443006e-03 
  -2.3826096223712997e-04    1.9069764956101628e-04   -2.7734279407507041e-03   -1.0607474311251741e-03   -6.9995612539238263e-04 
   7.5862358137203541e-04   -2.7805686424122464e-04    3.7765882351318307e-03    1.4285047554012842e-03   -3.5319481109303500e-04 
   2.3959639770857431e-04   -2.1611918745531753e-03   -2.6274417573144029e-03    2.2181055042221228e-04   -2.7813960188574031e-04 
   4.8890647390292406e-04   -1.3275813529967418e-03    5.7250997274014559e-03    2.5544560794674566e-03   -7.7871778637498353e-04 
  -8.1028619963403534e-04    2.2057440529997660e-04    1.1621628814187585e-03    8.7044980450691183e-03   -1.0189606975726736e-03 
2    11 5 
   1.8538895179240764e-01   -1.2382271347102389e-02   -2.6151430673090246e-03    1.7320336390781298e-04   -2.0225641945938524e-04 
   2.3958695097953966e-03    2.2975015841893667e-02    5.7129894932729398e-03   -3.3536244627035690e-03    1.0598172846511666e-03 
  -1.3159871289477206e-03   -6.3824070381468152e-03    1.1753996023870405e-02   -1.2673895718979885e-02    4.2116613473843377e-03 
  -1.1560340450092977e-03    2.9198010581827250e-02    1.0360574420225584e-02   -6.4017707272749254e-03    2.2100825115837983e-03 
  -1.2163444448038861e-03   -1.1709963917694969e-02   -1.7009595657675906e-02    1.5629366839395965e-02   -5.1691549353595038e-03 
   2.1634619814973294e-03    1.8591711463347569e-02    1.6423834646783195e-02   -1.4488782573632290e-02    4.7744782666026353e-03 
   5.2541668658132815e-03    5.8376075912841144e-03   -8.0577043101232428e-04    4.2800293763559425e-04    7.2529289936472342e-04 
  -5.8779144982807707e-04    1.7200216492585491e-04    2.6272109086412552e-04    4.1289355261523960e-04   -1.7641966054142769e-04 
   7.5900983045719137e-03   -1.6532743987441021e-03   -2.0977045987415066e-03   -1.0843088373332307e-03   -6.8440250786658383e-04 
   5.0412004902274750e-04   -9.8316698458888845e-04   -3.1444798503873143e-03   -3.1088917258569153e-03    6.9017687478619815e-04 
  -3.8868336339615431e-03    7.9057274233953448e-04   -2.6836541246931835e-03   -2.3376214218438886e-03    8.6336103147938831e-04 
 TENSORSUMACCUMULATOR_IMPL_H - PrettifyOut: Norm of simple tensor is 1.9447e-05 
 As simple full tensor 3    5 5 5 
  -1.6650380232367161e-07   -1.1317764539454897e-08   -7.9747899571991596e-10   -2.7199846532688402e-10    1.3369823236026663e-10 
  -2.5760845392833862e-09   -6.5681695991056876e-10    2.1902607920263041e-09    1.5826458226562788e-10    6.1683214662185693e-10 
  -5.8922218002490371e-09   -4.2186708235791421e-09   -2.7177154656341188e-10    1.6030987485749239e-10    3.3684910245976822e-10 
   7.6874724685450428e-11    7.2393602749336159e-10    2.2197576896045790e-10   -3.3389740177184016e-10   -1.0758714636239329e-10 
  -8.6967999580241484e-10   -6.0830798840836345e-10    1.6770607580787827e-10    2.4303089939848937e-10   -1.7537772237824325e-11 

   1.9033007090032583e-05   -1.5167631322102968e-06   -3.2712493052618139e-07    3.7916827825274632e-08   -2.4785858939483906e-08 
  -5.3643168481544435e-07   -1.0193055931394582e-06   -1.0803323370693726e-06    9.7087569783261129e-07   -3.2203250726909964e-07 
  -2.6873081871145543e-07   -5.2238554130019264e-07   -3.0435616010727578e-08    6.9686192667328543e-09   -1.3746388491989684e-09 
   1.4151563862117703e-07    1.0526348233459409e-07    1.4566731046069565e-08   -2.5194444425876899e-09    3.9563647423456222e-10 
  -8.5799767914777374e-09    2.2153084105820163e-09    4.0461063180283531e-10    7.6733355005997687e-11   -4.3872974876785494e-11 

   6.2307239787524855e-11   -2.8875786820351067e-09    1.0140858116193512e-10   -3.9666997629183689e-10    8.9199535895948540e-11 
  -7.4833843673741645e-10   -1.4644622095345347e-10    4.0193719101234877e-10    1.3386804545244507e-10    8.5797599305572364e-11 
  -2.8865903829521907e-09   -1.4633403877062978e-09   -4.0599372787806287e-10    2.4698041474626839e-10   -3.2281585409603673e-10 
  -4.5965540180973431e-10   -4.4905738677494496e-10    6.0168077824209437e-11   -1.4173800941346822e-10   -1.0608350628447450e-10 
  -3.2355804558502131e-10   -3.0375703961814685e-10    1.1485154411311577e-10    3.8974820217753525e-11   -2.9273340519221518e-11 

  -2.7678155392470771e-06   -1.3712195811323613e-06   -1.7638322507910991e-07    2.7691378180279023e-08   -4.3810620564072554e-09 
  -1.5360718608099240e-08   -1.1241214857619802e-08   -6.6108963646936291e-09    5.4140863636240782e-09   -1.7553007474622580e-09 
  -1.4487095810856177e-09   -2.7809210643424382e-09   -2.1666618911656017e-10    4.4520080620002591e-11   -7.4615781555133276e-11 
   7.5060687331902878e-10    5.7390801611943540e-10    1.6165810381864813e-10    4.4681357330752429e-11    5.7390793251152695e-11 
  -1.2157298257159489e-10    1.3472636287978533e-10    2.9766580524879938e-10    1.2984187780688181e-10    6.3622359900719651e-11 

   7.0714423341351540e-10    4.4166118549716353e-11    3.6803964311119106e-11   -3.4517941960092124e-11    1.0662503015037012e-11 
  -8.9638247693084214e-12   -3.8279344111209574e-12    4.7179130363645906e-12   -3.8359932721226211e-12    1.9033905688598867e-12 
  -2.4899652185356453e-11   -1.6617736910691858e-11   -2.3425851127496048e-11    1.3059479237438007e-11   -7.7240333561392187e-12 
  -6.6844874435319974e-12   -1.8765213685410091e-11    1.0358769954877295e-12   -1.0912809138121054e-11    2.1011781852162940e-12 
  -7.1849206596381890e-12   -2.7923324724926636e-12    2.2661212875830763e-12    8.5547222203617356e-13   -1.2656788690819297e-12 
