2    103 5 
  -1.7315308067955683e-05    1.3859823006512855e-04    6.4204290975089096e-07    8.4834062989282919e-06   -6.5661762681744691e-08 
   1.6317836634658890e-04   -1.0745956479131042e-04    9.4194724441562104e-06   -3.7014112353426761e-04    1.3950207102001252e-06 
   2.6412176084334490e-04    7.2104445818204591e-04    1.1455662972905447e-06    4.0605958188788717e-04   -7.0586405723797798e-07 
  -1.8656535360037324e-04    1.2489512990157018e-05   -1.2149167099039827e-06   -4.9121774781022250e-05   -4.3127293569915050e-07 
  -3.3312467471018038e-04    7.4784354581706615e-05   -4.3173347988595894e-05    6.9311078071626869e-04   -3.1119068247941069e-06 
  -2.8186396452901919e-04   -7.5111416579179822e-05   -4.6065299703082285e-06   -1.0809896750193037e-07   -6.8425531572959962e-07 
  -3.8245935193898743e-04   -7.0128650169800041e-05   -7.0658936558838187e-05   -1.3879369276864804e-04   -2.4816793592943436e-06 
  -1.5533139567618868e-04    2.3250389337890252e-04    8.2379517446212538e-06   -5.9430559428096032e-04    4.6491976801757521e-07 
  -1.0463208209046006e-04   -4.3062031439764951e-04   -2.7958698952252459e-04   -2.7595438382780295e-04   -1.8518831422507638e-05 
  -2.5769110120005463e-04   -4.2488280139874281e-05   -2.5790447569844590e-04    2.2339619079380382e-04   -1.6733790173761032e-05 
  -1.9720751472854996e-04   -7.9529057449300390e-06    1.7284094180473491e-05   -8.8551886881399293e-05    2.8173853036670072e-06 
  -1.6845339088386786e-05   -3.2379229006702491e-06   -3.4894473463930701e-05   -6.6832805862371461e-06   -1.4607156746471406e-05 
   1.8357879469837336e-05    4.1810516712891876e-05   -5.2107061996091184e-05   -8.7426288309671324e-07   -9.0207177909779159e-06 
   1.7697248227519482e-06   -4.8982747758392436e-05    8.7364006930514199e-05   -2.4789510065290466e-05    6.7529600730429631e-06 
   1.2427529051611784e-05   -1.4144637600968046e-05   -3.7667504795952736e-05    4.6842333155948168e-06    7.1016574640224658e-06 
  -3.7944465703002272e-05    1.5757086455920328e-04    1.7051423169428125e-04    5.5606516080020525e-05    4.5463303293608464e-05 
   6.7705057204360325e-05   -2.8243675418913108e-03    2.6555612927572312e-06   -6.7608590555603247e-05    1.9276931169317197e-07 
   2.4400365189599281e-05    7.4094943156920130e-06    8.9532020254260619e-06   -2.8474462801475264e-04    7.6973350349803822e-07 
  -1.2234317552989329e-04   -2.6802455884274941e-06   -4.8306695961589341e-07   -1.0569921291409891e-05   -4.2337295730401219e-07 
  -9.6220969355767607e-08    6.1276276322155814e-10    1.4513311279937149e-05    4.4824859597486302e-07    5.0742627954800655e-08 
   6.7044100106583653e-09    1.4159231620101943e-10    6.6112242030345162e-09   -4.1911192097520848e-09   -1.8411950109145988e-06 
  -8.9918178570775898e-06    3.7510046585549693e-04   -3.5268153427157450e-07    8.9790062508147359e-06   -2.5601433788724259e-08 
  -3.2405797807511970e-06   -9.8404500418121763e-07   -1.1890627550502181e-06    3.7816552213548324e-05   -1.0222727441250595e-07 
   1.6248233083989258e-05    3.5595982247872127e-07    6.4155475129834623e-08    1.4037770727986793e-06    5.6227594730468576e-08 
   1.2778977911014690e-08   -8.1380200888936967e-11   -1.9274934092199536e-06   -5.9531294944938852e-08   -6.7390603744979417e-09 
  -8.9040370312433881e-10   -1.8804685644063064e-11   -8.7802782097288933e-10    5.5661692209548395e-10    2.4452664041819670e-07 
   4.1448191778574668e-06   -1.7290425909566082e-04    1.6257015101506003e-07   -4.1389136099087512e-06    1.1801096889949693e-08 
   1.4937599310980797e-06    4.5360000280641210e-07    5.4810386388431174e-07   -1.7431711067388760e-05    4.7122125272092943e-08 
  -7.4896966512514293e-06   -1.6408129281613988e-07   -2.9572756911817605e-08   -6.4707740139473958e-07   -2.5918364525167069e-08 
  -5.8905277621142971e-09    3.7512572285576339e-11    8.8848681931878634e-07    2.7441220106149512e-08    3.1064004103433386e-09 
   4.1043562085059040e-10    8.6681050406002466e-12    4.0473090190503742e-10   -2.5657509194377456e-10   -1.1271566270714027e-07 
   8.6550701328168223e-07   -2.0650284190705805e-04   -9.2556149017704643e-09   -4.2549026116764140e-07    1.3809924738542735e-09 
   1.9515015628745333e-05    7.5577587549950118e-08    1.1594516068930875e-06    2.9913397153617447e-06    8.7673803785262839e-08 
   1.8458781679707386e-06    3.2720762248488222e-08    2.2471698918200335e-07   -1.2130421932666136e-05    9.6968998393673917e-09 
  -1.2729792965319826e-07   -6.6669185245162372e-10    2.0886425715548190e-06    1.9362226197558270e-08    5.3294044880970760e-08 
   1.6650409681278854e-06   -3.9726505566533768e-04   -1.7805722842418171e-08   -8.1854763221079322e-07    2.6567191372894083e-09 
   3.7542504008505240e-05    1.4539429214536476e-07    2.2305243012634027e-06    5.7546652993374721e-06    1.6866469351942557e-07 
   3.5510547282461565e-06    6.2947392471762723e-08    4.3230498133538962e-07   -2.3336205447930629e-05    1.8654655882175662e-08 
  -2.4489260604229770e-07   -1.2825652830241702e-09    4.0180788786779376e-06    3.7248571482807004e-08    1.0252576434661756e-07 
  -8.6008309462939684e-07    2.0520873960773318e-04    9.1976122495288184e-09    4.2282381880669216e-07   -1.3723381351572327e-09 
  -1.9392719846453455e-05   -7.5103961478160580e-08   -1.1521856100836509e-06   -2.9725937282946335e-06   -8.7124373714367586e-08 
  -1.8343105054660278e-06   -3.2515709314250694e-08   -2.2330874332101574e-07    1.2054403574904700e-05   -9.6361317634292599e-09 
   1.2650018497355051e-07    6.6251385930038610e-10   -2.0755535645011854e-06   -1.9240887908889166e-08   -5.2960064266544989e-08 
   1.9622875127290675e-08   -4.6818563200412251e-06   -2.0984437174586262e-10   -9.6467644220620580e-09    3.1310021120939394e-11 
   4.4244669183907153e-07    1.7135038077754852e-09    2.6287220957266731e-08    6.7820000065955631e-08    1.9877506215572206e-09 
   4.1849963356095297e-08    7.4184890684748925e-10    5.0948095740780141e-09   -2.7502232930905984e-07    2.1984923489906341e-10 
  -2.8861133869684489e-09   -1.5115314801940949e-11    4.7353945997228718e-08    4.3898263218046102e-10    1.2082887506160055e-09 
   5.1307819513515514e-04    4.2860994241876881e-09    4.4564762721670670e-06    1.3095570579357949e-09    9.5823855878541733e-07 
   5.1307819513515514e-04    4.2860994241876881e-09    4.4564762721670670e-06    1.3095570579357949e-09    9.5823855878541733e-07 
   5.1307819513515514e-04    4.2860994241876881e-09    4.4564762721670670e-06    1.3095570579357949e-09    9.5823855878541733e-07 
   5.1307819513515514e-04    4.2860994241876881e-09    4.4564762721670670e-06    1.3095570579357949e-09    9.5823855878541733e-07 
   5.1307819513515514e-04    4.2860994241876881e-09    4.4564762721670670e-06    1.3095570579357949e-09    9.5823855878541733e-07 
   4.9534788035752357e-04    4.1379857590979941e-09    4.3024749369831499e-06    1.2643030224366748e-09    9.2512494873450887e-07 
   4.9534788035752357e-04    4.1379857590979941e-09    4.3024749369831499e-06    1.2643030224366748e-09    9.2512494873450887e-07 
   4.9534788035752357e-04    4.1379857590979941e-09    4.3024749369831499e-06    1.2643030224366748e-09    9.2512494873450887e-07 
   4.9534788035752357e-04    4.1379857590979941e-09    4.3024749369831499e-06    1.2643030224366748e-09    9.2512494873450887e-07 
   4.9534788035752357e-04    4.1379857590979941e-09    4.3024749369831499e-06    1.2643030224366748e-09    9.2512494873450887e-07 
  -1.4603729264339749e-07   -3.4605661190199853e-03   -5.5838244653107075e-08   -6.4633891044525669e-05   -1.8196833365598518e-08 
  -1.4603729264339749e-07   -3.4605661190199853e-03   -5.5838244653107075e-08   -6.4633891044525669e-05   -1.8196833365598518e-08 
  -1.4603729264339749e-07   -3.4605661190199853e-03   -5.5838244653107075e-08   -6.4633891044525669e-05   -1.8196833365598518e-08 
  -1.4603729264339749e-07   -3.4605661190199853e-03   -5.5838244653107075e-08   -6.4633891044525669e-05   -1.8196833365598518e-08 
  -1.4603729264339749e-07   -3.4605661190199853e-03   -5.5838244653107075e-08   -6.4633891044525669e-05   -1.8196833365598518e-08 
  -1.5866196178761818e-07   -3.7597260220387867e-03   -6.0665363477206955e-08   -7.0221378152584134e-05   -1.9769917860352627e-08 
  -1.5866196178761818e-07   -3.7597260220387867e-03   -6.0665363477206955e-08   -7.0221378152584134e-05   -1.9769917860352627e-08 
  -1.5866196178761818e-07   -3.7597260220387867e-03   -6.0665363477206955e-08   -7.0221378152584134e-05   -1.9769917860352627e-08 
  -1.5866196178761818e-07   -3.7597260220387867e-03   -6.0665363477206955e-08   -7.0221378152584134e-05   -1.9769917860352627e-08 
  -1.5866196178761818e-07   -3.7597260220387867e-03   -6.0665363477206955e-08   -7.0221378152584134e-05   -1.9769917860352627e-08 
  -2.4591670699300286e-07   -5.8273541567152977e-03   -9.4027744563111498e-08   -1.0883900514799704e-04   -3.0642209657333746e-08 
  -2.4591670699300286e-07   -5.8273541567152977e-03   -9.4027744563111498e-08   -1.0883900514799704e-04   -3.0642209657333746e-08 
  -2.4591670699300286e-07   -5.8273541567152977e-03   -9.4027744563111498e-08   -1.0883900514799704e-04   -3.0642209657333746e-08 
  -2.4591670699300286e-07   -5.8273541567152977e-03   -9.4027744563111498e-08   -1.0883900514799704e-04   -3.0642209657333746e-08 
  -2.4591670699300286e-07   -5.8273541567152977e-03   -9.4027744563111498e-08   -1.0883900514799704e-04   -3.0642209657333746e-08 
  -8.2537836324071519e-05    3.4431281135766031e-03   -3.2373399031117015e-06    8.2420235825754080e-05   -2.3500108490876912e-07 
  -2.9745981045224127e-05   -9.0327614261780707e-06   -1.0914663599211467e-05    3.4712629265346365e-04   -9.3836620997321345e-07 
   1.4914603744848706e-04    3.2674320179393653e-06    5.8889694939620679e-07    1.2885572651912963e-05    5.1612522456810208e-07 
   1.1730099563549848e-07   -7.4700642381274807e-10   -1.7692877909075991e-05   -5.4645060169427641e-07   -6.1859289301610183e-08 
  -8.1732077182788170e-09   -1.7261226711722319e-10   -8.0596068255985544e-09    5.1093068322067857e-09    2.2445627952557018e-06 
   9.6532093924661563e-05   -4.0269091274626207e-03    3.7862296070643815e-06   -9.6394554308229239e-05    2.7484542618419381e-07 
   3.4789400401344711e-05    1.0564262563987077e-05    1.2765240508344745e-05   -4.0598141868629432e-04    1.0974658308367269e-06 
  -1.7443368928329371e-04   -3.8214238280944831e-06   -6.8874419493938429e-07   -1.5070316413719063e-05   -6.0363405286364019e-07 
  -1.3718933318875842e-07    8.7366106839400389e-10    2.0692698381510501e-05    6.3910108572297996e-07    7.2347507408966716e-08 
   9.5589718638718485e-09    2.0187860893863816e-10    9.4261099846352804e-09   -5.9755877907918818e-09   -2.6251275320653579e-06 
  -2.1075587665201777e-05    5.0284615617656207e-03    2.2537948308239296e-07    1.0360929677423348e-05   -3.3627951594919337e-08 
  -4.7520172148801426e-04   -1.8403572096937364e-06   -2.8233305576556333e-05   -7.2840822130910008e-05   -2.1349069496409051e-06 
  -4.4948182454170645e-05   -7.9676915687314334e-07   -5.4719863995188091e-06    2.9538266811777694e-04   -2.3612502210742485e-07 
   3.0997769340218119e-06    1.6234325506784821e-08   -5.0859633651229356e-05   -4.7148121200411101e-07   -1.2977402813448341e-06 
   1.0886673065228532e-05   -2.5974704911502010e-03   -1.1642060885350530e-07   -5.3519766965345878e-06    1.7370643261904611e-08 
   2.4546721372878340e-04    9.5064335018532538e-07    1.4584018830002082e-05    3.7626197140448194e-05    1.1027941120617064e-06 
   2.3218150545939349e-05    4.1157406650433491e-07    2.8265748929648147e-06   -1.5258101401569406e-04    1.2197125693665838e-07 
  -1.6012012851983672e-06   -8.3859011209771065e-09    2.6271732611871077e-05    2.4354537074007219e-07    6.7035256102993419e-07 
   1.1774322397753357e-04   -4.9117474205216038e-03    4.6181830573661553e-06   -1.1757546259160514e-04    3.3523759051225468e-07 
   4.2433723303428157e-05    1.2885562538400767e-05    1.5570164400185409e-05   -4.9518827539785776e-04    1.3386135105361721e-06 
  -2.1276224425981603e-04   -4.6611105530930811e-06   -8.4008290622250978e-07   -1.8381737811444094e-05   -7.3627139531707942e-07 
  -1.6733413446494961e-07    1.0656318191610916e-09    2.5239533518616557e-05    7.7953164819251104e-07    8.8244524931971758e-08 
   1.1659377927108926e-08    2.4623767393967590e-10    1.1497322124017817e-08   -7.2886119325012906e-09   -3.2019504230250229e-06 
   1.7854112825426677e-05   -4.2598442087723913e-03   -1.9092946699338748e-07   -8.7772265417044570e-06    2.8487805483830084e-08 
   4.0256553150793312e-04    1.5590523871944813e-06    2.3917749350870067e-05    6.1706856163702280e-05    1.8085792033980419e-06 
   3.8077700777931941e-05    6.7498029704392553e-07    4.6355747753368174e-06   -2.5023242848682211e-04    2.0003251404339764e-07 
  -2.6259655480477802e-06   -1.3752853958203654e-08    4.3085566670495153e-05    3.9941371447920293e-07    1.0993762911526291e-06 
   8.5673037041675101e-06   -2.0440880723581992e-03   -9.1617586704036396e-08   -4.2117559241572066e-06    1.3669885691415660e-08 
   1.9317124311807725e-04    7.4811195730658077e-07    1.1476942294060036e-05    2.9610061421306398e-05    8.6784750718534112e-07 
   1.8271601065294730e-05    3.2388958530995021e-07    2.2243825460277105e-06   -1.2007413823580728e-04    9.5985687738980951e-08 
  -1.2600706955747810e-06   -6.5993128760334912e-09    2.0674627663750519e-05    1.9165884236374556e-07    5.2753618527896639e-07 
2    103 5 
  -2.1719630730992526e-03   -5.6649222845020518e-02   -1.4371300424794635e-04    1.3366221520389079e-03   -3.7254353874055241e-05 
  -2.2501359329396432e-02   -3.0788550734315887e-02    3.5084513806091233e-04    7.3873365394285717e-03   -1.2941813931774664e-04 
  -8.6161782297838243e-03   -5.0935477821461225e-03    1.2280800399666397e-04    1.0757862132055354e-02   -3.9388686063069646e-05 
   3.5704485790660212e-02    1.2842459832406958e-02    6.4814984804494914e-04    1.7462040679544467e-02    9.0581480356847349e-05 
   3.3879232401361728e-03    9.2999309201822790e-03   -2.0755880858381107e-04    2.5786699502350905e-04    5.6860867331771448e-05 
   6.2822903424839982e-02   -1.0726667449940394e-02    3.2630561095224608e-04    4.8600700404599750e-03    2.6984669502453165e-04 
   1.3283932002255022e-03    3.8146150437381732e-03    3.5172567033593511e-03    1.7880705722490477e-03   -1.4469575675725053e-05 
  -2.6094363501468765e-03    1.4902358168968834e-03   -5.0265783360852541e-04   -3.6705286973763916e-03   -6.2675964342828023e-05 
  -2.6767083597177381e-03    2.0535282276584919e-04   -2.2724626689197506e-05   -2.0084654425749052e-03    8.4341405321259342e-05 
   1.1043827577341492e-03   -7.1440950504408961e-04    1.5004245977608868e-03    3.2886214979003505e-03   -3.6442200361791673e-05 
   1.9408853057309992e-03    2.4731005590606365e-03    5.8461653210905469e-03    2.2330075502579334e-03   -3.5071595251960793e-04 
   6.3423424733257084e-03    1.4825661475195780e-03    4.0658111888856527e-04   -4.1458808478296487e-03    1.2832882988704744e-03 
  -1.2615267488664810e-03    2.6183113370613583e-03   -4.9262396597436978e-03    2.0571627397554669e-03   -2.1149026031126797e-03 
   4.0827849448009258e-03    6.4708301662875676e-04   -7.2817537715209012e-04   -2.4842349900523366e-03    5.2920293340304712e-04 
  -3.0331816390168141e-04    7.6524718995941109e-04   -2.7600392324021359e-03    2.2468948819819282e-03   -1.4614793251174327e-03 
  -1.5820851407360602e-03   -2.0027560570978555e-04   -8.4544516997005681e-04    1.6774157898102823e-03    2.0708132391617819e-04 
   5.8668898538535054e-07    9.8403452155585939e-03   -2.4795391549389036e-07    1.2935528431945220e-04   -3.2266736501906980e-08 
   5.8668898538535054e-07    9.8403452155585939e-03   -2.4795391549389036e-07    1.2935528431945220e-04   -3.2266736501906980e-08 
   5.8668898538535054e-07    9.8403452155585939e-03   -2.4795391549389036e-07    1.2935528431945220e-04   -3.2266736501906980e-08 
   5.8668898538535054e-07    9.8403452155585939e-03   -2.4795391549389036e-07    1.2935528431945220e-04   -3.2266736501906980e-08 
   5.8668898538535054e-07    9.8403452155585939e-03   -2.4795391549389036e-07    1.2935528431945220e-04   -3.2266736501906980e-08 
   3.7741801049293737e-07    6.3303106182919580e-03   -1.5950917063522350e-07    8.3214471842400729e-05   -2.0757245830430510e-08 
   3.7741801049293737e-07    6.3303106182919580e-03   -1.5950917063522350e-07    8.3214471842400729e-05   -2.0757245830430510e-08 
   3.7741801049293737e-07    6.3303106182919580e-03   -1.5950917063522350e-07    8.3214471842400729e-05   -2.0757245830430510e-08 
   3.7741801049293737e-07    6.3303106182919580e-03   -1.5950917063522350e-07    8.3214471842400729e-05   -2.0757245830430510e-08 
   3.7741801049293737e-07    6.3303106182919580e-03   -1.5950917063522350e-07    8.3214471842400729e-05   -2.0757245830430510e-08 
   4.6457396287831438e-04    2.1517082178499299e-08    3.8348205460096772e-04   -1.3705309001456217e-08    8.8022756853926067e-06 
   4.6457396287831438e-04    2.1517082178499299e-08    3.8348205460096772e-04   -1.3705309001456217e-08    8.8022756853926067e-06 
   4.6457396287831438e-04    2.1517082178499299e-08    3.8348205460096772e-04   -1.3705309001456217e-08    8.8022756853926067e-06 
   4.6457396287831438e-04    2.1517082178499299e-08    3.8348205460096772e-04   -1.3705309001456217e-08    8.8022756853926067e-06 
   4.6457396287831438e-04    2.1517082178499299e-08    3.8348205460096772e-04   -1.3705309001456217e-08    8.8022756853926067e-06 
  -2.7280195527041333e-03   -1.1445044314636697e-05   -3.3232703219571885e-03    9.5652888735281055e-07   -8.7677473465236175e-06 
   1.0599349081301021e-06   -1.8959800201749790e-04   -3.1466855702644369e-05    7.5245484408127070e-05   -3.6568851054223669e-05 
   5.8913734207705844e-07    5.8516968419158528e-06    2.2585729855203744e-04    2.0401027113108989e-05    2.5120669144836077e-04 
   2.5237345043790383e-08   -3.8259072325370831e-05    2.7914176846364799e-06   -4.3820240183669493e-05    3.0815887456327260e-06 
  -4.5052103570268268e-04   -1.7218553070257975e-01   -3.2610319018954543e-04   -1.1886175457791927e-01    3.7189882062368214e-05 
  -8.0899901411490994e-03   -9.5202894279415443e-04   -3.2154224901407673e-03   -2.5701369973684558e-03    3.0391286800845771e-03 
  -1.4416010953099763e-06    7.0387686725432094e-03    9.0716355637571286e-04    1.8002216270068302e-02    8.1986839285589459e-04 
  -1.0500700577462921e-03    8.7404259440109118e-05   -2.7473943032433144e-03    2.2151284903608459e-04   -2.0522750078320949e-03 
  -2.3271831384334021e-04   -8.8943075234714147e-02   -1.6844981376169999e-04   -6.1398480678467433e-02    1.9210571670839028e-05 
  -4.1789144467383492e-03   -4.9177408542434051e-04   -1.6609384266206371e-03   -1.3276138092887964e-03    1.5698732044311676e-03 
  -7.4466439866006987e-07    3.6359020937894639e-03    4.6859870347809091e-04    9.2991116591905985e-03    4.2350606262209857e-04 
  -5.4241758739400161e-04    4.5148994758707836e-05   -1.4191767288210012e-03    1.1442328467950162e-04   -1.0601102756957659e-03 
  -3.2336254313769998e-02   -1.3306448553824086e-04   -5.8647806547438348e-02   -6.3310429687904658e-05   -2.9212658963550308e-02 
  -1.4738167756473482e-04   -1.8659410482037447e-03   -7.4284003410411703e-04    3.3692723677974102e-05   -1.0470408403737200e-03 
   1.1055414445609979e-03    1.7252210424684687e-04    5.2731623371074154e-03    3.9719889183352801e-04    7.2777448794138742e-03 
   1.3756208197313092e-05   -6.8600230037148215e-04    6.5013387602349531e-05   -1.0985718385788802e-03    8.9422244078255842e-05 
  -3.8287919128673287e-06   -5.1297456398592602e-04   -5.6890807243877744e-08   -8.9962855425440501e-06    3.7496955276844954e-09 
   9.8157248910707015e-07   -1.1250957509094037e-06    1.5111816387049817e-07    6.3735046530421333e-05    2.5154977243161321e-09 
   1.6412852985636935e-05   -1.1802418077616865e-07   -1.4952765843068620e-07   -2.5449977008728168e-07   -1.6867068187830539e-08 
   2.2125528268821901e-08   -3.2836411372063394e-10    2.4407428843759351e-06   -6.1331348821036780e-09   -1.2799456373887917e-08 
   5.0161594012127241e-10   -4.1663681700326625e-14    2.4439621787678174e-09   -3.1949352776575174e-11    4.6692434459465777e-07 
  -3.6964813089927959e-06   -4.9524783036398188e-04   -5.4924845856409692e-08   -8.6854031546134061e-06    3.6201182377967223e-09 
   9.4765253426598161e-07   -1.0862160986307783e-06    1.4589601130302094e-07    6.1532570478883635e-05    2.4285702990280778e-09 
   1.5845678132771326e-05   -1.1394564869982046e-07   -1.4436046856162565e-07   -2.4570508522780581e-07   -1.6284197133902329e-08 
   2.1360941925946308e-08   -3.1701691722476411e-10    2.3563987433822797e-06   -5.9211936749652111e-09   -1.2357148763384581e-08 
   4.8428172362141721e-10   -4.0223920279268283e-14    2.3595067894235769e-09   -3.0845286988862144e-11    4.5078895687890849e-07 
  -2.5827594252156413e-05   -3.4603340170511984e-03   -3.8376404871586181e-07   -6.0685568204557521e-05    2.5294039702887472e-08 
   6.6213198718211682e-06   -7.5894739674039373e-06    1.0193864564593675e-06    4.2993272000443422e-04    1.6968604208423879e-08 
   1.1071495058499236e-04   -7.9614685843483932e-07   -1.0086575032829730e-06   -1.7167599986281024e-06   -1.1377891598514705e-07 
   1.4925051550106272e-07   -2.2150211578864012e-09    1.6464336095061094e-05   -4.1371827676603694e-08   -8.6340332249967646e-08 
   3.3837130005229231e-09   -2.8104757074697602e-13    1.6486052247629307e-08   -2.1551835119564606e-10    3.1496965082162608e-06 
  -2.8060344711457619e-05   -3.7594738552597685e-03   -4.1693978113864026e-07   -6.5931729692105583e-05    2.7480665302346460e-08 
   7.1937214219095820e-06   -8.2455707498272894e-06    1.1075106370022399e-06    4.6709965350534951e-04    1.8435510435545499e-08 
   1.2028606488842823e-04   -8.6497236523531041e-07   -1.0958541845435451e-06   -1.8651709051192019e-06   -1.2361490475144185e-07 
   1.6215296215492079e-07   -2.4065058722329507e-09    1.7887649223625821e-05   -4.4948349993983484e-08   -9.3804303326996578e-08 
   3.6762290855404130e-09   -3.0534364286830445e-13    1.7911242699693374e-08   -2.3414953662166542e-10    3.4219822757841058e-06 
  -4.3491883566692983e-05   -5.8269633130423049e-03   -6.4623213300013070e-07   -1.0219030238601711e-04    4.2593414583994498e-08 
   1.1149845011175715e-05   -1.2780149591176893e-05    1.7165763346345318e-06    7.2397698435979093e-04    2.8573956649502913e-08 
   1.8643632437940368e-04   -1.3406562814554600e-06   -1.6985095190502157e-06   -2.8909051785206611e-06   -1.9159583033783330e-07 
   2.5132755219349009e-07   -3.7299425318528667e-09    2.7724804000647933e-05   -6.9667298265764826e-08   -1.4539115183024282e-07 
   5.6979388171068704e-09   -4.7326468366711447e-13    2.7761372500593857e-08   -3.6291800719705378e-10    5.3038712188350150e-06 
   2.0538763872328702e-07    3.4449006516085864e-03   -8.6803520236593183e-08    4.5284600639470468e-05   -1.1295914845035453e-08 
   2.0538763872328702e-07    3.4449006516085864e-03   -8.6803520236593183e-08    4.5284600639470468e-05   -1.1295914845035453e-08 
   2.0538763872328702e-07    3.4449006516085864e-03   -8.6803520236593183e-08    4.5284600639470468e-05   -1.1295914845035453e-08 
   2.0538763872328702e-07    3.4449006516085864e-03   -8.6803520236593183e-08    4.5284600639470468e-05   -1.1295914845035453e-08 
   2.0538763872328702e-07    3.4449006516085864e-03   -8.6803520236593183e-08    4.5284600639470468e-05   -1.1295914845035453e-08 
   2.4021103187579627e-07    4.0289821986189403e-03   -1.0152102286241188e-07    5.2962586820261273e-05   -1.3211132752554713e-08 
   2.4021103187579627e-07    4.0289821986189403e-03   -1.0152102286241188e-07    5.2962586820261273e-05   -1.3211132752554713e-08 
   2.4021103187579627e-07    4.0289821986189403e-03   -1.0152102286241188e-07    5.2962586820261273e-05   -1.3211132752554713e-08 
   2.4021103187579627e-07    4.0289821986189403e-03   -1.0152102286241188e-07    5.2962586820261273e-05   -1.3211132752554713e-08 
   2.4021103187579627e-07    4.0289821986189403e-03   -1.0152102286241188e-07    5.2962586820261273e-05   -1.3211132752554713e-08 
  -2.2440061860975969e-05   -5.0284652553626331e-03    1.2790346687799576e-06    3.0401709349085542e-06    2.4047363416889522e-09 
  -4.6953933704062934e-04    2.0941438141380438e-06    9.7904810709307401e-05   -4.3217976316990710e-05    1.6750690051530999e-06 
  -2.1759428627885544e-05    2.8335812085318434e-07    2.6671380568861820e-05    2.9684499153438747e-04    1.6850829610106657e-07 
  -1.0607569523809020e-05    3.7037367341311824e-08   -4.9135445688359858e-05    3.6415299469626722e-06   -7.6251540171313348e-06 
  -1.1591497277549828e-05   -2.5974723990914530e-03    6.6069010740284610e-07    1.5704115850305389e-06    1.2421754864404949e-09 
  -2.4254228801721728e-04    1.0817377630581632e-06    5.0573093506909354e-05   -2.2324406141268222e-05    8.6526311439035336e-07 
  -1.1239913653705286e-05    1.4636968947724948e-07    1.3777200667619330e-05    1.5333638260636696e-04    8.7043586047187546e-08 
  -5.4793794249952691e-06    1.9131789625367679e-08   -2.5381096917486375e-05    1.8810458156418887e-06   -3.9388016208718178e-06 
   2.9299293300422932e-07    4.9142760104605148e-03   -1.2382837714725533e-07    6.4600129023146047e-05   -1.6114033161810258e-08 
   2.9299293300422932e-07    4.9142760104605148e-03   -1.2382837714725533e-07    6.4600129023146047e-05   -1.6114033161810258e-08 
   2.9299293300422932e-07    4.9142760104605148e-03   -1.2382837714725533e-07    6.4600129023146047e-05   -1.6114033161810258e-08 
   2.9299293300422932e-07    4.9142760104605148e-03   -1.2382837714725533e-07    6.4600129023146047e-05   -1.6114033161810258e-08 
   2.9299293300422932e-07    4.9142760104605148e-03   -1.2382837714725533e-07    6.4600129023146047e-05   -1.6114033161810258e-08 
  -1.9010022526533586e-05   -4.2598473377906112e-03    1.0835298947195914e-06    2.5754705274511527e-06    2.0371642604684303e-09 
  -3.9776866167015986e-04    1.7740468509935631e-06    8.2939729336334084e-05   -3.6611962499351873e-05    1.4190290436246462e-06 
  -1.8433426384619311e-05    2.4004587393151611e-07    2.2594569862106509e-05    2.5147123082449241e-04    1.4275123324681183e-07 
  -8.9861666535802672e-06    3.1376080504762698e-08   -4.1624926667932269e-05    3.0849097810729593e-06   -6.4596234418602591e-06 
  -9.1219674704831967e-06   -2.0440895738189353e-03    5.1993228514761254e-07    1.2358406382636493e-06    9.7753414495361563e-10 
  -1.9086946306709439e-04    8.5127714305908880e-07    3.9798664728604037e-05   -1.7568265923067128e-05    6.8092169578166513e-07 
  -8.8452875642491658e-06    1.1518611565928970e-07    1.0842014048327301e-05    1.2066857806936426e-04    6.8499240557513612e-08 
  -4.3120159265401605e-06    1.5055825700165388e-08   -1.9973738931458485e-05    1.4802952828196512e-06   -3.0996530817349155e-06 
2    103 5 
   1.5665957947447497e-02    9.2725141613055145e-02   -1.4987901427511330e-02   -6.2937957567967961e-04   -2.5501559599706023e-04 
  -3.3999342800825359e-02   -1.5885206844271122e-03   -4.3279369128195284e-03   -1.6018477707267531e-04    3.1772345382415478e-05 
  -3.2191163196030312e-02    1.7452171798427445e-03   -2.5229178286198706e-03    3.3873286452813355e-04    4.6991704033118396e-05 
  -5.6537744893813746e-02   -2.0222004710020425e-03   -4.6756899635585682e-03   -3.4273619024129858e-04    3.9459030380337124e-05 
   3.1055088948180855e-02    6.4892847839837240e-03    9.7469220442239751e-03    2.6559339968351600e-04   -9.1302995838404063e-05 
   2.9254391042323712e-02   -7.3315648426431918e-03    2.0155490922062272e-03   -9.0805709052937169e-07   -2.2895246977600687e-05 
  -4.5745446457218735e-04    2.2258430822224393e-03    1.4177062668292320e-03   -2.3376391812800026e-03    7.2573253397134640e-05 
   6.2130198194855537e-05    1.3854988632697465e-03   -1.4722843059250990e-03   -1.3307839759275047e-03   -6.6812543721639608e-05 
  -5.5457254117044139e-04    6.3265448454797278e-04   -2.1397743834186546e-03    1.6487182221963206e-03    1.5796788507499470e-04 
   9.5685484213571125e-04    1.8351101558898024e-03   -1.9184715508109098e-03    2.0538324350255913e-03    1.0370540535183776e-04 
   3.5946487831523173e-04   -2.5987081802565822e-03   -4.5656944312011064e-03    2.2627039408187966e-03   -1.4539323088341065e-04 
   2.2669646822557265e-04   -1.9564526691710361e-04   -2.0497777207115431e-04   -7.1130686807781578e-04   -2.8950771102469761e-04 
   1.3007518756649896e-04   -1.1318292542106692e-03   -1.4473624467582666e-04    5.1950183401667268e-04   -4.5941142318210818e-05 
  -4.7822072119656910e-05   -3.0411438596715903e-04   -1.7801590960188774e-03   -1.3432636800342413e-03   -5.1829390761225604e-04 
  -1.0674780640458278e-03    1.8110280817372528e-04   -2.3752423602664665e-03   -5.0019012886510887e-04    5.6061014868088359e-04 
  -4.5277883409525248e-04    9.1127877095817877e-04    9.7307147295281932e-04    1.3164665398394078e-03    5.4940961793966212e-05 
  -2.2434478724314469e-03   -3.4154420067371183e-02   -1.6150674898770033e-03   -6.7412806748180356e-05    2.6740248323281214e-05 
   3.4489416601205924e-03    6.9776920229523839e-05    4.2513661067080369e-03    1.6416569523471122e-04    2.5308583612722404e-05 
  -3.7374819720691443e-05    1.8163747373527237e-03    4.5642155591546416e-06    2.1046162058591692e-03    7.0847262640207401e-05 
  -6.7556001981118160e-07   -3.9365164043494732e-06    2.4641836821991190e-04    1.8954159519837970e-05    2.7594663972309574e-04 
   4.1963139230495887e-08   -4.3302524349127030e-08   -2.7200473497714187e-06    3.5045476732815016e-05   -3.7619090642973990e-06 
  -8.2345005747284872e-02   -7.8809908627890304e-03   -6.7394514776405137e-02   -3.9914400811201711e-03   -2.5685772312318425e-04 
   2.3076448468648314e-04    1.3890437545562380e-02    5.7739374271722577e-04    9.7150841986732399e-03    4.5555487596628242e-04 
   2.9123297319110977e-03    2.6503715399536764e-05    8.3502654393172865e-03    1.8831817500067360e-04    5.3624119657018328e-03 
  -4.2636711820103992e-06    4.8335911384441848e-04    4.1677668181957288e-05    1.2605597815033588e-03    1.2884065907392466e-04 
  -1.0466483155714286e-07   -4.8751493804683898e-06    7.9392515976444081e-05   -1.5408155126914534e-05    1.9586676999892879e-04 
  -1.3734108130372482e-04   -2.0908910079869632e-03   -9.8872417836834886e-05   -4.1269279693491253e-06    1.6370046588465043e-06 
   2.1113990780675037e-04    4.2716560487675829e-06    2.6026333185110833e-04    1.0050019157377120e-05    1.5493599304671337e-06 
  -2.2880398591157341e-06    1.1119619650909232e-04    2.7941558522516473e-07    1.2884197979102968e-04    4.3371810764960828e-06 
  -4.1356942029536097e-08   -2.4098862567163480e-07    1.5085425233322987e-05    1.1603500110909673e-06    1.6893109194743470e-05 
   2.5689310581434819e-09   -2.6509265449722223e-09   -1.6651790701517758e-07    2.1454403859505854e-06   -2.3029938203865096e-07 
   7.2766240441009809e-04    5.3243507551163511e-05    5.9620551517196318e-04    1.0265465070620480e-05    3.4088683775562826e-06 
   7.2766240441009809e-04    5.3243507551163511e-05    5.9620551517196318e-04    1.0265465070620480e-05    3.4088683775562826e-06 
   7.2766240441009809e-04    5.3243507551163511e-05    5.9620551517196318e-04    1.0265465070620480e-05    3.4088683775562826e-06 
   7.2766240441009809e-04    5.3243507551163511e-05    5.9620551517196318e-04    1.0265465070620480e-05    3.4088683775562826e-06 
   9.1170201876087792e-03    3.6342682658569131e-05    2.2107715647734307e-05   -5.0522740006173009e-07    3.0836878026798022e-06 
   9.1170201876087792e-03    3.6342682658569131e-05    2.2107715647734307e-05   -5.0522740006173009e-07    3.0836878026798022e-06 
   9.1170201876087792e-03    3.6342682658569131e-05    2.2107715647734307e-05   -5.0522740006173009e-07    3.0836878026798022e-06 
   9.1170201876087792e-03    3.6342682658569131e-05    2.2107715647734307e-05   -5.0522740006173009e-07    3.0836878026798022e-06 
   3.6428544661009759e-04    4.6951039656196241e-03    4.6960325301310382e-05    1.7659161665580440e-05   -2.3334057242698492e-07 
   3.6428544661009759e-04    4.6951039656196241e-03    4.6960325301310382e-05    1.7659161665580440e-05   -2.3334057242698492e-07 
   3.6428544661009759e-04    4.6951039656196241e-03    4.6960325301310382e-05    1.7659161665580440e-05   -2.3334057242698492e-07 
   3.6428544661009759e-04    4.6951039656196241e-03    4.6960325301310382e-05    1.7659161665580440e-05   -2.3334057242698492e-07 
   5.8488483813446377e-04    2.3314946799195922e-06    1.4182778388186556e-06   -3.2411888975284261e-08    1.9782804076478054e-07 
   5.8488483813446377e-04    2.3314946799195922e-06    1.4182778388186556e-06   -3.2411888975284261e-08    1.9782804076478054e-07 
   5.8488483813446377e-04    2.3314946799195922e-06    1.4182778388186556e-06   -3.2411888975284261e-08    1.9782804076478054e-07 
   5.8488483813446377e-04    2.3314946799195922e-06    1.4182778388186556e-06   -3.2411888975284261e-08    1.9782804076478054e-07 
  -5.1296980849651068e-04    1.0014867594848883e-05    2.6047011043581198e-07   -2.7897399560478454e-07   -1.7797525748993856e-07 
   1.2431098442967564e-06    6.3716024567172730e-05   -1.7598927839695862e-06   -1.6057005761460256e-07    9.0610033767887078e-08 
   1.7361474681320621e-08    4.5130849215937043e-07    1.6402114178315518e-05   -4.8500843954378999e-07    1.2050936126533966e-07 
  -1.0813483197141598e-09    8.3500728489185536e-09    7.2745970122596325e-08    2.4365214370370344e-06   -1.2616391537206242e-07 
  -1.8945617048048573e-10   -6.7268420772953587e-10   -2.6908352687570594e-09    2.4227411004887461e-08    4.6629376226738148e-07 
  -4.9524323920882411e-04    9.6687863218643678e-06    2.5146911001915058e-07   -2.6933356105943518e-07   -1.7182501105996621e-07 
   1.2001520085291537e-06    6.1514205852858259e-05   -1.6990766094945755e-06   -1.5502127832060160e-07    8.7478845508574548e-08 
   1.6761518545935432e-08    4.3571273754793921e-07    1.5835310423726841e-05   -4.6824812428491594e-07    1.1634494942881062e-07 
  -1.0439804364663742e-09    8.0615214713093721e-09    7.0232105839710454e-08    2.3523231755425384e-06   -1.2180410052447202e-07 
  -1.8290918101370711e-10   -6.4943842792038886e-10   -2.5978487478287085e-09    2.3390190426354481e-08    4.5018016542729561e-07 
  -3.4603019383031533e-03    6.7556540709238941e-05    1.7570336754374645e-06   -1.8818539448876310e-06   -1.2005543372376199e-06 
   8.3855527800971107e-06    4.2980440497456462e-04   -1.1871576671197238e-05   -1.0831453867153620e-06    6.1122130441886728e-07 
   1.1711399676260578e-07    3.0443578244281128e-06    1.1064251061840197e-04   -3.2716850302861049e-06    8.1291095394548201e-07 
  -7.2943702040764788e-09    5.6326459736044958e-08    4.9071703100178763e-07    1.6435859794570705e-05   -8.5105445520354080e-07 
  -1.2780002703445202e-09   -4.5376753744918838e-09   -1.8151365522709655e-08    1.6342902812544274e-07    3.1454428363369560e-06 
  -3.7594390033599255e-03    7.3396685781394101e-05    1.9089261710195159e-06   -2.0445369349781554e-06   -1.3043401649733776e-06 
   9.1104691868852927e-06    4.6696024586503074e-04   -1.2897853760982017e-05   -1.1767814155327493e-06    6.6406031973141303e-07 
   1.2723829744308734e-07    3.3075372465766379e-06    1.2020736261311884e-04   -3.5545164927422060e-06    8.8318568755297681e-07 
  -7.9249557810550632e-09    6.1195783902230704e-08    5.3313866213240246e-07    1.7856711196643281e-05   -9.2462662794229264e-07 
  -1.3884811638702713e-09   -4.9299494933138732e-09   -1.9720519401777982e-08    1.7755718245711325e-07    3.4173608813926107e-06 
  -5.8269092946478191e-03    1.1376054517541680e-04    2.9587232666280796e-06   -3.1689119730437624e-06   -2.0216505238875396e-06 
   1.4120691288306578e-05    7.2376091071837999e-04   -1.9990914573612301e-05   -1.8239419662902591e-06    1.0292544301933227e-06 
   1.9721187585266635e-07    5.1264881561442139e-06    1.8631434048257747e-04   -5.5092914583872000e-06    1.3688858595931496e-06 
  -1.2283215250741407e-08    9.4849865018285700e-08    8.2633356278396321e-07    2.7676851878849570e-05   -1.4331168793058352e-06 
  -2.1520641223247219e-09   -7.6411316951974169e-09   -3.0565644952559273e-08    2.7520318746125941e-07    5.2967083293959342e-06 
  -3.4429907205120983e-03   -1.2061075870968579e-04   -3.2776247634210854e-06    1.6881389428876391e-06   -1.2971157423581183e-06 
  -1.2210661208849251e-05    3.4831123333177758e-04    1.0511637539361857e-05    1.5857817620767838e-06   -5.1272943573966477e-07 
   1.7901690922856777e-08   -4.5308463460188237e-06    1.4962588691877260e-04    3.6395641864421802e-06    4.3175598571336373e-07 
   1.0671533408823373e-08   -6.4230672004432142e-08   -4.3529985045668144e-07    1.7616969961178290e-05    1.6741468230453202e-06 
  -1.0938341689722731e-09    4.2526092578778453e-09   -1.1534375110668657e-09   -2.1236004012685461e-07    2.2345251479955464e-06 
  -4.0267484394582095e-03   -1.4106026528699477e-04   -3.8333447495531987e-06    1.9743622349497252e-06   -1.5170412049673938e-06 
  -1.4280974001629998e-05    4.0736726558934420e-04    1.2293881538977838e-05    1.8546504344961508e-06   -5.9966250937844437e-07 
   2.0936915559434024e-08   -5.2990495572821616e-06    1.7499489704204125e-04    4.2566508590195131e-06    5.0496004283143667e-07 
   1.2480887690052855e-08   -7.5120957113915745e-08   -5.0910476844448833e-07    2.0603920270980455e-05    1.9579977567058254e-06 
  -1.2792933209764922e-09    4.9736374805675205e-09   -1.3490023862191066e-09   -2.4836560118782624e-07    2.6133880056705115e-06 
   5.0285828252337366e-03    2.0045166740793751e-05    1.2193729631359496e-05   -2.7866317881371895e-07    1.7008385638998453e-06 
   5.0285828252337366e-03    2.0045166740793751e-05    1.2193729631359496e-05   -2.7866317881371895e-07    1.7008385638998453e-06 
   5.0285828252337366e-03    2.0045166740793751e-05    1.2193729631359496e-05   -2.7866317881371895e-07    1.7008385638998453e-06 
   5.0285828252337366e-03    2.0045166740793751e-05    1.2193729631359496e-05   -2.7866317881371895e-07    1.7008385638998453e-06 
   2.0092524779048395e-04    2.5896311161283095e-03    2.5901432750857469e-05    9.7400856016810576e-06   -1.2870130489908442e-07 
   2.0092524779048395e-04    2.5896311161283095e-03    2.5901432750857469e-05    9.7400856016810576e-06   -1.2870130489908442e-07 
   2.0092524779048395e-04    2.5896311161283095e-03    2.5901432750857469e-05    9.7400856016810576e-06   -1.2870130489908442e-07 
   2.0092524779048395e-04    2.5896311161283095e-03    2.5901432750857469e-05    9.7400856016810576e-06   -1.2870130489908442e-07 
  -4.9115514243204990e-03   -1.7205563180862243e-04   -4.6756508750550967e-06    2.4081915701932110e-06   -1.8503827599453939e-06 
  -1.7418952103158265e-05    4.9687863635109397e-04    1.4995233074782881e-05    2.2621753308214672e-06   -7.3142717910771296e-07 
   2.5537412873661441e-08   -6.4634170204374452e-06    2.1344676697293270e-04    5.1919706194175185e-06    6.1591560905338804e-07 
   1.5223330345193143e-08   -9.1627388563367736e-08   -6.2097106093826932e-07    2.5131248071492626e-05    2.3882313025888350e-06 
  -1.5603942057058819e-09    6.0665016995752525e-09   -1.6454205399375977e-09   -3.0293931707102487e-07    3.1876313543142859e-06 
   4.2599469367093652e-03    1.6981195223587403e-05    1.0329876825238058e-05   -2.3606856965829494e-07    1.4408596381795739e-06 
   4.2599469367093652e-03    1.6981195223587403e-05    1.0329876825238058e-05   -2.3606856965829494e-07    1.4408596381795739e-06 
   4.2599469367093652e-03    1.6981195223587403e-05    1.0329876825238058e-05   -2.3606856965829494e-07    1.4408596381795739e-06 
   4.2599469367093652e-03    1.6981195223587403e-05    1.0329876825238058e-05   -2.3606856965829494e-07    1.4408596381795739e-06 
   1.5811879435915190e-04    2.0379188500199330e-03    2.0383218952208762e-05    7.6649928728652466e-06   -1.0128192144529803e-07 
   1.5811879435915190e-04    2.0379188500199330e-03    2.0383218952208762e-05    7.6649928728652466e-06   -1.0128192144529803e-07 
   1.5811879435915190e-04    2.0379188500199330e-03    2.0383218952208762e-05    7.6649928728652466e-06   -1.0128192144529803e-07 
   1.5811879435915190e-04    2.0379188500199330e-03    2.0383218952208762e-05    7.6649928728652466e-06   -1.0128192144529803e-07 
 TENSORSUMACCUMULATOR_IMPL_H - PrettifyOut: Norm of simple tensor is 5.08398e-07 
 As simple full tensor 3    5 5 5 
   1.9544997051713201e-08    1.4163286031346903e-07    5.9758000200009766e-09    1.5876756355229359e-09    4.7505287138032630e-11 
   3.5652549542292339e-07    3.2647784657319411e-08    2.0571910823291506e-09    2.3643816043882928e-10    1.4461524270468847e-10 
   2.0326963606059054e-09    1.2814854599094702e-09    4.7921443422889707e-09   -2.7854878042124858e-10    7.6932412497531237e-12 
   5.8663383232411329e-09    1.5805310876152747e-08    8.8868040690312279e-10    1.7482627611779504e-10    8.2488561179907254e-12 
   3.1319249257209672e-10    2.9706382536905049e-10   -4.2749613526227454e-10    1.2770177207723111e-10   -1.1935789856147179e-11 

  -4.3181119428698181e-08   -7.6082771296130891e-09   -7.9164642598893459e-10    3.4914193810106065e-10    2.7728105633037220e-10 
   2.0594947492384778e-07    1.4219836495446699e-07    5.9040559038140950e-09   -4.7939110961111687e-09    6.1929639731868899e-10 
  -1.7123248341900397e-09   -2.1838539169487381e-09    3.0308106779539974e-10    2.0506667803140050e-10    1.0929380050578610e-11 
   1.7794964683873000e-07   -1.6261950676440946e-08   -2.1724011496154304e-08    4.9917509006225536e-09    5.2912123644055670e-10 
  -2.3624543132596612e-10   -2.6190639463341407e-10    2.1348616760378640e-10   -1.6616786296642402e-11    2.7440700909295463e-11 

  -3.8108810160831856e-09    7.0464906975830861e-10   -3.0414564050052397e-09    3.3221686642477932e-10   -4.2429720600488117e-11 
   2.5301365648701899e-11   -7.0907155042874549e-09   -2.2704681067540456e-09    7.4957444811570459e-10    3.2047183217198026e-11 
  -2.3740496206078783e-10   -1.8293747506655891e-09   -3.1238749518272513e-10    2.0259781718364860e-11    3.3408923062397368e-12 
  -3.5651966462278399e-09   -1.1129578146350865e-09    5.7361928374166199e-10    1.5447133979798648e-10    3.5587261937571645e-11 
  -1.2661901164092689e-10   -7.4183807706600481e-11   -1.4333039835810574e-10    1.0540604789465553e-11    1.5190629051241334e-11 

   6.2877516539583420e-10    8.8510347644526490e-10    4.1617406098822592e-10   -1.5281663064078303e-09   -6.9418403144049555e-11 
  -1.0765616888705412e-07   -1.2695896683830763e-09    1.6353954160651876e-08    2.6697267788548058e-09   -1.3766794143972957e-10 
   1.7142501545241984e-10    5.9769314136664616e-10   -2.7330924461049839e-10    2.0660719819411788e-10    4.7304889425200490e-11 
   3.9839852656759243e-09    2.1213848064228627e-08    8.9737422629690616e-10    1.9392985507459681e-09    6.4771701363028522e-11 
   3.5534901594572648e-10    9.2201813083611334e-11    1.6470822341400287e-10    3.2510152894488659e-12   -8.3309711260582122e-12 

   1.2019963734984554e-10    2.5746053187378607e-10   -1.9412675373662552e-10    1.6143569898746994e-11    1.2397228217678551e-11 
   1.0637768524105861e-09    1.1714266240731223e-10   -1.6096936773782581e-10    2.3869300402447492e-11    8.6735995610736311e-12 
   3.6689048714667465e-11   -1.8711188162746489e-10   -2.2164503474680230e-11    3.8765654211728377e-13   -1.6482184605260777e-11 
   8.4559890673366951e-11   -2.3319829212096277e-11    4.7040868447205831e-11    3.5431385892335664e-11    4.0667850421478635e-12 
   5.4226926147363107e-12   -9.1205501389739078e-12    3.4073262913904950e-11    3.2427712907117068e-11   -2.6235788224042993e-12 
