2    3 5 
  -5.4187567276541948e-04    2.3083023648602489e-04   -3.2224713086474026e-05    5.5572063357020596e-06   -6.5438324038389324e-07 
  -2.8772897082350612e-04    4.1572184265187436e-04   -4.3985751311337782e-05    1.8797913636388830e-06    1.1894118256443536e-06 
   5.2842081161785504e-05    1.2982990133739875e-05   -1.9050648918816821e-06    7.1768352011069520e-07   -9.6472451577837817e-08 
2    3 5 
  -4.3969766416323858e-04   -2.4383658854936876e-04   -4.4799361904362458e-05    1.2437051703205668e-05   -3.1435142097401783e-06 
  -4.3969766416323858e-04   -2.4383658854936876e-04   -4.4799361904362458e-05    1.2437051703205668e-05   -3.1435142097401783e-06 
  -4.3969766416323858e-04   -2.4383658854936876e-04   -4.4799361904362458e-05    1.2437051703205668e-05   -3.1435142097401783e-06 
2    3 5 
  -1.0588500884504738e-05    4.1335185656158469e-04   -5.0754915364364004e-06   -4.2069416118792953e-04   -6.1168498125094754e-07 
   7.2873888960744087e-06   -5.0015550593238459e-04    1.9537641415550193e-06    8.5672654690313222e-05    2.2053593730312937e-07 
   1.6319496900255006e-06   -5.4421728747510179e-05    5.3688066174589016e-07   -5.6447794248014251e-07    5.0272078664647715e-08 
 TENSORSUMACCUMULATOR_IMPL_H - PrettifyOut: Norm of simple tensor is 1.2874e-10 
 As simple full tensor 3    5 5 5 
  -1.6387944165562678e-12    3.6473731955552503e-11   -9.7459019656170413e-13   -8.9383323498415576e-11   -1.1900818009025535e-13 
  -9.0880182551636635e-13    2.0226694605328267e-11   -5.4046397816441465e-13   -4.9567979208019787e-11   -6.5996594950987905e-14 
  -1.6697142181518751e-13    3.7161896708936827e-12   -9.9297818666606125e-14   -9.1069755060914197e-12   -1.2125355588569982e-14 
   4.6354057687393805e-14   -1.0316763701789008e-12    2.7566734263057935e-14    2.5282486270871906e-12    3.3662013913665531e-15 
  -1.1716172168190005e-14    2.6076029969985825e-13   -6.9676015618491195e-15   -6.3902488102997746e-13   -8.5082076999651516e-16 

  -2.6670660465487432e-13    4.9781698277413791e-11    1.5494249479684439e-13    2.7041523944992249e-11    2.1484111867861329e-14 
  -1.4790351171500920e-13    2.7606695394342806e-11    8.5924152961987776e-14    1.4996015410887083e-11    1.1914124119448282e-14 
  -2.7173866677130219e-14    5.0720949850569945e-12    1.5786585794077924e-14    2.7551727388923326e-12    2.1889461355082565e-15 
   7.5439196111982196e-15   -1.4080983498691589e-12   -4.3826200952857808e-15   -7.6488200608790250e-13   -6.0768803629315530e-16 
  -1.9067556411964407e-15    3.5590244996605533e-13    1.1077246339558688e-15    1.9332696464485654e-13    1.5359556450860965e-16 

  -7.7215998305333819e-15   -3.8619734729537340e-12   -3.3678942628890941e-14   -4.3043973861388047e-12   -4.3596738150488946e-15 
  -4.2820526790919096e-15   -2.1416771419636013e-12   -1.8676829889935228e-14   -2.3870255858517631e-12   -2.4176794122219301e-15 
  -7.8672863988721332e-16   -3.9348388991138712e-13   -3.4314376953974514e-15   -4.3856102044297889e-13   -4.4419295562334081e-16 
   2.1840902090431643e-16    1.0923770507387219e-13    9.5262446204242051e-16    1.2175186999100602e-13    1.2331538933703584e-16 
  -5.5203747409942264e-17   -2.7610263777436466e-14   -2.4077961597639603e-16   -3.0773268658239742e-14   -3.1168454382214963e-17 

   1.9334601181094481e-14   -5.7944940117666652e-13    1.0617632041301400e-14    9.5732851107272840e-13    1.2965007375598017e-15 
   1.0722101974165623e-14   -3.2133662908756878e-13    5.8880621536853216e-15    5.3089142218949502e-13    7.1898111512586305e-16 
   1.9699394974879725e-15   -5.9038210898801307e-14    1.0817959228662753e-15    9.7539081792778150e-14    1.3209623449273362e-16 
  -5.4688813279858616e-16    1.6389994191896099e-14   -3.0032463082235995e-16   -2.7078479508920410e-14   -3.6672122734518844e-17 
   1.3822814744329768e-16   -4.1426361222334140e-15    7.5908243131426818e-17    6.8441932337154582e-15    9.2690246585999489e-18 

  -6.7885827545939732e-15    3.7819768089510374e-13   -2.4593840638261203e-15   -1.6587582667131897e-13   -2.8920435901868997e-16 
  -3.7646432875993990e-15    2.0973145827881541e-13   -1.3638640114162831e-15   -9.1987288072844833e-14   -1.6037975646498787e-16 
  -6.9166657098242507e-16    3.8533329054757525e-14   -2.5057862644515652e-16   -1.6900547343992474e-14   -2.9466089542807900e-17 
   1.9201820157732481e-16   -1.0697496245007660e-14    6.9564815219236351e-17    4.6918744418375642e-15    8.1802789940966447e-18 
  -4.8533363018141384e-17    2.7038346593152923e-15   -1.7582783312161892e-17   -1.1858898982008397e-15   -2.0675980024231838e-18 
