2    16 5 
  -1.6762952466005754e-05   -4.7382126901188955e-03   -1.3851843339818159e-06   -8.0666765622087054e-05   -1.3034596558833725e-07 
   8.1147260313265559e-05   -2.7398173073570108e-04    5.8951847001360732e-06   -3.4365600817839315e-04    4.8194713833890031e-07 
   1.9912031274701540e-05    2.2780112284474717e-04    2.5975024610907754e-07   -2.9726649853371219e-06    4.1392895409287109e-09 
   2.8617660371819666e-04    1.2515698811108825e-03    2.3703062884928584e-05   -6.8271446230021152e-04    2.2878870449798504e-06 
  -7.3174036256419398e-04    7.5830766298781358e-04   -4.2532275922549097e-05   -1.1333525153834243e-03   -3.9476784196816676e-06 
   1.8767756498713032e-04    8.4423166991508367e-04    9.7304569221510654e-06    4.9625919623422384e-04    1.0502007865864208e-06 
  -4.8615918487582727e-04    1.1257421035781277e-03    1.6201530509097379e-05    2.6540351893743192e-04    5.9494494693406135e-07 
  -4.7868139705831345e-05    2.2373030293159082e-05    1.4056286424698743e-05   -9.4326952060079676e-05    1.3111469063936532e-06 
  -1.5590729535587552e-04   -1.6303643984153556e-04   -9.6733663106751136e-06    1.4277730188076701e-04   -1.9338645940020777e-06 
  -4.7990694952981041e-04    1.4158598665205426e-05    1.1196499981242659e-05    1.0466090617228168e-04    2.1885907295913131e-06 
  -1.4449031026610542e-04    1.3379026785848225e-04    4.0434802225103776e-05   -2.4497991178446194e-04    6.9292357969002998e-06 
   2.3763204139925036e-05   -1.9954374419197191e-06    3.0723986217329983e-04   -1.3986205160603912e-05    3.9497020552734859e-05 
  -1.6198117680990630e-05    8.4928260178226275e-06    5.8111658054812911e-05    2.1927785907683037e-05    8.6400315874892062e-06 
   6.0246208629557361e-05   -3.6136672335924403e-05    5.0405235952935863e-05   -5.4422567055263499e-05    1.1700745889971491e-05 
   8.5490573574913324e-05   -6.6331540497629074e-05    4.6962470530299226e-06   -6.4124280763154694e-05    4.8301540428715519e-06 
   9.0905176022664405e-05    4.2416650198646842e-07   -4.8045890397145424e-05   -6.5897198875089854e-05   -4.5007470016143035e-06 
2    16 5 
  -6.4222583565639507e-02   -3.9325015099117800e-03    2.2106353864478491e-06   -1.0590469858419760e-04   -8.6331620703102886e-05 
  -1.6733239186981408e-03    5.9384682378124207e-02    9.8811546963060472e-03   -2.8421235724088553e-03    7.0587226130978563e-04 
   8.3188954807782729e-03    1.6456602688073939e-02   -4.2396093338976058e-02   -6.0752663710826127e-04    1.6608799885481942e-02 
   8.8069451791926922e-05    2.8072361668870109e-02    2.8484759126482235e-03   -1.6099854522675277e-03   -4.8180649642345637e-04 
   1.4779206431572468e-02   -1.1569056975403178e-02   -7.1398262763291073e-03   -2.5365254761825397e-05   -1.3127608250228424e-03 
  -5.9058057601871460e-03   -2.0661832515025298e-02   -7.5669985268852717e-03    2.6842422330593452e-04   -1.7392020123421720e-03 
   6.9279434502568982e-04    1.6556408746021964e-04    8.2349683176981931e-04    4.2420093837637037e-03   -1.5242827731844441e-03 
   5.0800036722450778e-03   -2.9202903107563294e-03    2.9466470659224131e-03   -4.5788018636785865e-03    5.2770945470633161e-03 
   9.8814065239365145e-04    1.3684789001855999e-04    2.4527120495291475e-04    4.4298479137697983e-03   -8.9259662692113516e-03 
  -3.5730468020017335e-03   -6.4589534916186062e-04    1.7246671237180813e-04    1.1648052058839285e-03   -1.3397437745929545e-03 
  -1.6341601177114267e-03   -3.6677201874703302e-05   -2.0210383843436057e-03    3.2784144974613498e-03    3.3665493445528606e-03 
  -1.5917679297802762e-03   -6.5376771517322693e-04    4.0319770781303711e-03   -9.6707917729057190e-04   -8.5553884155022217e-04 
   1.1548154116306620e-02    1.0296014961076907e-03    5.9511590487054756e-03    5.0541008599342616e-03    3.0559420753155440e-03 
   4.5845132954012557e-03   -1.2362526684993531e-03   -4.5336284802243321e-04    3.6634960529765060e-03    2.5519049550931099e-03 
   2.5672562847766306e-03   -1.0865950434026115e-03    1.6477314651818088e-03    2.9823648311831769e-03    3.9646442056500116e-03 
  -2.1493931368308239e-04   -1.3877581128373854e-04   -1.9268518116861313e-03    4.3980573364462301e-04    9.4826089895986643e-04 
2    16 5 
   4.2730659685443213e-02   -1.6413538384510841e-03    3.5372688941608913e-04    1.2450056893974641e-04   -3.0821876927264279e-05 
   1.2139810645374973e-02    1.3095659499230807e-02   -1.0552217810722566e-02    2.9308924127977348e-03   -9.4093528234993917e-04 
  -5.4813690569391850e-03   -1.8721080338020998e-02    5.0821283271544095e-03   -1.7587598642097670e-03   -2.6229465357365439e-04 
   5.2133159140546389e-03   -8.0262023226970909e-03    7.7746199996786098e-03   -2.0901903385787002e-03    6.3212736242087403e-04 
  -7.1338565564501167e-04   -8.2905917423632732e-03   -7.8736301455385846e-04    7.1271352933422046e-05   -1.7783804423323997e-04 
  -1.5471852097078923e-03   -2.4564084564219411e-02    3.9035130594744657e-03   -1.5133137791063912e-03    1.9518736194774631e-04 
  -1.3777581062523938e-03    1.0009614874750519e-03   -1.2265848387099838e-03   -2.4481885952425835e-04    1.6061558378734257e-04 
  -3.3824053443372690e-03   -1.1617605319346794e-03    8.6697862556062762e-04    2.4462911203422606e-03   -2.5936988574198007e-03 
  -3.0652683232234219e-03    3.1189796686305437e-03    1.1016268422673490e-03   -1.5615572457921836e-03    2.0831008620746327e-03 
  -5.4425781599978242e-04    1.3959045367757002e-03    1.7666157031472692e-04    4.3584223006099647e-03   -4.6459115172044554e-03 
   1.1878026697524384e-03   -8.0682660959455503e-04   -4.1603185468748072e-03    8.7214741459250994e-04   -4.9038915099990543e-04 
  -1.9296883573052717e-03    5.7118146599856724e-04   -8.2542004155134168e-04   -2.8203143161324858e-04    3.3761727603539091e-04 
  -8.0892063997532000e-04    2.1450459544028764e-04    1.6558781148264419e-03   -2.0085916143001726e-04   -1.0443920119403702e-03 
  -6.5894313313466849e-04    1.3602461213360614e-04    1.0776720249258793e-03   -4.8539622281544396e-04    2.6893583391867119e-03 
   7.6524119184487428e-06   -1.9651824867383843e-04    8.3543836223778857e-05   -2.9644367123864059e-04   -3.6202870787856506e-03 
  -3.8805540647153460e-03   -7.8359769156626164e-04    2.1523499875851347e-04    3.3775036726308360e-03    1.3850458292827298e-03 
 TENSORSUMACCUMULATOR_IMPL_H - PrettifyOut: Norm of simple tensor is 1.30521e-05 
 As simple full tensor 3    5 5 5 
   5.4232746493224147e-08    1.1165286848038319e-07    6.4262319377223876e-09    7.4893483360351145e-09   -5.9488565727852051e-09 
   1.0104549116846630e-07    1.7577955037237394e-08   -8.3816319521300558e-09    5.0147367767646498e-09   -3.5382866225427061e-09 
   1.9209366260126211e-08    1.0765294605246241e-08   -1.7267881814500623e-08    3.7313006094674290e-09   -1.4538600639776740e-09 
  -1.3802941610205148e-09   -5.4432893829027623e-09    2.9546862163696362e-09   -5.2103057215780843e-10    2.3000802799329398e-10 
  -7.6685898377485202e-09    2.2472268368433852e-09    6.6412506963568755e-10   -2.5694626199402238e-11   -1.8721186712417205e-10 

   1.2997248119028058e-05   -4.9997783702718038e-07    8.4834840709571206e-08    4.4047342196295472e-08   -1.3297509545958061e-08 
   7.9454173707906298e-07   -9.4441199078035689e-08    4.0908209392778582e-07   -9.9885955401680210e-08    3.4164886548380597e-08 
   5.0223360600385696e-08    3.1954417166732395e-07   -1.3375521840067160e-08    1.0665247294379479e-08    7.4493665294626750e-09 
   1.7351705855720088e-08    2.5077119586059315e-08   -3.2162392319488526e-08    6.7324558636533092e-09   -2.3852021182541579e-09 
  -7.6868069921722353e-09   -2.2535495978064350e-08    1.3631171768183755e-08   -4.8937355999139930e-09    1.6811888959828161e-09 

   4.1421654912758309e-09    6.0721255178802600e-09    2.5059945800622946e-09   -1.0669439306480114e-10   -1.5104921547980635e-10 
   8.3839928041471976e-09   -6.3147632209957645e-11    4.9378703072829201e-10   -6.5183958305203007e-11   -1.6853753147513838e-10 
  -2.2470095175567087e-09    4.4917611822691848e-10   -7.6890376282018152e-10    1.2358461815699324e-10   -6.0939266121113589e-11 
   3.0089426878686615e-10   -1.3013813856141914e-10    7.9415490539465821e-11   -4.8171274404774195e-11   -3.5305481009095323e-11 
   1.0286817089537171e-10   -1.6869704511708796e-11    4.1385999695081849e-11   -1.9272324799399544e-11   -9.7852560285530024e-11 

   2.4613290384740113e-07    2.1122355450555665e-07   -5.1765168865120431e-09    3.1833468283229901e-09    4.4694457348709055e-09 
  -3.2844955397614949e-07    2.9813451138887587e-08    1.6126806520456212e-08   -2.8607779224245548e-09    2.3212468959666461e-09 
  -5.1419413656540936e-08   -5.8668304947741081e-09   -1.8956122493478650e-09    3.1037460905957086e-10    7.3250069975187913e-10 
   1.1871481207965349e-08    3.8910142783329215e-09    1.7370284163165097e-09    1.7195818460055141e-11    6.3663523374292934e-12 
   5.1111394130474631e-09    7.3165715907661611e-10    2.3119106675434403e-09   -4.4273411229088228e-10    3.7472813583935865e-11 

   3.7516287905112513e-10    5.8402160030156142e-10    3.5999582913683986e-10   -5.0112750443618591e-11    5.7566375845351708e-12 
   7.6859236959426123e-10   -7.4340911755486362e-13    9.4420913576327053e-11   -1.3503629532558960e-11   -1.9678422138049540e-11 
  -3.2319887284511694e-10    7.4132277977507218e-11   -4.2626718518796951e-11   -1.1552878156708975e-11   -4.3697804799257749e-11 
   5.0878376876231637e-11   -3.5992032327428414e-11    2.5842100721880067e-11    2.5067223336406392e-12   -2.3968555173968909e-11 
  -7.2634609652711714e-12    2.5882318956749369e-11    1.0014323751390117e-11   -2.6284712303227680e-11   -1.6185532829700674e-11 
