2    102 5 
   7.1004428992368267e-06   -2.1089594917281969e-03   -5.1773686854378725e-08   -8.2643045678269819e-06    5.7711708937529865e-10 
   2.0062741482622677e-04    5.9141768457372575e-07    1.1393510897791050e-05    2.1378424417664951e-05    2.2715633914624020e-07 
   1.1871626691498189e-05    4.7944375663100686e-07    1.3771928488660978e-06   -1.1215764556747844e-04    2.3607009840796737e-08 
  -9.6400735589763459e-07   -4.0655524636800274e-09    1.6791032786134246e-05    1.0400856532714206e-07   -5.4432185452028532e-07 
   1.9059630126526593e-06   -5.6610536039219917e-04   -1.3897546050784141e-08   -2.2183769456504827e-06    1.5491481896675841e-10 
   5.3854166199126825e-05    1.5875350986166720e-07    3.0583458896315867e-06    5.7385837457040032e-06    6.0975292196047644e-08 
   3.1866859145431059e-06    1.2869648833936259e-07    3.6967815507827753e-07   -3.0106336614691561e-05    6.3368001453433279e-09 
  -2.5876728963815260e-07   -1.0913111663225805e-09    4.5071959437980660e-06    2.7918889191251372e-08   -1.4611163506514136e-07 
  -7.0331656933614550e-06    2.0889769492415770e-03    5.1283127457048252e-08    8.1859996891431156e-06   -5.7164886354951666e-10 
  -1.9872645567719138e-04   -5.8581395958247501e-07   -1.1285556564632993e-05   -2.1175862312561210e-05   -2.2500401653601542e-07 
  -1.1759142176893428e-05   -4.7490099264032779e-07   -1.3641438478195276e-06    1.1109494382923176e-04   -2.3383331728924038e-08 
   9.5487331703999270e-07    4.0270310624128578e-09   -1.6631936545851224e-05   -1.0302307670880978e-07    5.3916436589757400e-07 
  -1.1219126978351057e-06   -4.1111857845820502e-03    1.1150074697564468e-07   -1.2600382175737798e-04   -2.5231612396233879e-09 
   5.4002249382063864e-06   -1.3223793067164993e-05    9.8015424600403886e-07    4.3141168247264695e-04    1.6111020756279744e-08 
  -2.9570703326885889e-04   -3.7167990301948150e-08   -4.5987737402193037e-05    3.8049681757725646e-06   -2.4612181688719646e-06 
   3.3743765674007157e-06   -1.6709970518802215e-09   -2.1086811644473332e-05    6.0442901371334075e-09   -1.1404542367782292e-05 
  -4.3284176629741095e-07   -1.5861242323124546e-03    4.3017768100448162e-08   -4.8613155796284297e-05   -9.7345325506982449e-10 
   2.0834445542572222e-06   -5.1018318621298067e-06    3.7815036401936691e-07    1.6644164470473226e-04    6.2157444999586894e-09 
  -1.1408584182498685e-04   -1.4339670638423246e-08   -1.7742390761417660e-05    1.4679833369252912e-06   -9.4955518509907886e-07 
   1.3018580825448410e-06   -6.4468235078297144e-10   -8.1354394289208217e-06    2.3319294130632668e-09   -4.3999522171466426e-06 
   1.1069702256673640e-06    4.0564299383552688e-03   -1.1001569665793193e-07    1.2432560864572334e-04    2.4895558916577671e-09 
  -5.3283007047126379e-06    1.3047668703621038e-05   -9.6709981889106405e-07   -4.2566581911748097e-04   -1.5896442135582110e-08 
   2.9176858589862077e-04    3.6672959216472925e-08    4.5375238330281581e-05   -3.7542907646198648e-06    2.4284378250376580e-06 
  -3.3294340972431351e-06    1.6487414637330511e-09    2.0805961720310815e-05   -5.9637877617505893e-09    1.1252648145312706e-05 
   7.2440162113402735e-06   -2.1516033526276295e-03   -5.2820567986580889e-08   -8.4314115491622023e-06    5.8878658847119569e-10 
   2.0468416774349193e-04    6.0337634645099091e-07    1.1623891469721063e-05    2.1810703255021315e-05    2.3174951571836992e-07 
   1.2111674923466546e-05    4.8913826852043156e-07    1.4050401453689878e-06   -1.1442551038666853e-04    2.4084351415090102e-08 
  -9.8349990459388366e-07   -4.1477592838776249e-09    1.7130553042117429e-05    1.0611165303914247e-07   -5.5532822308247284e-07 
   2.3160874841838295e-06   -6.8791971891885354e-04   -1.6888015273859596e-08   -2.6957265408168599e-06    1.8824933691874299e-10 
   6.5442487328941850e-05    1.9291403601223425e-07    3.7164397159115534e-06    6.9734102404577729e-06    7.4095934791077927e-08 
   3.8723959036466508e-06    1.5638935484186557e-07    4.4922537450573379e-07   -3.6584607867529384e-05    7.7003506411058558e-09 
  -3.1444874683741729e-07   -1.3261391311849178e-09    5.4770528309812621e-06    3.3926466252971590e-08   -1.7755188690520517e-07 
  -7.1618967006814832e-06    2.1272123781605938e-03    5.2221784236071464e-08    8.3358315048359400e-06   -5.8211199455573459e-10 
  -2.0236383007384617e-04   -5.9653636033443899e-07   -1.1492120881197246e-05   -2.1563453079680385e-05   -2.2912236024673923e-07 
  -1.1974374731286358e-05   -4.8359330643261835e-07   -1.3891123498164279e-06    1.1312836158886138e-04   -2.3811326742720461e-08 
   9.7235076735537482e-07    4.1007395157289464e-09   -1.6936357917190611e-05   -1.0490875166943978e-07    5.4903291939953002e-07 
  -5.8692836591846866e-07   -2.1507658832885666e-03    5.8331589746141113e-08   -6.5918869931900429e-05   -1.3199912133792712e-09 
   2.8251264155310283e-06   -6.9180242554807650e-06    5.1276746494204634e-07    2.2569292095580095e-04    8.4284767469060302e-09 
  -1.5469906541034495e-04   -1.9444425448157458e-08   -2.4058474084339053e-05    1.9905682127382438e-06   -1.2875857103786729e-06 
   1.7653043133567973e-06   -8.7418171753216443e-10   -1.1031560588273430e-05    3.1620689739677362e-09   -5.9662836768732338e-06 
  -1.8670511812361568e-07   -6.8417037174075819e-04    1.8555597218152559e-08   -2.0969152475619775e-05   -4.1989641279383369e-10 
   8.9868813939576877e-07   -2.2006612915706264e-06    1.6311413056708634e-07    7.1794150553238290e-05    2.6811444769255465e-09 
  -4.9210617441964986e-05   -6.1853779114304707e-09   -7.6531319776329215e-06    6.3321061797860840e-07   -4.0958804533895019e-07 
   5.6155294153084648e-07   -2.7808197782013550e-10   -3.5091996610154018e-06    1.0058714071108236e-09   -1.8979074165319114e-06 
   5.8017610282729305e-07    2.1260225961435278e-03   -5.7660519367942382e-08    6.5160512390675360e-05    1.3048054965723668e-09 
  -2.7926250100253598e-06    6.8384364853939641e-06   -5.0686837907580821e-07   -2.2309645762466735e-04   -8.3315121158579008e-09 
   1.5291934432295974e-04    1.9220728854319720e-08    2.3781695594794633e-05   -1.9676679048747676e-06    1.2727727996833278e-06 
  -1.7449955331854399e-06    8.6412477483007506e-10    1.0904649019973775e-05   -3.1256912439678203e-09    5.8976451182310855e-06 
  -1.2379956486418366e-06   -4.2975898974484342e-03    1.0724011914325594e-07   -1.2928269234250501e-04   -3.3215524540683389e-09 
  -1.2379956486418366e-06   -4.2975898974484342e-03    1.0724011914325594e-07   -1.2928269234250501e-04   -3.3215524540683389e-09 
  -1.2379956486418366e-06   -4.2975898974484342e-03    1.0724011914325594e-07   -1.2928269234250501e-04   -3.3215524540683389e-09 
  -1.2379956486418366e-06   -4.2975898974484342e-03    1.0724011914325594e-07   -1.2928269234250501e-04   -3.3215524540683389e-09 
  -1.2379956486418366e-06   -4.2975898974484342e-03    1.0724011914325594e-07   -1.2928269234250501e-04   -3.3215524540683389e-09 
  -4.9172600247753333e-07   -1.6595332902635217e-03    3.5798976305667437e-08   -6.0045037052784484e-05   -8.3611124118219977e-10 
  -4.9172600247753333e-07   -1.6595332902635217e-03    3.5798976305667437e-08   -6.0045037052784484e-05   -8.3611124118219977e-10 
  -4.9172600247753333e-07   -1.6595332902635217e-03    3.5798976305667437e-08   -6.0045037052784484e-05   -8.3611124118219977e-10 
  -4.9172600247753333e-07   -1.6595332902635217e-03    3.5798976305667437e-08   -6.0045037052784484e-05   -8.3611124118219977e-10 
  -4.9172600247753333e-07   -1.6595332902635217e-03    3.5798976305667437e-08   -6.0045037052784484e-05   -8.3611124118219977e-10 
   1.2261886846298660e-06    4.2405836290108087e-03   -1.0456521858170070e-07    1.2911866735515836e-04    3.2303221312917540e-09 
   1.2261886846298660e-06    4.2405836290108087e-03   -1.0456521858170070e-07    1.2911866735515836e-04    3.2303221312917540e-09 
   1.2261886846298660e-06    4.2405836290108087e-03   -1.0456521858170070e-07    1.2911866735515836e-04    3.2303221312917540e-09 
   1.2261886846298660e-06    4.2405836290108087e-03   -1.0456521858170070e-07    1.2911866735515836e-04    3.2303221312917540e-09 
   1.2261886846298660e-06    4.2405836290108087e-03   -1.0456521858170070e-07    1.2911866735515836e-04    3.2303221312917540e-09 
  -7.3311203312986597e-06    2.2048785230741530e-03    5.9697437369777982e-08    8.6187665284789498e-06   -5.0048586074768386e-10 
  -7.3311203312986597e-06    2.2048785230741530e-03    5.9697437369777982e-08    8.6187665284789498e-06   -5.0048586074768386e-10 
  -7.3311203312986597e-06    2.2048785230741530e-03    5.9697437369777982e-08    8.6187665284789498e-06   -5.0048586074768386e-10 
  -7.3311203312986597e-06    2.2048785230741530e-03    5.9697437369777982e-08    8.6187665284789498e-06   -5.0048586074768386e-10 
  -7.3311203312986597e-06    2.2048785230741530e-03    5.9697437369777982e-08    8.6187665284789498e-06   -5.0048586074768386e-10 
  -1.9685154020498086e-06    5.8906090486074620e-04    2.2887017485344374e-08    1.3291298472955273e-06   -1.0535162763983248e-10 
  -1.9685154020498086e-06    5.8906090486074620e-04    2.2887017485344374e-08    1.3291298472955273e-06   -1.0535162763983248e-10 
  -1.9685154020498086e-06    5.8906090486074620e-04    2.2887017485344374e-08    1.3291298472955273e-06   -1.0535162763983248e-10 
  -1.9685154020498086e-06    5.8906090486074620e-04    2.2887017485344374e-08    1.3291298472955273e-06   -1.0535162763983248e-10 
  -1.9685154020498086e-06    5.8906090486074620e-04    2.2887017485344374e-08    1.3291298472955273e-06   -1.0535162763983248e-10 
   7.2603698903659477e-06   -2.1837831122179302e-03   -5.9709455766946662e-08   -8.4656097403587837e-06    4.9221580833169926e-10 
   7.2603698903659477e-06   -2.1837831122179302e-03   -5.9709455766946662e-08   -8.4656097403587837e-06    4.9221580833169926e-10 
   7.2603698903659477e-06   -2.1837831122179302e-03   -5.9709455766946662e-08   -8.4656097403587837e-06    4.9221580833169926e-10 
   7.2603698903659477e-06   -2.1837831122179302e-03   -5.9709455766946662e-08   -8.4656097403587837e-06    4.9221580833169926e-10 
   7.2603698903659477e-06   -2.1837831122179302e-03   -5.9709455766946662e-08   -8.4656097403587837e-06    4.9221580833169926e-10 
  -1.0989618691813823e-02    5.9383059967692131e-01   -9.0210848117472219e-03    4.2877750783156970e-01   -1.8310018236230769e-04 
  -2.9159442061455348e-02   -6.7866211378789476e-01   -2.3758852199779336e-02   -4.3452211598662072e-01   -3.7697633442064439e-04 
   3.5131597303351032e-02    6.9367160787151472e-01    2.8562068099497635e-02    4.8469886830545239e-01    3.9115840633821602e-04 
  -1.9730804163096594e-01    1.6625310636555877e+01   -3.1944382345200384e-01    2.0962171873933446e+01   -1.4833956512577423e-01 
  -5.2255543151422601e-01   -1.8359018317573135e+01   -8.4190117150065569e-01   -2.1366420777510264e+01   -3.8754990178857818e-01 
   6.2899318263066495e-01    1.9233737755697920e+01    1.0117982734386353e+00    2.3732020990816370e+01    4.6343883765014376e-01 
  -1.0212782866165837e-05    5.5466755197940566e-04    8.1646587739460081e-06   -3.5848788070347580e-04    4.0062100066212706e-07 
  -2.7276587859286505e-05   -6.9173954489050340e-04    2.2010517344922328e-05    5.0748867538502466e-04    8.5020229758450758e-07 
   3.2919384385374612e-05    6.6477051614158842e-04   -2.6621822939492519e-05   -4.4724556898522740e-04   -9.8133839118626960e-07 
  -4.0867778704136302e-05    1.3280108446588935e-03   -2.6165256826501857e-07    3.4211322025391258e-05    1.5746592471015240e-08 
  -1.0873478556955409e-04   -1.5860969761130183e-03   -2.3336471676997741e-07    5.9994298448217632e-05   -2.1090838520678493e-08 
   1.3112078600355288e-04    1.5712051191589518e-03    1.4388932276068908e-07    1.1098546401438717e-05    1.5300156411781631e-08 
  -1.3544539064163241e-06    4.4013389847621640e-05   -8.6717789527070425e-09    1.1338433413868931e-06    5.2187895602346060e-10 
  -3.6037254714584668e-06   -5.2566968731137914e-05   -7.7342532985978938e-09    1.9883515687059049e-06   -6.9899978735662468e-10 
   4.3456499581396661e-06    5.2073417712100336e-05    4.7688291726285899e-09    3.6783182266400112e-07    5.0708301938174461e-10 
   1.2722763273295217e-03   -4.1343004530006083e-02    8.1456438089908203e-06   -1.0650506712063358e-03   -4.9021545756168749e-07 
   3.3850798360957565e-03    4.9377619717640549e-02    7.2649998163553397e-06   -1.8677140796664862e-03    6.5658999398156624e-07 
  -4.0819901972376114e-03   -4.8914013481299673e-02   -4.4794942350359045e-06   -3.4551468912817564e-04   -4.7631722164480092e-07 
  -7.2583570197814874e-05    2.3586250934896605e-03   -4.6471029643165656e-07    6.0761313008154995e-05    2.7966871120417377e-08 
  -1.9311935200758238e-04   -2.8170011891199072e-03   -4.1446941425403362e-07    1.0655339024932431e-04   -3.7458565325487228e-08 
   2.3287820079925919e-04    2.7905523783727766e-03    2.5555587043098730e-07    1.9711668883559836e-05    2.7173974514051568e-08 
  -4.5947741966701128e-06    1.4930857892012567e-04   -2.9417661230383737e-08    3.8463871700550698e-06    1.7703931817556264e-09 
  -1.2225078114286606e-05   -1.7832526480141144e-04   -2.6237251277848293e-08    6.7451734152924763e-06   -2.3712480514910248e-09 
   1.4741941531440547e-05    1.7665096973956308e-04    1.6177511192460203e-08    1.2478122433582433e-06    1.7202002681578519e-09 
2    102 5 
  -9.9531053898123618e-06   -2.1089636778057765e-03    4.3558758979036347e-07   -1.3442783874103894e-06   -4.3311942998320161e-09 
  -1.9865524354281312e-04    9.4969789532416997e-07    3.6338622367258393e-05   -7.3002919093538095e-06    1.1236207559113706e-07 
  -2.5846599284148762e-06   -5.7728601504846065e-08    8.4617607286670942e-06    1.1244605269133865e-04   -1.0161818664838180e-08 
  -3.0084719940489389e-06    1.0124529132043783e-08   -1.6206009244679485e-05    1.1500953182207283e-06   -3.1885344085095707e-06 
  -2.6716996394767371e-06   -5.6610648405577163e-04    1.1692423228981749e-07   -3.6084296732925633e-07   -1.1626170723771517e-09 
  -5.3324778726521953e-05    2.5492621902170322e-07    9.7543309826759339e-06   -1.9596082326486058e-06    3.0161211510426712e-08 
  -6.9379703403765291e-07   -1.5496016347406636e-08    2.2713798561058429e-06    3.0183753378471491e-05   -2.7277242830227854e-09 
  -8.0756037709633258e-07    2.7177147003426885e-09   -4.3501588057818307e-06    3.0871864877461432e-07   -8.5589430595136001e-07 
  -9.8587990021810151e-06   -2.0889810956557712e-03    4.3146036612686031e-07   -1.3315412532474849e-06   -4.2901559231094377e-09 
  -1.9677297085817701e-04    9.4069943963206120e-07    3.5994311313296933e-05   -7.2311211197698676e-06    1.1129743686374986e-07 
  -2.5601700901626060e-06   -5.7181618863980627e-08    8.3815849386932242e-06    1.1138061827490228e-04   -1.0065534703952305e-08 
  -2.9799665060693547e-06    1.0028598492156387e-08   -1.6052456144422928e-05    1.1391980825696179e-06   -3.1583228162348044e-06 
   1.1372179476704214e-06    4.1119810088036763e-03   -7.3081806026850852e-07    1.0295762512830806e-04   -2.6872385194505093e-08 
   1.1372179476704214e-06    4.1119810088036763e-03   -7.3081806026850852e-07    1.0295762512830806e-04   -2.6872385194505093e-08 
   1.1372179476704214e-06    4.1119810088036763e-03   -7.3081806026850852e-07    1.0295762512830806e-04   -2.6872385194505093e-08 
   1.1372179476704214e-06    4.1119810088036763e-03   -7.3081806026850852e-07    1.0295762512830806e-04   -2.6872385194505093e-08 
   5.7861448415966283e-07    1.5862042001144635e-03   -2.5624743856144595e-07    4.7930743624168004e-05   -1.3527503176826713e-08 
   5.7861448415966283e-07    1.5862042001144635e-03   -2.5624743856144595e-07    4.7930743624168004e-05   -1.3527503176826713e-08 
   5.7861448415966283e-07    1.5862042001144635e-03   -2.5624743856144595e-07    4.7930743624168004e-05   -1.3527503176826713e-08 
   5.7861448415966283e-07    1.5862042001144635e-03   -2.5624743856144595e-07    4.7930743624168004e-05   -1.3527503176826713e-08 
   9.1808268863480136e-07    4.0571829822528454e-03   -8.0473807126934158e-07    1.0284163412569604e-04   -3.0280711861502224e-08 
   9.1808268863480136e-07    4.0571829822528454e-03   -8.0473807126934158e-07    1.0284163412569604e-04   -3.0280711861502224e-08 
   9.1808268863480136e-07    4.0571829822528454e-03   -8.0473807126934158e-07    1.0284163412569604e-04   -3.0280711861502224e-08 
   9.1808268863480136e-07    4.0571829822528454e-03   -8.0473807126934158e-07    1.0284163412569604e-04   -3.0280711861502224e-08 
  -1.0154360484291555e-05   -2.1516076233490870e-03    4.4439531543013755e-07   -1.3714601425781317e-06   -4.4187724861247731e-09 
  -2.0267211850215179e-04    9.6890110197822525e-07    3.7073401372537693e-05   -7.4479062347729428e-06    1.1463407405325711e-07 
  -2.6369226100320278e-06   -5.8895892987753646e-08    8.6328603391114215e-06    1.1471974919829730e-04   -1.0367294011011622e-08 
  -3.0693042962990550e-06    1.0329250471487496e-08   -1.6533700130481523e-05    1.1733506272788949e-06   -3.2530076325439093e-06 
  -3.2465950574132133e-06   -6.8792108437197065e-04    1.4208394874743597e-07   -4.3848903406781388e-07   -1.4127886178040357e-09 
  -6.4799186440391338e-05    3.0978115595471537e-07    1.1853264599358418e-05   -2.3812760643367972e-06    3.6651290724628065e-08 
  -8.4308804338340497e-07   -1.8830443864168056e-08    2.7601345994811904e-06    3.6678683144156692e-05   -3.3146750646649118e-09 
  -9.8133094383214332e-07    3.3025116233948681e-09   -5.2862244951232398e-06    3.7514862240998385e-07   -1.0400653510265193e-06 
  -1.0039248771438459e-05   -2.1272166004683611e-03    4.3935756775295093e-07   -1.3559130161622297e-06   -4.3686804620753191e-09 
  -2.0037458979569713e-04    9.5791745947247592e-07    3.6653130421955926e-05   -7.3634753890116326e-06    1.1333456093906224e-07 
  -2.6070299664951541e-06   -5.8228238226794468e-08    8.5349966339579599e-06    1.1341926485477589e-04   -1.0249768444226265e-08 
  -3.0345100938122601e-06    1.0212156173318650e-08   -1.6346271040804884e-05    1.1600493070537294e-06   -3.2161309349827380e-06 
  -1.0079988360136150e-05   -2.1518321592223400e-03    4.3267704880217812e-07   -1.3398366576102885e-06   -4.4696083610199629e-09 
  -1.0079988360136150e-05   -2.1518321592223400e-03    4.3267704880217812e-07   -1.3398366576102885e-06   -4.4696083610199629e-09 
  -1.0079988360136150e-05   -2.1518321592223400e-03    4.3267704880217812e-07   -1.3398366576102885e-06   -4.4696083610199629e-09 
  -1.0079988360136150e-05   -2.1518321592223400e-03    4.3267704880217812e-07   -1.3398366576102885e-06   -4.4696083610199629e-09 
  -2.8572203399219502e-06   -6.8451087765848922e-04    1.5299470243240508e-07    7.0080904743228890e-07   -1.7049642537998907e-09 
  -2.8572203399219502e-06   -6.8451087765848922e-04    1.5299470243240508e-07    7.0080904743228890e-07   -1.7049642537998907e-09 
  -2.8572203399219502e-06   -6.8451087765848922e-04    1.5299470243240508e-07    7.0080904743228890e-07   -1.7049642537998907e-09 
  -2.8572203399219502e-06   -6.8451087765848922e-04    1.5299470243240508e-07    7.0080904743228890e-07   -1.7049642537998907e-09 
  -9.9286513712363461e-06   -2.1270768397270079e-03    4.2943881234043931e-07   -1.2077113606953548e-06   -4.4468565892346197e-09 
  -9.9286513712363461e-06   -2.1270768397270079e-03    4.2943881234043931e-07   -1.2077113606953548e-06   -4.4468565892346197e-09 
  -9.9286513712363461e-06   -2.1270768397270079e-03    4.2943881234043931e-07   -1.2077113606953548e-06   -4.4468565892346197e-09 
  -9.9286513712363461e-06   -2.1270768397270079e-03    4.2943881234043931e-07   -1.2077113606953548e-06   -4.4468565892346197e-09 
  -5.8460040823979841e-06   -4.0211419286804015e-03   -1.0216191385516298e-06   -1.0238763304051135e-04   -4.1920237259005847e-08 
   2.8149688202171929e-03   -4.3085501099677901e-06    9.7194948103312604e-04   -1.2279239066372121e-06    4.1371784605487888e-05 
   3.4347608843638598e-04   -2.9425636269499199e-07   -9.9512178130425465e-04    1.8711278725827431e-06    8.0888279873511311e-06 
  -8.4493389962879284e-08   -9.8881163974222208e-06    7.0195904554464843e-07    3.8834090975820728e-04   -2.4588810550037709e-07 
   9.8215729266751254e-07    2.6930097247416341e-10   -1.7152659742136474e-07   -3.9231713583067697e-08   -6.2798209120003721e-05 
  -2.2579159964815421e-06   -1.5530951667015976e-03   -3.9458237844767557e-07   -3.9545417900088661e-05   -1.6190952477847947e-08 
   1.0872320715448437e-03   -1.6641015089657773e-06    3.7539834903714759e-04   -4.7426395742799264e-07    1.5979122311081626e-05 
   1.3266158277660736e-04   -1.1365133158151383e-07   -3.8434824142860027e-04    7.2269014790596116e-07    3.1241671829171917e-06 
  -3.2634082033668725e-08   -3.8191106051456776e-06    2.7111930396737544e-07    1.4998982892799794e-04   -9.4969945098995886e-08 
   3.7934093629050743e-07    1.0401275213752981e-10   -6.6249123791388927e-08   -1.5152557613722220e-08   -2.4254700975899263e-05 
  -5.7685223475021302e-06   -3.9678465411806347e-03   -1.0080788087567661e-06   -1.0103060842539942e-04   -4.1364635062309934e-08 
   2.7776598028449884e-03   -4.2514454735869868e-06    9.5906746265610827e-04   -1.2116492559073551e-06    4.0823451487380331e-05 
   3.3892372705377529e-04   -2.9035634942705739e-07   -9.8193264202871733e-04    1.8463283288711296e-06    7.9816203260323204e-06 
  -8.3373531962562863e-08   -9.7570613378420795e-06    6.9265542483073204e-07    3.8319391926778021e-04   -2.4262915515824709e-07 
   9.6913998205604282e-07    2.6573171281194987e-10   -1.6925321920238504e-07   -3.8711744525826388e-08   -6.1965894581322343e-05 
  -2.9979755774431873e-06   -2.0621411011180232e-03   -5.2391157851706506e-07   -5.2506912236324926e-05   -2.1497735159222166e-08 
   1.4435856792651284e-03   -2.2095311296079650e-06    4.9843974885673394e-04   -6.2970976947162112e-07    2.1216475064727623e-05 
   1.7614303891242124e-04   -1.5090194540284857e-07   -5.1032307793192125e-04    9.5956068199926412e-07    4.1481511840255883e-06 
  -4.3330301517714655e-08   -5.0708708116788496e-06    3.5998197148794241e-07    1.9915082965518794e-04   -1.2609750603723912e-07 
   5.0367456729813295e-07    1.3810420367138543e-10   -8.7963084305655669e-08   -2.0118993679360910e-08   -3.2204475842876141e-05 
  -8.0094267836267616e-07   -5.5092403991490726e-04   -1.3996883299514722e-07   -1.4027808376938992e-05   -5.7433601883586955e-09 
   3.8567004651275411e-04   -5.9030093313275143e-07    1.3316374904968599e-04   -1.6823400202008530e-07    5.6682184109886737e-06 
   4.7058581271624545e-05   -4.0315141067351232e-08   -1.3633851321019424e-04    2.5635735943768580e-07    1.1082249450545172e-06 
  -1.1576174273393785e-08   -1.3547398051190899e-06    9.6173206538168646e-08    5.3205369684235870e-05   -3.3688357897316438e-08 
   1.3456228929622539e-07    3.6896081347013624e-11   -2.3500320973561652e-08   -5.3750139943608158e-09   -8.6037856115084122e-06 
  -2.9692917488632420e-06   -2.0424110865384600e-03   -5.1889893264286197e-07   -5.2004540141908650e-05   -2.1292050578332390e-08 
   1.4297738375423151e-03   -2.1883909266521493e-06    4.9367081063681991e-04   -6.2368487479984880e-07    2.1013481505204920e-05 
   1.7445774942182989e-04   -1.4945815594476130e-07   -5.0544044319736033e-04    9.5037986200806327e-07    4.1084627828319520e-06 
  -4.2915728780563987e-08   -5.0223540758496358e-06    3.5653776025429482e-07    1.9724540777571581e-04   -1.2489103882158038e-07 
   4.9885554373531289e-07    1.3678285958370002e-10   -8.7121477038881829e-08   -1.9926500528235256e-08   -3.1896352030416049e-05 
  -1.1512772330205220e-03    5.4899334460723826e-04   -2.0582706392427913e-05    2.3423599280227326e-05   -1.4019554252564940e-05 
   1.4591255774960260e-04    1.5202516558679698e-03    1.7873073258173584e-06   -1.6686973064180683e-05    1.9017938437399914e-06 
  -4.8606529142057294e-04   -1.4330090827134982e-03   -8.0767889955920340e-06   -3.5734462075050451e-05   -6.0088979518365840e-06 
  -4.4538210624119877e-05    2.1238308647176514e-05   -7.9626078430757264e-07    9.0616331878696246e-07   -5.4235925305219902e-07 
   5.6447604828471517e-06    5.8812322965052236e-05    6.9143615320556754e-08   -6.4555078455047178e-07    7.3572630767585414e-08 
  -1.8803879470078766e-05   -5.5437264389152496e-05   -3.1245795463918406e-07   -1.3824202831342281e-06   -2.3245970207852600e-07 
  -3.7333953905295772e-02    1.7802916303753084e-02   -6.6746200624940406e-04    7.5958730941788545e-04   -4.5463019438405142e-04 
   4.7316949810040816e-03    4.9299164108122892e-02    5.7959323265340093e-05   -5.4113002961288367e-04    6.1671925460805564e-05 
  -1.5762267040797421e-02   -4.6470036499837795e-02   -2.6191646930523297e-04   -1.1588075588364322e-03   -1.9485829539677376e-04 
  -3.1954276332119586e-01    2.5526177667513056e-01   -2.7463827322031736e-01    1.9009107255316066e-01   -2.3573669333556615e-02 
   4.0343441968777628e-02    6.8145434416001516e-01    3.4376994506999214e-02    4.6120756623445180e-01    2.7763943023002449e-03 
  -1.3480199800954284e-01   -6.5842086573060277e-01   -1.1564057351038483e-01   -4.7587528684252067e-01   -9.7925582497632030e-03 
  -4.7263855238297960e+00    5.8521893057795591e+00   -8.0425164169754204e+00    7.5711013072240716e+00   -4.3849519119496208e+00 
   5.9502799797141914e-01    1.5190691503080965e+01    1.0078404829003547e+00    1.8442328073680130e+01    5.4545761096260537e-01 
  -1.9927624028221946e+00   -1.4960857813900382e+01   -3.3875283420521423e+00   -1.8977251811811993e+01   -1.8438813640141596e+00 
   3.1514313959369011e-04   -2.4908676010941820e-04   -2.5232678069546968e-04    1.5613889908232004e-04    7.1408466894071060e-07 
  -4.0121105243084536e-05   -7.1593095064205394e-04    3.2579011780598586e-05    5.0214961881944362e-04   -5.7154510454090516e-07 
   1.3318538573058066e-04    6.5832685044841946e-04   -1.0697926165188716e-04   -4.2929279265199657e-04    6.5883421786148510e-07 
  -2.1299081070972167e-03    1.0156592538128732e-03   -3.8078815383342561e-05    4.3334578825518564e-05   -2.5936726102091739e-05 
   2.6994396376865519e-04    2.8125252839108633e-03    3.3065887641545849e-06   -3.0871555688687695e-05    3.5183933197236953e-06 
  -8.9923988339374664e-04   -2.6511230963958614e-03   -1.4942376925053300e-05   -6.6110158607688956e-05   -1.1116697260449052e-05 
  -1.3483005568749767e-04    6.4294507962479687e-05   -2.4105118814948378e-06    2.7432186659930103e-06   -1.6418784514898254e-06 
   1.7088323926347849e-05    1.7804192555941485e-04    2.0931773803810756e-07   -1.9542690873824911e-06    2.2272564982880406e-07 
  -5.6924786168187359e-05   -1.6782464629829679e-04   -9.4590067345875360e-07   -4.1849863554593031e-06   -7.0372280648771889e-07 
2    102 5 
  -3.4821299970762117e-06    2.1051966821089012e-03   -6.7542547085231429e-07    1.2715690800638049e-04   -8.8537766045990547e-08 
  -3.4821299970762117e-06    2.1051966821089012e-03   -6.7542547085231429e-07    1.2715690800638049e-04   -8.8537766045990547e-08 
  -3.4821299970762117e-06    2.1051966821089012e-03   -6.7542547085231429e-07    1.2715690800638049e-04   -8.8537766045990547e-08 
  -3.4821299970762117e-06    2.1051966821089012e-03   -6.7542547085231429e-07    1.2715690800638049e-04   -8.8537766045990547e-08 
  -8.6549669621072125e-07    5.6490674647773802e-04   -1.8711554175442702e-07    3.7124608580693997e-05   -2.4227587466940869e-08 
  -8.6549669621072125e-07    5.6490674647773802e-04   -1.8711554175442702e-07    3.7124608580693997e-05   -2.4227587466940869e-08 
  -8.6549669621072125e-07    5.6490674647773802e-04   -1.8711554175442702e-07    3.7124608580693997e-05   -2.4227587466940869e-08 
  -8.6549669621072125e-07    5.6490674647773802e-04   -1.8711554175442702e-07    3.7124608580693997e-05   -2.4227587466940869e-08 
  -3.3749635743493478e-06    2.0852366397895528e-03   -6.3336006182878607e-07    1.2617184529405709e-04   -8.5334534195049129e-08 
  -3.3749635743493478e-06    2.0852366397895528e-03   -6.3336006182878607e-07    1.2617184529405709e-04   -8.5334534195049129e-08 
  -3.3749635743493478e-06    2.0852366397895528e-03   -6.3336006182878607e-07    1.2617184529405709e-04   -8.5334534195049129e-08 
  -3.3749635743493478e-06    2.0852366397895528e-03   -6.3336006182878607e-07    1.2617184529405709e-04   -8.5334534195049129e-08 
  -1.2888574207559557e-05    4.1040117222463385e-03   -1.8527825659643475e-06    2.7321231645552828e-04   -2.3500461578927804e-07 
  -1.0476905290652671e-05    2.8631715311346397e-05    2.2289790211752945e-06   -4.3056526660220737e-04    2.7212205200549694e-07 
   2.9705283801608997e-04    1.4116919707244045e-06    3.5811493037779880e-05   -6.9474879925127874e-06    2.2240064211364431e-06 
  -2.8130107694443827e-06   -1.0784505626658081e-08    2.2919680179984478e-05    1.9097797781236389e-07    7.2692716593191957e-06 
  -4.9725020813297453e-06    1.5833564288827322e-03   -7.1481647365660401e-07    1.0540722273400912e-04   -9.0666424564548348e-08 
  -4.0420633442222655e-06    1.1046316038139070e-05    8.5995569746835187e-07   -1.6611509154146906e-04    1.0498659108308525e-07 
   1.1460506271000492e-04    5.4464063670490015e-07    1.3816324505579588e-05   -2.6803894632907256e-06    8.5803723359138500e-07 
  -1.0852792310929900e-06   -4.1607377054334152e-09    8.8425729303353807e-06    7.3680639678757660e-08    2.8045358527334217e-06 
  -1.2716914539432119e-05    4.0493514255458152e-03   -1.8281058224189523e-06    2.6957347054318710e-04   -2.3187464860243884e-07 
  -1.0337366032373724e-05    2.8250376718798106e-05    2.1992918119560197e-06   -4.2483067644647198e-04    2.6849772705029572e-07 
   2.9309646621196542e-04    1.3928900015313665e-06    3.5334528797126506e-05   -6.8549561527678919e-06    2.1943854407225155e-06 
  -2.7755449887191179e-06   -1.0640869517110387e-08    2.2614418742223930e-05    1.8843439030896953e-07    7.1724540641010194e-06 
  -6.7542662007402831e-06    2.1469528193377063e-03   -9.6652662684960137e-07    1.4241370026659643e-04   -1.2260882045875224e-07 
  -6.7542662007402831e-06    2.1469528193377063e-03   -9.6652662684960137e-07    1.4241370026659643e-04   -1.2260882045875224e-07 
  -6.7542662007402831e-06    2.1469528193377063e-03   -9.6652662684960137e-07    1.4241370026659643e-04   -1.2260882045875224e-07 
  -6.7542662007402831e-06    2.1469528193377063e-03   -9.6652662684960137e-07    1.4241370026659643e-04   -1.2260882045875224e-07 
  -2.0815096627519908e-06    6.8613643448987545e-04   -3.3425849688263356e-07    4.9803642785659556e-05   -4.2094718655698802e-08 
  -2.0815096627519908e-06    6.8613643448987545e-04   -3.3425849688263356e-07    4.9803642785659556e-05   -4.2094718655698802e-08 
  -2.0815096627519908e-06    6.8613643448987545e-04   -3.3425849688263356e-07    4.9803642785659556e-05   -4.2094718655698802e-08 
  -2.0815096627519908e-06    6.8613643448987545e-04   -3.3425849688263356e-07    4.9803642785659556e-05   -4.2094718655698802e-08 
  -6.6700026142284770e-06    2.1225849086500682e-03   -9.5826392832880232e-07    1.4124597752268080e-04   -1.2152477488114736e-07 
  -6.6700026142284770e-06    2.1225849086500682e-03   -9.5826392832880232e-07    1.4124597752268080e-04   -1.2152477488114736e-07 
  -6.6700026142284770e-06    2.1225849086500682e-03   -9.5826392832880232e-07    1.4124597752268080e-04   -1.2152477488114736e-07 
  -6.6700026142284770e-06    2.1225849086500682e-03   -9.5826392832880232e-07    1.4124597752268080e-04   -1.2152477488114736e-07 
  -6.7426545873480064e-06    2.1470127742527021e-03   -9.6928276678040675e-07    1.4293095956171382e-04   -1.2294260987923238e-07 
  -5.4809905565656721e-06    1.4978675179948127e-05    1.1660898544863826e-06   -2.2525011869080908e-04    1.4236058796924439e-07 
   1.5540312284962867e-04    7.3852632487031194e-07    1.8734774221134645e-05   -3.6345767211229422e-06    1.1634884399371035e-06 
  -1.4716259272285269e-06   -5.6419116005256916e-09    1.1990425334671945e-05    9.9910084501333364e-08    3.8029177712798557e-06 
  -2.1448752425307438e-06    6.8297648726258105e-04   -3.0833414088570354e-07    4.5467118711721134e-05   -3.9108715531251502e-08 
  -1.7435330250168356e-06    4.7647983658638944e-06    3.7093955015095156e-07   -7.1653292734820637e-05    4.5285680393639990e-08 
   4.9434581957909910e-05    2.3492925666752568e-07    5.9596339810608348e-06   -1.1561787016115480e-06    3.7011202597779017e-07 
  -4.6813224327131093e-07   -1.7947228878105936e-09    3.8142197727299789e-06    3.1781943439334627e-08    1.2097289088935148e-06 
  -6.6650843413854506e-06    2.1223126644033803e-03   -9.5813174285468095e-07    1.4128662355944102e-04   -1.2152822799683470e-07 
  -5.4179350077334635e-06    1.4806354396961261e-05    1.1526746816260261e-06   -2.2265874953737109e-04    1.4072281375419424e-07 
   1.5361530199856292e-04    7.3003001708413127e-07    1.8519241744191031e-05   -3.5927630694557917e-06    1.1501031948097821e-06 
  -1.4546957428833004e-06   -5.5770047504294448e-09    1.1852482595598316e-05    9.8760678176493545e-08    3.7591674555737718e-06 
   9.3483401573289798e-06   -4.0150749119268756e-03    2.6796756742820916e-06   -2.4326871887508957e-04    2.6291582613774982e-07 
  -2.6764458484895828e-03   -7.1173314911285394e-06   -1.3033631969319333e-03    1.6340772438800492e-07   -9.1094798505519592e-05 
   4.6110079658360299e-04    4.1311719874965268e-07   -9.4638815362051252e-04    4.6865272808714640e-07   -6.8795038897537873e-06 
   4.4089500264433046e-09   -2.3493585772964751e-05    1.8577405978240344e-07    3.8775630044613716e-04   -2.5640735045486000e-07 
  -1.5472720646137991e-06   -2.8403929410769807e-09   -1.2101730955903894e-06    4.1936088484578828e-08    6.2775395862823391e-05 
   3.6106315500767908e-06   -1.5507518884579246e-03    1.0349774794994904e-06   -9.3958253201616924e-05    1.0154660195192303e-07 
  -1.0337300162374117e-03   -2.7489437912758064e-06   -5.0340105311229722e-04    6.3113352239223621e-08   -3.5183759683162153e-05 
   1.7809205226716789e-04    1.5955923368015589e-07   -3.6552573703709445e-04    1.8100885265010387e-07   -2.6570870737675596e-06 
   1.7028792063912788e-09   -9.0739832514330060e-06    7.1751954908308407e-08    1.4976403388940231e-04   -9.9032817980858828e-08 
  -5.9760655250303344e-07   -1.0970516899331784e-09   -4.6740801965439086e-07    1.6197074734226939e-08    2.4245889757570762e-05 
   9.2244391809394268e-06   -3.9618599354184596e-03    2.6441598044203608e-06   -2.4004448534417454e-04    2.5943119389090171e-07 
  -2.6409727860741499e-03   -7.0229998444193010e-06   -1.2860886893752658e-03    1.6124195204119999e-07   -8.9887446795067024e-05 
   4.5498946152847878e-04    4.0764182842433664e-07   -9.3384491981604297e-04    4.6244130128619693e-07   -6.7883243611239934e-06 
   4.3505147102336349e-09   -2.3182206622530225e-05    1.8331184862967320e-07    3.8261705824720922e-04   -2.5300898020515219e-07 
  -1.5267648391256857e-06   -2.8027469576396399e-09   -1.1941337104567121e-06    4.1380276199001635e-08    6.1943383686357303e-05 
   4.7940601967228880e-06   -2.0590297847729363e-03    1.3742040056309707e-06   -1.2475421974803897e-04    1.3482974260273754e-07 
  -1.3725476710289314e-03   -3.6499437369907137e-06   -6.6839690459767967e-04    8.3799525278445637e-08   -4.6715667198034609e-05 
   2.3646390036905415e-04    2.1185672384360926e-07   -4.8533126753685593e-04    2.4033671774841872e-07   -3.5279798569602136e-06 
   2.2610186915953430e-09   -1.2048092232091621e-05    9.5269535617850832e-08    1.9885102753133908e-04   -1.3149203519291265e-07 
  -7.9347940849701157e-07   -1.4566237976689633e-09   -6.2060671424823946e-07    2.1505864060001323e-08    3.2192776639983952e-05 
   1.2807867559314343e-06   -5.5009281698386767e-04    3.6713395705027070e-07   -3.3329483953721016e-05    3.6021272479906749e-08 
  -3.6669144875153619e-04   -9.7512325803255028e-07   -1.7856970250383324e-04    2.2387979651015334e-08   -1.2480612546885335e-05 
   6.3173973504880671e-05    5.6599891307039112e-08   -1.2966167177573957e-04    6.4208639947121408e-08   -9.4253924451685509e-07 
   6.0405641069928486e-10   -3.2187824791294127e-06    2.5452321092357476e-08    5.3125274196513744e-05   -3.5129566645966620e-08 
  -2.1198689123719919e-07   -3.8915332554736301e-10   -1.6580201908908463e-07    5.7455319150435917e-09    8.6006600387153309e-06 
   4.7481919108304415e-06   -2.0393295384361072e-03    1.3610559892068309e-06   -1.2356060473636186e-04    1.3353972768287172e-07 
  -1.3594155019713125e-03   -3.6150220514152843e-06   -6.6200186176307567e-04    8.2997753830988506e-08   -4.6268704187398942e-05 
   2.3420147700758175e-04    2.0982973536646445e-07   -4.8068774776062500e-04    2.3803724030596347e-07   -3.4942250891722613e-06 
   2.2393858694156892e-09   -1.1932819307621896e-05    9.4358022178877467e-08    1.9694847407841223e-04   -1.3023395456494490e-07 
  -7.8588760971576350e-07   -1.4426872107160306e-09   -6.1466891517442528e-07    2.1300101703962791e-08    3.1884764762368425e-05 
  -1.1765339895017208e-03   -4.6425689797760305e-04    1.3906001537313767e-04    6.6503002220191367e-05    6.6893852102055553e-05 
   1.7961291401265823e-04   -1.5161018228279878e-03   -2.1477726362234122e-05   -3.6806783914519255e-05   -9.9634281948345542e-06 
  -5.7384075885607232e-04    1.3933743586960791e-03    6.8140245946450131e-05   -1.2120239768569360e-04    3.2161428752325689e-05 
  -4.5515291302498650e-05   -1.7960201863436344e-05    5.3796636261387375e-06    2.5727293436075422e-06    2.5878497280480543e-06 
   6.9484895259499217e-06   -5.8651782886009125e-05   -8.3088544879732175e-07   -1.4239040322897662e-06   -3.8544431415150351e-07 
  -2.2199553547656187e-05    5.3903958912690235e-05    2.6360676116038760e-06   -4.6888253857944025e-06    1.2441942276454044e-06 
  -3.8152987371103522e-02   -1.5055058097377031e-02    4.5094787381397819e-03    2.1565787529198447e-03    2.1692533468880794e-03 
   5.8245399632817236e-03   -4.9164592111921000e-02   -6.9648597488065781e-04   -1.1935811242107218e-03   -3.2309695553412100e-04 
  -1.8608675500256907e-02    4.5184750109145244e-02    2.2096717700096648e-03   -3.9303867032419223e-03    1.0429401921008702e-03 
  -1.2255418192498705e-03   -4.8359524537641165e-04    1.4485247833552779e-04    6.9273145573149888e-05    6.9680276076431231e-05 
   1.8709458406133178e-04   -1.5792541504929803e-03   -2.2372368392409126e-05   -3.8339948800323905e-05   -1.0378448922699087e-05 
  -5.9774375737843349e-04    1.4514145461923492e-03    7.0978587721646073e-05   -1.2625101211064842e-04    3.3501094107356148e-05 
  -4.0617326343492954e-05   -1.6027479104415992e-05    4.8007504042734831e-06    2.2958742952624222e-06    2.3093675537187432e-06 
   6.2007527271248528e-06   -5.2340181462882288e-05   -7.4147268889406714e-07   -1.2706757027424317e-06   -3.4396610561242270e-07 
  -1.9810628149830126e-05    4.8103277551533138e-05    2.3523966425355785e-06   -4.1842542453861096e-06    1.1103047246934631e-06 
  -3.8152987371103522e-02   -1.5055058097377031e-02    4.5094787381397819e-03    2.1565787529198447e-03    2.1692533468880794e-03 
   5.8245399632817236e-03   -4.9164592111921000e-02   -6.9648597488065781e-04   -1.1935811242107218e-03   -3.2309695553412100e-04 
  -1.8608675500256907e-02    4.5184750109145244e-02    2.2096717700096648e-03   -3.9303867032419223e-03    1.0429401921008702e-03 
  -2.1702520401079770e-01   -1.3865891001252870e-01   -1.1139533519759658e-01   -6.7892940602946233e-02    8.2466542780457466e-02 
   3.3119174575476730e-02   -5.1086031973116097e-01    1.7005912916916353e-02   -3.6679409913678290e-01   -1.2493299779339545e-02 
  -1.0582949465272280e-01    4.3412036225309525e-01   -5.4359006026972669e-02    2.4852520809890424e-01    4.0003929150101120e-02 
  -2.1353506677221437e+00   -2.2525266666026877e+00   -2.1322947691794187e+00   -2.1666339120518487e+00    1.1966541187260764e+00 
   3.2629274136724201e-01   -9.1642904160297185e+00    3.2732952596650911e-01   -1.1416989539514111e+01   -1.7855778910703293e-01 
  -1.0418847528784461e+00    7.3197312246357473e+00   -1.0432794094596920e+00    7.8426392400819296e+00    5.7539850108358537e-01 
 TENSORSUMACCUMULATOR_IMPL_H - PrettifyOut: Norm of simple tensor is 5.17535e-06 
 As simple full tensor 3    5 5 5 
  -3.7615839326223320e-08   -1.8740110491209935e-07   -4.4204055826052010e-09   -3.6270944223426059e-08    6.7110183609737359e-09 
   2.2194216095447398e-07    2.0878175358689200e-08    1.6550175228213836e-08    9.7746604022505746e-08   -3.4188022822947144e-08 
  -1.2866823886831709e-09   -5.5986038652492918e-09   -1.9041184681729149e-11   -4.3298765972366511e-10    1.6179037450908744e-10 
   1.3625730497615800e-08   -3.0012855962394086e-08    8.0660040886703036e-11   -5.1126376942039458e-09   -1.6243807464318852e-09 
  -8.6305551451507746e-10   -3.9425342290047041e-09   -4.5007559807386237e-12   -2.0755752919251897e-10    1.0435989036837786e-10 

   4.6248224905558190e-06   -9.7995304516213155e-09    3.5397429974865120e-07   -5.0268790495687986e-09   -7.1811047014945888e-07 
   2.9668147452568131e-09    8.7383775783582539e-07    1.5926131172475633e-10    1.7756413658645718e-06    1.3863665933835123e-09 
   1.3786911020791509e-07   -2.5546890064350140e-09   -9.6428518013179321e-11   -1.3453672445403375e-09   -1.5808338845343094e-08 
   1.2242538532490577e-09   -4.9587741281075918e-07   -4.9406495565492242e-11   -6.8265885688332937e-08    1.5388317763684900e-12 
   9.9016163470397736e-08    2.5316304350708644e-10   -7.1530951318024370e-10    1.3818328793854867e-10   -1.1173789488197094e-08 

  -1.0902797557473264e-09   -1.7810854940407250e-09   -2.6194666614121537e-12    1.2553660090622471e-10    1.2904746360860098e-10 
   2.1391981526157226e-09    1.0908618537554265e-09   -1.6282679056577964e-10    7.8742749799036074e-10   -1.6775571795841589e-10 
  -2.8030243193503301e-11   -3.7425251621541786e-11    9.4832543653423781e-13    2.5794847643668248e-12    2.7935119851843242e-12 
   1.0242200507169010e-10   -1.6569866705634896e-10   -7.7308486125659648e-12   -1.4581784037310927e-12   -8.0374156532195483e-12 
  -1.9411624617662485e-11   -2.5112040824387126e-11    6.9368582386139392e-13    2.1691624597321759e-12    1.9202464542100565e-12 

   1.8963535763585841e-07   -1.0483839058555075e-08   -1.4810073510849148e-09   -1.2011706292557405e-08   -2.1353171754941958e-08 
   1.1039468083810316e-08   -6.3481991367258912e-07    2.1676451072293928e-11   -1.3530591705723282e-07   -1.2026477154541902e-09 
   4.6511322280809840e-09    8.4410390569894847e-11   -1.7333207260705068e-10   -1.9932723110396314e-10   -4.4771935578777859e-10 
  -3.5313534646797382e-09   -2.4792517317072277e-09    5.0478068781933690e-11    1.4095226026582197e-09    3.8770537784325124e-10 
   3.3066994793885902e-09   -2.3604284456054707e-10   -1.3503860352716751e-10   -2.0173770356643304e-10   -3.1696311622410099e-10 

   6.5052322532464439e-11   -8.6221161189119065e-12    2.5603797414057448e-12    3.9899991549358215e-12   -8.8884742498185235e-12 
   1.0205474761865120e-11    6.8992410579362465e-11   -2.7292887721382452e-12    3.8609290176686386e-11    8.9488621471851857e-14 
   1.7770307348954172e-12   -1.4912004637867141e-13   -2.7601477051007436e-14    4.3881362472880447e-14   -1.9321271926570076e-13 
   6.3136913355364708e-13   -8.3633603756951607e-12   -1.0347386349093680e-13   -6.5468948821450090e-13   -2.2979083333697530e-14 
   1.2794467670530361e-12   -3.9629056476254208e-14   -2.6310685862047476e-14    4.8636905583554601e-14   -1.3595483566988120e-13 
