2    21 5 
  -2.9563370874643180e-06   -1.0157334935916621e-03   -3.9362621479170649e-08    2.2353284506702775e-04    7.1774226757523552e-08 
   7.2627405367682983e-06    1.6410868777697211e-06    5.4740088044119824e-07   -9.0991740109780124e-04   -1.6275526876554562e-07 
   5.6833402310487817e-05    2.2238385311554717e-03   -7.6105782316577134e-06    2.5442807462756627e-03   -3.5158642072002534e-06 
   1.6215119406728283e-06   -5.2616325212758136e-04    2.4565855359412798e-06   -6.1239171042902821e-04    1.1745280698378583e-06 
  -1.1687407058490351e-05   -6.7320344221724734e-04    3.0376654499742138e-06    4.7081214335500390e-04    1.9228147815175288e-06 
  -2.5180499607699378e-05   -3.2689357600739855e-04   -1.4202891341529677e-06    2.4385193771737175e-04    2.7694190484240271e-07 
  -1.8252782498342287e-04   -9.5517135640833372e-04    2.9884573421897551e-05   -3.9777526426741590e-04    2.3928177946961757e-06 
   1.2787568349238050e-03    5.1789766671137547e-04   -4.6381076354303240e-05    2.0804641228009028e-04   -5.0749612896823244e-05 
  -2.5720599005972663e-04   -1.0336608637952589e-03    1.5801104467832284e-04   -2.3067976204702012e-04    6.2105065249799937e-05 
   5.4179990905650394e-04    7.6022779038128154e-05    1.0388511385718782e-04   -1.5116869974106650e-04    5.3705376424897703e-05 
  -8.1370010807998647e-04   -6.4265934124599095e-04   -4.2575438714108991e-05   -3.9331572220013166e-04   -1.9069714403263763e-05 
   5.0568912226606198e-05   -3.4958850569176384e-05   -1.4712081827988347e-05    1.0576710266075265e-04   -4.9867790702086978e-05 
   1.1208190226404146e-04   -4.6922449225671475e-05   -1.4620517283202498e-04   -7.2071308107247311e-05   -8.2863707218310955e-05 
   2.6460316065692719e-04   -8.2719536814635677e-05   -3.6324412491332109e-04   -1.9005791509048279e-04   -1.4808319035464139e-04 
   9.0688424734962814e-05   -6.8314123416532828e-07   -3.1707537840039646e-04    1.2295296675227487e-04   -8.3823391872190717e-05 
  -1.4742306127896494e-04   -1.2670531252217555e-04   -7.6099094829203844e-04   -1.5516493816701167e-04   -3.7183035971780022e-04 
  -1.7882871453511457e-06    5.1672881516533372e-06    6.3250854310544236e-06    6.2990875936362833e-06    6.1653328936000387e-05 
   1.0137238958239995e-04   -8.1782016454183160e-05    5.6456158815333615e-05   -1.8460150792443575e-04   -1.9754908692487985e-04 
   2.1672440594331430e-05    2.6665171727932211e-05    6.1662635190426793e-05   -1.0911667868866564e-04   -8.8760388189268799e-05 
  -8.4058087409318065e-06   -2.2518838837110626e-05    4.3700295809004819e-05    3.1010607570210705e-05   -2.4903102564098926e-05 
  -7.0895005585337753e-05    9.3896289534471794e-05    2.5924660765457285e-04    2.0072849554060983e-04    3.1728554285233762e-04 
2    21 5 
  -1.1801162123471192e-03    1.2303012284227070e-01    8.7779791251286918e-02   -5.8538880493227897e-02    2.7210350052655624e-02 
  -5.5580228281978346e-02   -2.6806794153004763e-02   -3.0282009767576171e-02    5.3191225462143731e-03   -6.1058577158983806e-03 
   2.0341402180568763e-02   -7.8038092702719334e-03   -3.7040379658534609e-03    7.1392955459102323e-03   -5.4609853416296896e-03 
  -3.1587850377544288e-02    2.7794609604547334e-02    1.8231488078868940e-02   -2.1016246108080932e-02    1.6632357865216461e-02 
   3.0594039143540794e-02   -1.8925767050743395e-02   -3.6010231208454528e-02    5.8454334995740813e-02   -3.1376084722565888e-02 
   7.5448320454734267e-03   -2.5321275075045280e-02   -2.6671927768419944e-02    1.4927388987019946e-02   -9.6153184558044006e-03 
   1.4561980916923127e-03    1.1431669441254299e-02   -3.8270361631436160e-03    4.8047413229900613e-03   -4.3670191146837406e-03 
   1.5006113409699081e-03    1.3037634812612180e-02   -8.0816493445084077e-03    5.4223158680709567e-03   -4.0684147691665761e-03 
   1.9218724290969013e-03    9.2306365195650563e-03   -4.5371175376795001e-03    1.8617336863148344e-03   -5.4706505590462091e-03 
  -1.4188745573936615e-03    5.5416420023488228e-03   -5.0564280623133749e-03    5.3262947074909526e-04   -7.9160507216349298e-04 
   2.2299620890204336e-04   -5.0484252420354642e-03   -2.2932313551711583e-03   -3.7989455001819364e-03    1.7863114118314488e-03 
  -1.2166608684095331e-03    1.2719878504077542e-03   -3.7865935169564026e-03   -5.7390635628332056e-04   -1.5198417931015437e-05 
  -3.0081429957661710e-03   -1.7565019230133981e-03   -6.2821030917449465e-03   -2.6569331590392139e-03   -1.8391508396818936e-03 
  -3.4350845074710870e-03   -1.6567079067356797e-03   -2.4033426189541771e-03    2.3286341430857455e-03    1.9354944124364624e-03 
   4.4759353265753026e-04   -3.1675002396430165e-05   -8.5320298322570231e-04    3.8976868392761157e-04    3.9809484493536409e-03 
   2.7742619115759771e-03    2.0228404260265025e-04   -2.2194748470217638e-04   -9.6118693302384953e-04   -1.3390937238940385e-04 
  -2.3715209683732039e-03   -6.5535869553728565e-03   -8.2878274608322376e-04   -1.4309676022465554e-02   -1.5720541631864581e-03 
   2.5578783867803740e-05   -1.3958211086576337e-03   -6.7539471882479998e-04   -2.3858351674712957e-03    9.5084066739623213e-05 
   2.0384860178270013e-04    1.5184738267019805e-03    3.2778614404530159e-05   -8.9490490446257859e-04    7.6375268280517333e-04 
   2.1542485484760117e-03    3.3498130041448313e-03   -2.8036332614286962e-03   -4.3097740062604424e-03    4.7885177498141491e-03 
   6.9212665065902866e-04    1.3544812091654487e-03   -4.7114911492751078e-04    2.8126090894801527e-03   -3.1028704136027319e-04 
2    21 5 
  -9.2195267534229649e-04   -5.5266802602116340e-02    2.7959129379978771e-03   -6.7082933231277314e-02    8.4927708993818326e-04 
  -1.7425139214677001e-02   -5.5580509409531263e-02   -4.0917660770562522e-03   -5.3490855326479873e-03   -1.4981799002934766e-03 
   4.3052065336563201e-02   -9.4956880928559247e-03    1.1203043438847329e-02   -3.0833303389331741e-03    4.2712915820323077e-03 
  -6.4624439151137358e-02    2.8049705490834794e-02   -1.8752117607046450e-02   -5.5062023031155906e-02   -7.4319925608898052e-03 
   4.0096722708097780e-03    2.0191485862413403e-02    1.7342650937307552e-03   -1.6987598856717166e-02    5.5929254814622315e-04 
  -4.7066136629160850e-02   -7.0546530034491378e-02    7.2787152410735230e-03   -1.2098904762417000e-02    3.3585347935332810e-03 
  -5.1832503177829939e-03    1.7311851006400168e-03    1.0799724966677223e-02   -4.8272062799161673e-04    5.4129997680186989e-03 
  -3.3477566607191616e-03   -6.5477145458446204e-04   -3.9047509246834442e-03   -1.2154047650394975e-03   -1.7023850181554227e-03 
   1.6820067167495859e-03   -2.3289013692611845e-03   -1.0831033960476986e-02   -6.8059912131010188e-04   -4.9424869498840580e-03 
  -3.5605368773659581e-03   -1.5846250699424213e-03    9.1646434448701790e-03    1.5712614060789218e-03    5.8901666206081001e-03 
  -3.6949739037169765e-03    1.7957906285254925e-03    6.5120936902782487e-03   -8.4915159754039697e-04    4.1315329925395525e-03 
   1.6220643673696780e-03    3.1016411914448530e-05   -1.6565391660916899e-03    1.6379426234779297e-04    5.7491165322979421e-03 
   6.6914170169455950e-04   -1.9175276239360064e-03    3.9932258854472860e-04    1.0991574124098171e-03   -1.3117571303953664e-03 
  -2.2983631970642854e-04    7.7652375369646786e-04   -1.4997305380276701e-03    2.5386903317852735e-04    2.8299415004601016e-03 
  -4.7465003922942693e-06   -9.0973923945482902e-04    5.4893146566415340e-03    2.1778321435936882e-05    3.8702044815707294e-04 
   3.1523010388466053e-04   -5.4894767428789780e-04   -8.5033234696390745e-04    4.9147409284571114e-04    2.4753486546065001e-03 
  -6.1144681094034059e-05   -1.3945064350383510e-04   -3.2620240646457759e-04    3.1767557956715350e-04    7.0501438389030443e-04 
  -1.4922474611814645e-04    1.5610065536535692e-03   -1.4141237145222547e-04    1.7599141240416049e-03   -1.9294706907738743e-04 
   2.7187245266306897e-05    1.0926103834706846e-03   -8.3694756504473940e-04    1.5579194012734561e-04   -1.6388380249781525e-04 
   3.5259572638420358e-04   -6.3749212461977612e-04    1.5623362596506574e-03   -1.8481056474766911e-04    7.8338177342448135e-04 
   4.1801491264417879e-04   -8.5247902791425051e-04   -1.7486160300337890e-04   -7.8578360941916939e-04    3.4402734615937862e-04 
 TENSORSUMACCUMULATOR_IMPL_H - PrettifyOut: Norm of simple tensor is 1.55998e-05 
 As simple full tensor 3    5 5 5 
   6.4876794585092270e-08    1.6526508469166942e-08    2.2100177923860451e-09    5.8692978098843394e-09   -5.9614529499393131e-09 
  -1.2222710520313251e-07   -1.0525060995703398e-08   -8.2185861478641819e-09   -4.0472465601603726e-09    6.0206052643720585e-09 
  -1.6181388287928324e-09    4.2155321082606765e-09    2.5759150849007365e-08    6.7680757859188283e-09    6.7790978540473563e-09 
   1.4878928822330602e-09   -2.9638896312691560e-09   -7.7829414725396704e-09   -5.2628164462470443e-09    3.0771969054925288e-09 
  -1.8919717271049387e-09    1.0100321811478064e-09   -3.0822620530938311e-10    1.4192615768806452e-09   -9.4700190616983609e-10 

   9.0958252561241803e-07   -2.6465173181022027e-07    1.4647566136086228e-07   -7.5379101342976641e-07    5.0753344489897931e-08 
  -2.0148686967557771e-08    6.3409868321687658e-06   -2.0326515338215280e-07    8.9271697940921074e-06   -4.4239357823720610e-08 
   3.4452091114268757e-08    4.6150070276688698e-06   -4.5196679912949479e-08    6.0165306486943071e-06    1.1887907482076717e-08 
  -1.1882307715593040e-08   -3.5789900103280477e-06    9.8577311590964034e-09   -3.9207454500883048e-06   -1.2278862160568374e-08 
   4.5768237942682218e-09    1.5959199756604663e-06   -5.6022076118886628e-09    1.9742558941284417e-06    4.5756631171130831e-09 

   3.1604120331097998e-10    4.4638069264691244e-09   -4.6308094073256015e-09    2.6977285168837637e-09   -4.1783994459954840e-09 
  -3.4858631597454544e-09   -4.5570616446795947e-09   -3.9468700389248486e-09   -2.7821749379138648e-09    8.8906505397463509e-10 
  -3.5005334102283703e-09   -1.8410854175758450e-09    6.4998842212343347e-10   -2.7398181172032455e-10    1.4451089281732264e-09 
   3.4137930822198489e-09    1.3404798845826511e-09    1.1967974274617394e-09   -1.7615338843628770e-10   -9.4549990037454744e-11 
  -2.2310476129349112e-09   -2.0683383259629324e-10    6.1503205388813846e-11   -2.9911769412983615e-10   -1.4017900762872269e-10 

   6.8684190572347411e-08   -2.5847051056460471e-06    4.6575929641004683e-08   -1.7438301893223003e-06    1.4833579413755314e-08 
   5.6566410791318624e-08   -2.9086836803671222e-06   -1.8358810014621488e-08   -7.5307338636605414e-07   -1.1109964123210668e-08 
   4.8621023818844716e-08   -2.7214878808080561e-06   -6.8726033134634537e-09   -4.5125183936772693e-07   -7.4784804194898074e-10 
  -1.3804394644332099e-08    1.4789469094982453e-06    8.7488022125536397e-09   -3.7357377518144961e-07   -2.9414382097142001e-10 
   7.0865560299456314e-09   -9.3356202666377424e-07   -4.5579727400797253e-09    4.4540832027342743e-07   -1.4122568839713495e-09 

  -7.1318627462733799e-11    4.3080926366137043e-10   -1.8606375642502434e-09    7.7402383161102511e-10   -2.0835026973451193e-09 
   8.3814152093041090e-10   -1.4940029708152986e-09   -5.1378607220853637e-10   -8.1949155632867388e-10    1.4350503883414374e-10 
  -1.2953031130261533e-09   -6.7263851629648408e-10   -1.4652507753539282e-09   -1.1046540847054926e-10    6.4082251854850846e-10 
   2.2586810032998499e-09    1.0805413723845398e-09    1.3194656200586514e-09    1.7191490501275514e-10    1.4805077487213665e-11 
  -1.3927737184538952e-09   -3.5211744688777424e-10    4.1279477843649394e-10   -1.2956080040554594e-10   -4.1909640690067989e-10 
