2    21 5 
  -2.6267440349901150e-05    6.2202854571300915e-03   -7.5974612897723011e-06   -1.4007104467204201e-03   -1.9845660080751369e-06 
  -4.1059717745706940e-06    5.9853490589904595e-04   -4.7909973118958411e-06    1.4074749054740370e-03   -1.5270797838047582e-06 
   2.1357096369183045e-05    4.9751204082605573e-04   -1.2204658141494639e-06    2.3790402388382839e-04   -1.9359891481308290e-07 
  -3.5923796680813918e-05    5.3695225210378353e-04   -9.8177529555163021e-06    1.6312338382940442e-03   -2.8315196622577067e-06 
  -5.2508989261656289e-05   -4.8180709550742012e-04   -9.7555208967834305e-06   -1.6053563684422056e-03   -2.2789069129855114e-06 
  -3.9634178512560298e-06   -4.4714636992679004e-04    8.0477058495918283e-06    1.2761052924967669e-03    2.2213574618076491e-06 
   3.6374663974787129e-04    1.0618233489309022e-04   -1.1133437827897583e-06    2.0024114807666161e-05    7.8456653497080904e-06 
  -9.4431555857751957e-04    1.4370815484442525e-04    2.5972142528579936e-05    2.5746055763631987e-05   -3.3893448134323407e-05 
   1.5092791321021635e-03    1.2617619855008558e-05   -1.6073633119273642e-05   -3.1184598178253361e-05   -5.4142187636889090e-06 
  -2.5068401692290149e-04   -3.2856424013509301e-04    2.7225045716629536e-05    1.3061957328275721e-04   -4.7776841255032908e-06 
  -1.1121798596618197e-04   -2.8995324484567921e-05   -3.8526399681910994e-06    5.3960865367749489e-05    1.6424932258607733e-06 
  -3.2825979722169221e-05   -1.0576106322435041e-05   -2.5987422461472564e-04    4.6881784940571065e-05    3.3384016469940989e-05 
   1.1094813294710440e-04   -8.6535004034576490e-05    3.0408195172740922e-04    5.4450319732348825e-06    3.0058465104538943e-04 
   6.5026225560500464e-06   -5.0887696951478628e-04   -2.8953808896115912e-04    2.4559195941254743e-04   -3.6458176280197133e-04 
   9.8895420936188420e-05   -1.2423473868718548e-04   -1.9224690929943593e-04    1.4438926738210743e-05   -1.2174398503178707e-04 
  -1.2582397669134510e-04    1.8882879455306623e-04   -2.6400585502555115e-05   -4.7570352833486386e-05    9.1072930225034667e-05 
   1.3895789467930119e-05    9.0687303066714774e-06    7.4738670821981298e-05   -5.4336192427004706e-05    7.0379599217151211e-05 
   4.5685399651864883e-06   -2.2429679370006679e-06   -1.2482798265778552e-05   -4.6900630218594550e-05    2.6703435338074587e-04 
  -8.4266876007370110e-06   -1.1722690356105488e-05    4.8375414853381137e-05   -3.6535439528011624e-05    8.8341562183975933e-06 
   8.9252904144493248e-06   -6.6035435384902437e-06    8.3067658307851356e-05    7.9822282361630384e-05   -4.7933992272690958e-05 
  -9.0744106608274648e-06   -3.1564603159770109e-06   -6.0898366205845676e-05   -2.3561676396202774e-05   -7.9582755985016732e-05 
2    21 5 
   6.7231941633951213e-05    1.9794250676946366e-02    1.4363773602855845e-02   -9.7006341434457133e-03    4.6444516441432231e-03 
  -1.1675318775284492e-02   -3.4301155359892192e-02   -4.1981030841151096e-02    3.5357227667515971e-02   -2.3016791871093671e-02 
  -7.4988078145763776e-02    3.1249553364721214e-03    4.8687523134092907e-02   -8.3650117201521129e-02    4.0348660353346215e-02 
   3.8626699350314743e-02    2.2123886760432799e-02    3.3731189294003587e-02   -1.5875851396046581e-02    1.0347910834200256e-02 
  -4.9910720806672498e-02    1.6212815449053508e-02    2.3205793937813537e-02   -2.5392427228402941e-02    1.4867728088933389e-02 
   5.3534334080129732e-02   -5.0742403258897898e-03   -7.1027896295205901e-03    1.0226471975956499e-02   -5.2822935902213930e-03 
   3.6679566075107874e-04   -1.1985349500970646e-02    8.6448065313103218e-03    1.0905534661433862e-03    7.0091162415826472e-03 
   1.6461431247023353e-03    2.1108263670235335e-02   -9.0952762014466469e-03   -6.0902686110923237e-03   -3.1007841006123159e-03 
  -2.4829548470553008e-03    1.7872867362758834e-02   -4.7387917563570066e-03    2.5073198202760138e-03   -2.6363612683083333e-03 
  -7.9996337322033105e-04   -7.0133984004586087e-03   -5.2299965663651438e-04   -2.8801189045348672e-03    2.5839860674586996e-03 
  -8.3793096812631810e-03   -4.8011788588562899e-02    2.9827695546786152e-02   -7.3608483760114092e-03   -2.0073766285902520e-02 
  -4.7845415957917242e-04   -3.6667665203748475e-03    2.1346725839318540e-03   -3.5418965979008146e-05    1.5045348577488031e-03 
   5.5622720340081763e-04    4.4164630084377613e-04   -2.1545609256233486e-03   -6.2268397955915196e-04    9.8981751685578217e-04 
  -3.0791950506150541e-03   -1.0742720187095884e-03    2.9984633996309841e-04    1.3198866692012672e-03   -3.4946560193443153e-04 
  -4.9737024866359841e-03   -1.9703310111027846e-04   -2.9977503282384507e-03    1.0378252325553678e-03    3.0966484495336334e-03 
  -2.0377541547538058e-03   -4.4703694362915078e-04   -1.6166479225494042e-03    6.5056048869886361e-04    1.2856208187986449e-03 
   1.3548014682307774e-03    7.2543830442330451e-04   -2.2080292912520080e-03   -4.1306167743067491e-03   -3.6449415373604032e-04 
   4.7218894566443805e-04   -1.7303827231118466e-03    1.4221194905458408e-03    1.1474100394994065e-03    2.0699873213760804e-03 
   8.9212296302759665e-04    1.9818119046026454e-03   -1.3719030963873688e-03   -6.1508062815193131e-03    7.2923742899961607e-03 
   1.3534104580865745e-03   -9.4562798490852322e-04    1.1236778253036902e-03    1.5596062189921437e-03    4.1497922171876813e-03 
  -9.7387920199066018e-04   -1.0889197860406376e-03    1.7300506325989937e-03   -3.7650011120181660e-03    1.2665605407218914e-03 
2    21 5 
   9.5789040466272952e-06    5.5519295980971044e-02   -1.2892501691315974e-03    6.7441538145378579e-02   -2.1069202566749602e-04 
  -7.7458863885711115e-03    1.3452856920512891e-02   -1.1343852264407536e-04   -3.1387637271218190e-02   -1.8685463243125973e-04 
   4.3812581215148102e-03    2.4741259821305494e-02    3.7117107415408370e-03   -2.1975546393192671e-02    1.0128496415219481e-03 
   8.6285669102119486e-04   -1.4959128712725445e-02    1.1796479888154612e-03   -2.8432448775489037e-02    2.2984798299146390e-04 
   1.9112898600900142e-02    1.5536742860094432e-02    5.0689282159100627e-03   -2.7619971416135029e-02    1.4879547973809621e-03 
  -2.2920278685095909e-02   -3.2020999327707848e-02   -5.4153847861638038e-03    2.0019740854361600e-02   -1.5757244167629400e-03 
  -1.3796468314016582e-03   -1.0505708554026251e-03    1.4035283360477355e-02   -1.6534460300357146e-03    5.2884932010976993e-03 
  -8.8401850291600678e-04    1.7121436179182935e-03   -3.6191752740732538e-03   -1.3385840720036401e-03   -1.4806061342404360e-03 
  -4.6948831845706855e-03    2.0870296727825552e-03   -1.1086606786458490e-06   -1.7453444664742709e-03    3.6993792790935903e-04 
   2.8704923597459237e-03   -1.9463524433551733e-03    1.1157782137896562e-02    1.4568168678715169e-03    3.2460491071282594e-03 
   4.1738151626705822e-04   -6.6435533357708321e-04   -4.7103436540784143e-03    8.0024870216461349e-04   -2.1320874722499097e-03 
  -2.1054964412295578e-03   -1.2483319508562968e-03    7.3227538550550328e-04    3.2449767898009353e-03   -3.7111658157981231e-04 
   1.4198115932402011e-03    2.3482380457459187e-03   -3.9866842934375285e-03   -2.8160141860065325e-04    2.7205530104136770e-03 
  -4.0490071307240576e-05    2.5364960133926321e-04    6.5384152076451902e-04   -1.1887804253157192e-04   -2.7617086870237811e-03 
  -2.8042536055162404e-04    3.8611846239289038e-05   -5.8223317675237330e-03    1.2244212647591816e-05   -6.0753524269431319e-04 
  -1.0706412655756275e-04    1.0884985384096114e-03   -6.0949518565239945e-03   -1.0328197831672329e-04   -1.1463302501436658e-02 
  -6.6443361618398640e-04   -1.1204170832995756e-03    8.8844383088572669e-04   -5.3701428321775734e-04   -1.9834861265439108e-03 
   6.5278696078300327e-05   -1.4749118581312440e-03   -5.5553859122285968e-04   -2.0074292302429012e-04   -3.4779627870614517e-04 
  -6.8693729432144697e-04    2.8378065807275034e-04    3.2791448353520597e-04   -4.9710777262131870e-04    8.4807036432696143e-04 
  -3.0029631758013935e-04    8.0585184044524306e-05    5.7092360142634328e-04   -2.9680654546092306e-04   -2.1469361846667215e-03 
   9.6822753682417593e-04    8.6184607027868770e-04    1.9226599771227424e-04    3.1783402859762873e-04   -1.8628683372940449e-03 
 TENSORSUMACCUMULATOR_IMPL_H - PrettifyOut: Norm of simple tensor is 1.56147e-05 
 As simple full tensor 3    5 5 5 
   6.6280426715088235e-08    1.7923198016450089e-08    1.3274716684638014e-08    5.8255376644760026e-09    5.9267057284746425e-11 
  -1.1412309314753333e-07   -7.4949931018778933e-09    5.9095724125835037e-10   -4.1428628283188643e-10    8.8711582016916832e-09 
  -1.2598064414634199e-09    3.5673265280055050e-09    2.8079455284454805e-08    8.1048498727618479e-09    5.0250173495036181e-09 
  -8.6827176835118974e-10   -3.2910520492412934e-09   -1.0182678425482848e-08   -6.0617027819297957e-09   -3.3499669324318340e-09 
  -8.1679233336044044e-10    2.5097415844202866e-09    4.9991855321520375e-09    1.9189427958493612e-09    2.3021308364026459e-09 

   9.1731843942195451e-07   -1.6446650915710058e-07    1.3922178902368262e-07   -6.6558156968595109e-07    4.1433718837830492e-08 
  -1.8967709378828168e-08    6.2278953146404770e-06   -1.9728567162993568e-07    8.8396571206811328e-06   -4.0354085751696579e-08 
   3.1298616600148020e-08    4.6724351978108130e-06   -5.2518516990768370e-08    6.1393096078695916e-06    6.3865318457509544e-09 
  -1.2163812412134192e-08   -3.6343866040736211e-06    1.1327800815243921e-08   -4.0037200117721249e-06   -4.5982118859245902e-09 
   6.0613445858572335e-09    1.6449652184550341e-06   -2.7164062944266624e-09    2.0254292627902239e-06    1.0368282238257312e-09 

  -1.6070070697141661e-09    3.1398572484620064e-09   -6.2463723740291771e-09    2.1925043462914347e-09   -3.9092424400882330e-09 
  -5.0435010328980087e-09   -4.3551523498755570e-09   -5.3652069087946961e-09   -2.8946840551215870e-09   -3.0796229782820946e-09 
  -5.2469441713932582e-09   -2.3777138408163725e-09   -1.8212661158927740e-09    7.0500227754031700e-10   -1.7749183550570930e-09 
   5.2370574994973465e-09    2.9118738190387982e-09    2.3762109684102697e-09   -9.1056357578372893e-10    8.0681357010686678e-10 
  -1.8255864760678701e-09   -5.3441638992559583e-12    2.3686540341708378e-09   -1.5581480526365790e-10    1.1229537758913339e-09 

   6.8345453543792462e-08   -2.5520856424505316e-06    4.6508435923417655e-08   -1.7360851800517306e-06    1.2597439004973084e-08 
   5.8304075120992963e-08   -2.9036916802722971e-06   -1.4226148031715445e-08   -8.1097710431222101e-07   -3.6838868516081992e-09 
   5.0777994557710849e-08   -2.7383140413728530e-06   -4.1202188486859203e-09   -4.7263502800161565e-07   -5.2440141332688337e-09 
  -1.5913639883539062e-08    1.5349142546678611e-06    7.6438792729473493e-09   -3.3742054795335489e-07    5.3899103188771917e-10 
   5.7039995952711094e-09   -9.6715988242118182e-07   -5.4968715896093087e-09    4.1111475587605846e-07    4.4156770135602918e-10 

  -6.2351222473512647e-10    4.0790394818969447e-10   -2.1381718328486801e-09    1.2599387158803537e-09   -9.9874738036350204e-10 
   7.9130652988635053e-10   -8.8007453958821543e-10    1.9532665915383170e-09   -8.4234848738392436e-10    3.4195052471709193e-10 
  -2.8610887850072870e-09   -1.6644516971537578e-09    2.5737118860759389e-10    3.7869189422629740e-11    2.4171273643012747e-10 
   1.3657486442373389e-09    1.4980387853110922e-10    2.2209004668913623e-10    2.9662790300330332e-10    1.3219283647471419e-10 
  -6.1976809965624694e-10    1.6337638507397004e-10    2.1877278915166523e-10   -3.7494199981624950e-10   -2.6600345595402126e-11 
