2    16 5 
  -6.1915225868576312e-04    2.7499713712125795e-04    2.6233055410428396e-06   -4.8991293938384750e-06    1.2711556902217270e-06 
  -2.7221149432536841e-04    5.8875172346090871e-05   -7.1494145198757386e-05   -4.4935603551067159e-04    1.7227836144106061e-04 
  -1.5867406339878966e-03    6.4333358657212730e-04   -5.8579254972201706e-04   -2.7750259657140858e-05    4.9224067782780258e-05 
  -7.6730323579388008e-04    9.2800193575232631e-05   -1.1852713722244218e-03    2.0636707595915812e-04    6.4652727951371874e-08 
  -6.8911958807259201e-04   -1.1121100882053414e-03    1.0130260963254957e-04   -2.2964950346171083e-04    8.6847412124488741e-05 
  -2.7239276488694392e-03   -2.4288255235801492e-03   -3.6180349092993094e-04    5.0787308473054189e-05    3.0491524602352224e-05 
  -1.3486591069723999e-04   -8.6066451508865518e-05   -1.0644508733173702e-04    9.6684933184057559e-05   -3.2541230451373891e-05 
  -8.6544421349411775e-06    2.2496787214717562e-05   -5.0782912398361307e-05   -6.9936065429199008e-05   -4.6997141752830059e-06 
   1.0566999217696746e-04    1.2860792540569368e-04   -1.4013309104093130e-04    1.4295145207980533e-04   -5.2643383281874152e-05 
  -4.3181793491414017e-04   -1.3203154732464100e-04    5.5490965223532041e-05    2.0655169619614698e-05    7.3469103389561324e-06 
  -1.4026768637288582e-04    5.6524718389194502e-04    2.9220374868391195e-04   -7.1822043569508775e-04    2.3587281085471785e-04 
  -1.0596455984774031e-05    1.0646991875992091e-04   -3.5301165527201015e-05   -2.4464450935942390e-05   -2.0937724229702765e-06 
   5.8941264051920842e-06   -1.4184442510556600e-04    3.3758666015731826e-04    3.5258063561057947e-05   -2.4289175170634248e-05 
  -2.6005280525843151e-05    9.6456681361221350e-05    7.7343888549026845e-05    1.8420891911098146e-04   -2.7932382899122669e-05 
  -1.7358666398049793e-04    2.6518548973837808e-04   -2.4131337035959054e-04    2.1070586547532026e-04   -1.2035502209461061e-04 
   1.5781601899760332e-05   -4.1475903463827167e-05   -1.0235766211719265e-04   -9.8554294181878163e-05    2.0982641929143464e-05 
2    16 5 
  -5.3307988143888416e-02    2.5927332963239867e-02    2.0439470259088637e-02   -2.1136912888406349e-02    2.2712628943951756e-02 
  -1.5309583018835508e-02   -2.2473310135933778e-02   -1.1048420477806568e-02    5.4400907562215774e-03   -4.9363940711712479e-03 
  -1.6370513533193739e-02   -1.4538139287572450e-02   -8.5931115967294736e-03    5.1688706282795073e-03   -5.2356454128712994e-03 
   2.7158368837040894e-02    2.2657323131304533e-02    2.0039253655919964e-02   -1.1885782617191401e-02    8.2168311795374569e-03 
   7.7815378118710450e-03    1.1720699814161696e-02    3.7285586070570395e-03   -4.3035892801728346e-03    3.8144900870957388e-03 
   1.5082901857564389e-03    6.1686527706428912e-04   -1.7052528156598940e-03    6.4561990957628284e-04   -4.2448413409638551e-05 
  -6.1209095703435527e-03    4.7548595515977607e-03   -2.8714502701293787e-03   -3.0531904495230090e-03    7.4314170043322161e-03 
  -1.6750104587181091e-03    3.8207342856289984e-03   -6.6494880040956844e-04    7.3998796304173995e-03   -6.4496450342263045e-03 
  -4.7932899740451223e-04   -3.5226988240759319e-03   -1.1361995203101425e-03   -5.8087471288583306e-03    4.5778935223128783e-03 
   1.6687433997549517e-03   -4.2743592574849935e-03    1.8595063387789402e-03   -5.4266582494482546e-03    1.1825784218633751e-03 
  -1.3222390713228966e-03   -2.2190358911549687e-03    5.3559689419239200e-03   -2.3599259395812918e-03   -4.8646205289420747e-04 
  -2.4084079262243954e-03    2.5455591270607501e-03   -1.4472326253128893e-03   -3.4845973483504560e-03   -4.3593123455411917e-03 
  -1.3727804127313862e-06   -1.5281415688748151e-03    2.8403740681282657e-03   -1.6929074298849571e-04   -3.3020560888783281e-04 
  -3.2633677094477702e-03    1.2379956757974583e-03    6.5890856011908343e-04   -5.0976997107888471e-04    1.5585385248395279e-03 
   1.0011414025932650e-03   -6.6518572440328225e-04    3.2214515115330518e-05    1.7710121400696935e-03    1.7908584268501145e-03 
   5.1305747341146256e-03   -3.5860124344209363e-03    1.1681511345800820e-03    1.0256611778658603e-03    8.2868447176803598e-04 
2    16 5 
  -1.2457234919147395e-04   -3.3538723306833981e-02    2.5775665414866974e-04   -2.5942295127642279e-02   -1.8378477847203465e-04 
   1.3826036420586444e-04    4.0879988733812161e-03    2.6948618658934195e-04   -1.2258845317428329e-02    1.2043629724758612e-04 
  -7.9439066552155048e-04   -1.9847229471857113e-02   -8.9675667259949668e-04    1.9906025070195909e-02   -5.3912082328063659e-05 
  -3.5139622584716852e-04   -8.7003717965823714e-03   -2.3403275596537741e-04    3.7931158370877543e-03    1.4305410190264130e-05 
   5.1331077905216447e-04   -7.7940825143954688e-03    7.1473753242478819e-04   -2.0151412904830194e-02    3.5668168664390468e-04 
  -3.4963683102847570e-04   -2.2807891563768026e-02   -9.4410600549373698e-05    1.8039702626707389e-02   -6.0496422304616893e-04 
  -8.6764374186942351e-04    1.3193684432696064e-03   -4.3769067571733759e-03    1.5926637472877554e-03   -9.9763444413068477e-04 
  -2.8257237352696044e-03    7.5607281492988659e-03   -1.1394699148001629e-03    3.1005237287543529e-03    2.5502925925532614e-05 
  -3.9088266985482711e-03    2.1373972279444251e-03    5.4919971422979462e-03    8.9420723993618328e-04   -3.0455646859143884e-03 
   4.2611591733282403e-03    7.8808841432571398e-04    5.7113042300452055e-03    8.8093433863376588e-04   -4.0338493011047791e-04 
   3.1497494570356856e-03    2.2923506393161082e-04    2.0878246408628310e-03    3.9693695292719524e-04    4.4114308921665215e-04 
  -1.7095171345478800e-03    2.9229319277479911e-04    4.4088209132585460e-03    1.3726154021846516e-04   -2.5283985553066946e-04 
   1.8285196469367909e-04    1.0231107450962494e-04    8.0800278958657456e-04    4.9430750901979022e-04    2.0254429883086039e-03 
  -1.6635724799190226e-03   -6.6817363489896312e-05   -1.6827808481386947e-03   -8.6674854523992504e-05   -5.6054884861793730e-05 
  -2.8203901964733470e-03    2.6679370397928337e-04    1.4111811763985356e-04   -1.2317306333528116e-04   -2.7922419232718262e-04 
  -5.5099836120787570e-04   -1.5406654316191910e-04    1.4813368694103334e-03   -1.7379927062034336e-04    1.5689791617273373e-03 
 TENSORSUMACCUMULATOR_IMPL_H - PrettifyOut: Norm of simple tensor is 2.2254e-06 
 As simple full tensor 3    5 5 5 
  -2.0948667760129274e-08   -1.2881682233167345e-06   -1.9802328123660960e-08   -4.3460156115799148e-07   -6.8218409740491311e-09 
  -2.1752991137819174e-09    3.5776329301537257e-07   -1.2869403306280126e-08    8.6744448031723590e-07    1.3650264787088319e-09 
  -1.2038969977499276e-08    2.1347261109169713e-07   -2.1734210441054657e-08    6.3963340130766568e-07   -1.9601107281536406e-09 
   1.7636446423787550e-08   -3.4395044163679685e-07    1.9574909680523603e-08   -5.3936681552519143e-07    8.6767880920474238e-10 
  -6.1185690134613206e-09    3.8463364520771700e-07   -6.6750929893984555e-09    5.4348762787630130e-07    1.0587946159277077e-09 

   2.9488405256604844e-09    8.2606156854881292e-07   -7.3049810554492132e-09    2.9974271903334348e-07    1.4142643097222268e-09 
  -4.1682040045692996e-10    5.7885085110945496e-08    1.3754993851416333e-09   -1.1197182898793040e-07   -3.0225747302908313e-09 
   8.3465469747860226e-09   -1.5945866460531851e-07    4.3100571610751785e-09   -8.1574731921751713e-08   -3.9977055609540096e-09 
   2.0118376327190369e-09    1.3861324509730525e-07   -6.2328252412250563e-09    8.4424545634389648e-08    4.6546494699439889e-09 
  -4.2604360535373103e-09   -1.2061680922378737e-07    3.8189754109457309e-09   -1.3657685199476757e-07   -3.7656322446634971e-09 

   3.8122680394466022e-09    1.0689170931771993e-07   -3.0626429752691081e-09    3.4717287397374874e-08   -2.0336488538652123e-09 
  -1.1775125828335991e-09    6.3232372381353099e-08    1.9994168768653294e-09    1.6456559505934984e-08   -1.7940413043839879e-09 
   8.9054628754454757e-09    9.2724338218862288e-08    5.5740853799218126e-09    4.4971765999932127e-09    8.3633251888694329e-10 
  -7.4830916563502393e-09   -5.4612428526977257e-08   -3.2710464125250192e-10    3.5458893538447448e-09   -2.8717264076194039e-09 
   4.1021635506930923e-09    1.9949293365427156e-08   -2.4304699211913445e-10    9.9350082360999704e-09    2.2336717447557778e-09 

   1.8155441674721661e-09   -2.5838271304567355e-08    3.7298040998128931e-09   -2.3525655430439328e-08    5.2604626678309076e-10 
   4.9420144543975438e-09    1.4794515399114024e-08   -2.5423508712556308e-09   -4.0019626620456627e-08    2.6000753306418269e-09 
  -1.2761145529213552e-08   -9.5909746436679926e-09   -8.1520893450347610e-09   -2.4011145078876150e-08   -5.2547552916995101e-10 
   9.9587421306343235e-09   -3.3609590171847931e-09    1.4257972193174991e-09   -6.4575240254668201e-09    3.3038783018251958e-09 
  -5.7723589959386993e-09    8.0204616175664723e-09    1.3019936786112943e-10    5.8718151180643782e-09   -2.8613575526735054e-09 

  -4.8941648341500377e-10    1.4134634430492593e-09   -8.3932427408471232e-10    5.5080060759339104e-09   -2.7016094126612605e-10 
  -1.8887296405100627e-09   -1.1155721003897772e-08    7.4084408613578732e-10    1.1846489747641062e-08   -7.7311432887933869e-10 
   3.9774860528291943e-09   -1.0412066170716460e-09    2.7650558236931389e-09    7.4706984110481528e-09    1.1232460041556954e-10 
  -2.8201529644691572e-09    2.4575671934595691e-09   -3.4371748037015063e-10    2.2486692586182294e-09   -1.2029609552387441e-09 
   1.6522633682172988e-09   -2.5651980064090661e-09   -1.2810423540297186e-10   -2.6629351655711481e-09    1.0508329245364663e-09 
