2    2 5 
   1.7493718331843899e-06   -1.8844664741099473e-04    6.9986393857042824e-08   -1.9558626713417613e-06    1.4973442213369765e-09 
  -2.0451121136163509e-08   -9.0428089189537451e-06   -5.1131537517584721e-09    2.1989504549614545e-06   -3.6206176192161084e-10 
2    2 5 
   6.7959398965587905e-06   -2.5368060621374778e-03    6.3311456898348707e-06   -1.2103631353519202e-04   -2.3250976556370772e-06 
  -1.2080042733107643e-04    8.9664343358459091e-08   -1.1577300854938337e-04    1.2287257643963598e-07    3.4631634794561000e-05 
2    2 5 
  -2.9410060719319231e-04    6.1539447292274991e-04   -1.1511421030586462e-04    1.3535267656002263e-05   -1.4888796924221524e-06 
  -2.9410060719319231e-04    6.1539447292274991e-04   -1.1511421030586462e-04    1.3535267656002263e-05   -1.4888796924221524e-06 
 TENSORSUMACCUMULATOR_IMPL_H - PrettifyOut: Norm of simple tensor is 3.31144e-10 
 As simple full tensor 3    5 5 5 
  -4.2230288540311894e-15    8.8365292427191043e-15   -1.6529399115158763e-15    1.9435466796158238e-16   -2.1379017069317269e-17 
   1.3051652346007090e-12   -2.7310092260251285e-12    5.1085601873999430e-13   -6.0067066689274412e-14    6.6073784464371917e-15 
  -3.9536579187407374e-15    8.2728806793046013e-15   -1.5475051666126012e-15    1.8195752351941226e-16   -2.0015330951460116e-17 
   6.2272871558590441e-14   -1.3030364451104723e-13    2.4374286409537233e-14   -2.8659579872940940e-15    3.1525543159281341e-16 
   1.4045410067044004e-15   -2.9389492961891801e-15    5.4975278824491909e-16   -6.4640595750578859e-17    7.1104667277434772e-18 

   5.5378234925475473e-14   -1.1587687634717704e-13    2.1675649847914789e-14   -2.5486490462799508e-15    2.8035144221433714e-16 
  -1.4059532074536929e-10    2.9419042732090034e-10   -5.5030553914060613e-11    6.4705588867417698e-12   -7.1176159717974477e-13 
   4.2988681411174302e-14   -8.9952201021113565e-14    1.6826242420802058e-14   -1.9784498734361042e-15    2.1762952265875040e-16 
  -6.7077808842793691e-12    1.4035779528502622e-11   -2.6254991676755281e-12    3.0870935804255763e-13   -3.3958035092598868e-14 
  -3.6759517873317595e-14    7.6917910311163470e-14   -1.4388079343309907e-14    1.6917677187729031e-15   -1.8609448034515516e-16 

  -3.2153857171808803e-16    6.7280738300824164e-16   -1.2585373120936586e-16    1.4798033473879003e-17   -1.6277839557366495e-18 
   5.2215317840534255e-14   -1.0925859115911827e-13    2.0437649335196471e-14   -2.4030834531756130e-15    2.6433922428140808e-16 
  -3.0441155356234647e-16    6.3696974087863073e-16   -1.1915002804904805e-16    1.4009803972758351e-17   -1.5410786960393164e-18 
   2.4914801688663505e-15   -5.2133286631054686e-15    9.7519272356813746e-16   -1.1466433635438060e-16    1.2613079119081432e-17 
   9.9935996189747762e-17   -2.0911231801980223e-16    3.9116047369993324e-17   -4.5993120170911663e-18    5.0592440691954215e-19 

   8.2032329431070399e-14   -1.7164956786266536e-13    3.2108355409838094e-14   -3.7753391463266279e-15    4.1528737590050077e-16 
  -1.4592805828933709e-12    3.0534898031208705e-12   -5.7117846004345353e-13    6.7159852076381491e-14   -7.3875849701618505e-15 
   7.8513674928608075e-14   -1.6428691549140502e-13    3.0731115361761444e-14   -3.6134016007555643e-15    3.9747424289352070e-16 
  -6.9702019844052812e-14    1.4584885822899733e-13   -2.7282136707052586e-14    3.2078665316508540e-15   -3.5286537779381474e-16 
  -2.3734160398105382e-14    4.9662839080306917e-14   -9.2898112573630494e-15    1.0923072095795443e-15   -1.2015381325009090e-16 

  -1.5855868649895965e-17    3.3177809538235275e-17   -6.2061612717015144e-18    7.2972792590591049e-19   -8.0270085342039399e-20 
   1.1171424392385167e-15   -2.3375785896396328e-15    4.3726182995478678e-16   -5.1413773229783986e-17    5.6555160058971709e-18 
  -1.5115854754437970e-17    3.1629358259956426e-17   -5.9165116990467539e-18    6.9567057988484220e-19   -7.6523776650014640e-20 
   5.3313826380659949e-17   -1.1155717901483024e-16    2.0867617652221233e-17   -2.4536396463603437e-18    2.6990040646649301e-19 
   4.7115688553123568e-18   -9.8587808438271978e-18    1.8441598378772165e-18   -2.1683853748198963e-19    2.3852243132280186e-20 
