2    3 5 
  -3.4002391672131554e-08   -4.3716225633153518e-05   -1.5024350239936902e-09    1.2928502148268295e-06    7.4967269315270083e-10 
   1.6748524492746297e-07    2.8423866952113166e-05    5.8957392947861455e-08    1.2744328367619295e-05    5.7461353209341868e-09 
   1.6443550547940927e-07   -2.6786901615391729e-04    1.0539005649397701e-07    3.0372084831443387e-05    1.7935897502816955e-08 
2    3 5 
   2.1784694734751976e-03   -1.5997991202239342e-03    2.6984701876030331e-03   -1.0936182864129657e-04    9.1014079056187465e-06 
  -4.2491182374332674e-04   -1.3331808456706455e-03   -5.8099244081024682e-04   -4.6018212268430624e-04   -2.1840878971736291e-05 
  -3.8753857262855925e-04   -8.2494486640233321e-04   -5.1690289344797442e-04   -3.0527841739234923e-04   -1.5151397964985555e-05 
2    3 5 
  -2.1321931241769055e-04    1.2062815416142854e-02   -1.1287486995536986e-05    3.0759743302022097e-03   -3.8792156726548955e-06 
   1.0425243717652844e-04   -2.2811919587634543e-04    2.3744541966043992e-05   -1.9426723661219931e-03    4.1043230337768121e-06 
  -5.1397684463167814e-05    2.1313142870791075e-03   -4.7132054510232278e-06    7.9710937475674197e-04   -8.8816931932265836e-07 


 TENSORSUMACCUMULATOR_IMPL_H - PrettifyOut2: Norm of simple tensor is 2.06003e-09 
 As simple full tensor 3    5 5 5 
   1.1649876509441171e-14   -1.0131147870927067e-12   -5.5336555410300734e-16   -1.4038993504816435e-13    5.1854345905391143e-17 
  -2.7904713378078284e-14    4.1800396690834023e-13   -5.2765321500642805e-15    4.9297135861344882e-13   -1.0069838875567165e-15 
   1.3787916495055975e-14   -1.2657748530789768e-12   -8.7423958276187092e-16   -1.6094945415611999e-13    3.2045082276057238e-17 
  -6.2478999258632178e-15   -4.4550674636026326e-14   -1.6354569462045769e-15    1.2115340056679481e-13   -2.8617567059873728e-16 
  -1.8731949561076816e-16   -8.2086250165325670e-15   -7.1622381766634112e-17    4.1684829122734968e-15   -1.1600406936040446e-17 

   1.3711131779325651e-11   -9.2478977517151704e-10    2.9890394075318404e-13   -1.8672828536898684e-10    2.2766401665827017e-13 
  -3.0220230139907219e-11    1.3232554678683497e-09   -2.7307051561292555e-12    4.6488386960495180e-10   -6.2309639764016679e-13 
   1.6314557850370065e-11   -1.1241395354610944e-09    2.8683048584507592e-13   -2.2041228813153391e-10    2.6686222685605002e-13 
  -6.5860419829424715e-12    2.3494222021423268e-10   -7.4996712097268655e-13    1.0529966391434540e-10   -1.4486098943427171e-13 
  -1.8848674812048808e-13    3.9922045343029321e-12   -2.9378577303051627e-14    3.2172893321148910e-12   -4.6092288668255539e-15 

   1.8538943245979979e-16   -1.2081558503784381e-13   -3.6539684652368963e-16    6.0434325794251626e-15   -5.3848291150931669e-17 
  -4.2382592875521422e-15   -1.3837408565407634e-13   -1.4837013939071829e-15    9.0787651352087653e-14   -2.5470909283982532e-16 
   9.3369982779255754e-17   -1.5719841848145324e-13   -5.1081960994633227e-16    1.0649391520754410e-14   -7.6476957918483382e-17 
  -1.2098875274182770e-15   -6.0400271453317829e-14   -4.9443166812548143e-16    2.7566676161000378e-14   -8.3416999261693535e-17 
  -4.9256126575766933e-17   -3.2745023310091576e-15   -2.2894976109856772e-17    1.1866515504355267e-15   -3.8137797867708891e-18 

  -5.6009876020273910e-13    1.0123122412772469e-11   -1.0489619085163074e-13    9.8010111920140090e-12   -2.2697285052560272e-14 
  -4.2514647491213957e-14   -7.4474380052759671e-11   -2.6199483729125417e-13    6.6731135292301641e-12   -3.9457748849822389e-14 
  -7.0887065614659501e-13    1.0312439682783176e-11   -1.4119737120000966e-13    1.2601295131977972e-11   -2.9979625665092283e-14 
  -1.0470742794054235e-13   -2.0129111967975629e-11   -9.3958414136935404e-14    3.5675549264378823e-12   -1.5287142127628806e-14 
  -7.8751247516884234e-15   -7.7535064778234604e-13   -4.5731263221283026e-15    2.1011848703691341e-13   -7.7935580826337268e-16 

  -2.4550192529199484e-16    5.4427808318453503e-15   -4.3647935586366178e-17    4.2261349722853259e-15   -1.0182883671656895e-17 
   2.1756591444450915e-16   -4.4254902196917487e-14   -9.8623771898203123e-17   -6.0111744275945543e-16   -1.3647822361784479e-17 
  -3.0286489983987865e-16    5.4046089094376237e-15   -5.8407791988186083e-17    5.3180437481995591e-15   -1.3315335836564367e-17 
   2.3234507602080831e-17   -1.2055657040716132e-14   -3.6054654169461824e-17    5.2023582731594959e-16   -5.6717734481112880e-18 
  -5.7103772524184311e-19   -4.6825838963297589e-16   -1.7761386892804213e-18    4.8176648744143780e-17   -3.0019988471174982e-19 
