2    3 5 
  -1.2413387561615289e-05   -7.4879115047427329e-04    2.2656026151746474e-06   -1.2216428997098518e-04    1.4755501882539503e-07 
  -2.9661189109626009e-05   -4.2025122062245445e-04    8.8565397030418763e-08    2.8668862361712188e-05   -6.0402863027196475e-08 
  -7.1383919494897498e-06    1.2386350010479115e-04    1.4107637591507576e-07    1.2284705323212599e-05    4.9057192410419441e-08 
2    3 5 
  -6.6836852008735200e-04    1.3197406763323710e-04   -1.7283045875803604e-05    1.1343578165689278e-05   -7.6561561082937899e-07 
  -6.6836852008735200e-04    1.3197406763323710e-04   -1.7283045875803604e-05    1.1343578165689278e-05   -7.6561561082937899e-07 
  -6.6836852008735200e-04    1.3197406763323710e-04   -1.7283045875803604e-05    1.1343578165689278e-05   -7.6561561082937899e-07 
2    3 5 
   6.7264550143980649e-04    3.2447024487931310e-04    1.2547165872312522e-04   -4.5938323825669390e-05    1.3607737991837722e-05 
  -1.7005141156834774e-04   -3.5976168064045177e-04   -1.3420981506638858e-04    4.2264643051898928e-05   -1.2971730394267091e-05 
  -7.7398451774948580e-05   -2.4936994115139600e-05    6.8383368735581740e-05   -6.1713409710081451e-05    2.1138957437296003e-05 
 TENSORSUMACCUMULATOR_IMPL_H - PrettifyOut: Norm of simple tensor is 3.16639e-10 
 As simple full tensor 3    5 5 5 
   1.8402736781366518e-12   -4.5590715929955618e-12   -1.2933913956667879e-12    1.6230316636874410e-13   -4.3404292271532759e-14 
  -3.6337498784402812e-13    9.0022076844691910e-13    2.5538923273296419e-13   -3.2047902334834219e-14    8.5704829471432900e-15 
   4.7586822908883877e-14   -1.1789101539748951e-13   -3.3445235906318916e-14    4.1969257764751913e-15   -1.1223723918619726e-15 
  -3.1233200976424426e-14    7.7376751633005787e-14    2.1951492260076296e-14   -2.7546160522373142e-15    7.3665944357194692e-16 
   2.1080320419574531e-15   -5.2224129018374155e-15   -1.4815788201776350e-15    1.8591814863259562e-16   -4.9719582447933576e-17 

   2.9528088699067906e-10    6.3400733294049536e-11    1.9436173731516435e-11   -6.0102394771092263e-12    1.4166892861391371e-12 
  -5.8305289042363995e-11   -1.2518920942973451e-11   -3.8378092765937817e-12    1.1867640791045916e-12   -2.7973526886001979e-13 
   7.6355378249126799e-12    1.6394515138705782e-12    5.0259141799195621e-13   -1.5541612371849699e-13    3.6633541509259221e-14 
  -5.0115194264012679e-12   -1.0760398676303234e-12   -3.2987154442366360e-13    1.0200603298041257e-13   -2.4044109156597519e-14 
   3.3824402236967014e-13    7.2625489814526741e-14    2.2264121628134239e-14   -6.8847245646704529e-15    1.6228164561387429e-15 

  -1.0011944168834775e-12   -4.6768430755418145e-13   -1.8849987373949676e-13    7.2879642573187283e-14   -2.1830979677264802e-14 
   1.9769288306775808e-13    9.2347557643936388e-14    3.7220626552701344e-14   -1.4390598283687744e-14    4.3106805629484504e-15 
  -2.5889443499424661e-14   -1.2093641606274268e-14   -4.8743348429951885e-15    1.8845624354659087e-15   -5.6451764548484711e-16 
   1.6992313051316524e-14    7.9375574105641003e-15    3.1992276531921073e-15   -1.2369163079499898e-15    3.7051628998065618e-16 
  -1.1468674122189751e-15   -5.3573200418926444e-16   -2.1592645619435219e-16    8.3483572892399457e-17   -2.5007369943797479e-17 

   5.8815933685033083e-11    3.3591519289707106e-11    1.2255024244395491e-11   -4.0540366420833707e-12    1.1860724326878509e-12 
  -1.1613619996713896e-11   -6.6328818689180610e-12   -2.4198407762613252e-12    8.0049806343363848e-13   -2.3419834828397783e-13 
   1.5208952090888364e-12    8.6862823647958951e-13    3.1689725033323097e-13   -1.0483154002848375e-13    3.0670122320379499e-14 
  -9.9822645904533718e-13   -5.7011665468213699e-13   -2.0799277832616780e-13    6.8805277558600356e-14   -2.0130070381838852e-14 
   6.7373605490697909e-14    3.8479058762843512e-14    1.4038120573625228e-14   -4.6438957652399474e-15    1.3586450330148944e-15 

  -7.0664505624943651e-14   -4.5706053539181720e-14   -2.0034564357317724e-14    8.2602477683419300e-15   -2.5588071677083326e-15 
   1.3953203905229910e-14    9.0249819070472887e-15    3.9559657165623669e-15   -1.6310440496269613e-15    5.0525448171529132e-16 
  -1.8272821890942228e-15   -1.1818926181867043e-15   -5.1806493645752187e-16    2.1359809272151195e-16   -6.6167062537682613e-17 
   1.1993209120495004e-15    7.7572503100404214e-16    3.4002745487334418e-16   -1.4019326675634114e-16    4.3428181078953150e-17 
  -8.0946135271192181e-17   -5.2356248158467263e-17   -2.2949577616437741e-17    9.4621072816753660e-18   -2.9311115856317853e-18 
