2    101 5 
  -2.1969861020938145e-03    1.4626281794103897e-05   -3.4269491143553154e-04   -6.0177041820088847e-06   -7.6633860530902039e-05 
  -3.3033784349177018e-04    5.0665681826835528e-04    6.0281851473137902e-05   -2.6370843805565185e-05    1.8024133792767151e-05 
  -1.2588877903446823e-04    1.5276599759834271e-03   -1.0866357666402885e-04    6.1952022859921381e-04   -1.8520608129350058e-05 
   3.0896305228013599e-04   -1.2450775465584604e-03   -5.3586729010126884e-04   -7.0604628469149878e-04   -9.3048679359519535e-05 
  -1.0797802641698685e-04   -4.3143031860472356e-04    5.6865897412711842e-05    3.4003583213118083e-04    8.0855231718138947e-06 
  -1.5476213815019087e-03   -3.6500917875050199e-04    1.4157350136267323e-04    1.5053107507501927e-05    1.9115479529304254e-05 
   1.2410828769424847e-04    1.0328592680272053e-05    4.7411271647856919e-04   -5.6052961436126721e-05    3.7136911230994788e-04 
   2.6280332317705422e-04    3.0899579874236467e-06   -4.4711825173143673e-04   -5.5734779198840450e-06   -9.5085783454935979e-06 
   2.8272332181879164e-04    1.7470470522718256e-04   -1.3065453245032798e-03    1.0341435865020395e-04   -1.7613511756530385e-04 
   1.5632340947743166e-04    6.2656270385298316e-05    3.0994174425042138e-04   -4.9204721918942661e-05    2.7398231305704446e-05 
   2.7014155133378641e-04    6.8437308966570059e-04    3.1569636437313157e-04    2.2495500832314210e-05    3.3780913942736831e-05 
   8.2059051380962807e-05   -5.7290911901243115e-07    2.3038573305665726e-04    1.1059170296744384e-03   -1.8364294823776525e-04 
  -1.2240505108273989e-04   -3.7319464142612751e-05    8.0732138479640975e-05   -1.2936284782118448e-05    4.4385054430821051e-04 
  -2.4091764660054727e-05   -1.3207717750660081e-04   -3.5651285113883142e-04   -1.4395276066800134e-03    1.5067630772638068e-03 
   6.6378602513931359e-05   -1.1616124918412222e-05    3.1185756407055285e-05    2.3238760937583709e-04    1.0204594420439790e-04 
  -3.5276265150810035e-04   -1.6440841780573581e-04   -2.0039356648035196e-04    1.5091448440872267e-04    9.1525879865171582e-06 
  -9.8188771551746797e-05   -8.9409587780014842e-07   -2.0575506672903305e-05   -2.7921864383815974e-05   -1.6826132084518604e-04 
  -1.3082524211499783e-04    1.1040060950394060e-04    2.4534737376267530e-04    1.3995997017026282e-05    7.0341195831353544e-05 
  -1.8196312866447018e-04    1.8317514174774624e-04   -6.2539600496745745e-05    1.2587202974150067e-06   -2.4041036003892303e-04 
  -1.2360064591644167e-05    4.6196964881326011e-05   -6.9896953002934403e-05   -7.6944200999029351e-06    2.4634962150405686e-04 
   4.7309633978113473e-05   -2.4496066668247866e-04    8.8086104315341030e-05   -1.5569491363050410e-04   -4.5118037974807324e-05 
   4.1412151043141348e-03   -7.2437123798339893e-08    2.7018268166231897e-05   -7.5560592768426675e-09    4.5025053585796889e-06 
   4.1412151043141348e-03   -7.2437123798339893e-08    2.7018268166231897e-05   -7.5560592768426675e-09    4.5025053585796889e-06 
   4.1412151043141348e-03   -7.2437123798339893e-08    2.7018268166231897e-05   -7.5560592768426675e-09    4.5025053585796889e-06 
   4.1412151043141348e-03   -7.2437123798339893e-08    2.7018268166231897e-05   -7.5560592768426675e-09    4.5025053585796889e-06 
   4.1412151043141348e-03   -7.2437123798339893e-08    2.7018268166231897e-05   -7.5560592768426675e-09    4.5025053585796889e-06 
   1.9644238414318243e-03   -3.4361222348959492e-08    1.2816366405273878e-05   -3.5842868860491569e-09    2.1358052286041198e-06 
   1.9644238414318243e-03   -3.4361222348959492e-08    1.2816366405273878e-05   -3.5842868860491569e-09    2.1358052286041198e-06 
   1.9644238414318243e-03   -3.4361222348959492e-08    1.2816366405273878e-05   -3.5842868860491569e-09    2.1358052286041198e-06 
   1.9644238414318243e-03   -3.4361222348959492e-08    1.2816366405273878e-05   -3.5842868860491569e-09    2.1358052286041198e-06 
   1.9644238414318243e-03   -3.4361222348959492e-08    1.2816366405273878e-05   -3.5842868860491569e-09    2.1358052286041198e-06 
   4.9014602416362898e-03   -8.5735146176342274e-08    3.1978287502306851e-05   -8.9432022234993800e-09    5.3290762365476586e-06 
   4.9014602416362898e-03   -8.5735146176342274e-08    3.1978287502306851e-05   -8.9432022234993800e-09    5.3290762365476586e-06 
   4.9014602416362898e-03   -8.5735146176342274e-08    3.1978287502306851e-05   -8.9432022234993800e-09    5.3290762365476586e-06 
   4.9014602416362898e-03   -8.5735146176342274e-08    3.1978287502306851e-05   -8.9432022234993800e-09    5.3290762365476586e-06 
   4.9014602416362898e-03   -8.5735146176342274e-08    3.1978287502306851e-05   -8.9432022234993800e-09    5.3290762365476586e-06 
  -1.2398993417456127e-07   -2.0906562441307523e-03    5.3414168903317299e-08   -2.7417774386963264e-05    6.6918599043831950e-09 
  -1.2398993417456127e-07   -2.0906562441307523e-03    5.3414168903317299e-08   -2.7417774386963264e-05    6.6918599043831950e-09 
  -1.2398993417456127e-07   -2.0906562441307523e-03    5.3414168903317299e-08   -2.7417774386963264e-05    6.6918599043831950e-09 
  -1.2398993417456127e-07   -2.0906562441307523e-03    5.3414168903317299e-08   -2.7417774386963264e-05    6.6918599043831950e-09 
  -1.2398993417456127e-07   -2.0906562441307523e-03    5.3414168903317299e-08   -2.7417774386963264e-05    6.6918599043831950e-09 
   2.9172186289315775e-03    5.3225149082065191e-06    3.6780967668826980e-03    1.0048286355794583e-06    1.4811626224644600e-04 
   3.1104278428315749e-06   -2.9259949304783965e-03    5.1563487437582863e-06   -1.0718568298271744e-03    1.4410177687249053e-06 
   2.3600102360677777e-07    6.2162116709929614e-04   -1.8514929352673578e-06    9.9110139105000302e-04   -2.4547493350713434e-06 
  -8.5368391291271855e-06    6.9641886367327138e-07    4.2868740131797746e-04    7.4834865457935030e-07    4.8989767575531042e-04 
  -3.9791381259541001e-10    8.1600396032078934e-07   -3.4734531244812102e-08   -1.0133640550582428e-04   -4.2855846553336714e-08 
   7.6207397039312454e-03   -1.2595201199173035e-05    9.6815985947678370e-03   -2.5188054000071977e-06    4.6859539019575622e-04 
   3.5249433228490789e-05   -2.8839151320875294e-05   -1.4059633592373127e-03   -1.2430200668250396e-07   -1.6165492959935158e-03 
  -6.5478469965481464e-07   -2.8073944676197492e-04    9.4982741593973526e-06   -1.3898034198309418e-05    1.1467799807195449e-05 
  -3.0699022316303553e-09   -2.5678167868797646e-05   -2.2244376324451955e-08   -3.3651122274147472e-05   -1.9212022059968223e-08 
   2.9290483242941250e-03   -4.8409937092529213e-06    3.7211440414195432e-03   -9.6810848063846119e-07    1.8010568471677252e-04 
   1.3548198382496557e-05   -1.1084392215482575e-05   -5.4038515700367026e-04   -4.7775753867038272e-08   -6.2132433208892789e-04 
  -2.5166796161637671e-07   -1.0790283332695773e-04    3.6506828852738891e-06   -5.3417404820349597e-06    4.4076744664666428e-06 
  -1.1799237786149705e-09   -9.8694611663807007e-06   -8.5496757177643833e-09   -1.2933883997751830e-05   -7.3841835841765659e-09 
   9.0197566969572925e-03   -1.4907430876711448e-05    1.1458948495165313e-02   -2.9812082235701148e-06    5.5462023019906307e-04 
   4.1720531572888524e-05   -3.4133448768344981e-05   -1.6640704075767676e-03   -1.4712139513719053e-07   -1.9133157547655639e-03 
  -7.7499021213518250e-07   -3.3227765327362429e-04    1.1241969321503754e-05   -1.6449438231052041e-05    1.3573060900762383e-05 
  -3.6334755271155566e-09   -3.0392171311231378e-05   -2.6328003595059403e-08   -3.9828802358358152e-05   -2.2738969098773593e-08 
   2.9197662451745567e-05   -3.1785447161742218e-02    3.0124704538409043e-05   -2.3438884024386764e-02    7.1617288142836037e-06 
   7.0706470127874656e-05    2.7595612215488125e-03    5.8108993230391101e-05    7.3542547094504499e-03   -1.2334046682974482e-06 
   6.8327658329248226e-04   -1.7946582536079305e-05    5.9367870671232271e-04   -5.1079076430280890e-05    3.7952083770285642e-05 
   4.1598545270859217e-05    5.1422486663145792e-08    1.2848860080015949e-04    1.0333690179321972e-07    9.6417908738681874e-05 
  -5.3423043084075703e-07   -3.5755501918190261e-04   -8.3106799796309004e-08   -1.0686340755504929e-05   -3.9701565280363426e-09 
   2.5161785738600110e-04   -3.9312591312931257e-07    8.8101411494316434e-05   -1.1213082599879836e-07    4.7023083679195866e-06 
   3.0666904727811725e-05   -3.1220220758815903e-08   -8.7626818765154706e-05    1.9267595513262674e-07    7.9001393352204270e-07 
   1.2557507836970281e-08    1.1506606802853869e-06   -8.0534264210794012e-08   -3.8500042854739940e-05    1.5056872792921673e-08 
  -1.5466544480061042e-07    4.8430058426872102e-11    1.7531607334954552e-08    3.0225589017505839e-09    7.9476681487991123e-06 
  -8.0228882364157138e-07    5.5601243164543396e-04   -1.1924673618514065e-07    2.0438239570522413e-05   -8.8984357107067624e-09 
  -2.0680673228544313e-06    2.7769349233846722e-06   -3.2743031646461948e-08   -7.5626531386996780e-05    2.9746406627729838e-08 
  -1.9675584488787350e-05   -4.8261696926210942e-08   -6.8806652034271305e-07    5.3656931642033560e-07   -2.2484045019127100e-09 
   5.5309700085855439e-08   -2.2893943045208523e-10   -1.5817889756101892e-06   -8.9631886403834264e-10   -1.5323262279120144e-07 
   1.0591235294774471e-03   -1.8525930262006714e-08    6.9099727543196490e-06   -1.9324763308946321e-09    1.1515241895795771e-06 
   1.0591235294774471e-03   -1.8525930262006714e-08    6.9099727543196490e-06   -1.9324763308946321e-09    1.1515241895795771e-06 
   1.0591235294774471e-03   -1.8525930262006714e-08    6.9099727543196490e-06   -1.9324763308946321e-09    1.1515241895795771e-06 
   1.0591235294774471e-03   -1.8525930262006714e-08    6.9099727543196490e-06   -1.9324763308946321e-09    1.1515241895795771e-06 
   1.0591235294774471e-03   -1.8525930262006714e-08    6.9099727543196490e-06   -1.9324763308946321e-09    1.1515241895795771e-06 
  -1.3307571574604239e-03    2.3277279381132917e-08   -8.6821748783206505e-06    2.4280989302821938e-09   -1.4468558337363112e-06 
  -1.3307571574604239e-03    2.3277279381132917e-08   -8.6821748783206505e-06    2.4280989302821938e-09   -1.4468558337363112e-06 
  -1.3307571574604239e-03    2.3277279381132917e-08   -8.6821748783206505e-06    2.4280989302821938e-09   -1.4468558337363112e-06 
  -1.3307571574604239e-03    2.3277279381132917e-08   -8.6821748783206505e-06    2.4280989302821938e-09   -1.4468558337363112e-06 
  -1.3307571574604239e-03    2.3277279381132917e-08   -8.6821748783206505e-06    2.4280989302821938e-09   -1.4468558337363112e-06 
  -3.0171655349325483e-07   -5.0873935914041331e-03    1.2997780066990273e-07   -6.6718290057673268e-05    1.6283942081682646e-08 
  -3.0171655349325483e-07   -5.0873935914041331e-03    1.2997780066990273e-07   -6.6718290057673268e-05    1.6283942081682646e-08 
  -3.0171655349325483e-07   -5.0873935914041331e-03    1.2997780066990273e-07   -6.6718290057673268e-05    1.6283942081682646e-08 
  -3.0171655349325483e-07   -5.0873935914041331e-03    1.2997780066990273e-07   -6.6718290057673268e-05    1.6283942081682646e-08 
  -3.0171655349325483e-07   -5.0873935914041331e-03    1.2997780066990273e-07   -6.6718290057673268e-05    1.6283942081682646e-08 
  -1.3951610596840240e-02    2.4403816718835337e-07   -9.1023611901633434e-05    2.5456102622471866e-08   -1.5168784979956766e-05 
  -1.3951610596840240e-02    2.4403816718835337e-07   -9.1023611901633434e-05    2.5456102622471866e-08   -1.5168784979956766e-05 
  -1.3951610596840240e-02    2.4403816718835337e-07   -9.1023611901633434e-05    2.5456102622471866e-08   -1.5168784979956766e-05 
  -1.3951610596840240e-02    2.4403816718835337e-07   -9.1023611901633434e-05    2.5456102622471866e-08   -1.5168784979956766e-05 
  -1.3951610596840240e-02    2.4403816718835337e-07   -9.1023611901633434e-05    2.5456102622471866e-08   -1.5168784979956766e-05 
  -2.4273543877209041e-03    4.2458690470487789e-08   -1.5836634932003806e-05    4.4289497593148933e-09   -2.6391230261137016e-06 
  -2.4273543877209041e-03    4.2458690470487789e-08   -1.5836634932003806e-05    4.4289497593148933e-09   -2.6391230261137016e-06 
  -2.4273543877209041e-03    4.2458690470487789e-08   -1.5836634932003806e-05    4.4289497593148933e-09   -2.6391230261137016e-06 
  -2.4273543877209041e-03    4.2458690470487789e-08   -1.5836634932003806e-05    4.4289497593148933e-09   -2.6391230261137016e-06 
  -2.4273543877209041e-03    4.2458690470487789e-08   -1.5836634932003806e-05    4.4289497593148933e-09   -2.6391230261137016e-06 
   1.2367857026808186e-07    2.0854061816993801e-03   -5.3280035077036905e-08    2.7348922787057761e-05   -6.6750552850783058e-09 
   1.2367857026808186e-07    2.0854061816993801e-03   -5.3280035077036905e-08    2.7348922787057761e-05   -6.6750552850783058e-09 
   1.2367857026808186e-07    2.0854061816993801e-03   -5.3280035077036905e-08    2.7348922787057761e-05   -6.6750552850783058e-09 
   1.2367857026808186e-07    2.0854061816993801e-03   -5.3280035077036905e-08    2.7348922787057761e-05   -6.6750552850783058e-09 
   1.2367857026808186e-07    2.0854061816993801e-03   -5.3280035077036905e-08    2.7348922787057761e-05   -6.6750552850783058e-09 
2    101 5 
   5.9755761180933849e-02   -7.6071994682875184e-03   -2.9038710013883974e-03    4.5824381817799920e-04   -6.3541610805561413e-04 
   3.9747097339950209e-02    4.6003735492580057e-02    3.0791698227604421e-02   -2.4624274542810552e-02    2.3242956791355716e-02 
  -4.1506815558247187e-02    1.2856654314359093e-02    2.4307434011053633e-03   -4.2278364968321124e-03    4.5473028619416756e-03 
  -3.6737029919979299e-02    1.3324396957649443e-02    3.6508808353657870e-03   -6.6763525543454601e-03    6.8527986684300468e-03 
   1.2825652677575882e-02   -9.0547014132736324e-03   -8.9092762087054009e-03    1.2685664379197648e-02   -1.4567247347261484e-02 
  -3.1424747191686362e-03   -3.5323850679477291e-02   -1.4802651955708724e-02    3.3946702529992915e-03   -2.4386879270901275e-03 
   5.6954280946130533e-03    1.8475156855308678e-02    3.3469230711293302e-03    1.1565660385385545e-02   -5.8965297481461234e-03 
   8.7020548978147491e-05   -3.6891224781634827e-03    1.3752609258842453e-02    6.8043039218232317e-04   -4.6637887064825308e-03 
  -1.6224056871094199e-03   -1.9068768731601278e-03    1.0160725312908613e-02   -1.2570478372659269e-02    8.6323544326785909e-03 
   3.6036363559586557e-03   -3.9151397793863148e-03    1.3487840071331032e-02   -1.1771807747136325e-02    3.3540972302897295e-03 
   2.8991891726682815e-03   -5.2691200643399305e-03   -4.9186322739994109e-03   -6.1671421348421561e-03    1.3465057599503817e-02 
  -1.9495361953094132e-03   -9.3068558783676028e-04    3.2109073336343079e-03    5.0804552788319048e-03   -4.1420242406615577e-03 
  -1.2622571229083679e-03   -5.9105067903270844e-03    5.1512628317949508e-03    3.4974317530028524e-03   -1.0418453717690791e-03 
   2.2935611633451733e-04    1.0506783969483930e-03   -2.3146480461276580e-03   -9.6353460735696121e-04    1.6764858029098730e-03 
   3.5910439700859091e-03    1.0197919548209523e-02   -9.1353645871275514e-03   -9.4307357219227360e-03    4.9215996566543347e-03 
  -6.1428175798754214e-04    1.5949634956905242e-03   -1.0821178014325664e-03   -3.8753175267140067e-03   -3.3754017998234047e-03 
  -2.2492257770253253e-03    9.8116006359453699e-04   -2.9526277388848112e-03   -2.0248130360680425e-03   -3.2848841207194900e-03 
   1.6128016604480481e-04   -3.7439921381586256e-04   -3.4083634357630300e-04   -2.8647015640282988e-03   -4.0703063768612654e-03 
  -1.7484604620905583e-04   -2.0754187613337776e-03    3.2672952898171390e-03   -4.7937883300596118e-03   -5.5916859109867503e-03 
  -2.5389648128511838e-03   -6.7890546790232370e-05   -3.3269040499323719e-03    2.6333789917285379e-03    2.4122844367282848e-03 
   1.7832829331137648e-03    3.2187088657667983e-03   -2.4008642420910295e-03   -5.0082495849674263e-03   -4.8879241364726657e-03 
  -1.1131484421581244e-03   -1.5252899450097712e-04    6.4736854959945361e-06    6.2880720984809017e-07   -1.3583888564822044e-06 
   3.2557920196529198e-05   -2.4178244237253285e-04   -9.8910592708739185e-05    8.9341969643797371e-06    1.7200483008924654e-06 
  -1.0842338565224335e-06    7.1687250798450192e-06   -1.7661191267451593e-05    2.3411168453488873e-06    4.5194234241458936e-07 
  -6.6884021845363755e-09    1.3576149810869089e-08   -1.2413674855585588e-07   -1.4969497625190636e-06    2.6719248343203570e-06 
   5.1550141731508184e-09   -2.8641983612082241e-08    2.5048278537829894e-07    1.7844415225560368e-06    1.0115317331976617e-06 
  -1.3038437912183781e-04   -1.7865899544836337e-05    7.5827035466074270e-07    7.3652924029095562e-08   -1.5910967571861038e-07 
   3.8135472768507798e-06   -2.8320260297167182e-05   -1.1585513423437901e-05    1.0464729411060767e-06    2.0147126948912231e-07 
  -1.2699757988384436e-07    8.3968115413125296e-07   -2.0686759921203684e-06    2.7421775458868206e-07    5.2936535221081244e-08 
  -7.8342037155188437e-10    1.5901903078832806e-09   -1.4540282565799781e-08   -1.7533947672264292e-07    3.1296568129553348e-07 
   6.0381284011631032e-10   -3.3548690440952975e-09    2.9339341650553016e-08    2.0901372286576457e-07    1.1848189513638896e-07 
  -1.3175004666126965e-03   -1.8053029929898290e-04    7.6621260369738523e-06    7.4424376930188748e-07   -1.6077621676288211e-06 
   3.8534910014070562e-05   -2.8616891384852620e-04   -1.1706862006117856e-04    1.0574338716729731e-05    2.0358151286890874e-06 
  -1.2832777352822027e-06    8.4847611333873710e-06   -2.0903436464135314e-05    2.7708995667837951e-06    5.3491001241384681e-07 
  -7.9162604602273710e-09    1.6068462240261644e-08   -1.4692579888899539e-07   -1.7717601138541351e-06    3.1624373557458240e-06 
   6.1013727561382071e-09   -3.3900084970222805e-08    2.9646646764787745e-07    2.1120296714898387e-06    1.1972289409107918e-06 
  -5.6199929182516645e-04   -7.7007866737127440e-05    3.2683930789986840e-06    3.1746817697022483e-07   -6.8581470938963278e-07 
   1.6437635270166873e-05   -1.2206957872184707e-04   -4.9937349728979439e-05    4.5106404292974988e-06    8.6840702497190412e-07 
  -5.4740108009055581e-07    3.6193002348826998e-06   -8.9166696993739024e-06    1.1819681538746154e-06    2.2817376978974948e-07 
  -3.3767978724057593e-09    6.8542400011165566e-09   -6.2673370536828703e-08   -7.5577045663606034e-07    1.3489843832389864e-06 
   2.6026307048884289e-09   -1.4460582162115332e-08    1.2646215245477785e-07    9.0091746437305571e-07    5.1069569536801791e-07 
   1.0736276847363596e-03    8.1145424494196287e-05    1.6276697615087823e-05   -4.6784815521681989e-06    1.3398779609236818e-06 
   1.0736276847363596e-03    8.1145424494196287e-05    1.6276697615087823e-05   -4.6784815521681989e-06    1.3398779609236818e-06 
   1.0736276847363596e-03    8.1145424494196287e-05    1.6276697615087823e-05   -4.6784815521681989e-06    1.3398779609236818e-06 
   1.0736276847363596e-03    8.1145424494196287e-05    1.6276697615087823e-05   -4.6784815521681989e-06    1.3398779609236818e-06 
   1.0736276847363596e-03    8.1145424494196287e-05    1.6276697615087823e-05   -4.6784815521681989e-06    1.3398779609236818e-06 
   5.1704822716128966e-04    2.5192049952723141e-04    4.6309357044192172e-05   -1.3936696785626215e-05    4.1887302160699748e-06 
   2.2574361351686181e-05   -3.3770804248908109e-05   -5.7319156139076635e-05    3.2984088349774126e-05   -1.2025872417309583e-05 
   6.8848594032089784e-06   -1.6131197430486238e-05    9.4840002625823424e-06   -4.1838669948333231e-06    1.5440779370833286e-06 
  -1.9841299395621735e-08    2.2432507637294270e-08    2.8347940335176262e-07    9.9695330401104463e-07    1.2830110494507001e-06 
   1.9872864081222618e-04    9.6826206597100861e-05    1.7799104800739586e-05   -5.3566005338137545e-06    1.6099478130673888e-06 
   8.6765061999240028e-06   -1.2979884032031969e-05   -2.2030745670595133e-05    1.2677508019259190e-05   -4.6221709204848823e-06 
   2.6462110872999639e-06   -6.2000617575547746e-06    3.6451966811557270e-06   -1.6080786231242474e-06    5.9346980344445794e-07 
  -7.6260477334744826e-09    8.6219844080013389e-09    1.0895594176127629e-07    3.8318122885192660e-07    4.9312816215279106e-07 
   6.1196804913598354e-04    2.9816811766178024e-04    5.4810838522100922e-05   -1.6495198504256554e-05    4.9576981875728673e-06 
   2.6718567342795875e-05   -3.9970455575144366e-05   -6.7841818843736960e-05    3.9039314206261768e-05   -1.4233584597677096e-05 
   8.1487833363037836e-06   -1.9092566037718222e-05    1.1225075019718004e-05   -4.9519421751617038e-06    1.8275400885883618e-06 
  -2.3483769299674853e-08    2.6550672093767141e-08    3.3552061166877335e-07    1.1799742006367900e-06    1.5185464869746669e-06 
   6.4081528538233876e-05    3.1222330590806907e-05    5.7394537474914264e-06   -1.7272756889624279e-06    5.1913964844969633e-07 
   2.7978039672094744e-06   -4.1854601612635312e-06   -7.1039778244282117e-06    4.0879567666215652e-06   -1.4904533968483927e-06 
   8.5329044981105207e-07   -1.9992560349213411e-06    1.1754207858326236e-06   -5.1853691424794651e-07    1.9136875284091596e-07 
  -2.4590758205221608e-09    2.7802230098257371e-09    3.5133653925518240e-08    1.2355963766285464e-07    1.5901284418212949e-07 
   1.4234552272875587e-03    1.0758560002585582e-04    2.1580246702435888e-05   -6.2029035911434877e-06    1.7764596745403010e-06 
   1.4234552272875587e-03    1.0758560002585582e-04    2.1580246702435888e-05   -6.2029035911434877e-06    1.7764596745403010e-06 
   1.4234552272875587e-03    1.0758560002585582e-04    2.1580246702435888e-05   -6.2029035911434877e-06    1.7764596745403010e-06 
   1.4234552272875587e-03    1.0758560002585582e-04    2.1580246702435888e-05   -6.2029035911434877e-06    1.7764596745403010e-06 
   1.4234552272875587e-03    1.0758560002585582e-04    2.1580246702435888e-05   -6.2029035911434877e-06    1.7764596745403010e-06 
   4.1249151206916156e-04    3.5466041146520492e-03    2.8388150145310449e-03   -7.9744030814646587e-04    2.5199442862994351e-04 
  -4.0739175390552379e-04   -2.6267135588691425e-04   -3.5133855581858964e-04    6.0735898388671061e-04   -4.0566883468502187e-04 
  -1.5208386376269420e-04    2.4397226180226586e-04   -1.7482159563306227e-04   -8.5068499709885849e-05    5.0482351158516343e-05 
   3.7100333566764778e-07    1.9045904660061656e-06   -1.2184180404231844e-05   -2.8463863599227545e-05   -2.3619109376856380e-05 
   8.3186847542481804e-04   -2.8534510003599542e-03   -8.1590299732698301e-04    6.9405800211179184e-05   -1.0998150400013577e-05 
  -7.4495314551208081e-04    1.6483286952124820e-04   -6.4038278205631196e-04    4.4096120950967889e-04   -9.5029422408317228e-05 
   1.7087781187865352e-05   -7.7441735836612392e-05    5.5591990230807742e-05    6.0023866484330254e-05   -1.7868631053774986e-05 
   8.6916595128053366e-08    1.6340327375519809e-07    7.3183946798750621e-06   -7.2974794254514671e-06   -8.9667230917528283e-07 
  -8.8000761649912513e-08    4.1172010158742463e-07   -7.4273519054850625e-06   -1.0312261785271970e-05   -1.0653429454750042e-05 
  -1.2912457701065392e-02    3.8620195063751831e-03   -7.7157220857437814e-03    3.8085305880068833e-03   -7.3882250157738443e-04 
   1.1222222504937984e-03   -4.4786245204364349e-03    4.6673027249938944e-05    1.6627199822449657e-03   -1.8319047977214370e-03 
  -2.1679226817663083e-04    3.3406053066650554e-04   -6.0118127893982502e-04   -2.6526554486946811e-04   -1.8811459382330349e-04 
   2.2820131581186727e-06    2.6141401305553417e-05    1.3039729030659055e-05   -9.4208516979359421e-06    9.4073584715022852e-05 
  -1.8892589877742027e-07   -2.2578158175843598e-05    5.2720864495738101e-05    9.7525839870572854e-05    8.7471727230518457e-05 
   3.9960529442339661e-03   -1.3707144348020530e-02   -3.9193594552465677e-03    3.3340517218080710e-04   -5.2831899014634834e-05 
  -3.5785371105927265e-03    7.9180891332676401e-04   -3.0762116575772788e-03    2.1182487275458453e-03   -4.5649356168916315e-04 
   8.2084704906414512e-05   -3.7200745747511166e-04    2.6704766775084064e-04    2.8833710553404922e-04   -8.5835679366745403e-05 
   4.1752191136571001e-07    7.8494155323468737e-07    3.5155428377840949e-05   -3.5054957610540709e-05   -4.3073516150051448e-06 
  -4.2272993036114402e-07    1.9777829942510299e-06   -3.5678827034067294e-05   -4.9537090641285835e-05   -5.1175960378955686e-05 
  -3.7501586394995037e-03   -5.1386491220616298e-04    2.1809622753582315e-05    2.1184297630777419e-06   -4.5763651216725644e-06 
   1.0968650818253154e-04   -8.1455669415009052e-04   -3.3322636922129714e-04    3.0099000873595549e-05    5.7947832936301453e-06 
  -3.6527463995658913e-06    2.4151187096175876e-05   -5.9499943140627778e-05    7.8871417603940771e-06    1.5225781358286793e-06 
  -2.2532995858267955e-08    4.5737579622051914e-08   -4.1821241664190450e-07   -5.0431720264763648e-06    9.0016224449752153e-06 
   1.7367064630395248e-08   -9.6493853135173673e-08    8.4386784911737021e-07    6.0117218324638954e-06    3.4078154581294014e-06 
  -1.6111039179863394e-04   -2.2076126717709883e-05    9.3696219402574267e-07    9.1009763035755821e-08   -1.9660501025222499e-07 
   4.7122370030378726e-06   -3.4994132449350347e-05   -1.4315722630348356e-05    1.2930817839054370e-06    2.4894941696373928e-07 
  -1.5692546906593023e-07    1.0375580314080532e-06   -2.5561743043121881e-06    3.3883913224482821e-07    6.5411408846461611e-08 
  -9.6803899250700675e-10    1.9649300419497564e-09   -1.7966804281437836e-08   -2.1665948009120896e-07    3.8671828537015846e-07 
   7.4610566004445064e-10   -4.1454679599480797e-09    3.6253367621726724e-08    2.5826930349323105e-07    1.4640300222337881e-07 
  -5.6058799746400482e-04   -7.6814484343818294e-05    3.2601854801821976e-06    3.1667094990157275e-07   -6.8409248936864325e-07 
   1.6396357029597781e-05   -1.2176303721792448e-04   -4.9811946901771275e-05    4.4993132950898718e-06    8.6622627856285487e-07 
  -5.4602644480388736e-07    3.6102114369302113e-06   -8.8942781308254825e-06    1.1789999917881145e-06    2.2760077911279781e-07 
  -3.3683180471365286e-09    6.8370276124101427e-09   -6.2515984974746653e-08   -7.5387256352605478e-07    1.3455968094803482e-06 
   2.5960949706065119e-09   -1.4424268703430661e-08    1.2614458030610099e-07    8.9865507764795422e-07    5.0941323475707708e-07 
2    101 5 
   2.4414361813375550e-02   -3.8799375143869696e-04    2.5153548429486004e-02    4.4128656535388517e-04    1.5719229855126284e-03 
   6.7438570006589306e-04   -7.4645173335989264e-04   -1.4262485022304436e-04   -1.2443029747608629e-02   -7.7297399370520378e-03 
  -3.8494163103678812e-04   -1.2864088180124581e-02    6.7230645525047693e-03   -8.0382589099323269e-03   -1.1544344279000598e-02 
  -5.6503912261423195e-04    2.9074549050554285e-03    8.0516306897975651e-03    6.1901869016594349e-03   -1.2430256209120548e-02 
   2.1616778343413277e-03   -3.4535260743427207e-02   -5.3614606781141301e-03   -3.0227733007511866e-02    5.5355980723708915e-03 
  -2.3792058208843940e-03    1.6622885965467517e-04    4.4635488971747897e-03   -4.0649990299624020e-03    1.5314005466890010e-02 
  -7.7581556618908061e-03   -2.5384717725092349e-04   -5.9696575698540760e-04    7.9138374158188997e-04    3.8432189267235098e-03 
   8.4825311833975486e-05   -1.1763764540034362e-03    1.2686336930540656e-02    3.1458727210835168e-03   -3.4849676001009219e-03 
   1.5725960835126715e-03    3.8045458768181549e-03    2.7875217100046088e-03   -4.1793941603951246e-03    2.5933298673202002e-04 
  -1.2174072103700757e-02    9.6144784689687363e-03    3.5282527722467847e-03   -8.7472992367597247e-03   -7.7147695336848999e-03 
  -2.6608410632055395e-03    4.3573488391114605e-03    2.3056045703124975e-03   -8.0054078024294050e-03    3.6680862542815961e-04 
  -1.5513157098052876e-03    4.2249607890598934e-04    3.6335097607083167e-03   -9.2711080193235611e-06    3.1855501056825379e-03 
   4.6129872821087572e-03   -2.9835346931027912e-03    1.3452123404548814e-03   -1.6743044484511804e-03    1.0187973647807068e-03 
  -2.2592147467601846e-04   -2.4511069536062250e-03   -2.5404471534865433e-03   -2.6146841487851571e-04   -4.4355318271445572e-03 
  -9.0463947870972599e-04   -4.4082097026678637e-03    3.2698520840859051e-03    2.3466770361811465e-04   -1.3299367565753320e-03 
  -2.4913345105715490e-03    7.8039964005654388e-04    5.8874837891165288e-03    2.3861162858765123e-03    5.5532253371847287e-04 
  -4.7256060988591121e-03    3.0946008966997048e-03   -1.6017046314459017e-03   -4.8277383830021183e-04   -1.5715578988863691e-03 
  -1.8754966073498210e-03    3.8790386206239997e-03    1.0613260235552483e-03    5.1564614718189084e-04   -6.6844248401411112e-04 
   1.8543082307508935e-03    7.7690505479259856e-04   -1.1510628395630150e-03   -1.7518680857687101e-04   -6.5029286957851663e-04 
  -3.0181244732467171e-03   -1.8942377069595855e-03    7.5664132076705621e-04    7.1696644413019972e-04    4.6801097589469680e-04 
  -2.9407265139192487e-04    4.3414677282788995e-04   -1.2336752255112735e-03    8.5889362883476551e-04   -1.2319806600849914e-03 
   9.5910183066295115e-03   -2.2691304142943805e-05    1.1820502744992101e-02   -3.8729492992171945e-06    3.4969375867371406e-04 
   2.1193782875345448e-05    2.9719085720742128e-05   -3.0578598159306412e-03    1.6165675905725234e-05   -3.4326423433998113e-03 
  -3.0548600807875240e-07   -2.0739823526888759e-04   -2.3661729291029004e-06   -7.4438792650248235e-05   -2.2158902107286161e-06 
   6.5219081490467869e-09   -2.4199208062396823e-05   -7.0501006363255624e-08   -2.8896199998993853e-05   -9.0960185055214873e-08 
   2.3201993083332930e-09   -1.0282627308390500e-06   -5.5745986856688930e-09   -2.9586473747596797e-05   -7.7899632355435212e-09 
  -3.3133427754676958e-05    2.3843195603919523e-02   -3.3953047446035163e-05    1.6902424106837319e-02   -7.2797291826217833e-06 
   3.9086481047954791e-05   -3.7137775255681122e-03    5.8737092225072451e-05   -9.4626482935263774e-03    2.9498738075238006e-05 
  -2.9033789079852045e-04   -3.1699220917794809e-06   -3.5559162910637999e-04   -6.6441117134692402e-06   -1.4840465792142818e-04 
  -2.1270237211946034e-05   -7.8078289730843356e-08   -6.8997938384476003e-05   -2.3355701390851234e-07   -3.4576898593463984e-05 
  -3.2174463807315539e-07   -4.6380858930959990e-09   -4.2474886947029954e-05   -1.6965081313524718e-08   -9.3035378367848574e-05 
   1.1351739458734569e-02   -2.6856978516197155e-05    1.3990513117846607e-02   -4.5839461437804676e-06    4.1389061222682803e-04 
   2.5084541980241417e-05    3.5174921709874229e-05   -3.6192223622162215e-03    1.9133374078672221e-05   -4.0628075446754505e-03 
  -3.6156719350664435e-07   -2.4547244679393269e-04   -2.8005554516479897e-06   -8.8104281815862607e-05   -2.6226838003181142e-06 
   7.7192014147864168e-09   -2.8641703753412424e-05   -8.3443595896493665e-08   -3.4200970454756470e-05   -1.0765867490330581e-07 
   2.7461419839361707e-09   -1.2170314186079162e-06   -6.5979846814572368e-09   -3.5017964802888237e-05   -9.2200463199915499e-09 
   4.8422522029117785e-03   -1.1456241033046673e-05    5.9678600985360163e-03   -1.9553499614255845e-06    1.7655115642015238e-04 
   1.0700182038568153e-05    1.5004382610792833e-05   -1.5438327773444763e-03    8.1616234338691978e-06   -1.7330505914733485e-03 
  -1.5423182901815363e-07   -1.0470989935621444e-04   -1.1946183097679002e-06   -3.7582183264482583e-05   -1.1187445286069945e-06 
   3.2927394247679454e-09   -1.2217541954629069e-05   -3.5594098817849240e-08   -1.4588929311519495e-05   -4.5923398577649221e-08 
   1.1714074410853137e-09   -5.1914273483721842e-07   -2.8144678597235873e-09   -1.4937430322874500e-05   -3.9329469960284478e-09 
   4.8318120415393891e-07   -2.2039684852016931e-04    1.6517544764715149e-07   -1.4972893544120822e-05    1.9146051712299666e-08 
  -1.4729832561219451e-04   -3.7881150492348147e-07   -7.3322864464804428e-05    5.6601186557321289e-09   -6.3299846967560615e-06 
   2.5555338576155703e-05    1.5240714401472509e-08   -5.1323300584392510e-05    3.3941301391012305e-08   -1.7263095933762822e-07 
   9.4417690435368399e-10    1.6122173072285725e-06   -1.4854246323907001e-08   -2.3731484485333129e-05    3.2390399058641665e-08 
   1.6234889091767128e-07    4.5915982180253556e-10    9.7333423964633269e-08   -6.7184179012408026e-09   -4.9053352733067663e-06 
   2.6674625930204160e-03   -1.0058465698273070e-07    5.7123403855003220e-05   -5.2684223867796218e-08    1.5418536139615472e-05 
   2.6674625930204160e-03   -1.0058465698273070e-07    5.7123403855003220e-05   -5.2684223867796218e-08    1.5418536139615472e-05 
   2.6674625930204160e-03   -1.0058465698273070e-07    5.7123403855003220e-05   -5.2684223867796218e-08    1.5418536139615472e-05 
   2.6674625930204160e-03   -1.0058465698273070e-07    5.7123403855003220e-05   -5.2684223867796218e-08    1.5418536139615472e-05 
  -1.6471761668323921e-07    1.0245531501206337e-03   -6.5432671280417072e-08    4.3996650859626316e-05   -3.5162469150090706e-08 
  -1.6471761668323921e-07    1.0245531501206337e-03   -6.5432671280417072e-08    4.3996650859626316e-05   -3.5162469150090706e-08 
  -1.6471761668323921e-07    1.0245531501206337e-03   -6.5432671280417072e-08    4.3996650859626316e-05   -3.5162469150090706e-08 
  -1.6471761668323921e-07    1.0245531501206337e-03   -6.5432671280417072e-08    4.3996650859626316e-05   -3.5162469150090706e-08 
   3.1571559352522437e-03   -1.1905000940566472e-07    6.7610130314301286e-05   -6.2356004734083149e-08    1.8249074237614114e-05 
   3.1571559352522437e-03   -1.1905000940566472e-07    6.7610130314301286e-05   -6.2356004734083149e-08    1.8249074237614114e-05 
   3.1571559352522437e-03   -1.1905000940566472e-07    6.7610130314301286e-05   -6.2356004734083149e-08    1.8249074237614114e-05 
   3.1571559352522437e-03   -1.1905000940566472e-07    6.7610130314301286e-05   -6.2356004734083149e-08    1.8249074237614114e-05 
   1.6807251912196325e-03   -6.3376771349448249e-08    3.5992536172214568e-05   -3.3195480403792869e-08    9.7149711375104152e-06 
   1.6807251912196325e-03   -6.3376771349448249e-08    3.5992536172214568e-05   -3.3195480403792869e-08    9.7149711375104152e-06 
   1.6807251912196325e-03   -6.3376771349448249e-08    3.5992536172214568e-05   -3.3195480403792869e-08    9.7149711375104152e-06 
   1.6807251912196325e-03   -6.3376771349448249e-08    3.5992536172214568e-05   -3.3195480403792869e-08    9.7149711375104152e-06 
  -3.0480840556790494e-03    9.6565867903084502e-06   -3.9703088215813902e-03    3.5954106269843850e-06   -3.4902712724916955e-04 
  -5.1264912479838255e-06   -3.2534271836174061e-03   -6.1577182575572028e-06   -1.5439320227054868e-03    6.3590525753371062e-08 
   1.9103958630622997e-07   -5.0640915084666782e-04    9.6958826063550339e-07   -9.8108870183109625e-04    7.1477903317338297e-07 
   1.9864306498388713e-05   -2.3413291346359259e-07   -4.2590620890752435e-04    4.3202228064316798e-07   -5.0069568655574574e-04 
   5.5370172554760175e-09    3.1271404090695376e-06   -1.2105443552712894e-07   -1.0167478271886923e-04   -1.3475754751590897e-07 
   1.6062402059716235e-03   -6.0568092153294507e-08    3.4397448801696601e-05   -3.1724350631302906e-08    9.2844311029809175e-06 
   1.6062402059716235e-03   -6.0568092153294507e-08    3.4397448801696601e-05   -3.1724350631302906e-08    9.2844311029809175e-06 
   1.6062402059716235e-03   -6.0568092153294507e-08    3.4397448801696601e-05   -3.1724350631302906e-08    9.2844311029809175e-06 
   1.6062402059716235e-03   -6.0568092153294507e-08    3.4397448801696601e-05   -3.1724350631302906e-08    9.2844311029809175e-06 
  -7.2531190517118573e-07    3.6256158119671284e-04   -8.8144731276032582e-08    6.0882054571764880e-06   -1.4556518249698857e-08 
   6.7348512409929706e-07    1.4287050874596692e-06    3.7475377585628803e-07   -8.4995698413703669e-05    5.3673892480236705e-08 
  -5.9993384683763576e-06   -1.1473649850604248e-08   -1.5419656166253647e-06   -5.4798793316764299e-08   -4.2751880390650975e-07 
   2.3411979468829842e-07    2.8065383106658292e-10   -9.5045517923296020e-07   -2.2405301512522158e-09    1.4297587311995356e-07 
   6.8063976248366073e-08    9.3718541246559023e-11   -8.2271822925954077e-08   -2.3760157607251232e-10   -6.5837235997737482e-07 
  -2.2065212050149265e-07    1.1029735088182161e-04   -2.6815114612658215e-08    1.8521348327485300e-06   -4.4283384789563891e-09 
   2.0488553917179583e-07    4.3463619564446967e-07    1.1400642222895095e-07   -2.5857125679003852e-05    1.6328503788364183e-08 
  -1.8250999952096326e-06   -3.4904778914802753e-09   -4.6909195978036032e-07   -1.6670717604467388e-08   -1.3005843412148191e-07 
   7.1223192092999979e-08    8.5379631176870635e-11   -2.8914450354965772e-07   -6.8160707882583305e-10    4.3495673184937282e-08 
   2.0706210089603586e-08    2.8510761658433296e-11   -2.5028476792822766e-08   -7.2282408741826523e-11   -2.0028798131238915e-07 
  -3.4841863344648544e-06    1.7416398346714200e-03   -4.2342151835291587e-07    2.9245959019936644e-05   -6.9925257811698020e-08 
   3.2352256306868603e-06    6.8630815325339695e-06    1.8002075732086793e-06   -4.0829448515866879e-04    2.5783368694746464e-07 
  -2.8819067987602937e-05   -5.5116059354457935e-08   -7.4071520008936980e-06   -2.6323738168115647e-07   -2.0536753411572103e-06 
   1.1246430445508322e-06    1.3481789502498336e-09   -4.5657087983730800e-06   -1.0762851787338301e-08    6.8681429290085945e-07 
   3.2695944216981618e-07    4.5019647184775569e-10   -3.9520978368949738e-07   -1.1413685043592012e-09   -3.1626283303334837e-06 
   3.2311809280774505e-02   -7.6446219614871081e-05    3.9822865319217471e-02   -1.3047832368739668e-05    1.1781061901562594e-03 
   7.1401122207529540e-05    1.0012257292261082e-04   -1.0301824062977655e-02    5.4461603560859805e-05   -1.1564453448324553e-02 
  -1.0291718058929029e-06   -6.9871748848037752e-04   -7.9715548408094447e-06   -2.5078172038764428e-04   -7.4652575552595137e-06 
   2.1972083205499113e-08   -8.1526295817563755e-05   -2.3751545444737334e-07   -9.7350299358851287e-05   -3.0644172054353181e-07 
   7.8166713009430463e-09   -3.4641816110843955e-06   -1.8780630355348512e-08   -9.9675807767167686e-05   -2.6244116977353874e-08 
  -4.0941557287315131e-05    2.9462015399017653e-02   -4.1954326228579190e-05    2.0885601392898304e-02   -8.9952494976732092e-06 
   4.8297490221442990e-05   -4.5889557953727846e-03    7.2578908648643139e-05   -1.1692589129853588e-02    3.6450326955392785e-05 
  -3.5875809399551101e-04   -3.9169369338370394e-06   -4.3938934304476132e-04   -8.2098442199939696e-06   -1.8337727834805468e-04 
  -2.6282720935951078e-05   -9.6477997857003744e-08   -8.5257796687694548e-05   -2.8859639683491130e-07   -4.2725192366556998e-05 
  -3.9756606618218562e-07   -5.7310840490650399e-09   -5.2484398236418303e-05   -2.0963024219055890e-08   -1.1495983154524810e-04 
   4.8300923241918290e-03   -1.1427472085104516e-05    5.9528735897845337e-03   -1.9504396805501491e-06    1.7610780060967952e-04 
   1.0673311708313125e-05    1.4966703558738245e-05   -1.5399558996954550e-03    8.1411279398397719e-06   -1.7286985494638100e-03 
  -1.5384452157173665e-07   -1.0444695153284744e-04   -1.1916183805707646e-06   -3.7487806769542430e-05   -1.1159351338839588e-06 
   3.2844706873326051e-09   -1.2186861225456217e-05   -3.5504714806725105e-08   -1.4552293547075974e-05   -4.5808075596996467e-08 
   1.1684657990934575e-09   -5.1783906199461686e-07   -2.8074001593227582e-09   -1.4899919401612566e-05   -3.9230705673585538e-09 
 TENSORSUMACCUMULATOR_IMPL_H - PrettifyOut: Norm of simple tensor is 3.20607e-06 
 As simple full tensor 3    5 5 5 
  -1.6393019094158980e-06    1.7709729026736328e-08   -1.3699058862409639e-06    9.6148296200127075e-09    1.1417565653590894e-07 
   4.9581928018369290e-07   -6.0882238150285729e-09    8.1924119378721004e-07   -9.0721989488125920e-10    8.5483273439909271e-07 
   6.2689696102610785e-08    9.9334642541383832e-09    2.6891081255643307e-07    1.0130443879760769e-08    3.5798579935528702e-07 
  -5.4514503447549693e-09   -3.7201309980285816e-09   -6.5309354677038404e-08   -6.3882089827175743e-09   -1.0943259861236160e-07 
   1.5220335927648078e-08   -1.8010762037309111e-10    6.9152283143819634e-08    5.0415702500758203e-09    1.0686088574613691e-07 

   9.3303066958918902e-09    1.0993105889155972e-06    3.7537609928107086e-09    6.8029848871280426e-07   -3.8015283808934084e-09 
   5.9270881147313462e-09   -3.4976125569578132e-07    1.8821603560860206e-08   -6.8655498871576053e-07    2.1583826668990672e-08 
   9.4726651457821761e-09   -1.6910528530907214e-07   -1.1843805882024715e-08   -3.8282647429296431e-07   -1.3055635431333493e-08 
  -8.1891889987439085e-09    2.6695993776701585e-07    3.3587663692017201e-08    4.8582070994944624e-07    2.1255829752591289e-08 
  -5.5858927124994808e-09   -2.9253498260585880e-07   -2.4569868925435073e-08   -5.2937192350992397e-07   -1.3838542357542724e-08 

  -4.9769963309642417e-07    1.7793836424047532e-09   -3.0972416730357827e-07    3.2627920019904806e-09   -3.4826028698243688e-07 
   5.4348737829935049e-08   -1.8439454047064656e-09   -7.2117118583157165e-09   -4.3874342233178452e-09    4.4330806123397414e-08 
  -4.6978349717598684e-08    5.4840015311183965e-10   -1.0249320742142954e-07    3.9276633734060481e-09   -2.9274131260028500e-08 
   2.5053485237354125e-08   -2.8036242164015365e-09    5.4329934897232450e-08   -4.3989389997632111e-09    3.0636507969437940e-08 
  -9.6195454202878984e-09    4.8761633232678355e-09   -1.3274429209534022e-08   -4.3616674527344526e-10    4.0837348574132938e-09 

  -9.1653913825450928e-12    2.5020865341029964e-07   -1.7547984644892667e-09    2.4967760976689072e-07   -7.5536366890112238e-10 
   1.5604494458449814e-09   -2.7807309873899954e-08    4.0114289994628105e-09   -1.1543723067495911e-08    4.7715102924381488e-09 
   1.2347055796719291e-09    7.9165395005123833e-08    5.0441362765940380e-10    7.4979983130724294e-08    4.2961955598631076e-09 
  -1.9309956580280727e-09   -9.3193308706881286e-08    8.4013310198455676e-10   -8.9076718873119875e-08   -2.7930500660860486e-09 
  -1.7867982109710014e-09    1.2315379043973580e-07   -1.6089312978434299e-09    1.0080235071702947e-07    4.5208388456256889e-10 

  -1.3078618145740993e-07    1.3599461640389994e-09   -8.1350372413132111e-08    1.7721501393978070e-10   -5.9155267918175250e-08 
  -4.4282543360981682e-08   -2.0756357825546256e-09   -6.5786295258715377e-09   -2.6610765558028899e-10    1.8497411413726049e-08 
   2.6112096702069082e-09    5.4203172228540384e-09    1.1073688461436415e-09   -2.8333565581896861e-09    1.4260571317688951e-08 
  -1.8480522583110585e-08    3.7200969336653620e-09    3.5063486959603133e-09    1.6404734411696678e-09    2.1013429744990625e-08 
   8.4448512311671375e-09   -5.5686938145542397e-09   -1.0474825073207549e-08   -4.2792809136570282e-09   -1.6616734698518803e-08 
