2    5 5 
   7.0327339111669957e-05   -4.8237363388521973e-04    7.3800071833834382e-06   -3.3152078373543167e-04    4.0476057098903223e-07 
   1.3445494870625680e-05    5.1968015503557261e-04    8.9281118582517449e-07   -5.8175134133406603e-05    4.0160232520398433e-08 
  -3.2183964460725219e-05    5.0563920780061862e-04   -2.7589649223101121e-06   -2.2815487637281465e-04   -1.5275996538778034e-07 
  -4.7917914887363546e-07   -5.8648286513178808e-04   -2.0978802059580809e-08    3.8773864461847127e-05    6.6431319739254798e-09 
   7.0951704489118087e-07    3.5481974677457618e-04    1.9239075258497315e-07    3.4739261159714623e-05    2.5383534772145201e-08 
2    5 5 
   5.5897937930407917e-04   -1.7135415504453707e-05    2.8774705644108558e-06   -3.1967376549938940e-07    4.3667129649202051e-08 
   5.5897937930407917e-04   -1.7135415504453707e-05    2.8774705644108558e-06   -3.1967376549938940e-07    4.3667129649202051e-08 
  -5.5547533982639482e-04    1.4172999305454997e-05   -3.7053002154134219e-06    1.2249402909778163e-06   -3.7693026707391791e-07 
   4.9256370765677802e-04   -3.2743818891199968e-05    1.3635764602560591e-05   -4.6934189545662464e-06    1.1960834416355875e-06 
   4.9256370765677802e-04   -3.2743818891199968e-05    1.3635764602560591e-05   -4.6934189545662464e-06    1.1960834416355875e-06 
2    5 5 
  -2.8132127828385942e-05    5.8570239656262010e-04   -3.0066871782412509e-06   -6.1180948359715147e-05   -2.3046589773100149e-07 
   3.1956303538814611e-05    3.9927259326648557e-04    2.1351944773299457e-06    3.3643562908533564e-04    2.9863539575431424e-07 
  -8.6323928794784200e-05   -4.5893947792351397e-04   -3.2727965196323008e-06   -3.0113283530370014e-04   -3.7161137162672569e-07 
  -3.6590615596965646e-06    5.8050867833241127e-04    3.9327533032583141e-08    9.1989552384756212e-05   -1.0490546100407273e-08 
   8.4840570322448279e-06    3.3570206319642108e-04    1.2310778800417367e-06   -1.1972901864049514e-04    4.6093780905769241e-08 
 TENSORSUMACCUMULATOR_IMPL_H - PrettifyOut: Norm of simple tensor is 2.31784e-10 
 As simple full tensor 3    5 5 5 
  -2.4051599460654886e-12    1.7801356134445594e-11   -1.6023801332775419e-13   -5.3235761347957107e-12   -1.3440356921044199e-14 
   6.5660716408787322e-14   -5.8716178785341495e-13    4.5962673839495210e-15    1.3780027724943976e-13    3.7720045984800392e-16 
  -1.4644842468114470e-14    7.8698757715486237e-14   -9.0447082274722362e-16   -3.7034389693128317e-14   -7.8884914221394634e-17 
   3.8618114976660446e-15    3.3968301390079163e-15    1.8343208593295833e-16    1.2406679024517077e-14    1.8370811624166824e-17 
  -1.1055392182604317e-15   -3.5821550619336195e-15   -4.6660338690183257e-17   -3.7977615059243613e-15   -4.9953514238502232e-18 

   4.3654074151647240e-11   -2.2066065769718241e-11    2.5539944394083427e-12    1.5130804808829199e-10    2.6435376544556207e-13 
  -1.3045702212132466e-12    5.2444425266302470e-12   -8.0867926917240705e-14   -2.5021160007318678e-12   -7.9643910793424653e-15 
   3.1887585720320598e-13   -2.3742663037240540e-12    1.9139695748676620e-14   -1.6273117834113105e-13    1.7695968110317650e-15 
  -8.7314623922168152e-14    7.7859253018559027e-13   -4.7873336880527668e-15    2.0075754289278236e-13   -4.2095510036272277e-16 
   2.3937644472709238e-14   -1.8055358163720822e-13    1.2304254872663250e-15   -4.9024790168292535e-14    1.0937795805855695e-16 

  -2.3155727777996135e-13    1.9379161544648843e-12   -1.6237230624934753e-14   -5.5827930910327099e-13   -1.3667282895337190e-15 
   6.3882331915316376e-15   -6.3946176533653259e-14    4.6780568672040228e-16    1.5182462211511787e-14    3.8809338354138478e-17 
  -1.3744779063361318e-15    9.4865523189227456e-15   -8.8602640966115442e-17   -3.8537376139167447e-15   -7.8018944336514612e-18 
   3.4096496621813309e-16   -1.9069565314967923e-16    1.6436839625388332e-17    1.1831841882551222e-15    1.6717122909893191e-18 
  -9.5547453999496499e-17   -2.1026758189824280e-16   -4.0069027687590696e-18   -3.4961897435637158e-16   -4.3821048712279895e-19 

  -6.6908422005497284e-12   -1.6285448135759551e-10    9.4785834328113603e-14   -3.8058546089644946e-11   -1.3510420320864427e-14 
   1.4617971434328518e-13    4.0904120880240227e-12   -5.8189823166045598e-15    9.8097992077748439e-13    1.5102223935312477e-16 
  -4.9405440925679497e-14   -5.4759980338588763e-13    3.4796317661771677e-16   -2.6060702275970681e-13   -1.2800549587387845e-16 
   2.1020960341674199e-14    3.7382801572085508e-14    4.2785345732064035e-16    8.6713165182878249e-14    7.9379497362609568e-17 
  -6.9148239416033124e-15   -8.0904453299671917e-15   -1.9037668394108134e-16   -2.6574625252724555e-14   -2.7951567179585005e-17 

  -1.2878455702234847e-14    1.0863375706184235e-13   -8.9452930302722364e-16   -3.3038217043945595e-14   -7.6430442216135156e-17 
   3.5376746498066718e-16   -3.7487027313793113e-15    2.5438295581598761e-17    9.2428913819771595e-16    2.1614764327479946e-18 
  -7.5328366930180371e-17    6.3730943252647496e-16   -4.6779108871772347e-18   -2.3593411513940983e-16   -4.2924643311674898e-19 
   1.8486218113466086e-17   -5.3126883446642362e-17    8.2614762017695463e-19    7.1341436745665445e-17    9.0358636083529800e-20 
  -5.1831968728893103e-18   -5.6857519030643650e-19   -2.0015605914901183e-19   -2.0734687387405846e-17   -2.3630950148300622e-20 
