2    109 5 
  -2.4050212821742324e-05   -3.4979445516450654e-03    2.7067195772294985e-05    4.8130228879483399e-04    1.9217697404829791e-05 
   2.2733280722373470e-04    6.7125454492967390e-04    2.2299339432843226e-04    3.6488911906597254e-03    1.4045941116783576e-04 
  -2.6859187805136223e-03   -2.6815054057368785e-04    9.8279942386336533e-04   -2.6953284949256051e-03    4.6204911722439124e-04 
   2.6651234978873855e-03    3.2905042942340293e-04   -5.7438420853495791e-04    2.7501578428893591e-04   -1.8940102066482628e-04 
  -5.2133236680411144e-03    6.2722441074275503e-04    6.9771869158342026e-05   -2.8237592618246679e-04   -1.2148575867673407e-04 
   4.4588020628891292e-03    9.8486581028890818e-05    6.1612024316493399e-04   -5.4835563817091531e-05    6.5988395299595797e-05 
  -1.0126266055365410e-04   -1.6318081978607193e-03    9.7509131426237587e-04    2.3766365808233528e-04    6.8761260436062284e-04 
   1.2468801995275852e-04   -3.7284547592727833e-05   -3.9423156875699900e-04   -2.6328639266084386e-05   -1.8702947122620073e-04 
   9.0397137230423578e-04    9.7162806850410917e-04    5.4649626886969912e-04    1.5912321777460391e-04    3.0064729786165718e-04 
   1.3159991373899824e-04   -1.3018940682857064e-03   -3.5706082597124303e-04   -1.1925844604267459e-04   -1.2111777861034341e-04 
   6.3729683703493715e-06    3.8704114924794058e-04   -2.5621063577031285e-04   -2.4820637619419890e-04    1.4440100466445166e-04 
   3.7605507480237381e-05    5.4627896679601985e-04   -6.0963941141258177e-04   -1.5808318850477461e-04   -5.0642506239729796e-04 
  -2.4921876298540839e-05   -2.8637499000579150e-06    1.2047157510147028e-04    1.4252165256602365e-04   -2.6107321522828150e-04 
   3.7049190757971119e-06   -1.9662630896593905e-05    2.1186254841339878e-04    1.5084522269582641e-05   -3.6499032683923611e-04 
   2.0657131724420866e-05   -5.4552743562527626e-05    1.8505983016651125e-04   -4.5854409419615936e-04   -4.8524353461222737e-04 
   3.6145862261390336e-06    2.7013761889493068e-06   -1.5241485145720514e-04   -1.8912814902839016e-04    2.8326333030258711e-04 
  -3.2124737602396106e-05   -1.2837257474734429e-06   -5.5326903818489414e-06   -1.1679858913913144e-04    3.3495897674934071e-05 
   2.1270190866438842e-05    1.2762691661406743e-05    4.5616236872942639e-05   -5.2306682818696750e-05   -3.9304147597706520e-05 
  -1.3637069228056639e-04   -1.0185356736963337e-04   -9.1614163317931804e-05    1.0859893576685645e-06    3.0889653000442725e-04 
   5.1986595518577783e-05    7.5614401421677296e-05   -3.8119498755575067e-05   -5.4731921549424893e-05   -1.2740851116837203e-04 
   3.3468800800509093e-04   -1.3297786111482533e-04   -1.1246930752324543e-04   -2.8569183657987144e-05    1.5828149422545581e-04 
   2.6312231172612336e-06   -1.3675399642379697e-03    3.1784390088877897e-07   -4.3768409146200743e-05    2.1475079659016783e-08 
   2.6312231172612336e-06   -1.3675399642379697e-03    3.1784390088877897e-07   -4.3768409146200743e-05    2.1475079659016783e-08 
   2.6312231172612336e-06   -1.3675399642379697e-03    3.1784390088877897e-07   -4.3768409146200743e-05    2.1475079659016783e-08 
   2.6312231172612336e-06   -1.3675399642379697e-03    3.1784390088877897e-07   -4.3768409146200743e-05    2.1475079659016783e-08 
   2.6312231172612336e-06   -1.3675399642379697e-03    3.1784390088877897e-07   -4.3768409146200743e-05    2.1475079659016783e-08 
   2.6312231172612336e-06   -1.3675399642379697e-03    3.1784390088877897e-07   -4.3768409146200743e-05    2.1475079659016783e-08 
   2.6312231172612336e-06   -1.3675399642379697e-03    3.1784390088877897e-07   -4.3768409146200743e-05    2.1475079659016783e-08 
   2.6312231172612336e-06   -1.3675399642379697e-03    3.1784390088877897e-07   -4.3768409146200743e-05    2.1475079659016783e-08 
   2.6312231172612336e-06   -1.3675399642379697e-03    3.1784390088877897e-07   -4.3768409146200743e-05    2.1475079659016783e-08 
   2.6312231172612336e-06   -1.3675399642379697e-03    3.1784390088877897e-07   -4.3768409146200743e-05    2.1475079659016783e-08 
   2.6312231172612336e-06   -1.3675399642379697e-03    3.1784390088877897e-07   -4.3768409146200743e-05    2.1475079659016783e-08 
  -2.9306306821879810e-07   -7.8773470233744851e-04    1.4493990908576218e-07   -2.3988460560436632e-05    9.4416877418919839e-09 
  -2.9306306821879810e-07   -7.8773470233744851e-04    1.4493990908576218e-07   -2.3988460560436632e-05    9.4416877418919839e-09 
  -2.9306306821879810e-07   -7.8773470233744851e-04    1.4493990908576218e-07   -2.3988460560436632e-05    9.4416877418919839e-09 
  -2.9306306821879810e-07   -7.8773470233744851e-04    1.4493990908576218e-07   -2.3988460560436632e-05    9.4416877418919839e-09 
  -2.9306306821879810e-07   -7.8773470233744851e-04    1.4493990908576218e-07   -2.3988460560436632e-05    9.4416877418919839e-09 
  -2.9306306821879810e-07   -7.8773470233744851e-04    1.4493990908576218e-07   -2.3988460560436632e-05    9.4416877418919839e-09 
  -2.9306306821879810e-07   -7.8773470233744851e-04    1.4493990908576218e-07   -2.3988460560436632e-05    9.4416877418919839e-09 
  -2.9306306821879810e-07   -7.8773470233744851e-04    1.4493990908576218e-07   -2.3988460560436632e-05    9.4416877418919839e-09 
  -2.9306306821879810e-07   -7.8773470233744851e-04    1.4493990908576218e-07   -2.3988460560436632e-05    9.4416877418919839e-09 
  -2.9306306821879810e-07   -7.8773470233744851e-04    1.4493990908576218e-07   -2.3988460560436632e-05    9.4416877418919839e-09 
  -2.9306306821879810e-07   -7.8773470233744851e-04    1.4493990908576218e-07   -2.3988460560436632e-05    9.4416877418919839e-09 
  -3.4870594796125900e-06    1.4945609566548836e-03    2.1352047869176333e-06   -3.2756092093961300e-04    3.6571295779548519e-06 
   6.8292856059138198e-04    6.8121495926293081e-06    8.4922759855006496e-05    1.0703473343452357e-06    5.4732712300137073e-06 
  -5.1810157589222374e-06    1.0534647996808901e-03    4.2121625187518742e-08    2.8364754541960290e-05   -1.4508736239079419e-07 
  -1.4454309030077664e-04    7.5042218789748774e-06    1.4790755973328732e-05   -7.8270088274442222e-09    1.1987536972697918e-06 
  -1.1775013601811040e-05   -3.1638993253391086e-04    1.1865392166164316e-06   -6.2838682483517833e-04    2.5841135352063877e-06 
  -2.8481538660176970e-04    3.1693641409714210e-05   -1.4892437287572315e-04   -1.8650359013425873e-07   -1.3059606135932519e-04 
  -2.3284893725696230e-04   -7.7702237688990251e-06   -1.8477861088489266e-04    4.9432827102835611e-06   -4.6089990910658071e-05 
  -7.1266585320694082e-07   -1.1553750474787305e-06    2.1403133615178732e-07   -1.5654056228012260e-05    8.3678517007300365e-08 
   1.4419525656493337e-04    3.3587141755816461e-06    2.7832358573510247e-05    3.0305399657939063e-06   -3.3051276780456158e-05 
  -1.1666466624356452e-05    1.4735818346459466e-06   -1.5754436945560814e-05    5.4391981679632668e-07    2.4306961451511557e-06 
  -9.0901530886747556e-06    8.5225037018171597e-06    1.6082051805445400e-06    1.6880163019417068e-06    4.2458718582691054e-06 
   1.2613190583265441e-06   -5.4060397577990031e-04   -7.7233396990076224e-07    1.1848344852151184e-04   -1.3228358341500515e-06 
  -5.1416226924654745e-04   -5.1287213555107373e-06   -6.3936524897888046e-05   -8.0584155659323927e-07   -4.1207085458379089e-06 
   3.9217036199116054e-06   -7.9740670760233617e-04   -3.1883425502032221e-08   -2.1470338200293325e-05    1.0982202347320531e-07 
  -3.7908661828894396e-04    1.9680982944746178e-05    3.8791045993265730e-05   -2.0527541659302689e-08    3.1439170444865756e-06 
   3.5829063631226461e-06    9.6271269047990132e-05   -3.6104067927834179e-07    1.9120582186487792e-04   -7.8629521301769980e-07 
   6.2023067342333613e-05   -6.9017930489372783e-06    3.2430643997125917e-05    4.0614114526958075e-08    2.8439363494284721e-05 
   6.2855815366849132e-05    2.0975133334537744e-06    4.9879593123100650e-05   -1.3344019045310486e-06    1.2441645613967501e-05 
   2.0985320540614572e-06    3.4021436002390473e-06   -6.3024153250360070e-07    4.6095289430157553e-05   -2.4640166129182575e-07 
  -9.4401777170507683e-05   -2.1988836161188359e-06   -1.8221293645696406e-05   -1.9840344639101515e-06    2.1638015980257768e-05 
   2.1676876703942008e-05   -2.7379885248290311e-06    2.9272529396002008e-05   -1.0106301406553839e-06   -4.5163546375889312e-06 
   2.3601232716162479e-05   -2.2127415372304494e-05   -4.1754659521254873e-06   -4.3826836778400546e-06   -1.1023775819008079e-05 
   1.9907208132801763e-06   -8.5322708732784702e-04   -1.2189630359860206e-06    1.8700063670957395e-04   -2.0878118111441310e-06 
   4.9223541005655510e-05    4.9100029513933284e-07    6.1209900907007086e-06    7.7147580204894486e-08    3.9449776502589881e-07 
   2.6259369830665574e-06   -5.3393626010053057e-04   -2.1348850980870645e-08   -1.4376342677412145e-05    7.3535825483924155e-08 
   1.3122375951786442e-05   -6.8127241860277654e-07   -1.3427820042402112e-06    7.1057670206129813e-10   -1.0882911563904540e-07 
  -6.8377370126087691e-06   -1.8372727414694249e-04    6.8902197421853850e-07   -3.6490351482484467e-04    1.5005917922461151e-06 
   4.5686694481499824e-05   -5.0839167411850329e-06    2.3888675417439147e-05    2.9916686186903499e-08    2.0948665825252931e-05 
  -2.0440986929424558e-05   -6.8212053861980806e-07   -1.6221062524185437e-05    4.3395335387701191e-07   -4.0460777398454218e-06 
  -6.3369981616957137e-07   -1.0273551790078256e-06    1.9031586509102924e-07   -1.3919528358711729e-05    7.4406624936849368e-08 
   2.6356643791066806e-05    6.1392056320485228e-07    5.0873210274910603e-06    5.5393543640634861e-07   -6.0412578727939025e-06 
   2.0960714646976790e-06   -2.6475306825545418e-07    2.8305421673282744e-06   -9.7724087659082471e-08   -4.3671430204627461e-07 
   1.2436551089803219e-05   -1.1659930439756593e-05   -2.2002408205475276e-06   -2.3094331607763166e-06   -5.8089233229645978e-06 
   9.9274738790169678e-06   -4.2549359838961994e-03   -6.0788150796991235e-06    9.3254861450657806e-04   -1.0411654452582128e-05 
  -1.9442614862591409e-03   -1.9393829539235990e-05   -2.4177060503948502e-04   -3.0472222413505525e-06   -1.5582113665228564e-05 
   1.4750077798842165e-05   -2.9991585582181644e-03   -1.1991803874744713e-07   -8.0752955734303427e-05    4.1305604585503086e-07 
   4.1150653200580693e-04   -2.1364122729029959e-05   -4.2108499850552710e-05    2.2283080096448605e-08   -3.4127883641213424e-06 
   3.3522840846418733e-05    9.0074540144158884e-04   -3.3780143838262132e-06    1.7889840497251036e-03   -7.3568345395776600e-06 
   8.1085433941187628e-04   -9.0230120554417477e-05    4.2397981173437817e-04    5.3096585539356538e-07    3.7180007838330217e-04 
   6.6290860706286865e-04    2.2121416038602217e-05    5.2605493071905128e-04   -1.4073264385036637e-05    1.3121576604151349e-04 
   2.0289219852840794e-06    3.2892916428220463e-06   -6.0933589213512103e-07    4.4566270008540259e-05   -2.3822831147036915e-07 
  -4.1051626775966664e-04   -9.5620815876863810e-06   -7.9237252574955851e-05   -8.6277869722711094e-06    9.4095236638347195e-05 
   3.3213813343553656e-05   -4.1952095332961742e-06    4.4852048601433943e-05   -1.5485109459977253e-06   -6.9200633456060906e-06 
   2.5879184990016257e-05   -2.4263117213307482e-05   -4.5784750777263583e-06   -4.8056931184732435e-06   -1.2087772581184274e-05 
  -2.7314793251275241e-06    1.1707177285370466e-03    1.6725460992213402e-06   -2.5658463484703385e-04    2.8646984342824684e-06 
   1.1134562654360552e-03    1.1106623858918008e-05    1.3845925400571353e-04    1.7451092462547724e-06    8.9236978728966230e-06 
  -8.4927380478009608e-06    1.7268429594836899e-03    6.9045906345528428e-08    4.6495598802261215e-05   -2.3782768093484933e-07 
   8.2093999409044605e-04   -4.2620618198765130e-05   -8.4004867310301856e-05    4.4453903449671873e-08   -6.8083839296970915e-06 
  -7.7590476336112614e-06   -2.0848252412618003e-04    7.8186018396264973e-07   -4.1407029079609619e-04    1.7027801995270865e-06 
  -1.3431552073061315e-04    1.4946341209252063e-05   -7.0230948302841699e-05   -8.7952856500822749e-08   -6.1587536390268456e-05 
  -1.3611889791498934e-04   -4.5423196190420457e-06   -1.0801793286330400e-04    2.8897456116085436e-06   -2.6943299984862034e-05 
  -4.5445257335533560e-06   -7.3675925562380858e-06    1.3648344600090812e-06   -9.9822744477748242e-05    5.3360094660636823e-07 
   2.0443400176530156e-04    4.7618444327313860e-06    3.9459553506097885e-05    4.2965727685912993e-06   -4.6858717385329185e-05 
  -4.6942873144811511e-05    5.9293158211129822e-06   -6.3391818518504416e-05    2.1885940090474951e-06    9.7804986264817175e-06 
  -5.1110207830564143e-05    4.7918547816242670e-05    9.0422790694501480e-06    9.4910243174132151e-06    2.3872798508579883e-05 
  -1.0081204428292273e-05    4.3208252175428556e-03    6.1729477455246510e-06   -9.4698946949961244e-04    1.0572882714410467e-05 
  -2.4927281427513775e-04   -2.4864734003033724e-06   -3.0997291029588688e-05   -3.9068287326142279e-07   -1.9977751722891973e-06 
  -1.3298001088604303e-05    2.7039053160257051e-03    1.0811266432316863e-07    7.2803201983590634e-05   -3.7239259496420820e-07 
  -6.6452992138504836e-05    3.4500299979156751e-06    6.7999790814827816e-06   -3.5984297484980793e-09    5.5112125979117159e-07 
   3.4626967373404279e-05    9.3041284210833492e-04   -3.4892745036593950e-06    1.8479070018312502e-03   -7.5991432450661142e-06 
  -2.3136187839520520e-04    2.5745450402889069e-05   -1.2097458307451276e-04   -1.5150101774959180e-07   -1.0608608765001747e-04 
   1.0351515218853384e-04    3.4543249604309526e-06    8.2145043272528919e-05   -2.1975821238181356e-06    2.0489732440650238e-05 
   3.2091176976495312e-06    5.2026268630693412e-06   -9.6377810948216111e-07    7.0489849703417432e-05   -3.7680240835562957e-07 
  -1.3347261571230120e-04   -3.1089536308220573e-06   -2.5762690040890816e-05   -2.8051830961098953e-06    3.0593519298827901e-05 
  -1.0614710405880164e-05    1.3407353689656776e-06   -1.4334141704541327e-05    4.9488431460977020e-07    2.2115638347263536e-06 
  -6.2979908123139629e-05    5.9047025378294693e-05    1.1142234187457288e-05    1.1695194852009872e-05    2.9416954470169108e-05 
2    109 5 
   1.1850697383985803e-03    6.9934472480669321e-02    4.4398732895786434e-02   -2.8512073346857094e-02    1.3861225945993476e-02 
  -2.0082692370446284e-02    4.1926586370124898e-03   -9.2572239331022003e-04   -3.6781144221718813e-03    2.5918294845096363e-03 
  -1.4791248127060825e-02   -5.5172881353285179e-03   -9.0261304721390590e-03    3.5605432181632993e-03   -2.5707048919334204e-03 
   6.5032991954803249e-02    1.5007669113966065e-02    2.2794360184238777e-02   -7.3678653415250282e-03    3.3753272448852159e-03 
   3.0763483384352745e-02   -1.4874001181990912e-03    2.5598922543108096e-03   -3.2727108207247991e-04   -5.4692179858092124e-04 
   3.9532565759611893e-02   -2.0469498341303530e-02   -6.1737428127449688e-03   -5.1798650931155908e-05    1.0833081230020442e-03 
   9.6968299563514044e-04    1.4365689751629027e-04   -8.7254012891755314e-03    1.2028311153789391e-02   -8.0292437386198894e-03 
   1.0125004699729679e-02    1.6424947432603042e-02   -8.3858352367010523e-03    1.0121072969399235e-02   -8.4211444032816912e-03 
   2.9761475278597938e-03    1.3570301793778537e-03    2.3922780257029343e-02   -2.0883716388075003e-04    4.3820082613802496e-03 
  -2.9064475777959196e-04   -2.6278144058350730e-03   -3.0792554081746177e-03   -8.8416679030156320e-03    3.3832572950134370e-03 
   5.6580979226036852e-03   -1.1779955444868614e-02   -2.6067841399737827e-02   -7.9610987360697900e-03    2.3764113262009744e-03 
   4.4066568999183865e-05    1.4558771106360077e-03   -2.4939868660525315e-03    2.5096205025159895e-03    6.0055982842261314e-03 
  -1.3056874161053765e-02    1.1170319801220066e-02   -1.2801925953783854e-04   -7.1874723877228056e-03    1.0220805504324482e-03 
   2.7856611439165124e-03    2.7233686529613745e-03    7.5307952704231993e-03   -1.3066171626956153e-02    4.6397280733607169e-03 
  -3.1721653794516439e-03    6.8028836076070246e-03   -3.7908158972730132e-03    1.6598947466832804e-03   -6.7375658620275666e-05 
   1.2602106798005573e-03   -1.7475378359491874e-02    1.0019218439232879e-02    2.0349343308105634e-03    3.1894601958546587e-03 
  -8.2217237701096967e-04    4.7018728723391369e-04    3.6354378755485382e-03    2.9535031548155936e-03   -3.8253713294021307e-03 
   2.8501951979848373e-04    4.2752892641367175e-03    1.0001393735800949e-02   -1.2965957835576521e-03   -2.0516813013311652e-02 
  -2.1895093155466352e-05    1.1663435746596487e-03    3.0556486703747368e-03    3.5171466361499553e-03    1.1914059632605191e-03 
  -5.8210914575992711e-05    4.7033519621911333e-04    1.8495691907915537e-03    3.9340809909566791e-03    2.7781257635358441e-03 
  -1.4436743683292824e-04   -5.9187983424783706e-05    1.9172469311689406e-04   -2.2191088254240620e-03   -3.3401175900879460e-03 
  -1.3794514889178058e-03   -4.6243516749447773e-04   -2.7651188569282118e-04    6.7192792884484227e-05   -1.9573237175072777e-06 
  -6.5867069195609188e-05    6.0441469225785083e-06    6.9614476467626704e-06   -8.0794668822009398e-07   -2.3521488467745225e-07 
  -1.0051536347970558e-03    8.8741884640451194e-05    1.4700341371165170e-04   -8.5759221181446317e-05    3.9384921035942929e-05 
  -4.5944687557232010e-06   -8.8695299555527807e-05   -6.8247806293349594e-06   -3.5479285000131876e-07   -3.5950615529359702e-07 
   4.2418829980581091e-04    1.5023941837700986e-04    1.3830320538217965e-04   -5.0036037144638636e-05    1.6830461359519144e-05 
  -9.4349915163948313e-05   -4.2442353224715995e-05   -9.6496811203666901e-06    2.5947175621861553e-06   -1.0779777871339139e-06 
   4.3524320343692089e-05    1.7433567736999388e-05    9.1803145414577893e-06   -1.7422986065288040e-06    1.3844736392002288e-07 
   1.5029558625878616e-06   -8.6999788801523738e-06    1.1340293175585693e-06   -1.3740559385307551e-05    1.1813413300185788e-05 
  -2.1518044349026739e-05   -8.9084666220536237e-07   -2.5727878071879264e-07   -2.6725560221282069e-06    9.2968270736903481e-07 
  -2.3187715218334847e-06    7.7327619813495603e-06   -1.0910468315593344e-05   -4.9624735040488280e-06    1.8759135825955019e-06 
  -4.8212322501580729e-06    2.5009686091518790e-05   -1.9231667536288435e-05    3.4985600262671770e-06    8.5646348006345007e-06 
  -7.9455610220786389e-04   -2.6635998957564368e-04   -1.5926925149255857e-04    3.8702661195168139e-05   -1.1274071732393159e-06 
  -3.7939051995932324e-05    3.4813937703189400e-06    4.0097536973012271e-06   -4.6537263292059200e-07   -1.3548241707086558e-07 
  -5.7896269684044161e-04    5.1114813771242482e-05    8.4673118517283126e-05   -4.9396816820118128e-05    2.2685487380664195e-05 
  -2.6463875066220317e-06   -5.1087981030986577e-05   -3.9310342834326561e-06   -2.0435863548157310e-07   -2.0707347214791091e-07 
   2.4433001435976442e-04    8.6537038542227639e-05    7.9661848694315382e-05   -2.8820468833421113e-05    9.6942486804451944e-06 
  -5.4345007010809246e-05   -2.4446550688937687e-05   -5.5581606748363297e-06    1.4945423518722701e-06   -6.2090898860366964e-07 
   2.5069757509675653e-05    1.0041634475710344e-05    5.2878082322599898e-06   -1.0035539493829969e-06    7.9744883180739086e-08 
   8.6569390918206058e-07   -5.0111376614828489e-06    6.5319434687454201e-07   -7.9144829630149996e-06    6.8044579319928842e-06 
  -1.2394269448729688e-05   -5.1312253984522255e-07   -1.4819109394639690e-07   -1.5393768558981705e-06    5.3549187788887062e-07 
  -1.3355990240323624e-06    4.4540263057908519e-06   -6.2843668282247101e-06   -2.8583561193443153e-06    1.0805154050289941e-06 
  -2.7770019716530250e-06    1.4405434955823546e-05   -1.1077329590313230e-05    2.0151503986500271e-06    4.9331802522208549e-06 
   1.2126467512484616e-03    5.9074053519768399e-04    1.0795118714305570e-04   -3.2438741954577208e-05    9.8620364406101998e-06 
   1.2126467512484616e-03    5.9074053519768399e-04    1.0795118714305570e-04   -3.2438741954577208e-05    9.8620364406101998e-06 
   1.2126467512484616e-03    5.9074053519768399e-04    1.0795118714305570e-04   -3.2438741954577208e-05    9.8620364406101998e-06 
   1.2126467512484616e-03    5.9074053519768399e-04    1.0795118714305570e-04   -3.2438741954577208e-05    9.8620364406101998e-06 
   1.2126467512484616e-03    5.9074053519768399e-04    1.0795118714305570e-04   -3.2438741954577208e-05    9.8620364406101998e-06 
   1.2126467512484616e-03    5.9074053519768399e-04    1.0795118714305570e-04   -3.2438741954577208e-05    9.8620364406101998e-06 
   1.2126467512484616e-03    5.9074053519768399e-04    1.0795118714305570e-04   -3.2438741954577208e-05    9.8620364406101998e-06 
   1.2126467512484616e-03    5.9074053519768399e-04    1.0795118714305570e-04   -3.2438741954577208e-05    9.8620364406101998e-06 
   1.2126467512484616e-03    5.9074053519768399e-04    1.0795118714305570e-04   -3.2438741954577208e-05    9.8620364406101998e-06 
   1.2126467512484616e-03    5.9074053519768399e-04    1.0795118714305570e-04   -3.2438741954577208e-05    9.8620364406101998e-06 
   1.2126467512484616e-03    5.9074053519768399e-04    1.0795118714305570e-04   -3.2438741954577208e-05    9.8620364406101998e-06 
   6.2127515923269866e-04    3.0265402491888002e-04    5.5306618281550336e-05   -1.6619336630712757e-05    5.0526159029336302e-06 
   6.2127515923269866e-04    3.0265402491888002e-04    5.5306618281550336e-05   -1.6619336630712757e-05    5.0526159029336302e-06 
   6.2127515923269866e-04    3.0265402491888002e-04    5.5306618281550336e-05   -1.6619336630712757e-05    5.0526159029336302e-06 
   6.2127515923269866e-04    3.0265402491888002e-04    5.5306618281550336e-05   -1.6619336630712757e-05    5.0526159029336302e-06 
   6.2127515923269866e-04    3.0265402491888002e-04    5.5306618281550336e-05   -1.6619336630712757e-05    5.0526159029336302e-06 
   6.2127515923269866e-04    3.0265402491888002e-04    5.5306618281550336e-05   -1.6619336630712757e-05    5.0526159029336302e-06 
   6.2127515923269866e-04    3.0265402491888002e-04    5.5306618281550336e-05   -1.6619336630712757e-05    5.0526159029336302e-06 
   6.2127515923269866e-04    3.0265402491888002e-04    5.5306618281550336e-05   -1.6619336630712757e-05    5.0526159029336302e-06 
   6.2127515923269866e-04    3.0265402491888002e-04    5.5306618281550336e-05   -1.6619336630712757e-05    5.0526159029336302e-06 
   6.2127515923269866e-04    3.0265402491888002e-04    5.5306618281550336e-05   -1.6619336630712757e-05    5.0526159029336302e-06 
   6.2127515923269866e-04    3.0265402491888002e-04    5.5306618281550336e-05   -1.6619336630712757e-05    5.0526159029336302e-06 
  -8.1278656641258005e-04   -2.7247140982908358e-04   -1.6292355907408597e-04    3.9590663285373219e-05   -1.1532746432125096e-06 
   4.9123894302368708e-05   -4.5077462561902852e-06   -5.1918723964393327e-06    6.0256951157496650e-07    1.7542409696299745e-07 
   5.2426844606369416e-04   -4.6286028673225094e-05   -7.6674100957936203e-05    4.4730329840081863e-05   -2.0542403305365416e-05 
  -6.8129460615990475e-07   -1.3152255982510514e-05   -1.0120182502489596e-06   -5.2610751723775853e-08   -5.3309668104220071e-08 
  -3.6587408742549433e-04   -1.2958563477396629e-04   -1.1929032243555652e-04    4.3157459640125637e-05   -1.4516736302446585e-05 
  -5.0722950113337662e-05   -2.2817205098373254e-05   -5.1877131338958716e-06    1.3949321442024899e-06   -5.7952583661646479e-07 
  -2.4051989752482396e-05   -9.6339699103489190e-06   -5.0731368010370024e-06    9.6281223690764603e-07   -7.6507445767506226e-08 
   1.0402315503632006e-06   -6.0214626017328902e-06    7.8488870134222681e-07   -9.5101684274514211e-06    8.1763447205789957e-06 
   2.7267133110267036e-05    1.1288588370387562e-06    3.2601730187547563e-07    3.3865968309202611e-06   -1.1780709120664806e-06 
  -5.6651887486793694e-07    1.8892571243206345e-06   -2.6656296992749090e-06   -1.2124242857065664e-06    4.5832046933246826e-07 
   2.6537643651945716e-06   -1.3766151533604051e-05    1.0585740603846290e-05   -1.9257221899852708e-06   -4.7142559112525553e-06 
  -3.8183145784340643e-03   -5.2049047812909900e-04    2.0609778693019095e-05    3.5981405413518417e-06   -5.4555262185105107e-06 
  -3.8183145784340643e-03   -5.2049047812909900e-04    2.0609778693019095e-05    3.5981405413518417e-06   -5.4555262185105107e-06 
  -3.8183145784340643e-03   -5.2049047812909900e-04    2.0609778693019095e-05    3.5981405413518417e-06   -5.4555262185105107e-06 
  -3.8183145784340643e-03   -5.2049047812909900e-04    2.0609778693019095e-05    3.5981405413518417e-06   -5.4555262185105107e-06 
  -3.8183145784340643e-03   -5.2049047812909900e-04    2.0609778693019095e-05    3.5981405413518417e-06   -5.4555262185105107e-06 
  -3.8183145784340643e-03   -5.2049047812909900e-04    2.0609778693019095e-05    3.5981405413518417e-06   -5.4555262185105107e-06 
  -3.8183145784340643e-03   -5.2049047812909900e-04    2.0609778693019095e-05    3.5981405413518417e-06   -5.4555262185105107e-06 
  -3.8183145784340643e-03   -5.2049047812909900e-04    2.0609778693019095e-05    3.5981405413518417e-06   -5.4555262185105107e-06 
  -3.8183145784340643e-03   -5.2049047812909900e-04    2.0609778693019095e-05    3.5981405413518417e-06   -5.4555262185105107e-06 
  -3.8183145784340643e-03   -5.2049047812909900e-04    2.0609778693019095e-05    3.5981405413518417e-06   -5.4555262185105107e-06 
  -3.8183145784340643e-03   -5.2049047812909900e-04    2.0609778693019095e-05    3.5981405413518417e-06   -5.4555262185105107e-06 
  -1.4880411777819912e-03   -2.0284113532027852e-04    8.0318681790654629e-06    1.4022368191502280e-06   -2.1260814144187722e-06 
  -1.4880411777819912e-03   -2.0284113532027852e-04    8.0318681790654629e-06    1.4022368191502280e-06   -2.1260814144187722e-06 
  -1.4880411777819912e-03   -2.0284113532027852e-04    8.0318681790654629e-06    1.4022368191502280e-06   -2.1260814144187722e-06 
  -1.4880411777819912e-03   -2.0284113532027852e-04    8.0318681790654629e-06    1.4022368191502280e-06   -2.1260814144187722e-06 
  -1.4880411777819912e-03   -2.0284113532027852e-04    8.0318681790654629e-06    1.4022368191502280e-06   -2.1260814144187722e-06 
  -1.4880411777819912e-03   -2.0284113532027852e-04    8.0318681790654629e-06    1.4022368191502280e-06   -2.1260814144187722e-06 
  -1.4880411777819912e-03   -2.0284113532027852e-04    8.0318681790654629e-06    1.4022368191502280e-06   -2.1260814144187722e-06 
  -1.4880411777819912e-03   -2.0284113532027852e-04    8.0318681790654629e-06    1.4022368191502280e-06   -2.1260814144187722e-06 
  -1.4880411777819912e-03   -2.0284113532027852e-04    8.0318681790654629e-06    1.4022368191502280e-06   -2.1260814144187722e-06 
  -1.4880411777819912e-03   -2.0284113532027852e-04    8.0318681790654629e-06    1.4022368191502280e-06   -2.1260814144187722e-06 
  -1.4880411777819912e-03   -2.0284113532027852e-04    8.0318681790654629e-06    1.4022368191502280e-06   -2.1260814144187722e-06 
  -4.1160304739435898e-03   -1.3798218037545593e-03   -8.2506079921094934e-04    2.0049098164291908e-04   -5.8402953154611093e-06 
   2.4876819364740422e-04   -2.2827666851307311e-05   -2.6292148374070461e-05    3.0514707978735110e-06    8.8836474272781120e-07 
   2.6549465624778040e-03   -2.3439696521769749e-04   -3.8828512815859473e-04    2.2651875454086692e-04   -1.0402873461125021e-04 
  -3.4501423578697589e-06   -6.6604307529414248e-05   -5.1249591594471951e-06   -2.6642597983370166e-07   -2.6996536057586131e-07 
  -1.8528220761773744e-03   -6.5623429785405707e-04   -6.0409783168348852e-04    2.1855358638712643e-04   -7.3514168998633353e-05 
  -2.5686596829018030e-04   -1.1554855283798124e-04   -2.6271085462741128e-05    7.0640724784154808e-06   -2.9347753795677192e-06 
  -1.2180162280135860e-04   -4.8787363589278435e-05   -2.5690859734206613e-05    4.8757751069744166e-06   -3.8744117001411129e-07 
   5.2678340639295418e-06   -3.0493274114797946e-05    3.9747529632997296e-06   -4.8160420800872601e-05    4.1405807411299814e-05 
   1.3808342245898405e-04    5.7166512908057409e-06    1.6509834254213814e-06    1.7150056773887193e-05   -5.9658660402499268e-06 
  -2.8689068562152023e-06    9.5673824078330725e-06   -1.3499008876206243e-05   -6.1398348761393572e-06    2.3209795739254112e-06 
   1.3438921666751309e-05   -6.9713134496464247e-05    5.3607223243126388e-05   -9.7520450581675369e-06   -2.3873451893192977e-05 
2    109 5 
   5.6947690596336744e-06   -2.5011722026912091e-02   -1.8774845531967189e-05   -2.9656595993480368e-02   -1.6235923194961571e-04 
  -2.5510075375048940e-03   -1.2671584413032632e-03   -3.5139815522383685e-03    2.7286536856620115e-02   -1.4008870752378801e-03 
   4.9713486622125300e-03   -4.4266212850170072e-02    6.0276969933548271e-03    2.2663265341919227e-02    4.2625443288026423e-03 
  -4.6734162283809215e-03    2.2812288120006928e-02   -1.7445465883256892e-02   -1.5124786403172316e-02   -9.1473794344725384e-03 
   3.2293977554241939e-02    1.9884633062892332e-02    1.7066310098179667e-02   -1.5710237146801021e-02    7.1219218106694168e-03 
  -7.6007110475860970e-03    4.3643340050658844e-03    1.4222168261197758e-02   -4.1406409494384499e-03    2.0417836010509460e-02 
   3.6724784704690091e-03    5.5190480376619356e-03   -2.5963858660518532e-03   -4.1424608747429974e-03    4.1516029877305882e-03 
   2.1899676247710088e-02   -9.1036259586624452e-03   -1.0539126759194384e-02    6.8900520971604544e-04    6.0508918805744754e-03 
  -5.5208467408726977e-03    9.1474963136481792e-04    3.7860082259670302e-03    1.4034949133366781e-03   -4.5682963323690528e-03 
   4.5030039230871764e-03   -2.2912801151574708e-02   -1.0046276151895839e-02    1.4635939761479167e-02    4.8819916173032871e-03 
  -3.4193248835310713e-03    5.6524043790129310e-03   -6.6114068790430348e-03   -7.0146111187339710e-03   -5.7992443730020505e-03 
   3.2513269698153258e-03    1.9233033422029525e-03    3.5831917873128485e-03    3.3042858664913900e-04   -2.9449080096811938e-03 
  -8.3381299479661115e-05    9.8062694814283168e-04   -6.0954556823447428e-03    2.6072574260908002e-03    4.3329494047947229e-03 
   5.4764647055205494e-03   -8.6212491378432384e-04   -2.3833716038064437e-03   -1.8643132385888907e-03   -4.6844069464781002e-03 
   7.1358464094336931e-04    1.5979036406721340e-03   -4.5777749616663279e-03   -3.8059777765521276e-03    3.5165174562741858e-03 
   5.9386505415621035e-03    2.8051671278590661e-03    5.3835277856542994e-03   -3.1965590587332074e-03   -2.0491339446254832e-03 
   8.3239266343278061e-03   -2.6381847780529931e-04   -1.4408190654699193e-03    6.0144813621473381e-04   -2.3520652127924551e-03 
  -1.1500901468282938e-03    3.6229935315413610e-04   -1.7435472608897358e-03   -2.3452977840235411e-03   -2.5823625045634647e-03 
  -3.9782459722788573e-03   -2.0426879603816618e-03   -8.2750236367483605e-04   -3.7103152613546793e-03   -1.6028698263381301e-04 
  -4.6363337097136796e-03    2.0931543593643064e-03   -3.3265670201928135e-03    1.6215058370799736e-03    2.3264358333773493e-03 
  -7.5850942469875412e-04   -4.9142392124512484e-03    1.5659418721025778e-03   -6.5517557185976513e-03   -2.0500289103717959e-03 
  -5.9026655739065927e-06    1.4822855071192360e-03    1.8935274451433949e-06    2.2393428706462979e-05    5.1983883100850618e-08 
  -2.3098254158715231e-05    1.0761235616381741e-06   -5.4931354720884054e-05    7.7912498288492917e-07   -2.9519895314201510e-05 
  -6.1884364437147883e-06   -8.3142598417138165e-04    8.5897104108898784e-07    5.9784216205445461e-04    1.1484070033823212e-06 
   8.2926771336205084e-05    2.9766838691462259e-07    3.2474259374079331e-05    6.5989137644850170e-07    1.6873264157471033e-06 
   4.0886473545592016e-06   -4.7246431578028698e-04    4.3028008833585350e-07   -3.4391945653766343e-05    6.9270305739333799e-08 
  -1.0262475924257052e-04    8.0530351140301822e-06   -1.4344219287885351e-05   -4.7201272392877493e-08   -1.3488293721648963e-06 
   1.8406612113869682e-05   -1.1132542615226322e-06    4.4021692126380775e-05    2.4007627225431883e-07    2.7602488583928414e-06 
  -8.2751529199909802e-07    1.9521702890143731e-06   -2.9085903091837835e-07    2.0074737241939424e-05   -1.3715921645111387e-07 
   1.4848307881733912e-05    2.3298770466967776e-06   -1.3104417815517680e-05   -8.2216324135779741e-07    8.5784967038790649e-06 
  -7.2897455086992750e-06    2.0821722116055713e-07   -1.1927018601893896e-05   -1.1755103404664753e-06    3.9416344149013449e-06 
   2.5197770439994123e-05   -1.8960557109888046e-05    4.9911420116271893e-06   -3.7799660046083285e-07   -9.2029270063431351e-06 
  -3.3999013294183469e-06    8.5378790363975130e-04    1.0906608882760042e-06    1.2898485790200263e-05    2.9942416870813356e-08 
  -1.3304461185911920e-05    6.1984096541159261e-07   -3.1640143525644354e-05    4.4877149686465297e-07   -1.7003289457345831e-05 
  -3.5645037023640480e-06   -4.7889657198152673e-04    4.9476236591148715e-07    3.4435363753905338e-04    6.6147581099174107e-07 
   4.7765342044227524e-05    1.7145527418505506e-07    1.8704986117777935e-05    3.8009362718716467e-07    9.7189028452182701e-07 
   2.3550372966646770e-06   -2.7213672114935700e-04    2.4783884942122968e-07   -1.9809562355425101e-05    3.9899296618376099e-08 
  -5.9111269478397649e-05    4.6385017831737179e-06   -8.2621875855441200e-06   -2.7187660684725290e-08   -7.7691793955842276e-07 
   1.0602102425161671e-05   -6.4122803440927811e-07    2.5356240788120863e-05    1.3828254827912366e-07    1.5898874238548898e-06 
  -4.7664403584357074e-07    1.1244388281476436e-06   -1.6753312440132754e-07    1.1562932878716723e-05   -7.9002917667498596e-08 
   8.5525397084810219e-06    1.3419957423071551e-06   -7.5480690874961436e-06   -4.7356128553989246e-07    4.9411646285470014e-06 
  -4.1988513724562729e-06    1.1993191858285257e-07   -6.8698939306057512e-06   -6.7708717684506721e-07    2.2703586912573168e-06 
   1.4513770455847622e-05   -1.0921171548222458e-05    2.8748690143758398e-06   -2.1772386192833942e-07   -5.3008328816260280e-06 
  -6.0921033336410301e-06    1.5298573782069028e-03    1.9542975485335207e-06    2.3112114343284107e-05    5.3652232803814485e-08 
  -2.3900447225926451e-04    1.1134968996695714e-05   -5.6839098554111692e-04    8.0618367985253217e-06   -3.0545109393288891e-04 
  -6.3684364719038347e-06   -8.5560926567537950e-04    8.8395551220957671e-07    6.1523130501506392e-04    1.1818101569674663e-06 
   1.3545007962493592e-04    4.8620253821227524e-07    5.3042472860142099e-05    1.0778466114565176e-06    2.7560279229925916e-06 
   6.0729771252742422e-06   -7.0176386795563228e-04    6.3910650817337012e-07   -5.1083275503351732e-05    1.0288903535459846e-07 
  -3.4394488276670202e-04    2.6989590413209810e-05   -4.8074371699037734e-05   -1.5819414553981250e-07   -4.5205753826421283e-06 
   1.1586846993837661e-04   -7.0078658221850565e-06    2.7711379363172111e-04    1.5112650911818960e-06    1.7375593612370165e-05 
  -6.4411318959774299e-07    1.5195110515206845e-06   -2.2639598317942554e-07    1.5625575938307005e-05   -1.0676063783380872e-07 
   1.0293771202930382e-04    1.6152157835546669e-05   -9.0847980668886489e-05   -5.6997473149166075e-06    5.9471478526825695e-05 
  -9.9129302485550251e-06    2.8314332612152464e-07   -1.6218906864814376e-05   -1.5985128695636128e-06    5.3600152397079953e-06 
   1.0137658541576820e-05   -7.6282802161347279e-06    2.0080543858787170e-06   -1.5207696547892103e-07   -3.7025550254748739e-06 
  -2.2036005078037273e-06    5.5337119396318068e-04    7.0689724623797711e-07    8.3599808003978355e-06    1.9406776440974899e-08 
  -1.7994134219614840e-04    8.3832793907071326e-06   -4.2792938501800621e-04    6.0695840558134783e-06   -2.2996757884071476e-04 
  -4.8205065429559166e-06   -6.4764249146523551e-04    6.6909882026574731e-07    4.6569146828119720e-04    8.9455608442151008e-07 
   3.5523879090406632e-04    1.2751413826206412e-06    1.3911209190555350e-04    2.8268195049725821e-06    7.2281096458026269e-06 
   1.8478881741501135e-06   -2.1353302110165538e-04    1.9446761186715528e-07   -1.5543641734898376e-05    3.1307121327727661e-08 
  -7.4899452871615496e-05    5.8774113425307217e-06   -1.0468956852737911e-05   -3.4449284004791014e-08   -9.8442698173373931e-07 
   3.1277820028221514e-05   -1.8917205524920025e-06    7.4804779670952878e-05    4.0795461925112729e-07    4.6904105161677570e-06 
  -1.8966703241527835e-06    4.4743867462818560e-06   -6.6665075290877697e-07    4.6011425722381335e-05   -3.1436979840991200e-07 
   6.7391280302319000e-05    1.0574497671686646e-05   -5.9476372744846922e-05   -3.7315116236757588e-06    3.8934798533832933e-05 
  -1.8418718682492084e-05    5.2609441808769587e-07   -3.0135537665474922e-05   -2.9701166170443991e-06    9.9591755776192100e-06 
   2.6320925082641097e-05   -1.9805696873180087e-05    5.2136150409699695e-06   -3.9484525926274456e-07   -9.6131343386835244e-06 
  -1.1504585620693621e-06    7.7098855026714306e-04   -3.0992329449482833e-07    5.3792536069784546e-05   -5.7471459128945714e-08 
  -1.1504585620693621e-06    7.7098855026714306e-04   -3.0992329449482833e-07    5.3792536069784546e-05   -5.7471459128945714e-08 
  -1.1504585620693621e-06    7.7098855026714306e-04   -3.0992329449482833e-07    5.3792536069784546e-05   -5.7471459128945714e-08 
  -1.1504585620693621e-06    7.7098855026714306e-04   -3.0992329449482833e-07    5.3792536069784546e-05   -5.7471459128945714e-08 
  -1.1504585620693621e-06    7.7098855026714306e-04   -3.0992329449482833e-07    5.3792536069784546e-05   -5.7471459128945714e-08 
  -1.1504585620693621e-06    7.7098855026714306e-04   -3.0992329449482833e-07    5.3792536069784546e-05   -5.7471459128945714e-08 
  -1.1504585620693621e-06    7.7098855026714306e-04   -3.0992329449482833e-07    5.3792536069784546e-05   -5.7471459128945714e-08 
  -1.1504585620693621e-06    7.7098855026714306e-04   -3.0992329449482833e-07    5.3792536069784546e-05   -5.7471459128945714e-08 
  -1.1504585620693621e-06    7.7098855026714306e-04   -3.0992329449482833e-07    5.3792536069784546e-05   -5.7471459128945714e-08 
  -1.1504585620693621e-06    7.7098855026714306e-04   -3.0992329449482833e-07    5.3792536069784546e-05   -5.7471459128945714e-08 
  -1.1504585620693621e-06    7.7098855026714306e-04   -3.0992329449482833e-07    5.3792536069784546e-05   -5.7471459128945714e-08 
  -1.7343895929103197e-05    4.3554230289348959e-03    5.5637817417008568e-06    6.5798966944291274e-05    1.5274506868175950e-07 
  -6.8043308959722421e-04    3.1700667712912547e-05   -1.6181790689314675e-03    2.2951622908121315e-05   -8.6960310659019949e-04 
  -1.8130601756190366e-05   -2.4358743191214222e-03    2.5165745835366661e-06    1.7515309807015762e-03    3.3645510011647187e-06 
   3.8561921161629065e-04    1.3841929070135509e-06    1.5100911437737491e-04    3.0685722865875298e-06    7.8462657076299883e-06 
   1.7289444625626430e-05   -1.9978846099698456e-03    1.8195024211361513e-06   -1.4543138314075823e-04    2.9291964100179600e-07 
  -9.7919288714494088e-04    7.6837936203564525e-05   -1.3686519317570475e-04   -4.5037036415403355e-07   -1.2869838983731004e-05 
   3.2987140467207973e-04   -1.9951023291729781e-05    7.8892831162715024e-04    4.3024917712746604e-06    4.9467395875444899e-05 
  -1.8337561783065175e-06    4.3259675841620924e-06   -6.4453738815427713e-07    4.4485188130307670e-05   -3.0394188845900522e-07 
   2.9305822091976990e-04    4.5984338936473653e-05   -2.5863939526262641e-04   -1.6226879098752330e-05    1.6931215342709719e-04 
  -2.8221588040700846e-05    8.0609407167373783e-07   -4.6174369891890143e-05   -4.5508815810702147e-06    1.5259679851875009e-05 
   2.8861377603194284e-05   -2.1717310252451709e-05    5.7168246139785309e-06   -4.3295507610896408e-07   -1.0540978298743700e-05 
  -4.7720592091046536e-06    1.1983660799012850e-03    1.5308380542908825e-06    1.8104154190016157e-05    4.2026803817762695e-08 
  -3.8967623037154637e-04    1.8154609003423082e-05   -9.2671260302847774e-04    1.3144131337057813e-05   -4.9801173058182987e-04 
  -1.0439161980312514e-05   -1.4025175183338791e-03    1.4489827787490302e-06    1.0084891757570305e-03    1.9372270906666955e-06 
   7.6929576734148389e-04    2.7614125864901378e-06    3.0125748152842508e-04    6.1216858515911127e-06    1.5653003835095711e-05 
   4.0017379500595328e-06   -4.6242148528623120e-04    4.2113393729799630e-07   -3.3660901066851605e-05    6.7797877207535288e-08 
  -1.6220028202350016e-04    1.2727967171678483e-05   -2.2671297171110006e-05   -7.4602461925356866e-08   -2.1318491383702358e-06 
   6.7734423085224148e-05   -4.0966601938975712e-06    1.6199526023417059e-04    8.8345577648937580e-07    1.0157429451887420e-05 
  -4.1073792890117471e-06    9.6896140666491190e-06   -1.4436813085714876e-06    9.9641131441453374e-05   -6.8079095382928391e-07 
   1.4594078129912948e-04    2.2899853588308660e-05   -1.2880046599919725e-04   -8.0808632710793588e-06    8.4316174025206203e-05 
  -3.9887091964912105e-05    1.1392962126316389e-06   -6.5260726492198955e-05   -6.4320063025434341e-06    2.1567328271146410e-05 
   5.6999901973138696e-05   -4.2890695396777675e-05    1.1290467387749980e-05   -8.5506649184522747e-07   -2.0817950480051752e-05 
   7.9708989069414240e-06   -3.9130403545946189e-03    1.0634844189317814e-06   -7.9569070134400847e-05    2.0509520475298690e-07 
   7.9708989069414240e-06   -3.9130403545946189e-03    1.0634844189317814e-06   -7.9569070134400847e-05    2.0509520475298690e-07 
   7.9708989069414240e-06   -3.9130403545946189e-03    1.0634844189317814e-06   -7.9569070134400847e-05    2.0509520475298690e-07 
   7.9708989069414240e-06   -3.9130403545946189e-03    1.0634844189317814e-06   -7.9569070134400847e-05    2.0509520475298690e-07 
   7.9708989069414240e-06   -3.9130403545946189e-03    1.0634844189317814e-06   -7.9569070134400847e-05    2.0509520475298690e-07 
   7.9708989069414240e-06   -3.9130403545946189e-03    1.0634844189317814e-06   -7.9569070134400847e-05    2.0509520475298690e-07 
   7.9708989069414240e-06   -3.9130403545946189e-03    1.0634844189317814e-06   -7.9569070134400847e-05    2.0509520475298690e-07 
   7.9708989069414240e-06   -3.9130403545946189e-03    1.0634844189317814e-06   -7.9569070134400847e-05    2.0509520475298690e-07 
   7.9708989069414240e-06   -3.9130403545946189e-03    1.0634844189317814e-06   -7.9569070134400847e-05    2.0509520475298690e-07 
   7.9708989069414240e-06   -3.9130403545946189e-03    1.0634844189317814e-06   -7.9569070134400847e-05    2.0509520475298690e-07 
   7.9708989069414240e-06   -3.9130403545946189e-03    1.0634844189317814e-06   -7.9569070134400847e-05    2.0509520475298690e-07 
 TENSORSUMACCUMULATOR_IMPL_H - PrettifyOut: Norm of simple tensor is 1.52902e-05 
 As simple full tensor 3    5 5 5 
  -7.1110232542577462e-06   -2.2546828756034308e-07   -3.0162896192974297e-06   -4.9411182579620427e-08    1.0370973794757436e-06 
   8.6491475223619748e-07    4.3373806827267757e-08   -1.7916293088297333e-06    6.1015115438905634e-08   -2.1082943505500266e-06 
  -5.2495130422847350e-07   -2.7174420899589599e-09   -1.4363224326799798e-06    2.2016945735181128e-09   -1.2117495632124044e-06 
   1.2322444484882859e-07    5.7527181657800673e-09    3.1285701968846462e-07    7.6536034752711969e-09    1.4861737887319958e-07 
   9.4624039620816143e-09   -1.1552499803801698e-09    1.8815599338125027e-08   -1.3236821104549347e-09    4.8913206104965258e-08 

   5.1070807903636865e-07    9.3955837568763391e-07    8.2612228566398668e-08   -7.7634362136046539e-07    2.5580200331270538e-08 
  -2.7859241733821662e-08    6.0750137138038617e-06   -1.1479547014184149e-07    7.4034687279870959e-06   -2.1953066910524528e-08 
   1.2963755123625161e-08    3.9468662457051360e-06   -2.4036965810703483e-08    4.6112964097047172e-06    5.1991270217653014e-09 
  -4.3417235258290121e-09   -2.8996147076785160e-06    3.0912940266735432e-09   -2.7358267158201826e-06   -1.0255772526062515e-08 
  -1.2820098595408687e-10    1.3849137677496783e-06    4.7667410654102250e-09    1.3698947658968088e-06   -1.0332497477430406e-09 

  -8.7234942810170578e-08   -2.5905101935597546e-08    1.0241050631061801e-06   -1.7392442081039212e-08    7.6785506569290973e-07 
  -3.0785912864937212e-08    2.5179982952610282e-09   -3.0217735582941248e-08    7.9738563360415543e-09   -2.5496534717685775e-07 
   8.2672265868909988e-09   -4.5433154268525419e-09    1.0253581187983458e-07   -1.2108717677428177e-09   -1.1531434422133045e-07 
  -5.7190759216310230e-08   -1.1486323144867277e-09   -8.0111981379935510e-08   -1.6353994642132455e-09    2.0139671259313110e-08 
   8.5627121046638639e-09    1.3016367143578045e-09    1.9819168664015390e-08   -1.9249925222269580e-09    2.7582972057653469e-09 

   3.5590935811619618e-08   -1.4702210816838002e-06    2.2790138355420354e-08   -1.2365025083879810e-06    5.4360271042446850e-09 
   1.8366310810959968e-08   -1.3938436472505713e-06   -8.8170528235526866e-09   -3.2757260600822288e-07   -3.9571349257361393e-09 
   1.9620482186905540e-08   -1.4595307070343087e-06   -2.8248458511084854e-09   -2.8516742673545519e-07   -6.6034575875149591e-10 
  -5.4049984201424110e-09    7.4041515575059820e-07    6.0380723268165312e-09   -1.5752181357342035e-07   -7.6020649395660441e-10 
   2.4922029705857385e-09   -4.7095149117781771e-07   -2.4913571621961878e-09    2.0691802574777475e-07   -1.6445065284948510e-09 

  -1.5810959767446997e-07   -5.0401687029474116e-09    1.4902185237958335e-07   -2.3760364890177734e-09    1.2112008453015784e-07 
  -8.6700580981031152e-08   -1.4468499287984658e-10    6.3806115583705719e-08    2.4409085206489483e-10   -2.7894431747956512e-08 
  -1.4014347284985997e-08   -6.5852523686042874e-10    1.0522774590136123e-07    2.8603055895655619e-09   -3.4776296236982154e-09 
   2.6009005169733187e-08   -3.4364029565035325e-12   -3.7473297185391351e-08    5.8987726970915226e-12    1.4873876710096304e-08 
  -1.3483648433286796e-08   -4.0351367896044003e-10    7.7329673080199478e-09   -1.1559348986293521e-09   -8.8184493379952933e-09 
