2    102 5 
  -2.7981224011704800e-06    9.6129138625473997e-04   -2.7013185566028243e-06    3.2164627734460033e-05   -2.2707031404294516e-08 
   1.3808721751352781e-05    1.1833473317352252e-03   -6.4281607974041708e-06   -5.1880134953129534e-04   -5.0635566389219731e-08 
  -3.0273282068560115e-05   -9.5934545087313268e-04   -1.0332803911851528e-06    6.7861521956186417e-04   -4.0866858819647277e-07 
  -1.8618089052547529e-05   -1.1863159070224686e-04   -6.6874170586397830e-06    6.8957871260466532e-04   -7.0898202682926424e-07 
   2.6759617961479650e-06    1.1407375385004100e-03   -1.9267374537296136e-07    2.2708040853680275e-04    2.1551623784222992e-07 
   2.1936649114200550e-05    1.9852672552278953e-04   -1.8826756094710701e-05   -6.0707129373635635e-04   -6.4096153412799567e-07 
  -7.6375237526372865e-04    8.9210844812446718e-04   -2.2342559720904781e-05   -1.0226283349933029e-03    5.0794796718550652e-06 
   2.4907943785566333e-04   -1.2497571623166690e-04   -1.8113400285573453e-05   -7.4967195587900045e-05   -1.0740893007940275e-06 
  -3.0356758082298945e-04    1.2707935789798847e-04    9.3934032713134866e-05   -6.8435266648533279e-04    3.2161341671881908e-06 
  -3.6231801983557598e-04    7.2717788524892979e-05   -3.5740979971596316e-05    3.8738513796224080e-05    4.5308756754731366e-06 
   8.7489245589945593e-04    5.7432498135258250e-05    9.7642719487987415e-05    2.9536424333720038e-04   -3.2374867698558392e-06 
   6.0233371055353304e-05   -7.0212052548735286e-05   -4.1710286811528997e-04    5.4304836098801766e-05   -9.6005661553992983e-06 
  -4.6605478382272731e-05   -2.6645948521534898e-06   -3.6604458248324985e-05   -5.4005739640359718e-07    2.8400603313171142e-07 
   2.7269604753598384e-05    3.1422957388400351e-06   -1.8373956328451098e-04    5.6248524489097850e-06   -8.5774295199559820e-07 
  -7.7600580170814293e-05    5.4303748349934355e-06    9.7642822511916200e-05    9.7793116538417910e-06    5.6477511563626468e-06 
  -3.9960676836840843e-05    1.5930724496601562e-05    2.7902794534571902e-05   -6.7061905812802340e-06    2.4999168765696849e-06 
   2.4715824460172526e-05    1.6626797723577080e-03    3.3087626527355812e-06    4.2283162808325322e-05    1.3810083504771809e-07 
  -1.1604220354305566e-04    1.7147334203393309e-06   -2.3015964358418139e-05    2.2058616680973785e-06   -6.5376144283119067e-07 
   5.9350055049570856e-07   -8.1132216510633917e-07   -3.6857055446367905e-08    3.1558188322908264e-05    3.0437049796203077e-07 
  -7.1073661814720802e-06    3.1851517619466366e-03   -7.1887469534051433e-06    1.1461407780073279e-04   -2.1888609914203290e-07 
  -7.1073661814720802e-06    3.1851517619466366e-03   -7.1887469534051433e-06    1.1461407780073279e-04   -2.1888609914203290e-07 
  -7.1073661814720802e-06    3.1851517619466366e-03   -7.1887469534051433e-06    1.1461407780073279e-04   -2.1888609914203290e-07 
  -7.1073661814720802e-06    3.1851517619466366e-03   -7.1887469534051433e-06    1.1461407780073279e-04   -2.1888609914203290e-07 
  -7.1073661814720802e-06    3.1851517619466366e-03   -7.1887469534051433e-06    1.1461407780073279e-04   -2.1888609914203290e-07 
  -1.3570919504473353e-05    3.7715818345206314e-03   -1.3474522107848785e-05    1.8501144880323723e-04   -3.9499793264651742e-07 
  -1.3570919504473353e-05    3.7715818345206314e-03   -1.3474522107848785e-05    1.8501144880323723e-04   -3.9499793264651742e-07 
  -1.3570919504473353e-05    3.7715818345206314e-03   -1.3474522107848785e-05    1.8501144880323723e-04   -3.9499793264651742e-07 
  -1.3570919504473353e-05    3.7715818345206314e-03   -1.3474522107848785e-05    1.8501144880323723e-04   -3.9499793264651742e-07 
  -1.3570919504473353e-05    3.7715818345206314e-03   -1.3474522107848785e-05    1.8501144880323723e-04   -3.9499793264651742e-07 
  -5.7401518933217247e-06   -7.6036810148066511e-04   -1.0080984737426376e-07   -1.0476530752757431e-05    2.5755737545427684e-09 
   1.7274437306110472e-06   -1.2540306318134911e-06    3.7731988189203219e-07    9.0065226874678697e-05    2.1492920160076773e-08 
   2.4554797604813812e-05   -1.7884286996860312e-07   -3.1643562591713918e-08   -4.7331417542356322e-07   -1.0109294355611031e-08 
   4.1892324018664652e-09   -2.8951897670760326e-10    3.4628540250393992e-06   -1.4597579976087804e-08    2.4703563428661269e-08 
  -9.7055683381551358e-06   -1.2856462177699122e-03   -1.7045138892373692e-07   -1.7713936330843380e-05    4.3548337307513449e-09 
   2.9207978271914827e-06   -2.1203411027094808e-06    6.3798031256077935e-07    1.5228416086700359e-04    3.6340676915332222e-08 
   4.1517763050896891e-05   -3.0239124826845134e-07   -5.3503594487435191e-08   -8.0028946278155019e-07   -1.7093005384240904e-08 
   7.0832413699770905e-09   -4.8952471395357485e-10    5.8550656863587891e-06   -2.4681892162895144e-08    4.1769299403343114e-08 
  -8.6130557804176659e-06   -5.7941638351436656e-04   -1.1530490248503471e-06   -1.4734982457390601e-05   -4.8125855461750264e-08 
   4.0438787450100793e-05   -5.9755621835428488e-07    8.0206826674385827e-06   -7.6870628458393168e-07    2.2782504315261976e-07 
  -2.0682511948429848e-07    2.8273234725431252e-07    1.2844073843179317e-08   -1.0997506346273709e-05   -1.0606808124426099e-07 
  -7.4448679694617420e-06   -5.0083020295942960e-04   -9.9666111205785943e-07   -1.2736478402591787e-05   -4.1598550963146748e-08 
   3.4954079142922689e-05   -5.1650973398929657e-07    6.9328383568340078e-06   -6.6444673550521678e-07    1.9692515753403480e-07 
  -1.7877345120991237e-07    2.4438539000176944e-07    1.1102033516361383e-08   -9.5059157665591092e-06   -9.1682079016951626e-08 
   3.6148762929806679e-06    6.6282821053649207e-04    1.2883455785162420e-06    1.9526710861144958e-05    6.6524753469885518e-08 
   3.6148762929806679e-06    6.6282821053649207e-04    1.2883455785162420e-06    1.9526710861144958e-05    6.6524753469885518e-08 
   3.6148762929806679e-06    6.6282821053649207e-04    1.2883455785162420e-06    1.9526710861144958e-05    6.6524753469885518e-08 
   3.6148762929806679e-06    6.6282821053649207e-04    1.2883455785162420e-06    1.9526710861144958e-05    6.6524753469885518e-08 
   3.6148762929806679e-06    6.6282821053649207e-04    1.2883455785162420e-06    1.9526710861144958e-05    6.6524753469885518e-08 
   4.4240421521883673e-06    5.8602988120289533e-04    7.7696030075143866e-08    8.0744577008179973e-06   -1.9850427424096435e-09 
  -1.3313731102913977e-06    9.6650480307548666e-07   -2.9080747223626246e-07   -6.9414950604976039e-05   -1.6564994538284675e-08 
  -1.8924840607185948e-05    1.3783753636902195e-07    2.4388284030257987e-08    3.6479206512606487e-07    7.7914217583922135e-09 
  -3.2287195662422872e-09    2.2313767660104150e-10   -2.6688861999406343e-06    1.1250627219340328e-08   -1.9039497202993437e-08 
   1.0016268013625633e-05    1.3268029897088248e-03    1.7590796698046996e-07    1.8281004026164378e-05   -4.4942429214066965e-09 
  -3.0142999185070157e-06    2.1882185591906969e-06   -6.5840366842855937e-07   -1.5715916021914544e-04   -3.7504033468042676e-08 
  -4.2846851163693241e-05    3.1207155337050014e-07    5.5216379237855178e-08    8.2590874314776824e-07    1.7640195516818814e-08 
  -7.3099937577047939e-09    5.0519563238523821e-10   -6.0425010786230936e-06    2.5472021665653042e-08   -4.3106439828003247e-08 
   1.0252557296270817e-05    6.8970871916157505e-04    1.3725327565583370e-06    1.7539797228227952e-05    5.7286647518926872e-08 
  -4.8136340445686827e-05    7.1130148493281140e-07   -9.5474255246414615e-06    9.1503009241141155e-07   -2.7119170802982280e-07 
   2.4619443341373562e-07   -3.3655065793541287e-07   -1.5288952765651726e-08    1.3090889784740894e-05    1.2625821868409635e-07 
  -1.5560048822670154e-04   -6.3666736991562270e-04   -3.8334230347250186e-06   -1.8662756092552603e-05   -1.6735768853116741e-07 
  -1.5560048822670154e-04   -6.3666736991562270e-04   -3.8334230347250186e-06   -1.8662756092552603e-05   -1.6735768853116741e-07 
  -1.5560048822670154e-04   -6.3666736991562270e-04   -3.8334230347250186e-06   -1.8662756092552603e-05   -1.6735768853116741e-07 
  -1.5560048822670154e-04   -6.3666736991562270e-04   -3.8334230347250186e-06   -1.8662756092552603e-05   -1.6735768853116741e-07 
  -1.5560048822670154e-04   -6.3666736991562270e-04   -3.8334230347250186e-06   -1.8662756092552603e-05   -1.6735768853116741e-07 
  -3.6278143950007621e-04   -4.8811032040894876e-04   -8.2868837639105315e-06   -9.4618608015826913e-06   -7.7023326755101688e-07 
  -3.6278143950007621e-04   -4.8811032040894876e-04   -8.2868837639105315e-06   -9.4618608015826913e-06   -7.7023326755101688e-07 
  -3.6278143950007621e-04   -4.8811032040894876e-04   -8.2868837639105315e-06   -9.4618608015826913e-06   -7.7023326755101688e-07 
  -3.6278143950007621e-04   -4.8811032040894876e-04   -8.2868837639105315e-06   -9.4618608015826913e-06   -7.7023326755101688e-07 
  -3.6278143950007621e-04   -4.8811032040894876e-04   -8.2868837639105315e-06   -9.4618608015826913e-06   -7.7023326755101688e-07 
  -1.9404117963215157e-04   -1.2369006369710756e-06   -2.4872282608124767e-04   -6.2316124587484977e-07   -1.4394667028534872e-05 
  -9.8193901911876550e-05   -2.2201528262346547e-07   -1.3274428797972296e-04   -1.6290481667715865e-07   -1.4959733202672784e-05 
   9.4329964857511931e-07    6.0964926846040388e-06   -8.6997020042432348e-05   -1.3078574946247204e-06   -9.8348270650165014e-05 
   1.5073386459965354e-04    4.6464875514604313e-02    2.2409278307776892e-04    3.4725554273460912e-02    9.8303899427868864e-05 
   2.5511496372892910e-05    2.4300329688777482e-02    4.7347094551125053e-05    1.9593206871646958e-02    2.6941605526239195e-05 
  -9.0657057552457146e-04    9.8646902251773791e-03   -5.2510205509548444e-04    2.5738778269884157e-02    2.1644360333980713e-04 
  -1.4761552393145313e-04   -4.5503622969631126e-02   -2.1945681331226452e-04   -3.4007161572495274e-02   -9.6270215436266928e-05 
  -2.4983721563578938e-05   -2.3797611162184571e-02   -4.6367590901749079e-05   -1.9187868005224359e-02   -2.6384245012712772e-05 
   8.8781569319099237e-04   -9.6606122312237856e-03    5.1423888842946084e-04   -2.5206301515294544e-02   -2.1196587769760320e-04 
  -1.2116429372955329e-04   -3.7349827392215519e-02   -1.8013234029143484e-04   -2.7913417260853758e-02   -7.9019552617946639e-05 
  -2.0506887740293060e-05   -1.9533316497630529e-02   -3.8058980884423185e-05   -1.5749593356512336e-02   -2.1656451350179901e-05 
   7.2872797225210801e-04   -7.9295268330643737e-03    4.2209240644472656e-04   -2.0689583583722797e-02   -1.7398370565633057e-04 
  -1.7187561532018704e-06   -4.6291863795805036e-04   -9.9412204945240155e-07   -2.0784301951986048e-05   -5.7845184884121693e-08 
  -2.1670677400760210e-07   -2.3422670106763524e-04   -2.4749932072976630e-07   -2.2258084726831558e-05   -2.6213753180339386e-08 
   1.6987659881749746e-05    2.6571566065416764e-06   -1.9823444355165956e-06   -1.5043986849077370e-04   -2.3952710596349062e-07 
   1.8548298538286657e-03    1.1823470832443344e-05    2.3775289555480104e-03    5.9567669336422505e-06    1.3759789644169769e-04 
   9.3863055808744364e-04    2.1222328940530686e-06    1.2688959567076492e-03    1.5571989300317227e-06    1.4299933551337649e-04 
  -9.0169537857896581e-06   -5.8276066227222473e-05    8.3160012877028008e-04    1.2501743857578282e-05    9.4010616107449046e-04 
   4.5664751663547948e-04    2.9108646178529806e-06    5.8533276841479603e-04    1.4665187870516878e-06    3.3875742065865634e-05 
   2.3108497661068924e-04    5.2248047377017220e-07    3.1239425346928497e-04    3.8337264350075363e-07    3.5205542604307804e-05 
  -2.2199176627432486e-06   -1.4347203258032125e-05    2.0473475389283415e-04    3.0778511971822752e-06    2.3144826084303213e-04 
  -1.7183048626716644e-04   -5.2968071741697820e-02   -2.5545667516378517e-04   -3.9585722110646281e-02   -1.1206245448236290e-04 
  -2.9082070169169646e-05   -2.7701389319283020e-02   -5.3973765627687774e-05   -2.2335460403872780e-02   -3.0712336545523024e-05 
   1.0334536518494470e-03   -1.1245346377665211e-02    5.9859502512319242e-04   -2.9341162304725624e-02   -2.4673692079797064e-04 
   1.2270677861405972e-03    7.8218496154334220e-06    1.5728608130538258e-03    3.9407155317951284e-06    9.1028266455707701e-05 
   6.2095362468899719e-04    1.4039690021190480e-06    8.3944160658513728e-04    1.0301692307304411e-06    9.4601603314599164e-05 
  -5.9651905520187056e-06   -3.8552691732244523e-05    5.5014735009685815e-04    8.2705629988379662e-06    6.2192981389945251e-04 
  -1.1684413699990439e-04   -3.6018105783538756e-02   -1.7370965652723579e-04   -2.6918154269463399e-02   -7.6202081880418610e-05 
  -1.9775707238608900e-05   -1.8836849030837401e-02   -3.6701974151413073e-05   -1.5188035907250578e-02   -2.0884282742078047e-05 
   7.0274491275080500e-04   -7.6467966849626734e-03    4.0704254898171798e-04   -1.9951888995642580e-02   -1.6778025368459581e-04 
  -2.8521713895111872e-06   -7.6818534868707748e-04   -1.6496851294747584e-06   -3.4490286052493653e-05   -9.5990569133455905e-08 
  -3.5961172245773150e-07   -3.8868497674913322e-04   -4.1071008251743685e-07   -3.6935939007357619e-05   -4.3500130424778468e-08 
   2.8189989254271426e-05    4.4093899163709224e-06   -3.2895801260721769e-06   -2.4964581971204976e-04   -3.9748067657462678e-07 
2    102 5 
   9.3097282246199287e-02    2.6318372085582260e-03    6.6959568541641408e-03    2.7996092902182062e-04    3.8987593379959812e-04 
  -7.2188100283610227e-03    1.2484518422354490e-02   -5.3551170661795024e-03    5.3428347852619009e-03    1.5147346657614518e-03 
  -8.3201627780829339e-03    1.4750625611619467e-02    1.7208991029975399e-03   -1.8498797905196626e-03    2.0494387266941027e-03 
  -8.3644323804323503e-03    2.5883207772452732e-02    1.0588070547870943e-02   -7.4029299000705449e-03    2.2835985019209670e-03 
  -5.3112398567530398e-03   -3.4835203180669891e-02   -7.4508373790271847e-03    2.1899291978954316e-03    9.6935474006733680e-04 
   6.3681165373503856e-03    7.1086430005899322e-03   -9.0644786646071097e-03    1.0586810810691410e-02   -1.3182320863894285e-03 
  -4.9480707503352398e-04   -4.6136692204716123e-04    3.4577535393731738e-03    4.3310803117055461e-03    1.1258084122077335e-03 
  -3.0527508560635873e-04    3.4355275581395158e-03   -1.8513960210141678e-02   -7.0259985517269882e-03   -4.6882910120570921e-04 
  -1.5456930839482545e-03    1.4185327343476577e-04   -4.7987563738704896e-03   -5.9633389726260052e-03   -1.9083158648304937e-03 
  -1.8888752264496231e-03    4.2395787536896837e-04    1.1812367479612145e-03    4.5331564086769395e-03    3.1923272295549133e-03 
  -7.3545394735364015e-04   -1.0213452324833339e-03    4.5326505287983290e-03    3.1646169893149775e-03    4.1112772146608789e-04 
   1.7854499408458398e-03    2.8643489152840201e-04    1.0285970524324364e-03    8.7858709036791856e-04    2.2028097387957412e-03 
  -3.9273013478149854e-03   -2.9479963701119069e-03    1.9065041809983555e-03   -7.4656515285968384e-03    2.0462330614730204e-03 
   1.1446521450091244e-03    8.3660351568792726e-04   -3.4035644899470230e-03    2.2430491323822974e-03    1.9372178580676568e-03 
   5.3421856829849769e-03    1.6854458347790983e-03    1.3482298337824750e-03   -1.9887051221170963e-03   -6.3337547662478222e-04 
   2.7270218888761073e-03    2.2198153461504182e-03    2.2869284890641925e-03    1.9431319792649420e-04    7.4003434765640705e-03 
   1.0331686275755442e-04   -1.6551032302006808e-03    1.2730701087017309e-04   -2.6309407833568920e-05    3.0017458158831643e-06 
   1.0331686275755442e-04   -1.6551032302006808e-03    1.2730701087017309e-04   -2.6309407833568920e-05    3.0017458158831643e-06 
   1.0331686275755442e-04   -1.6551032302006808e-03    1.2730701087017309e-04   -2.6309407833568920e-05    3.0017458158831643e-06 
  -2.2767481474519065e-03    1.8567511695707988e-03    4.7345580677290629e-05   -8.9563208007103610e-06   -2.0038269456924024e-06 
  -1.4619620847085321e-03   -1.7925684628930343e-03   -9.7939385082613612e-06   -3.3039408012358796e-05   -9.5326388591452539e-07 
  -3.1859028995324694e-06    4.9603438961962192e-06   -3.5205989209372902e-04   -2.3926690507534554e-05    4.7099609829618135e-06 
   5.8096871175345786e-07    4.0863010498634184e-07    3.8234080611685342e-06   -4.9936566743921390e-05    3.2075810512527354e-05 
  -2.0720861434730359e-07   -1.3198062372179961e-07   -7.4515507536903157e-07    1.5836284061874587e-05    2.4748649784588275e-05 
  -2.6974455643115165e-03    2.1998415643796057e-03    5.6094094874149195e-05   -1.0611269341962850e-05   -2.3740939955766645e-06 
  -1.7321033707668584e-03   -2.1237991801452295e-03   -1.1603662010581440e-05   -3.9144428289162887e-05   -1.1294079424447246e-06 
  -3.7745938892226955e-06    5.8769160107713834e-06   -4.1711350259055429e-04   -2.8347863267369543e-05    5.5802673544676856e-06 
   6.8832008330699412e-07    4.8413675679199865e-07    4.5298972249937091e-06   -5.9163843225739195e-05    3.8002777288102006e-05 
  -2.4549661247504166e-07   -1.5636799723846307e-07   -8.8284479555983352e-07    1.8762511894734342e-05    2.9321704141431390e-05 
  -7.6025151347660226e-04    1.7671500697117770e-05    2.7718866194763120e-06    2.1134534965668856e-08   -1.9358845351484566e-07 
   2.0501490003114366e-06    8.9608340653427572e-05   -8.9469997783504369e-06   -1.5705388432228180e-06    2.6712547260026363e-07 
   1.4567449880048054e-07    2.4338702084408629e-06    2.4438146433577936e-05   -1.6444129508796871e-07   -1.4584491306200499e-08 
   1.7242864162503026e-09    6.3088231389298506e-08    1.6610636870293549e-08    3.4392598840609466e-06   -3.9928865014741565e-07 
  -1.2854490883451389e-03    2.9879341320771512e-05    4.6867636102530084e-06    3.5734711766612747e-08   -3.2732338794937803e-07 
   3.4664346163161442e-06    1.5151164813118672e-04   -1.5127773512625418e-05   -2.6554997766453420e-06    4.5166131094896023e-07 
   2.4630947569165978e-07    4.1152384245624888e-06    4.1320526821752351e-05   -2.7804076560201267e-07   -2.4659761567327703e-08 
   2.9154593743312207e-09    1.0667089520654641e-07    2.8085610673905133e-08    5.8151722215337796e-06   -6.7512556334339085e-07 
  -5.7960609324037547e-04    5.9924605824958397e-06   -6.4115764903310982e-06    2.0952047634233527e-07   -1.4830018974307172e-07 
  -5.7960609324037547e-04    5.9924605824958397e-06   -6.4115764903310982e-06    2.0952047634233527e-07   -1.4830018974307172e-07 
  -5.7960609324037547e-04    5.9924605824958397e-06   -6.4115764903310982e-06    2.0952047634233527e-07   -1.4830018974307172e-07 
   5.0099450229127839e-04   -5.3898791019791042e-06    5.3083754629846199e-06   -1.5788207132741098e-07    1.3009405905445014e-07 
   5.0099450229127839e-04   -5.3898791019791042e-06    5.3083754629846199e-06   -1.5788207132741098e-07    1.3009405905445014e-07 
   5.0099450229127839e-04   -5.3898791019791042e-06    5.3083754629846199e-06   -1.5788207132741098e-07    1.3009405905445014e-07 
  -4.7369447693205996e-04    3.8631096506971425e-04    9.8506020962723018e-06   -1.8634295153271193e-06   -4.1691118008131848e-07 
  -3.0417214384716694e-04   -3.7295727300595485e-04   -2.0377021428425804e-06   -6.8740958959712122e-06   -1.9833367969218588e-07 
  -6.6285092149492801e-07    1.0320366396000058e-06   -7.3248693150685531e-05   -4.9781268768645313e-06    9.7994260221162048e-07 
   1.2087488479388791e-07    8.5018548958448991e-08    7.9548863744987774e-07   -1.0389676122068490e-05    6.6736122306318794e-06 
  -4.3111301660183423e-08   -2.7459555677703924e-08   -1.5503508548156592e-07    3.2948573181591498e-06    5.1491416508258839e-06 
  -5.8594002465310374e-04    1.3619755265959358e-05    2.1363447298175542e-06    1.6288780382937065e-08   -1.4920223270102822e-07 
   1.5800880820239097e-06    6.9062819870609809e-05   -6.8956196439841886e-06   -1.2104435863710472e-06    2.0587858521334935e-07 
   1.1227405392216829e-07    1.8758291758141750e-06    1.8834935373275660e-05   -1.2673797393340944e-07   -1.1240539537276568e-08 
   1.3289397092108630e-09    4.8623276902827180e-08    1.2802127723199983e-08    2.6507017553173502e-06   -3.0773921177899981e-07 
  -1.3265995496749075e-03    3.0835854255221735e-05    4.8367987119572464e-06    3.6878669849445515e-08   -3.3780183360721431e-07 
   3.5774039148470785e-06    1.5636191740591812e-04   -1.5612051625684104e-05   -2.7405090094969765e-06    4.6612012653245812e-07 
   2.5419446207229804e-07    4.2469775663053540e-06    4.2643300906327882e-05   -2.8694155045358113e-07   -2.5449182614009542e-08 
   3.0087905683315827e-09    1.1008569909727055e-07    2.8984701774780503e-08    6.0013305235605345e-06   -6.9673803219882101e-07 
   6.8993111984467408e-04   -7.7347612663712291e-06    7.3514026414381966e-06   -2.0413521171752009e-07    1.7640144166191718e-07 
   6.8993111984467408e-04   -7.7347612663712291e-06    7.3514026414381966e-06   -2.0413521171752009e-07    1.7640144166191718e-07 
   6.8993111984467408e-04   -7.7347612663712291e-06    7.3514026414381966e-06   -2.0413521171752009e-07    1.7640144166191718e-07 
  -4.6837687897732078e-04    3.8197431666491839e-04    9.7400212385444636e-06   -1.8425110341920198e-06   -4.1223101988002845e-07 
  -3.0075756916078672e-04   -3.6877053043511839e-04   -2.0148273125989897e-06   -6.7969286920936365e-06   -1.9610722610058463e-07 
  -6.5540989172555624e-07    1.0204512059688258e-06   -7.2426418203744855e-05   -4.9222434359802418e-06    9.6894196565990963e-07 
   1.1951796789605483e-07    8.4064148001561371e-08    7.8655864362998268e-07   -1.0273043728853912e-05    6.5986956156479547e-06 
  -4.2627342946923574e-08   -2.7151300284785866e-08   -1.5329469311134237e-07    3.2578699193410854e-06    5.0913384328351842e-06 
  -4.3452501786846116e-04    3.5436718639169561e-04    9.0360628218000805e-06   -1.7093438553227363e-06   -3.8243709140898198e-07 
  -2.7902036581953856e-04   -3.4211770161789021e-04   -1.8692060033376065e-06   -6.3056818001591656e-06   -1.8193360891671385e-07 
  -6.0804025069521716e-07    9.4669826460192790e-07   -6.7191810861472369e-05   -4.5664891094587840e-06    8.9891184607825353e-07 
   1.1087982662387154e-07    7.7988425671720940e-08    7.2971024834567053e-07   -9.5305612001822897e-06    6.1217759863778439e-06 
  -3.9546458817822794e-08   -2.5188944567799212e-08   -1.4221534463611225e-07    3.0224079122047206e-06    4.7233627935105944e-06 
  -3.5796723124213899e-03   -3.1912882117899642e-05   -3.7278668975789402e-03    8.9056049130150234e-05   -7.0581582442658217e-04 
  -1.9431948734031652e-04   -2.7046229537486207e-03   -4.1730428248435710e-04   -1.8432350785803331e-03   -3.2266522722601738e-04 
  -6.6161161342701751e-04    1.5539263941714888e-03   -9.8256399602711158e-04    1.2677549278450819e-03   -4.2608870346194346e-04 
  -2.1653463664965466e-05   -1.4742573839877792e-03    2.7848724032358114e-05   -2.6571997534457348e-04    1.3559910679233987e-05 
  -6.3653214000196714e-04   -8.4199401995430689e-05   -7.7209862414453123e-04   -9.4456095347833285e-05    8.2066968875088652e-06 
   3.4159274255746565e-04   -3.0461892367800874e-04    4.7002948314617255e-04   -1.4627110443052676e-04    4.9810919243028965e-05 
  -2.1205502773541354e-05   -1.4437583533413213e-03    2.7272597301060913e-05   -2.6022283369249043e-04    1.3279386982448745e-05 
  -6.2336373843502855e-04   -8.2457507961347044e-05   -7.5612566049813217e-04   -9.2502013667085058e-05    8.0369190029977576e-06 
   3.3452596599794316e-04   -2.9831705129829161e-04    4.6030564267780241e-04   -1.4324508811534929e-04    4.8780444667136341e-05 
  -8.2650989729103744e-05    1.1680185014011533e-06   -1.2676126302166248e-05    6.4663607087620377e-07    1.4961956963259881e-07 
  -6.3752516770931964e-07   -4.2310885244006679e-05   -3.4250131321188485e-06    3.5150507727105206e-07   -7.1439543116665346e-07 
  -1.2828712978779631e-05    2.3153697961909134e-05   -6.4372968793846042e-06    2.1286542459082738e-06   -4.9124635585535290e-07 
  -9.6446045877812296e-05   -6.5664457886172390e-03    1.2404017007260754e-04   -1.1835354070489192e-03    6.0396793219941590e-05 
  -2.8351587961726525e-03   -3.7503004200084030e-04   -3.4389814248019044e-03   -4.2071407356854702e-04    3.6553203531987529e-05 
   1.5214780337211976e-03   -1.3567940511906961e-03    2.0935442845010752e-03   -6.5150175818429992e-04    2.2186132790856842e-04 
  -2.9248879056215482e-05   -1.9913846851096813e-03    3.7617259469221414e-05   -3.5892693852248810e-04    1.8316339298257580e-05 
  -8.5980939892007114e-04   -1.1373414266072561e-04   -1.0429287261609001e-03   -1.2758859052287050e-04    1.1085371302612322e-05 
   4.6141370120428716e-04   -4.1147052475065644e-04    6.3490237488616585e-04   -1.9757882198909469e-04    6.7283164262330232e-05 
  -8.4242348708395490e-03   -7.5102297334235629e-05   -8.7729891374303259e-03    2.0958037749380914e-04   -1.6610342404505642e-03 
  -4.5730247309387130e-04   -6.3649342763528556e-03   -9.8206455268455496e-04   -4.3377839838160083e-03   -7.5934538738997343e-04 
  -1.5570060995371328e-03    3.6569383379236029e-03   -2.3123205577898318e-03    2.9834756756288282e-03   -1.0027374017782364e-03 
  -2.4684069507549713e-05   -1.6805935669890802e-03    3.1746414816005564e-05   -3.0290998439950085e-04    1.5457747679597899e-05 
  -7.2562079816448541e-04   -9.5983900012822548e-05   -8.8016108646410895e-04   -1.0767611404128580e-04    9.3553012826497287e-06 
   3.8940185879848544e-04   -3.4725320631030516e-04    5.3581452889450677e-04   -1.6674312085003531e-04    5.6782425752015761e-05 
  -9.1882026681754651e-05    1.2984709253001658e-06   -1.4091884185953122e-05    7.1885688135578262e-07    1.6633012301671522e-07 
  -7.0872840920295917e-07   -4.7036458966317061e-05   -3.8075424023614606e-06    3.9076360724109209e-07   -7.9418407792719191e-07 
  -1.4261512803079461e-05    2.5739663867186608e-05   -7.1562589337235512e-06    2.3663971461179404e-06   -5.4611216301167129e-07 
  -7.9704038787539039e-05    1.1263723791496121e-06   -1.2224154432694394e-05    6.2358002781895637e-07    1.4428482974563009e-07 
  -6.1479397720077316e-07   -4.0802275322734859e-05   -3.3028930497380933e-06    3.3897203656792368e-07   -6.8892340360320420e-07 
  -1.2371300576147922e-05    2.2328144484168672e-05   -6.2077727301637519e-06    2.0527563086324401e-06   -4.7373078930650618e-07 
  -1.6004635222496914e-04   -1.0896617751262013e-02    2.0583712446476437e-04   -1.9640050859861154e-03    1.0022480810860447e-04 
  -4.7047737330863041e-03   -6.2233956457949250e-04   -5.7067806917275830e-03   -6.9814943880289854e-04    6.0657819967478009e-05 
   2.5248003385851176e-03   -2.2515172772216781e-03    3.4741095179819355e-03   -1.0811275767349927e-03    3.6816539142039484e-04 
2    102 5 
  -8.7482187898765537e-02    3.2063183884956380e-04   -9.3493837418912160e-04    7.6753126587466290e-06   -2.1011167154672969e-06 
  -1.2763361143212255e-03   -9.3910092438768984e-03   -1.3477829329808250e-02    6.1378863269523007e-03   -1.5423169022935313e-03 
  -1.0298875131186593e-03   -3.3372468594546965e-03   -1.8163576057256752e-02    5.7597831272193445e-03   -1.0869131753475803e-03 
  -7.5326894386472543e-03    5.2612594599024433e-03    6.2651436579795865e-03   -1.4383626601713871e-03    1.3677559454269183e-04 
   6.6851013582329964e-04    8.4127401766649866e-03    3.3692869726549779e-04    6.8044606624685492e-04   -3.3460901652619153e-04 
   8.4079102948674562e-03    7.5702315926485745e-03    3.4676638774795987e-03   -1.7546169285040615e-03    4.9201503885114880e-04 
  -1.3812724331874009e-03   -5.2232445741024836e-04   -3.2481142449052526e-03   -5.6232168037564801e-03    2.2149326530198159e-03 
   1.0853040898513269e-03    1.3993891847861684e-03   -2.3746453950507437e-03   -2.4238563158664752e-03    9.8320133328167088e-04 
  -2.5755480776424389e-03    1.9625547323485671e-04   -3.7784893084211128e-03   -3.6325726306155625e-03    1.5233453785004998e-03 
   5.1738572771392443e-03   -1.2724277522353181e-04    2.9605756205006796e-04    7.7348138657395461e-04   -3.0201043305520358e-04 
   4.0812264376100405e-04   -5.1947418023569531e-04   -2.6789964129437373e-03   -5.3643780358242528e-03    2.1056837382764002e-03 
  -3.7964909498021306e-05    1.1127159602534087e-03    7.5402405642195137e-04   -7.1509214315687073e-05    9.8930014068156203e-05 
  -3.1821401060129495e-04    1.7169172785461441e-03   -1.8340662629951006e-03    1.2556334160286406e-04    2.2998163205789385e-04 
   1.5372239243034249e-03   -1.0064808789207328e-03    7.1422784984504232e-04    2.0005176535321605e-03   -7.3463532763248644e-04 
  -2.1351033057961276e-04   -9.8209297173133494e-05    1.5068481835884991e-03   -1.3330045051403799e-03    5.5146093141627975e-04 
  -7.0168630785936189e-04    2.7315720795282367e-03    7.0800864378606026e-04    8.5474338670756369e-04    2.3677137476973932e-04 
  -1.6029543291794376e-03   -4.4400527254718770e-04    1.7607416573360441e-05   -4.2203157631566830e-07   -5.1721522812644791e-07 
   3.1584980171429591e-05   -1.1365539120129080e-04    9.4018749196550393e-06   -4.4706167452275413e-07    8.4387250087616751e-08 
   3.4374873585743468e-07   -2.4556299249943866e-06   -3.0457384362262409e-05    7.9268709347434612e-06   -6.2282429074458559e-07 
   2.2646709704264752e-03   -1.8431480676316862e-03    3.2682573516379078e-04   -2.6215218073160274e-05   -1.0794960957856666e-06 
  -1.4733811414813162e-03   -1.7467963255697848e-03    3.5281653311867837e-04   -6.9775760735205002e-05    1.8047431518542794e-05 
  -5.3473609311774124e-06   -6.6426969046915659e-05   -3.2901227903220815e-04    1.0739214424416245e-04   -1.8769762278503952e-05 
  -5.1691002793878211e-07    1.3672722608296332e-06    1.4018125686875826e-05    3.5845328343859270e-05   -4.5322281819765824e-05 
  -9.9121531918744052e-08    5.9975024977181135e-07    5.8694494805586098e-06    2.1663183149614817e-05    1.8968017888304887e-05 
   2.6831367670766908e-03   -2.1837248818964762e-03    3.8721657931602225e-04   -3.1059264850197500e-05   -1.2789653341883992e-06 
  -1.7456324403193431e-03   -2.0695692694149451e-03    4.1800995570892406e-04   -8.2668922560577698e-05    2.1382235075668359e-05 
  -6.3354460354872893e-06   -7.8701341299782941e-05   -3.8980715265881207e-04    1.2723605966585629e-04   -2.2238038079880164e-05 
  -6.1242463887458308e-07    1.6199167656329366e-06    1.6608394299713944e-05    4.2468826449094775e-05   -5.3696930947776816e-05 
  -1.1743720397937712e-07    7.1057207304738593e-07    6.9540060827557123e-06    2.5666105125064498e-05    2.2472927352044908e-05 
  -7.6033341165059434e-04    3.5688725730170865e-06   -1.2746980749374406e-05    8.2754873183614007e-06   -3.0054684304558053e-06 
  -7.6033341165059434e-04    3.5688725730170865e-06   -1.2746980749374406e-05    8.2754873183614007e-06   -3.0054684304558053e-06 
  -7.6033341165059434e-04    3.5688725730170865e-06   -1.2746980749374406e-05    8.2754873183614007e-06   -3.0054684304558053e-06 
  -7.6033341165059434e-04    3.5688725730170865e-06   -1.2746980749374406e-05    8.2754873183614007e-06   -3.0054684304558053e-06 
  -1.2849962012820954e-03    4.6379881535674126e-05   -9.4982519019555405e-06    1.1514371535349598e-06   -2.4290186282975900e-07 
  -1.2849962012820954e-03    4.6379881535674126e-05   -9.4982519019555405e-06    1.1514371535349598e-06   -2.4290186282975900e-07 
  -1.2849962012820954e-03    4.6379881535674126e-05   -9.4982519019555405e-06    1.1514371535349598e-06   -2.4290186282975900e-07 
  -1.2849962012820954e-03    4.6379881535674126e-05   -9.4982519019555405e-06    1.1514371535349598e-06   -2.4290186282975900e-07 
  -5.5860305501571374e-04   -1.5472848924829197e-04    6.1358932751679432e-06   -1.4707101977366419e-07   -1.8024094715161479e-07 
   1.1006842862081488e-05   -3.9607022850455850e-05    3.2763978095891306e-06   -1.5579359475368802e-07    2.9407560056591578e-08 
   1.1979074544565997e-07   -8.5574638847762160e-07   -1.0613894384163128e-05    2.7623833319878003e-06   -2.1704395765662192e-07 
  -4.8283978392257631e-04   -1.3374268121969072e-04    5.3036827431434970e-06   -1.2712379349015799e-07   -1.5579488725538397e-07 
   9.5139859717517586e-06   -3.4235126684712965e-05    2.8320203339774368e-06   -1.3466332658219363e-07    2.5419015911066642e-08 
   1.0354353977759708e-07   -7.3968159965297129e-07   -9.1743330528011657e-06    2.3877215836042924e-06   -1.8760630948156224e-07 
   4.7118172994233242e-04   -3.8348073799127650e-04    6.7998538107789605e-05   -5.4542721498306853e-06   -2.2459723488330802e-07 
  -3.0654796399710106e-04   -3.6343403756523862e-04    7.3406117973865846e-05   -1.4517368783627259e-05    3.7549030808309410e-06 
  -1.1125584277276871e-06   -1.3820627631596890e-05   -6.8453464909947389e-05    2.2343738656945786e-05   -3.9051893968183647e-06 
  -1.0754699661420070e-07    2.8447121792643924e-07    2.9165758725857431e-06    7.4578886027889190e-06   -9.4296396393290086e-06 
  -2.0622975917429962e-08    1.2478252422143750e-07    1.2211828544514464e-06    4.5071872452053784e-06    3.9464379589347346e-06 
  -5.4482296808431349e-04    2.0850715230014635e-04   -5.6236429678140326e-05    8.9193257056571085e-06   -6.5215283321672448e-07 
  -5.4482296808431349e-04    2.0850715230014635e-04   -5.6236429678140326e-05    8.9193257056571085e-06   -6.5215283321672448e-07 
  -5.4482296808431349e-04    2.0850715230014635e-04   -5.6236429678140326e-05    8.9193257056571085e-06   -6.5215283321672448e-07 
  -5.4482296808431349e-04    2.0850715230014635e-04   -5.6236429678140326e-05    8.9193257056571085e-06   -6.5215283321672448e-07 
  -1.3261403967335886e-03    4.7664499613302230e-05   -9.6638995010602220e-06    1.1783783431548007e-06   -2.5283033475677573e-07 
  -1.3261403967335886e-03    4.7664499613302230e-05   -9.6638995010602220e-06    1.1783783431548007e-06   -2.5283033475677573e-07 
  -1.3261403967335886e-03    4.7664499613302230e-05   -9.6638995010602220e-06    1.1783783431548007e-06   -2.5283033475677573e-07 
  -1.3261403967335886e-03    4.7664499613302230e-05   -9.6638995010602220e-06    1.1783783431548007e-06   -2.5283033475677573e-07 
  -6.6493355824322827e-04   -1.8418117121570647e-04    7.3038650824123143e-06   -1.7506609678282509e-07   -2.1454994428428520e-07 
   1.3102003513213943e-05   -4.7146248841466895e-05    3.9000625474365429e-06   -1.8544902033906568e-07    3.5005310787515841e-08 
   1.4259300213019925e-07   -1.0186383442321315e-06   -1.2634257002910369e-05    3.2882050351814906e-06   -2.5835843496371574e-07 
   4.6589233957477030e-04   -3.7917586114062922e-04    6.7235200334655511e-05   -5.3930435988533212e-06   -2.2207595195725260e-07 
  -3.0310671883642705e-04   -3.5935420090056771e-04    7.2582075807845072e-05   -1.4354399751241679e-05    3.7127513017513332e-06 
  -1.1000690728630723e-06   -1.3665480073822996e-05   -6.7685020220962437e-05    2.2092912386492050e-05   -3.8613505340900391e-06 
  -1.0633969588116716e-07    2.8127780183169181e-07    2.8838349844180138e-06    7.3741678605972153e-06   -9.3237844206133901e-06 
  -2.0391466579872519e-08    1.2338174095732891e-07    1.2074741038422960e-06    4.4565904769425126e-06    3.9021360482288045e-06 
   4.3222004813843224e-04   -3.5177098877547063e-04    6.2375787401368254e-05   -5.0032622687820587e-06   -2.0602544942670665e-07 
  -2.8119973109267521e-04   -3.3338193573595806e-04    6.7336218338098232e-05   -1.3316937894155410e-05    3.4444128182782632e-06 
  -1.0205617633946307e-06   -1.2677809771960499e-05   -6.2793096630128398e-05    2.0496150814420626e-05   -3.5822720657889470e-06 
  -9.8654012029334784e-08    2.6094849543765691e-07    2.6754062900585812e-06    6.8412011036654741e-06   -8.6499094507286433e-06 
  -1.8917676720785086e-08    1.1446434612909479e-07    1.1202041136048117e-06    4.1344911406688507e-06    3.6201098136697072e-06 
   3.1701055442643139e-05    1.6470981319473930e-04   -1.8064156954811807e-05    5.7137216754091593e-06   -8.7034234369632855e-07 
   8.4204570251984178e-05    3.3293156215259066e-05    9.8454769070148280e-05   -1.0545950833537947e-05   -1.0530849336016693e-06 
   8.6275637167830806e-06   -4.3190830714841816e-05    2.7331569742768954e-05   -3.9173925162855826e-06    3.0716356422227872e-07 
   2.2433758568360059e-04    1.1655953189747756e-03   -1.2783389392142651e-04    4.0434064671711616e-05   -6.1591167037421975e-06 
   5.9588709997474628e-04    2.3560434126970018e-04    6.9673090954955102e-04   -7.4630106654158794e-05   -7.4523238493246781e-06 
   6.1054333602754418e-05   -3.0564681683130888e-04    1.9341622174471392e-04   -2.7722054266255033e-05    2.1736920567919818e-06 
   1.0176342413807928e-04   -4.6297814333299685e-06    1.8155758360442025e-06   -1.4318630098402472e-07   -2.6119777701749720e-09 
   1.9757103269955733e-06    5.1665172852986001e-05   -1.3619567782561137e-06   -9.9277492881741236e-07    2.9922185581627227e-07 
  -3.0775663849668856e-05    1.2679623026724092e-05   -8.1277252704083593e-07   -4.4363937668124477e-08    2.6704857056062944e-08 
   1.8032911979362257e-04    9.3693964507015400e-04   -1.0275662680597043e-04    3.2502085059486223e-05   -4.9508783403708523e-06 
   4.7899149804693443e-04    1.8938566781512400e-04    5.6005270480748127e-04   -5.9989864837136060e-05   -5.9903961080382581e-06 
   4.9077260970878565e-05   -2.4568786045797963e-04    1.5547362210728319e-04   -2.2283798898305833e-05    1.7472773191761303e-06 
   9.9921534105258344e-04    5.1916433023457241e-03   -5.6938112944181273e-04    1.8009615998127416e-04   -2.7433137781879543e-05 
   2.6541229371607120e-03    1.0493982606521481e-03    3.1032883379127998e-03   -3.3240772938690515e-04   -3.3193173110276580e-05 
   2.7194028404877373e-04   -1.3613723593890780e-03    8.6148941732983237e-04   -1.2347597405011734e-04    9.6817768777007343e-06 
   1.4036291036093014e-04   -6.3858857130773674e-06    2.5042348023034308e-06   -1.9749773654101377e-07   -3.6027168378527749e-09 
   2.7251092804322546e-06    7.1262087408790570e-05   -1.8785552746577641e-06   -1.3693405024687424e-06    4.1271852712997060e-07 
  -4.2449060483340768e-05    1.7489081223284895e-05   -1.1210620940001396e-06   -6.1191449274737210e-08    3.6834171893386563e-08 
   3.4556471210414254e-05   -1.5721651483964815e-06    6.1652695592726591e-07   -4.8622708302015974e-08   -8.8696636715782825e-10 
   6.7090487189486267e-07    1.7544280505467121e-05   -4.6248856695089046e-07   -3.3712307281985967e-07    1.0160872173494946e-07 
  -1.0450693368566728e-05    4.3057024839039264e-06   -2.7599848048737643e-07   -1.5064952342100812e-08    9.0683428928641087e-09 
   1.1845677329965584e-04   -5.3892542858107785e-06    2.1134042711338396e-06   -1.6667469023316849e-07   -3.0404485816587135e-09 
   2.2998073452515491e-06    6.0140366934091737e-05   -1.5853731995781402e-06   -1.1556304799741954e-06    3.4830643564662846e-07 
  -3.5824127054137523e-05    1.4759597990371837e-05   -9.4610034789344201e-07   -5.1641431600242454e-08    3.1085542031265512e-08 
   2.0046952916935904e-04    1.0415835763091369e-03   -1.1423320104040648e-04    3.6132143806582777e-05   -5.5038268417479563e-06 
   5.3248859751263997e-04    2.1053757541639835e-04    6.2260328321500744e-04   -6.6689949868315525e-05   -6.6594451782981568e-06 
   5.4558550560294642e-05   -2.7312798823066301e-04    1.7283799675710598e-04   -2.4772608430410792e-05    1.9424253936602782e-06 
   1.7389941978507902e-04    9.0353272304443365e-04   -9.9092802100296792e-05    3.1343211457575301e-05   -4.7743529819383854e-06 
   4.6191288288700193e-04    1.8263305331025362e-04    5.4008382299290452e-04   -5.7850904502292235e-05   -5.7768063675065412e-06 
   4.7327393475019415e-05   -2.3692777090453647e-04    1.4993015386135852e-04   -2.1489261986403895e-05    1.6849775142034672e-06 
   1.6581371373721055e-03    8.6152165703744805e-03   -9.4485338370786686e-04    2.9885863326366171e-04   -4.5523625070510716e-05 
   4.4043557263856222e-03    1.7414126428924096e-03    5.1497184136969527e-03   -5.5161042690292210e-04   -5.5082053667623133e-05 
   4.5126837589762515e-04   -2.2591147014586546e-03    1.4295893363915823e-03   -2.0490087545095006e-04    1.6066320378703349e-05 
 TENSORSUMACCUMULATOR_IMPL_H - PrettifyOut: Norm of simple tensor is 7.89403e-06 
 As simple full tensor 3    5 5 5 
   2.4248898667312506e-08    1.5189344422996653e-09   -3.2437515170768445e-09    1.2166682688603660e-09   -3.3244080871959186e-10 
   4.5557634129463885e-09   -6.3459606458503968e-10    2.0809347430364983e-09   -2.1553556168348458e-10   -9.3679503949113999e-11 
  -4.2755619887693265e-09   -8.9546343173274443e-09    3.2939363559741573e-09   -1.1489474236171261e-09    3.4220074683688750e-10 
  -8.6341052678639441e-09    6.4458404881069699e-10   -5.2151049093703516e-10    2.7055088715127361e-10    1.1563877713219871e-10 
  -5.7694114699995123e-09   -9.2436133952955155e-10    2.4216739800938314e-10   -1.6069855311217022e-10   -1.0637137905226116e-10 

  -7.8505222037875727e-06    1.0984125762919774e-07   -1.1271158324831988e-07   -8.9531145935505382e-09    5.6010557300335702e-09 
  -1.3548822356254758e-07   -4.2308454822193299e-07    2.9743211420680433e-08   -1.1365002684684303e-08    4.3843975215495951e-09 
  -5.6229375036649812e-07   -2.1977223670885948e-08    8.1317088280225790e-08   -7.1816994112361480e-08    2.2116984863205698e-08 
  -1.7780378200953331e-08   -2.2008944852980724e-08   -1.1668749399462324e-07    2.4052312046403634e-08   -2.8136598419046542e-09 
  -3.2160928858695369e-08   -4.8834099566590196e-09    6.5635553244699189e-09   -3.4436965696004402e-09    7.2530447067981831e-10 

   2.0534593277987803e-08   -1.4998321441535590e-09   -6.2903467116196932e-11    3.7862596487021720e-10   -7.5739317649413077e-11 
  -4.0723918764551516e-10   -1.0225632279326438e-09    1.0975363987149114e-10    9.0211687874509408e-12    5.8532252144634803e-11 
   5.8190645180893462e-09   -9.0905573639208726e-11    9.4379680977439455e-11    2.6663414956767197e-11    7.0067482317558890e-12 
  -1.6854818536608866e-09   -5.4155593678021999e-10   -1.4870473599644214e-11    5.9936028564026061e-11   -5.9732500671051971e-11 
  -2.8128458097846540e-10    6.0879586824199509e-12   -4.2554008608046100e-12   -2.0507089210998186e-11   -6.0491114230167863e-12 

  -2.6051136893637373e-07   -8.1511313070511845e-08   -1.3423715829930312e-08   -1.0591078501649515e-10    4.8733796245941021e-10 
  -1.8241908849910650e-07   -3.3382784501902238e-08    5.2193261221230538e-09   -7.4542131129934740e-09    2.3608759272591748e-09 
  -4.1208967795749623e-08    3.8444311355322122e-08   -1.0814765718654173e-08    7.0802264579679713e-10    1.9265869801197266e-10 
  -1.4656620923770483e-08   -4.7469608992442043e-08    1.0463601535116474e-09   -1.5108927649418804e-09    5.0263689368417129e-10 
  -7.3129296035404775e-09    2.0096187149427306e-08   -3.3327683755424913e-09    7.3007645085948112e-10   -8.6893216069468403e-11 

   4.3080961541060422e-11   -5.2319919982031413e-11    1.6703732801986430e-11   -4.0972872378176097e-12    6.9354733074767111e-12 
   7.0916236173194079e-11   -3.0492471879625441e-10    1.2854987857363722e-11   -1.7948331247891734e-11    1.0841479857849708e-11 
   1.5097868309091938e-10   -1.0679398632753350e-11   -8.7693276355879114e-12   -1.0405286711869287e-11    7.9419304437078892e-12 
   2.3945689562791654e-11   -4.8072340191838088e-11   -8.6640264598595132e-12    1.7950722043080038e-11   -9.9951904860102467e-12 
   9.0416066118047786e-11    2.6673690510604027e-11    1.3063069212819121e-11    2.1414419548964797e-11   -5.2773032509484930e-13 
