2    16 5 
   4.8399247411698329e-05   -7.0288252468131811e-05   -7.3825634360518804e-05   -5.5390631308439332e-05   -4.3730692868333630e-06 
   1.6719577210958403e-05   -5.0228855159018784e-04   -1.9495749301957807e-05   -2.3491191392305572e-04   -7.2335231075080456e-06 
  -1.0585193353265862e-04    1.9643825235626404e-05   -1.6370772680432871e-04   -6.5312656745309964e-05    2.8836183647174317e-06 
   1.4527477337325571e-04    3.6924260469090519e-04    5.9112712916150172e-05    8.4855398556009308e-05    2.0012896669805193e-05 
  -1.3313316756551280e-04    2.6320011369176363e-04   -6.3348915146789760e-05    6.4205958967168382e-04   -3.2443185866034241e-05 
   1.8289227842688239e-04   -8.4731355385899188e-05   -2.1711076942249958e-05    1.7710699114376017e-04   -5.7992021791464637e-06 
   9.0139530955147875e-05   -1.3957635057287130e-04   -4.4599291944739364e-05   -3.6818831729711822e-05   -7.4744446029878740e-06 
   1.0539500860375087e-04    3.8998584940243942e-05    1.4834774838946103e-04    1.9701078837743737e-05   -8.8098758578686045e-06 
  -1.2636431441331110e-04    1.2246749173654785e-05    1.1830045602956378e-04    2.0222183873792396e-04   -2.1562689581528606e-05 
  -2.0193225106524804e-04   -6.2147532630595756e-05    5.4656573980592561e-05    1.4392883936414712e-04    2.9238841611330517e-07 
  -4.0611461296606383e-05   -5.2657072730534451e-06   -1.9468346993581345e-04    1.9725866130241773e-04    2.6254777842292567e-05 
   5.5349184842766307e-06    3.7981986751817484e-05   -1.0367748107838463e-06   -3.4006843221809901e-05    1.7421058650889875e-05 
   1.6837444800048271e-04    8.5898821269953665e-05   -3.8882192506839101e-05    1.1953025924108676e-04    4.6749505711145590e-05 
  -1.2352346358375580e-04   -6.1909356365117679e-05   -7.5509729290426509e-05    2.0170238184326397e-05   -1.1529665903669086e-04 
   5.5606108127307383e-05   -5.8966640450899553e-05    1.3861732289614049e-04   -6.2129182561190839e-06    4.8789138448746591e-05 
  -1.0840295034213440e-04   -7.0491528485556708e-05    3.8454684368460558e-05   -8.4645814681254671e-06   -1.0739492629890335e-05 
2    16 5 
  -2.0462657640701572e-03    2.5020253126954986e-03    1.7729397514938160e-03   -5.4626238246118994e-03    7.2293927160326866e-04 
   2.9079232599489948e-03    1.8946435856141534e-03    1.4320700160794734e-03    1.6406939437136983e-03    2.0175219792669324e-05 
  -2.7511449986661243e-07    1.5251302478558524e-03   -2.3337046464955483e-03   -2.1504538265149569e-04    2.5588913133813905e-03 
   1.9596434706904949e-03    3.0085656860986236e-03    3.8489067942720659e-04    9.0871780485454702e-04   -6.9629673549186381e-04 
   2.6836859684937581e-04    7.4763330136629600e-04   -3.7143729343305142e-04   -6.7547103276533729e-04   -4.5087008172432937e-04 
   1.0678382243219605e-03    2.6390599389921974e-03    1.1080814732556336e-03    2.0473582765609920e-03   -7.9743944038758983e-04 
   2.1538393222609244e-03   -1.0463569514145294e-03   -2.0938978702275839e-03    1.2948272147337894e-06    1.6162437434511384e-03 
   2.1667674930356171e-03   -1.2923197280514404e-03   -1.5148394864271397e-03    8.0090413753082805e-04    7.6281727347108762e-04 
   9.7721261758329210e-04    1.2967136878757313e-03    1.2343488759117606e-03    3.5265166381514678e-03    4.0238015943082671e-03 
   1.6109058526855855e-03    1.1730432068295783e-03    2.0210264554660854e-03   -3.6864694359629163e-04    2.0477607115636383e-03 
   5.1999044779360505e-04   -1.6029821354138611e-03    7.6537546231456152e-04    8.9061373116927308e-04   -3.7704293747353225e-04 
   3.4317709263677614e-04   -1.8162849096001112e-03   -4.5659832065743731e-03    3.7143482228525091e-03   -5.3361439340507237e-04 
  -6.1467653187132236e-04   -4.1912355770579803e-04   -1.3447720882900417e-03    1.5828151979489229e-03   -1.4504195615444555e-04 
  -7.0894874771655332e-04    3.7374558733056367e-04   -1.4381726218636614e-03    9.5251325051379807e-04   -9.4238150885909901e-04 
  -1.1837927514808313e-03    2.8329051493661224e-04   -5.7123504384351304e-04    1.9441451637799928e-03   -5.6602316473440084e-04 
   4.7527593289846577e-04   -2.4713147721000645e-03   -4.7133808303331786e-03    2.2642342085655992e-03    2.8844776312784938e-04 
2    16 5 
  -7.0030837103116084e-04    2.5365394873671614e-03   -3.1221136802019479e-05    4.2479385396164320e-03   -1.0541744674083336e-03 
  -3.0305848234190996e-03   -7.5112452280287460e-04   -9.9880120904153637e-04    1.2884067045218946e-03    2.6924956069490408e-04 
   7.0906096840384395e-04   -1.5907564193478364e-03   -5.6537726888371775e-04   -3.2628372085142716e-03   -1.5671727996159808e-03 
  -2.2514637148764185e-03    1.2158387889335703e-03    7.4608210517623590e-04   -1.3665997616853768e-04    1.9153583300125709e-03 
   3.8705748529417809e-03    2.7804572134541589e-03    2.7325828733999404e-03   -9.6836423241174760e-04    9.7479892316247607e-04 
   8.9052842034458403e-04    2.9016750662986266e-03   -1.5784298666626220e-03    1.8260956102976772e-03   -1.7835804569213234e-03 
   4.7257240247947790e-04   -8.4385041921422664e-04   -1.9471823954478910e-03    1.5416448929296421e-03    1.2504957809368533e-03 
   4.4629110132265255e-04   -1.5264600881135753e-03    3.2061914964157671e-04   -6.3052985309276245e-04    1.8639389098833804e-04 
   7.0798209909726025e-04    3.0812670776906502e-05    1.4112552061723154e-04   -3.4144862963993307e-04    9.3113432317944655e-04 
  -9.9042395858449459e-04   -8.7228058788600172e-04    8.1202075503319796e-04    1.5432892842052800e-03    2.6528729203965706e-04 
   2.4209045369815569e-05    4.1517858313476198e-04    1.1482151856279385e-03   -3.8568674295481463e-04   -2.0042632555906104e-03 
  -1.7253222142044275e-03    1.6997794433227148e-04    1.7233549676283994e-03   -5.2030441196095317e-04    2.0074679765539017e-03 
   8.3991732885913559e-04   -2.5822381676990033e-03   -6.9287964401428686e-04    7.3851313121557735e-04    3.3514048201909645e-04 
  -5.5790535483086936e-04   -8.1183899851370082e-04    2.1709154402413004e-04   -2.6401560871958080e-04    1.1881638578155325e-03 
  -1.2123894056841290e-03   -4.3571583447909193e-04   -7.6713637649026103e-04    2.8915061559754517e-04    2.8803928772798469e-04 
   4.9144089975014136e-04   -7.3901037425681013e-04    2.2667430906450788e-04    2.6502795590791135e-04    6.2836393759107710e-06 
 TENSORSUMACCUMULATOR_IMPL_H - PrettifyOut: Norm of simple tensor is 1.15447e-08 
 As simple full tensor 3    5 5 5 
  -3.3996642212901591e-10    5.4769596068734457e-10   -7.1680894734351702e-10   -4.3546283361859243e-10    4.5985051308334263e-10 
  -1.1235499303729702e-09    2.7246226108458388e-09   -5.8244462703946708e-10    1.6466224293429499e-09   -5.6856560462111116e-10 
   4.6498309252591966e-10    1.4139135109674657e-09   -8.9981297134929276e-11   -9.2573383558369627e-10   -1.0557699508404384e-09 
   1.5241158182193716e-10    9.2113487009116638e-11   -6.0929586227456958e-10   -1.7203521333268618e-10   -3.6334669348565114e-10 
   2.0971215650638324e-10    2.5069565208998362e-10   -1.2322374923631777e-10    3.6105251016549725e-10    2.1085218110127949e-10 

   2.7002824643546918e-09    2.5840807140220008e-09    2.8672081669344293e-09   -2.3237158815923357e-09    7.8168069602446870e-10 
   1.4275943212169438e-09    1.4698567911143673e-09    2.2640837454698360e-09   -2.6291339664771487e-09    2.5706093128664270e-09 
   1.9744356327683268e-09   -1.8612829619990668e-10   -1.0719576176691902e-10   -1.0331810951087182e-09    4.2791482864300605e-10 
   6.1343054966102282e-10    8.3046245377749801e-10    1.0694282231086174e-09    3.6213143630321902e-10    4.4472489328285176e-10 
   2.9079631870117616e-10   -4.0757910525572805e-10   -3.2860369609668629e-10   -7.0981564376326456e-10   -9.9103814059550067e-10 

   7.7906239849369018e-12   -1.2011237759087921e-10    5.1459669883900915e-10    2.7261596416553555e-10    3.6950839365315013e-10 
  -6.4946372491127671e-10    2.4057061974076614e-10    4.9139153240194379e-10    2.3042106347931972e-11    5.1613529217778979e-10 
   3.8189383324444541e-10   -8.3891550530124508e-10   -3.6429403253873926e-10   -1.5080591039066303e-09    3.1207632213352185e-10 
  -8.0165579356452541e-11    8.5828859158007013e-10   -5.8354611374716375e-11    1.3219565867694562e-09    4.5202570749107260e-10 
   2.6920970412295231e-10    4.0026558143657399e-10    7.5309909323724628e-10    9.1394035927094276e-10    9.5256749120213366e-10 

   2.3016492856698085e-09    2.0779206241966538e-09    1.4983078278420388e-09   -1.8466548181442111e-10   -2.6851559304352656e-10 
   2.9518644010173502e-09    2.9974754261361413e-09    1.1463529275451824e-09   -1.8102319210659023e-10    1.3875578291557920e-09 
  -8.1501167539219962e-11   -6.1689131541131933e-11   -2.0090600257446035e-11   -5.0018753978813393e-10   -4.2338657784176676e-10 
   3.7682000639669717e-10    5.8566079662681399e-10   -1.4075932538037047e-09    1.6031436409693285e-09   -1.2367679771250202e-09 
  -9.6908569468232125e-10   -1.2907658801065449e-09   -8.6362540609687434e-11    4.8723053441575705e-10    1.0817342326161140e-09 

  -1.1375328530736937e-10    1.2913278490965975e-10    1.6539286628415287e-10   -7.1414614313161316e-11    7.4854337612489990e-11 
  -1.4467341647878538e-10   -5.1147584752077059e-11   -1.0412304371788314e-10   -3.5586335575672102e-11    7.3099453544334240e-11 
   1.0063092369987754e-10   -1.4589134635645710e-11    3.2141399793763865e-11   -7.4280477425017973e-11    1.9605052453674814e-11 
  -1.1938633581219189e-10    2.3047018241330721e-11    7.5562708776576450e-11    1.3499063723100879e-10   -1.7679924913119045e-11 
   1.0713875715403760e-11   -2.7310972634564398e-11    4.9339639693608727e-11   -5.9191680613037154e-11   -5.9087830049910874e-12 
