2    16 5 
   5.1072660252137565e-07    3.3659680616806194e-03    5.6331982188265710e-06    1.9630792767215023e-04    5.7590258713603691e-07 
  -1.4844574260031927e-04   -1.1918085896482824e-04   -2.2148767789126458e-06   -3.0446083215447868e-04   -3.3164676537198601e-07 
  -4.7857710143752165e-05   -1.1624908792860779e-04    3.2561311507834629e-06    9.2473659502106964e-04    2.1058693557564770e-06 
  -1.5445392643271240e-04    6.0906098349607378e-05    2.5582151008856353e-05    9.9059549716736623e-04    5.9576217823843801e-06 
  -4.3412072857396071e-05   -2.6657833323640056e-04    5.4133147994886113e-06   -1.2429688970908705e-06    1.2547013435111941e-06 
  -2.1664474116635317e-05    8.8302495956751263e-05   -1.0541922247109962e-05   -1.8903065814412738e-03   -4.7020680484785918e-06 
   3.7933152061018675e-04   -1.8369334304583202e-04    2.7688945834299523e-05    2.2113506512597304e-04    7.6519225292137312e-06 
   8.0019666094509743e-05    1.7974912674567024e-04   -2.7035921703094830e-06   -1.3466761199206024e-04   -2.4974093657525456e-06 
   2.8533613172979470e-03   -2.1654386248870553e-03    9.3536854994073120e-05   -1.3468273396809157e-03   -1.1708389945361297e-05 
  -8.8404564205649117e-04    6.1780762146427192e-04   -3.7373094046587896e-05    3.3462695198509354e-04   -4.1403786870861624e-07 
  -8.6437671135530288e-05    3.7998814582040279e-04   -3.0126588356884340e-05   -3.3781216975628384e-04   -6.4799705839692508e-06 
  -1.0135913414751954e-06    7.8550428610515493e-06   -7.7348922976131821e-05    1.5927008270555148e-05   -5.5184659178694629e-06 
   7.7081097479161329e-06   -6.5695733044273250e-06   -1.7820559136540377e-04   -7.0307797206897480e-06   -1.6447774756975683e-05 
  -7.2144601190159157e-06   -1.1536598262228851e-06   -6.6180461563321804e-05    1.8439863465589804e-05    1.2598953096102248e-07 
   1.3989416175198366e-05    2.2077874882268039e-06   -4.6853310555733591e-04    4.3349175513535828e-05   -4.4098801051164634e-05 
  -6.6519824091107194e-05   -2.4676386509103791e-05   -9.6145055180108945e-05   -3.9130990392638282e-05   -2.1214416512818641e-05 
2    16 5 
   5.7156490618022762e-02   -3.7042873243122603e-03    1.4233088513021270e-03    2.4211769110808333e-04   -7.3405512578057560e-05 
  -6.4657670595908823e-02    6.0105082506589419e-04    5.9240044277822377e-03    5.4953487344053331e-03   -1.0877766288662533e-03 
  -1.3626549390470550e-02   -9.7687792469923259e-03   -1.8558205743339478e-03   -1.3094965196036826e-03    2.9770206550770202e-04 
   1.8573365920229463e-02    2.8211611997657460e-03   -4.6646149434278064e-03   -1.6354568797511530e-03    4.0892130984024235e-04 
  -4.7023140060102522e-03    2.5816707311300920e-02   -4.4635566514900013e-03    8.0272099067911669e-03   -1.9550156080947630e-03 
   1.6838243615611571e-02    6.5777251384113817e-03    6.1642293540115827e-04    6.0227357432307517e-04   -1.3923769778209215e-04 
   3.1335829222025344e-04   -4.3142770623198750e-03    5.3187948509334270e-03    1.4855138089050262e-03   -2.2744556875214445e-04 
  -3.0267819578550254e-03   -7.3174533421719841e-03   -2.0869429844010152e-02    6.0833607045473938e-03   -1.3522054429770064e-03 
  -6.7666842610372029e-04    2.1175762663985381e-03    4.0017851939962270e-03   -8.1609386038049032e-05    8.2894159611513401e-05 
  -2.9879926412162759e-03    1.0266504846562522e-02    1.9758056391061610e-02    8.5869390904314480e-04    1.3783769846431679e-04 
   1.5371855578396289e-04    2.1234927105366497e-03   -1.3359322637744612e-03   -2.1665091156595996e-03    4.8702322507213389e-04 
  -2.1138309213908518e-03   -2.3555363398913461e-03    1.6536727032059671e-03    3.2593318118846653e-03    1.0693571939743558e-03 
   2.2936267530460339e-03    5.1212960745227031e-03    1.5578909497649136e-03    2.4931967420864652e-03   -2.4686642889266053e-04 
  -1.8882962994782526e-03   -2.6247048706765617e-04   -3.3190721322977857e-03    5.5868727314389269e-04   -8.2682899285178488e-04 
  -4.1992498357744471e-04   -8.5239950473798730e-04   -1.7829311692490427e-03    7.3340833253400853e-04   -5.6857331964604068e-05 
  -2.9287035445109311e-03    1.2239350805076606e-03    3.8893382565240568e-03   -7.3154742968504971e-03    6.3645323196696796e-03 
2    16 5 
   4.3938177521738515e-02    2.4021519878906572e-03    2.7582460345172578e-03   -8.4677924973300053e-04    3.2630199395292190e-04 
   8.1477120603544728e-03   -2.9022907707860631e-03   -2.3673499966755268e-03   -1.5969016883408264e-03    2.4542349785350989e-03 
  -6.9000832357801814e-02    3.1658931465236823e-02    2.2988595374573876e-02    1.0499677298787913e-02   -1.6059572180916987e-02 
   1.2690048553291020e-02   -5.8414952908907468e-03   -1.4389118524583795e-03   -2.2535928998683825e-03    3.3707942918187769e-03 
  -2.8977447985863102e-03    1.2446316371076847e-03   -6.6286551885535875e-04    7.9840717157945405e-03   -8.6608876598138831e-03 
   4.1133213511332326e-02   -3.2661676080652083e-02   -2.4550638109673811e-02   -1.7428873878988570e-03    7.8058820080439545e-03 
   5.3509167251412863e-03    1.1191047625343552e-02    7.1710217858138910e-03   -1.8887412588874473e-03    3.9170211132975234e-04 
  -2.9104337367756431e-04   -8.3194090248310953e-03    1.8931085304521101e-04    1.1667042113118193e-03   -1.7081053572179938e-03 
  -2.8159851374926063e-03   -1.5990919791379953e-03    6.7869929227725714e-03    4.9158016271714350e-04   -1.9168608074403288e-03 
  -2.0749516322491656e-03    8.5341141818036782e-04    5.3183265000808742e-03    1.6641837527316090e-04   -1.2000094888509685e-03 
  -5.6612250731346708e-03   -2.8952679331599188e-02   -1.0484793614901490e-02    5.6446369537726492e-03   -1.2987355789538060e-03 
  -7.8032905366287424e-04   -2.4036034735652754e-03    1.2388014085155442e-03   -9.7803346432037068e-04   -5.9475637378474241e-04 
   4.0411317559628903e-04    1.8703471658991842e-03   -2.8536892017953230e-03    4.8469380783391425e-04    6.7694326398424869e-04 
   1.0771991551045094e-03   -2.2170956667653761e-03   -1.1115090566768185e-03   -4.1917632579043895e-04   -1.3258631369758849e-03 
   1.1975708726211318e-03    1.1248446841014979e-03   -1.1987958617672612e-03    7.5730955167702921e-04    1.1483748513788803e-03 
   8.9329036471576544e-05   -8.7025173369806725e-05    3.0141317949140515e-05   -1.9187512790872093e-05   -4.0724131670260492e-04 
 TENSORSUMACCUMULATOR_IMPL_H - PrettifyOut: Norm of simple tensor is 8.571e-06 
 As simple full tensor 3    5 5 5 
  -1.6744880533921792e-08    3.0831714323880315e-08    7.1385221692133271e-09   -8.7327948322725143e-10   -2.7753222483451255e-10 
  -4.6947537524441315e-08   -4.6189548113435930e-09   -1.4611285801864213e-09    1.7506836547053637e-10   -6.5298126398711600e-10 
   9.4665323779083976e-09    1.7652702451455670e-09    7.9093794601403472e-10   -1.3450262369540864e-10   -3.1853300266992412e-10 
  -3.1807147846082435e-09   -5.5020305699967427e-10    5.9862591767128661e-11   -1.0356451206601052e-09    1.0965473583944953e-09 
   7.3640374022854687e-10    1.4928649299423953e-10   -4.2411443118915544e-12    3.0751784371443281e-10   -2.3783346134761029e-10 

   8.4777348362621778e-06    4.3458856120545779e-07    5.0888371149175176e-07   -1.5349239198084840e-07    6.1015257248766774e-08 
  -5.8096748449058425e-07   -1.3154980604139226e-08   -1.8401537017650820e-08   -3.3425805221786265e-08    4.4922594907073926e-08 
   1.8283485165057191e-07    8.0941433531617087e-08    2.1883396009409062e-08    1.7358658658109629e-09   -5.8107799895374872e-09 
   2.8366646530420996e-08    1.6609185582659372e-08    1.8539214565899810e-08   -1.7714601238741621e-08    1.2848506031159337e-08 
  -9.5555668141491598e-09   -3.6751163534477923e-09   -4.3154527959124313e-09    4.3682933699686097e-09   -3.2407096216467264e-09 

   1.7296680765993927e-08    1.0654156703694745e-09    4.4994886229194448e-09   -2.2441678028202357e-09    1.1599700158229331e-09 
  -1.1431899283765488e-09   -1.0534518372391830e-09    2.1703231191844928e-09    3.5782682419146204e-10   -1.1670261522701710e-09 
   1.1638743594930434e-09   -1.9661836524402663e-10   -1.1034288800070777e-09    6.5228245866546800e-10    6.0990311751829704e-10 
  -1.0909176811190825e-09   -1.4890941640218415e-09    9.3667747315219963e-10    4.6124565263031001e-10   -1.2981547161822863e-09 
   3.1403306645790216e-10    4.5058824803328261e-10   -2.3324823437834248e-10   -5.6456665115471730e-11    4.1646755213123545e-10 

   4.4711052288883389e-07    4.9969496565780262e-07    4.5167643509560314e-07   -1.5882783972562816e-07    6.6690426817531617e-08 
   1.1352336421145787e-07    1.1192243842549472e-07    9.1904629950191732e-08   -8.0758158911104298e-08    5.7229358788962411e-08 
   1.3595826380233507e-08    7.5862952452774967e-09    3.8782270833869059e-09   -8.9226959276723978e-10   -3.9913273196162839e-09 
   1.6270763496647882e-09    2.4709662006274267e-09    3.4169781875238860e-09   -1.9155817398520133e-09    9.8059594495194487e-10 
  -1.9693350551073265e-10   -3.2162174401562756e-10   -6.2646689817276491e-10    3.4670839747633041e-10   -6.2690512152406687e-11 

   1.7601395826902888e-09    9.3913634457486502e-10    1.3602943657866134e-09   -5.3588684443615472e-10    2.6672330482724180e-10 
   1.4437777445280964e-10    6.5258365503844883e-11    1.6613142437360336e-10    2.9323276641827234e-11   -1.2074688371947266e-10 
   2.1964006730343507e-10    4.3702090457667627e-11   -1.5308388360490240e-10    5.0590282797879482e-11    1.1824597326511552e-10 
  -1.3127473615982758e-10   -1.5793233070569320e-10    9.2323331645685116e-11    9.1820359853601310e-11   -2.0905279643440005e-10 
   3.0274650416327484e-11    6.1914613912909356e-11   -1.6011623653996019e-11   -1.8974247438882836e-11    8.9209950786894750e-11 
