2    16 5 
   3.7812964450518793e-06   -1.3095391859689112e-03    3.4813847404835245e-06   -4.0335553082665684e-05    2.5003321320654753e-09 
  -8.0090259829796727e-06    9.0693632424774530e-04    9.6579944695158141e-06   -2.5779242031360278e-04    9.0366882154888032e-07 
  -7.0709656890533598e-06    1.0227969515198866e-03    1.4848558333265815e-05    4.7063014741615663e-04    8.2470036912564027e-07 
   3.9598215796497507e-06    2.1875852666181496e-03    1.0436091627177739e-06   -1.4084059891351687e-03    1.4551767048651394e-06 
  -1.3101523526653133e-05   -8.3540025502080583e-04   -8.0318015965699865e-06   -4.8824147229459392e-06   -8.2385011904898166e-07 
  -1.0245428525968281e-04   -1.5708170120314246e-03   -4.4412917086559011e-05    2.9658788880246111e-04   -4.0396173097994698e-06 
   1.2771137736282743e-04   -6.3865430703794379e-05    1.1284586476966860e-05    3.3355662846330885e-06    1.2074992835715979e-06 
   5.7802077751478507e-05   -2.3601877648096078e-05   -2.7061185017848922e-05   -1.6701285273797167e-04   -2.6519690343529403e-06 
   6.4439618109507870e-04   -1.5343286246448791e-05    6.7333686992126331e-06   -3.4715762091999501e-04   -7.2782984193113114e-06 
  -2.8528901441427195e-05   -1.3384383859678107e-04    1.2751937926210044e-04   -8.9650702626258981e-04    1.1708729067324003e-05 
   6.3152489517022045e-04    1.2540569725855903e-04   -1.2567323486924195e-04    9.1051924863034010e-05   -1.3187935355927510e-05 
  -9.4875267040242433e-05   -1.2405231090939567e-05   -1.8573667637230255e-04   -7.6621204312898492e-05   -4.0529966306769604e-06 
  -7.1980409390326335e-06    1.1213607515847198e-05    7.4490866558383762e-06    7.3453216188021996e-05   -2.1870490723906178e-06 
  -3.4251465813611606e-04   -5.1197581401849605e-06   -1.3991574737938614e-04   -3.5195587564902139e-05   -1.0776668982128884e-05 
   8.1587622654613270e-05    2.8636367189004569e-05   -3.9673149654470465e-04    1.3395882421777337e-04    1.6495202919261889e-05 
   1.9135521882179690e-04   -1.1149821466293323e-05   -3.8254644936771140e-05   -4.5491305382346671e-05    4.2316743813334326e-06 
2    16 5 
   1.5888197306171664e-01    4.9496063358776005e-03    1.1294490977136269e-02   -1.0024508409750077e-04    1.1153428775486224e-03 
  -2.1311523514023450e-03    2.8532440083555374e-02    1.3894111048780846e-02   -4.7038916287754917e-03    3.2473231739174584e-03 
  -4.4764390677486917e-03   -2.7827441618729673e-02    2.5204586240892115e-03   -1.1247962704103160e-02    3.0287006196983758e-04 
   2.3715150706259611e-03   -1.1096357864789226e-02   -2.9661999702488831e-03   -3.4949518397712749e-04   -1.1169032786481031e-03 
  -4.3236852636435719e-04   -6.2197750628818218e-04    1.0528980281119241e-02   -1.7672582048682814e-02    6.3762506275171697e-04 
  -1.1983401263529053e-03   -6.1148080162411406e-03   -2.7691173411224590e-03    1.3464646011802946e-02   -9.5581463757846326e-04 
   3.6099931594769834e-03    1.5307028435003823e-03   -8.2239795341971286e-03   -1.0414442402203199e-02    1.4370259311278812e-03 
   3.8500036232700825e-03   -5.2444093388237358e-03    7.5410336453814539e-03    1.0302130500202497e-02   -7.5713004156913698e-03 
   1.3398300542687815e-03   -8.4987713613997404e-04   -1.9747637481636426e-03    4.6289892205223795e-04    4.9177876353754075e-03 
  -1.3381382622534149e-03    3.4674842665763242e-04    3.3079452387021438e-04   -2.5615675227681372e-03   -5.6723899300740858e-04 
   2.0609705673845617e-03   -1.4678911290966674e-03   -4.0742819397091429e-03   -7.4373686535360501e-04    1.5019830182613192e-03 
   1.6864613416367677e-03    1.3106890435045330e-03    6.8421970355247519e-03   -1.8344521139838613e-03    1.5549587811024223e-03 
  -8.8213083872139813e-03   -7.5963851693333284e-03   -1.1630729991880392e-03    2.2541852666510824e-04   -3.1019594572495369e-03 
  -1.3466158270291667e-03    2.4195218569085029e-03    8.4661259067435486e-04   -2.2105038365208824e-04    4.7280622690718541e-04 
  -3.9796252518976648e-04   -1.7987051300942037e-04    1.3618590462679339e-03   -1.3251637471730539e-04    6.8238868737619852e-05 
  -4.6347904266300071e-03    2.0571443847760469e-03   -1.7215214714116482e-03    5.1424255864765086e-04    1.2090702911284495e-03 
2    16 5 
   3.7479354693673583e-02    2.5412314973854209e-05    4.8311491860623224e-04    8.1813928045056735e-05   -3.9301159007950600e-05 
   6.0629276410113812e-03    1.5981020163279763e-02    1.9745109888206725e-03   -3.6614201267686141e-03    1.1159931200704471e-03 
   8.5375573401439194e-03    1.3076770115231156e-02   -1.9209643703358280e-04   -6.9437879131453392e-05   -7.8997636813281797e-05 
  -5.2485192381212251e-04    1.9910696530868882e-02    7.6598460750013217e-04   -1.8937639781774610e-03    5.4551341968636148e-04 
   1.5307349767051854e-02    1.5036667008893213e-02   -7.5170559596034435e-03    5.4260265890918114e-03   -1.8032912059082701e-03 
   6.0770799082387273e-03    6.6146951996340104e-04   -9.0250117328534310e-05    3.3288740259836708e-03   -1.2716482084323961e-03 
   2.6112995014868030e-04    2.0858357986254673e-03   -6.0953838723609201e-04   -2.8607339867500548e-03    9.0203718152337495e-04 
  -2.9309123917128422e-03   -3.8799121151685386e-04   -1.0534524192817010e-03    1.7749207361232526e-03   -5.0238924020681679e-04 
  -3.2687179445212242e-03   -6.0109889738099330e-04    3.2571142985677622e-04   -3.8196970611640462e-04    1.8783914488762927e-05 
  -2.8443096449975013e-03   -1.0263439961750941e-03   -1.5398060542299282e-03   -3.0553803198143238e-03    1.2462533686641490e-03 
   2.8381187295140053e-03    1.0328385312167645e-03   -1.3955092393273902e-03    2.0848143416779528e-03   -5.1223153680138723e-04 
  -9.3739173738851503e-04    1.2495564193467290e-03    1.3630117228443834e-03    1.4342839511612813e-04   -4.0898408142484428e-04 
   1.0133772188038888e-03   -7.3129589844277804e-04   -1.2492900254084451e-04   -4.1747770202872126e-04    1.5786552751609201e-03 
   5.4324294695375943e-04   -9.6466115243576086e-04   -1.5471777547891767e-03    9.7703852233017884e-04   -2.4293893005931230e-04 
  -1.6063237300874013e-03    1.0857038505219766e-03   -2.4072396996549028e-03    1.7314150281125967e-04    9.2535233150128275e-04 
   4.7444366711478790e-04    4.0051967445652444e-04    7.4724071195478162e-04    1.0365585393247150e-03   -1.1032974658451686e-04 
 TENSORSUMACCUMULATOR_IMPL_H - PrettifyOut: Norm of simple tensor is 7.87971e-06 
 As simple full tensor 3    5 5 5 
   2.4046111745621734e-08    1.6349896710595050e-09   -3.3621497107673078e-09    1.2255215914910919e-09   -3.4568291955965657e-10 
   5.0098503703446612e-09   -7.6325531549851180e-10    2.1345996980257725e-09   -1.9788256401257888e-10   -4.4285720687115626e-11 
  -4.1507097748174230e-09   -8.9223755049272843e-09    3.2275686763790146e-09   -1.1428705209789844e-09    3.6135659263885178e-10 
  -8.6133609416113472e-09    6.1218614057005080e-10   -5.1479174214711937e-10    2.6838668519594162e-10    9.7098666984536885e-11 
  -5.7565150220229062e-09   -9.2737457836429057e-10    2.4056266080115033e-10   -1.4733124858671408e-10   -4.7113814797784795e-11 

  -7.8341346555429415e-06    1.3621024974431364e-08   -1.0273368334762930e-07   -1.0631812494743665e-08    5.9293471090409082e-09 
  -2.5086935920247150e-07   -4.2832416074010548e-07    3.0328911237395305e-08   -1.2288387989861433e-08    4.7477086687337825e-09 
  -5.6148927974432926e-07   -2.3246019195666902e-08    7.8468189647176459e-08   -7.1229886245742185e-08    2.2050269722384123e-08 
  -2.1648738385294833e-08   -2.4773730957940160e-08   -1.1632190209849168e-07    2.4001468098234035e-08   -2.8130386132890304e-09 
  -3.1998731206580660e-08   -4.6834157425186152e-09    6.4774815846783092e-09   -3.4245088018133452e-09    8.1911009907299772e-10 

   2.0610605175466232e-08   -1.3024599976524834e-09   -3.5420977142628692e-11    3.7074265704999142e-10    2.3607366528493714e-12 
   3.6185052544738442e-10   -7.3557104468748504e-10    4.1886893228628837e-11    1.7115257390467335e-11    5.0797709318892961e-11 
   6.0291617491487402e-09   -2.6547197859983060e-10    1.8870484326440863e-10   -7.0201997203701507e-12   -2.3848577142897157e-11 
  -1.5996722705648011e-09   -4.4169398222502599e-10   -5.7113010701988936e-11    5.8286256727667008e-11   -4.7455237842523346e-11 
  -2.4730488024394760e-10   -2.6406766002500421e-11   -1.2429957954951658e-12   -1.6034926010489841e-11   -1.4267549233693050e-11 

  -2.5501552143523615e-07   -8.5828633269437355e-08   -5.6220229440897892e-09   -1.0006000094751852e-09    3.2747473693720117e-10 
  -1.8661552079598578e-07    2.1177801635355852e-08   -1.0417287821456541e-10   -5.6596950441057238e-09    2.0800371214254011e-09 
  -3.5267179466484246e-08    3.9728467631903715e-08   -2.3570308263291667e-09   -1.7147651589714587e-10    3.1231558895346996e-11 
  -1.3618369776162175e-08   -3.7712624763102756e-08    1.3237244023111127e-09   -1.2996925679043931e-09    4.8559810056861850e-10 
  -7.4924055819482957e-09    1.9757421930751915e-08   -3.4843928623495996e-09    7.3245891941687905e-10   -1.1120924867108530e-10 

   7.0197934744648767e-11   -4.6480967620051873e-11    3.0572619539201893e-11   -3.3131247130317984e-11    2.2301524940701837e-11 
   1.2673107246284044e-10   -1.6830772868531432e-10    3.4518256810091302e-11    4.3101960953348402e-11    1.0411314694659708e-11 
   1.6698807192804734e-10    4.2547979481084413e-11   -4.7369764355596809e-11    2.2223861225225398e-11    3.0737812996091287e-11 
  -1.3068395762387399e-11    1.6748041937826883e-11   -3.0294643245577702e-11    2.1441398696463837e-11   -8.1203785250293162e-12 
   6.8213637677849363e-11    1.1509716532467032e-11    1.1663362906913018e-11    2.2446057385940924e-11    6.0826094548779695e-12 
