2    5 5 
  -4.2121736437329608e-06   -1.1731501887555650e-03   -1.8707508656115355e-06   -2.6878561402735808e-05   -8.4831866784714039e-08 
   2.9425686567843956e-07    4.6391950101590525e-05    7.0490775142575289e-09    1.3687726474624683e-06   -2.9296975046216721e-10 
  -4.6090894437422139e-06    5.0815951438053588e-04    2.4758726584213756e-07    6.8144980318371676e-05   -1.9251748326574357e-09 
  -7.7492386164771698e-06    1.2083950431198754e-04   -7.9989044885906085e-08   -2.6072504400957383e-05   -1.5168501250066632e-09 
  -2.5478887892645422e-07    1.4462777138187911e-05   -1.2311199912809323e-08    1.6731516334920460e-07   -1.5408010388987184e-10 
2    5 5 
  -1.1625234367761911e-03    1.4140451339787452e-05   -1.5785362662122510e-04    2.1128536390580005e-05    4.4254587317042357e-07 
   4.8793535692133484e-07    4.6407377226214076e-05    4.9585058408743824e-07    2.1111958469562750e-07    5.3345835609185532e-09 
   5.1232559206423217e-04    1.8649481135513030e-05    7.7700097553861217e-06   -2.3277056557856714e-06    1.6944292726321545e-07 
  -1.2051128895414415e-04    2.3781016405509277e-05    1.5837998685957904e-05   -1.6296185474354159e-06   -1.1411456155768715e-07 
   3.2514317091505549e-07   -1.4461018273426361e-05   -3.2411717092147743e-09   -1.9532855671278214e-07   -7.3850362729817596e-09 
2    5 5 
  -1.1730565883363430e-03    2.9930636015176678e-05   -7.8248781139649238e-06    2.5868372106298232e-06   -7.9600389330087481e-07 
  -1.1730565883363430e-03    2.9930636015176678e-05   -7.8248781139649238e-06    2.5868372106298232e-06   -7.9600389330087481e-07 
   4.9777429149212220e-04   -3.3090199289856559e-05    1.3780010501144271e-05   -4.7430682741507120e-06    1.2087362070542121e-06 
   4.9777429149212220e-04   -3.3090199289856559e-05    1.3780010501144271e-05   -4.7430682741507120e-06    1.2087362070542121e-06 
   4.9777429149212220e-04   -3.3090199289856559e-05    1.3780010501144271e-05   -4.7430682741507120e-06    1.2087362070542121e-06 
 TENSORSUMACCUMULATOR_IMPL_H - PrettifyOut: Norm of simple tensor is 1.49394e-09 
 As simple full tensor 3    5 5 5 
  -6.4549399018921186e-12    1.9380561953682512e-13   -5.7989482489545778e-14    1.9438513814524308e-14   -5.6234982371906449e-15 
  -7.8834673396421148e-14    7.4464310142267290e-15   -3.3139520720221370e-15    1.1455476560929809e-15   -2.8565593835729985e-16 
  -8.5906382472467736e-13    2.5151714741002165e-14   -7.3886988215363616e-15    2.4723696336422190e-15   -7.2102281832371989e-16 
   1.1597695876442400e-13   -3.4364108502431104e-15    1.0184492859987391e-15   -3.4107966727053049e-16    9.9085053526824423e-17 
   2.2371983447121273e-15   -5.9227372535964213e-17    1.6023642077575388e-17   -5.3170054406287674e-18    1.6097305446081149e-18 

  -1.4775126382389153e-09    3.2687430952498316e-11   -7.2849360130494309e-12    2.3622484155811123e-12   -7.8853014753971390e-13 
   2.2977881904944359e-11   -8.3384003242210072e-13    2.8026882827754536e-13   -9.4931169391017667e-14    2.6166879432380090e-14 
  -2.1434259653539958e-10    5.3494418146429625e-12   -1.3684566081959675e-12    4.5130069415066627e-13   -1.4034122767460461e-13 
   2.8376782350754656e-11   -6.9584564404687415e-13    1.7482604904347017e-13   -5.7536725988661718e-14    1.8051519321337767e-14 
   6.4467186067504245e-13   -1.7921130597333476e-14    5.0555497620732550e-15   -1.6848612155066547e-15    5.0034659127008002e-16 

  -2.4832211271056087e-12    6.0576823223049010e-14   -1.5136799232968578e-14    4.9785029620111246e-15   -1.5661760463485185e-15 
   3.2087585204516176e-14   -8.7770785167514634e-16    2.4430193140549666e-16   -8.1306628926472362e-17    2.4293601455154709e-17 
  -3.4608634915595433e-13    8.8170274461512132e-15   -2.3016989959769321e-15    7.6079865018510158e-16   -2.3427250580235265e-16 
   4.6143966385994221e-14   -1.1683233052961565e-15    3.0316409175282554e-16   -1.0014026047062549e-16    3.0925706876681760e-17 
   9.9659279603122952e-16   -2.6471490922085024e-17    7.1830015566513721e-18   -2.3842336733819671e-18    7.2082810998098074e-19 

  -1.7712679684540526e-11   -3.2396978117968264e-13    2.7988258909143062e-13   -9.9662585139368520e-14    2.1124623983000549e-14 
   6.9410153978492783e-13   -3.0930949305950886e-14    1.1412206514238304e-14   -3.8943656284531307e-15    1.0357447934875303e-15 
  -4.9199168595704600e-12    1.2315568942682153e-13   -3.1599252337592622e-14    1.0424585249811100e-14   -3.2370093722888703e-15 
   6.0802092350839575e-13   -1.3145145746874809e-14    2.8407562416397992e-15   -9.1734658455723528e-16    3.1141036725782079e-16 
   2.1172970475297403e-14   -8.3629917378992963e-16    2.9311518348124248e-16   -9.9624210385263838e-17    2.7014349103582856e-17 

  -1.1608553501087259e-13    2.9783163660200079e-15   -7.8275398437032208e-16    2.5892239730140174e-16   -7.9472323477897580e-17 
   1.3883830669586284e-15   -3.4002594075780152e-17    8.5316818412567221e-18   -2.8074216599576586e-18    8.8137112695759823e-19 
  -1.5727655511640036e-14    4.0208725447949828e-16   -1.0531911793213490e-16    3.4824901688661714e-17   -1.0706305641655276e-17 
   2.1061037974782718e-15   -5.3879796909694330e-17    1.4121814580386844e-17   -4.6698595557299336e-18    1.4352261425331986e-18 
   4.3965065956197375e-17   -1.1186736196926034e-18    2.9167953245333777e-19   -9.6398239900058827e-20    2.9701118986723436e-20 
