2    20 5 
   2.8279847980121363e-06   -1.1677762152694307e-03    2.6456923888881325e-07   -4.2500091062996326e-05    1.4894375954394156e-08 
   2.8279847980121363e-06   -1.1677762152694307e-03    2.6456923888881325e-07   -4.2500091062996326e-05    1.4894375954394156e-08 
   2.8279847980121363e-06   -1.1677762152694307e-03    2.6456923888881325e-07   -4.2500091062996326e-05    1.4894375954394156e-08 
  -1.7425253209953812e-06   -1.2818242909972337e-03    1.3235295707177659e-07   -3.5898097687695411e-05    1.2412244568332905e-08 
  -1.7425253209953812e-06   -1.2818242909972337e-03    1.3235295707177659e-07   -3.5898097687695411e-05    1.2412244568332905e-08 
  -1.7425253209953812e-06   -1.2818242909972337e-03    1.3235295707177659e-07   -3.5898097687695411e-05    1.2412244568332905e-08 
   1.8029566426587005e-06    2.5010856755285703e-03   -3.6880214899220744e-07    5.3784836408961594e-05   -1.1330942601377238e-08 
   1.8029566426587005e-06    2.5010856755285703e-03   -3.6880214899220744e-07    5.3784836408961594e-05   -1.1330942601377238e-08 
   1.8029566426587005e-06    2.5010856755285703e-03   -3.6880214899220744e-07    5.3784836408961594e-05   -1.1330942601377238e-08 
   1.8029566426587005e-06    2.5010856755285703e-03   -3.6880214899220744e-07    5.3784836408961594e-05   -1.1330942601377238e-08 
   1.8029566426587005e-06    2.5010856755285703e-03   -3.6880214899220744e-07    5.3784836408961594e-05   -1.1330942601377238e-08 
   8.6899857873652859e-07    9.8240990081219898e-04   -1.7182416663008164e-07    1.4705278657523384e-05   -5.3457375447437100e-09 
   8.6899857873652859e-07    9.8240990081219898e-04   -1.7182416663008164e-07    1.4705278657523384e-05   -5.3457375447437100e-09 
   8.6899857873652859e-07    9.8240990081219898e-04   -1.7182416663008164e-07    1.4705278657523384e-05   -5.3457375447437100e-09 
   8.6899857873652859e-07    9.8240990081219898e-04   -1.7182416663008164e-07    1.4705278657523384e-05   -5.3457375447437100e-09 
   8.6899857873652859e-07    9.8240990081219898e-04   -1.7182416663008164e-07    1.4705278657523384e-05   -5.3457375447437100e-09 
  -7.0508739926238595e-06    3.1962793050610088e-03   -7.2407038713488843e-07    1.0145135547095747e-04   -4.0044590338681572e-08 
  -7.0508739926238595e-06    3.1962793050610088e-03   -7.2407038713488843e-07    1.0145135547095747e-04   -4.0044590338681572e-08 
  -7.0508739926238595e-06    3.1962793050610088e-03   -7.2407038713488843e-07    1.0145135547095747e-04   -4.0044590338681572e-08 
  -7.0508739926238595e-06    3.1962793050610088e-03   -7.2407038713488843e-07    1.0145135547095747e-04   -4.0044590338681572e-08 
2    20 5 
  -1.2427791239941139e-03   -1.7213269124468028e-04    7.3894031078755476e-05    1.4581697301105501e-05    2.0956292637536345e-07 
   3.6202951585163250e-04    3.3105339761523055e-04    8.8586058232274968e-05   -9.8081008205148073e-06   -9.6143665951116838e-08 
  -3.3504734855575961e-04   -7.5601962627742936e-05   -7.7724959901433272e-05    1.3589362868147815e-06    5.8040431775046013e-06 
   1.2618784057487080e-03   -1.7832784934141950e-05    1.9353343621987217e-04   -9.8725507932973287e-06   -2.2843247808115384e-06 
   6.9245569244631684e-06    4.5956481129877445e-04    3.7201195500417509e-05   -3.8179150252951546e-06    7.7594926133887688e-06 
  -1.2338282411182174e-05    2.2268552175872582e-05   -6.1912046043783665e-06    2.0472776408063920e-06   -4.7246643385297899e-07 
  -2.5412209258661215e-03    3.4530582658054231e-04   -4.3726025089675889e-05    2.7508524632889518e-05   -1.7690458989889455e-06 
   9.4396703168752422e-04    1.3580307040205131e-04    2.3558449020722873e-05   -2.3381224267821956e-05   -1.4797641137673345e-06 
   6.4395030452143076e-04   -5.2450281521489108e-04    1.3842102116307808e-04   -5.3392233226929665e-05    9.8277358038075514e-06 
  -1.2227614213631551e-04    4.5548006047181730e-04   -7.2669002901967219e-05    2.8571701172440806e-05   -6.8045959136038167e-06 
  -4.6453522119477092e-05    6.1664531262521169e-05   -2.8440372954472457e-04   -4.1040428279006735e-05   -4.2189475857683407e-06 
   9.2838364760089768e-04   -1.2615049701333040e-04    1.5974418538209495e-05   -1.0049682882292837e-05    6.4628512529543450e-07 
  -1.2890734748897835e-03   -1.8545153589836735e-04   -3.2171220734125992e-05    3.1929204095419803e-05    2.0207534840927527e-06 
   2.7661085204278913e-04   -2.2530181226213582e-04    5.9459179280934256e-05   -2.2934799504977665e-05    4.2215344185028804e-06 
  -6.5685100893614866e-05    2.4467776955023447e-04   -3.9036812120984201e-05    1.5348334036592131e-05   -3.6553375116060413e-06 
   1.7519889481739768e-05   -2.3256703116805961e-05    1.0726252138648962e-04    1.5478347710258809e-05    1.5911709609834457e-06 
  -3.0927058499314293e-03    2.5257674167803563e-04    6.8460940329476087e-05    7.1816138869562393e-05   -2.5718759433178978e-06 
   7.6046770359538629e-04    8.4542825953244465e-04    2.1357648151753298e-04    1.0409195726490755e-05   -6.2585276330166205e-06 
  -4.4322485006309699e-04    4.3023172111786648e-04    2.0663972936782113e-04    3.3694346158089192e-05   -2.6919031927544681e-06 
  -8.7323131280152453e-06    4.0536405120494514e-04   -7.1441141285821281e-05    8.6902935985318388e-06   -1.1972678811251527e-05 
2    20 5 
  -1.2520588696501359e-03    9.1068809143249625e-05   -6.1007592612094725e-05    1.1619631959799019e-05   -8.5369844358072192e-07 
  -4.7468219504073615e-04   -1.2130739781351445e-04    8.9288035779217645e-05   -2.3044300941519017e-05    7.9596499059522015e-06 
   9.7469640940006864e-05   -3.3685991577861793e-04    2.6953438683662348e-05   -1.7042597690769372e-05    7.5639796307191301e-06 
   1.2752748191274784e-03   -5.8019310277712047e-05    2.2752360836265312e-05   -1.7943763747686851e-06   -3.2732678824812113e-08 
   1.7614103680362541e-05    4.6061191201051332e-04   -1.2142290077946974e-05   -8.8509131569132219e-06    2.6676606989209309e-06 
  -2.4295266679441832e-05    1.0009688965080370e-05   -6.4162792362945019e-07   -3.5022272853711863e-08    2.1081645126573099e-08 
   2.5612697087174798e-03    1.3539986900025538e-04   -2.8197868290116803e-05   -1.9423047997099225e-05    1.0183406244514052e-05 
   9.3958754698901092e-04   -1.6377200302165301e-04    3.0897371959972750e-05   -4.3935071010479816e-06    3.5324878735561043e-07 
  -6.8307258705986975e-04   -4.8799339517571544e-04   -7.5993614810040012e-05    3.4750360176592298e-05   -1.3212190178856436e-05 
   5.0998511689048990e-05   -4.5921080008268336e-04   -1.1333721806472301e-04    4.4505322151630698e-05   -1.5984781318624092e-05 
  -2.8968674676286128e-04    6.4250035096749837e-05   -2.0648010709869365e-05    7.6451274898768815e-06   -4.0957543311012902e-06 
   9.3570806475961352e-04    4.9465602532883899e-05   -1.0301520639661014e-05   -7.0958175904869215e-06    3.7203014260011571e-06 
   1.2830928872537440e-03   -2.2364567610732637e-04    4.2193192453132804e-05   -5.9997365115348991e-06    4.8239358635549809e-07 
  -2.9341594993750739e-04   -2.0961907756395171e-04   -3.2643293115667913e-05    1.4927125074324895e-05   -5.6753373001987951e-06 
   2.7395715363549157e-05   -2.4668187275030400e-04   -6.0883230968177180e-05    2.3907661173785724e-05   -8.5868097842478397e-06 
  -1.0925500491774541e-04    2.4231822749582058e-05   -7.7873721765225414e-06    2.8833505530960416e-06   -1.5447087745186311e-06 
   3.1018945412404370e-03   -1.1447959916274124e-04    5.3571864066089999e-05   -2.6384393610701575e-05    7.3588645981578248e-06 
  -1.0357473192318715e-03    4.7357901374353448e-04   -1.9454891394393541e-04    5.9923930315714874e-05   -1.8241581986200077e-05 
  -4.8209832004872405e-04   -4.2425366304869953e-04    1.1057014328817740e-04   -2.6046345148470010e-05    8.7180928029264969e-06 
  -4.0310144315999758e-04    8.4603691489684380e-06   -7.9616246225968669e-05    2.7734995410849991e-05   -6.9743998633746381e-06 
 TENSORSUMACCUMULATOR_IMPL_H - PrettifyOut: Norm of simple tensor is 5.22295e-08 
 As simple full tensor 3    5 5 5 
   6.1008090606754687e-11   -7.4791677394359930e-12    2.8426040513154659e-12   -9.0590625696828104e-13    2.3315338624871374e-13 
   5.6716456597371177e-12   -1.6588425768858231e-12    1.0288639863843424e-12   -3.3181676917590880e-13    9.7402103337376448e-14 
  -5.1145889571976179e-13   -8.8470242158742424e-14    7.1046970239085856e-14   -2.3439608547546966e-14    7.6954254040671220e-15 
  -1.1619788664892853e-12    1.5810225398584659e-13   -3.7516038273690155e-14    1.1973119658108963e-14   -3.0407542653245531e-15 
  -4.6567545122970431e-14   -4.2224108118731524e-15   -1.1260110025448468e-14    3.9122932390032566e-15   -1.0425227876600793e-15 

  -5.2125204112145333e-08    1.4126238058363649e-09   -1.2103863376247288e-09    6.2374704040106947e-10   -2.0889085369713126e-10 
   1.6449630165969706e-09    5.8677806284611431e-10   -5.3039037071671939e-10    1.4803462076209567e-10   -3.8469737611773625e-11 
  -7.2607482122672790e-10   -1.6530858835565567e-10   -2.4479345477156227e-11    1.3004802748085040e-11   -3.6439570095787245e-12 
   9.2870349213554144e-10   -1.8372637188611902e-11    1.9315623926615071e-11   -9.9725145224412045e-12    3.6095004291694860e-12 
  -9.8249175529541801e-12   -1.2912549506073959e-11    6.0135863020537953e-12   -1.5438409378506940e-12    3.7186049740227935e-13 

   1.0312266155840090e-11   -4.4433533010998793e-13    2.7935973110402224e-13   -1.2852205996660306e-13    4.1105283907320258e-14 
  -1.1239580507335076e-13   -1.5059711831754010e-13    1.1672255245178544e-13   -3.3619754222798888e-14    9.0382888796599447e-15 
   1.0156788861575432e-13    2.4610414293247612e-14    5.9206520185179324e-15   -2.7925836621242374e-15    8.1652852209798381e-16 
  -1.8705549307358816e-13    7.5603784739673198e-15   -4.2559559025386615e-15    1.9855402115085985e-15   -6.8233252851229474e-16 
   4.2233140354156071e-16    1.9380297205770530e-15   -1.3087025055167184e-15    3.6743526506604874e-16   -9.1513392316596964e-17 

  -1.4847793782621294e-09    5.9366655723705836e-11   -3.9388533230669232e-11    1.8235878320302497e-11   -5.8508291018313624e-12 
   2.1268129550337473e-11    1.7527232038366706e-11   -1.6365768466085366e-11    4.7743022366730311e-12   -1.2808195542172272e-12 
  -1.7449241988078140e-11   -3.8740124381289264e-12   -8.7557802510251179e-13    3.9933802910112660e-13   -1.1501971056165888e-13 
   2.6363121887238502e-11   -9.5410455387239489e-13    5.9845064075315514e-13   -2.8344119286108228e-13    9.8108594773782882e-14 
  -5.3696755008119586e-14   -3.2601177662677513e-13    1.8399360942623498e-13   -4.9408186148468336e-14    1.2103161992394977e-14 

   5.2036541271392495e-13   -3.0612920082906233e-14    1.5939157566958368e-14   -6.5484244108942685e-15    1.9917865294188152e-15 
   5.0245688896535289e-15   -6.4804315142873494e-15    6.2085958898142105e-15   -1.9070758283121080e-15    5.2793982735078428e-16 
   5.6472288067169505e-15    8.6472224813518308e-16    3.9025593247109525e-16   -1.5508628798867064e-16    4.5678814231963693e-17 
  -9.3682213378868644e-15    5.4862184064610606e-16   -2.3045797947787478e-16    9.7908002435710967e-17   -3.1761621246095029e-17 
  -9.0232941350302840e-17    1.0643206652867148e-16   -7.1409153749244262e-17    2.0244360052797016e-17   -5.1118740519538724e-18 
