2    11 5 
   4.0210174530764793e-06   -1.0065106615137374e-03   -3.9206712483318045e-07   -3.1445950563645085e-04   -1.5925122247729818e-08 
   1.6570996962074017e-04   -1.4153120251804367e-03    1.3763081249322012e-05    2.5534456373847709e-03    8.0408832116472752e-07 
   5.0079975100132942e-05    2.9962140500558850e-04    2.7422462214466418e-06    8.2537719567525039e-04    1.4080176412666661e-07 
  -1.0035801987238655e-04    1.4930066267177966e-03   -9.5104380215913275e-06   -1.7890201545057527e-03   -5.7790055116833000e-07 
   1.5313173365827926e-05   -1.2930970662780653e-03    1.3466516069801647e-05    3.8076639057667682e-03    7.3617169045369567e-07 
   2.6020219976626810e-04   -9.8114360546785258e-04    2.2229944733332925e-05    4.4236190883127227e-03    1.2704574361214452e-06 
   7.1612803138626339e-04   -6.1807365360132244e-05   -1.9515811896592524e-05    5.9825717788512070e-05    1.5136342307537146e-07 
  -4.6393038220289599e-05    6.1650788771957005e-05   -1.6697505912919684e-05   -1.2549190612156853e-05   -6.3050519485274209e-07 
  -4.3149068831901911e-04    5.9618898392805607e-05   -1.8375821601697700e-05    3.4515616122578484e-05   -4.4964910579553042e-07 
  -3.9588960355243342e-04    5.1220668764666150e-05   -1.5572388258601518e-05    1.9692550997212558e-05   -4.6985907393073804e-07 
   6.3588221530544063e-04    3.7623261324881794e-05    6.9294965588734340e-05   -3.7015691381115431e-04   -2.9539687008064562e-07 
2    11 5 
   2.3470447066607897e-01    2.0917348670534856e-02    5.9474225073117573e-02    4.0963180734973079e-03    3.1820168282093303e-03 
  -2.9976299555576340e-02    2.1494117483531847e-02    1.1365402727460814e-02    4.6684306085534102e-03    5.8741673091240211e-03 
   3.5088650930207334e-03   -1.3588734174144209e-02   -3.3941224212964305e-02   -6.4820868269804051e-04   -1.1337913454444987e-02 
  -3.6241657021260081e-02    4.9682727970474051e-02    1.9924403038711052e-02    1.2561466883698458e-02    8.9090167690951561e-03 
   5.6021342715646492e-03    4.0020760987502478e-03   -1.7251721672775552e-02    1.4269831027063611e-04   -1.6314045393112523e-03 
   1.8904599313052869e-02    8.4872839237068107e-03   -3.2240311429609179e-03    2.5026838921111275e-03   -1.0494894538482184e-03 
  -7.2688027904537194e-04    1.3895266549223632e-02    3.9199485077192498e-03    6.7022302278568627e-03   -1.3324401604701379e-04 
   3.4852843057586839e-02   -1.3696862827525091e-01   -4.4576179409322264e-02   -6.3819424073060960e-02   -3.0084754802341396e-02 
  -2.7483182329143055e-03    3.5903742728711004e-02   -2.1175027287364833e-03    1.4443349369577755e-02    3.1574711041162697e-03 
   4.5645095692718107e-03   -2.8789844181911810e-02    3.6756364782887380e-03   -9.8445931352071185e-03   -3.0962900070869918e-03 
   1.0807590189642969e-03   -3.2857190587249424e-02   -3.7973778227065510e-04   -1.2386783164355654e-02   -5.2354401455904898e-04 
2    11 5 
  -8.9875523690444811e-02   -2.2932800372655888e-02   -6.5761761125290195e-03    1.8196188141319019e-03   -5.5571885408353422e-04 
  -2.2706496556450882e-03   -1.7590973514999069e-03    3.2204019060012391e-02   -2.9123876026112910e-02    9.5113618577345703e-03 
   4.9689505744103619e-03   -1.8494039863334779e-02    3.4633359624013536e-03   -6.7913017180228699e-03    2.2820375907593063e-03 
  -4.0790379121013525e-03    6.4293403336062750e-03    2.5426037110335534e-02   -2.1434093982319703e-02    6.9726274434833754e-03 
   1.1241554141955172e-02   -7.6405768517846717e-05   -5.4615452166073891e-03    4.8047898226871557e-03   -1.5630373389050618e-03 
  -6.1870753934104589e-03    1.5847265044629966e-02    1.8979856540121617e-02   -1.3781177771709320e-02    4.4413815901217903e-03 
  -8.4961398189184103e-03    7.7536025597130297e-04    1.9117311504617369e-03   -1.4889130617949671e-03    4.7929538389833161e-04 
   4.2482216206892094e-04    1.1752832651448395e-03    2.1552209034981398e-04    2.3373897378919961e-07   -3.4017065823265176e-06 
  -4.5427390894777139e-03    2.8027731095252666e-03   -2.6926805656022476e-03    3.0796802091364729e-03   -1.0183049831247481e-03 
  -8.3521028158876978e-03   -3.8027361359338476e-03   -6.7186816744238386e-03    5.3606401813690915e-03   -1.7415058266881608e-03 
   1.4714043276358195e-03   -3.0219559428905943e-04   -2.3633778881078011e-04    1.0459048573057082e-04   -3.1851058591816624e-05 
 TENSORSUMACCUMULATOR_IMPL_H - PrettifyOut: Norm of simple tensor is 2.39827e-05 
 As simple full tensor 3    5 5 5 
  -1.0252141730747517e-07    9.2860050948958958e-08    2.7246528058191052e-08   -5.3317620632736428e-09    1.3771693762334939e-09 
  -1.4906827593641572e-07   -5.7938736844863030e-08    1.7067922396334828e-08   -2.5838771076804210e-08    8.5643621127568020e-09 
  -3.9163192179084847e-08    9.2828185506446206e-09    1.0573657940913651e-09    1.0877518656825338e-09   -4.0389769170351309e-10 
  -5.7610961606745883e-08   -2.1630269881029815e-08    7.2584297465793948e-09   -1.0493124998773546e-08    3.4738480837574841e-09 
  -4.2608590623513143e-09   -8.3917684658346008e-09   -2.8528008362170366e-09    8.2011952783967466e-10   -2.3962684090803645e-10 

   2.1393833232970187e-05    4.6833300465119362e-06    1.2345844722394283e-06   -2.9132402920596363e-07    8.8639339868803113e-08 
   1.6363006161105143e-06    9.5835647914781085e-07    9.0188241397202117e-07   -6.2486513455550643e-07    2.0141983969653903e-07 
   5.4758092083701471e-06    1.8243583902620528e-06    5.3299707462643613e-07   -1.4441978532559328e-07    4.3354669301809443e-08 
   3.2267383423824173e-07    1.9097220182393416e-07    2.4445091249187258e-07   -1.8226715607467195e-07    5.8984449888354458e-08 
   2.5251545571989242e-07    2.5153616858247280e-07    8.7958123677468739e-08   -3.0066934456276776e-08    9.0679920610135398e-09 

   6.2036679461394891e-09    1.1244364232318391e-08    3.9056661368012760e-09   -1.2729999499998993e-09    3.7963039392347888e-10 
   4.2412804212237941e-10   -8.3559267683360158e-11    1.2928656586986518e-12   -5.3273697008378379e-11    1.8189207844948328e-11 
   1.1115030584652614e-09    7.9473318566458743e-10    2.5918511899778180e-10   -1.0865939457749846e-10    3.3620078465631608e-11 
   3.8060230739666167e-10    1.5363438703143777e-10   -5.1373718755331718e-11    5.0688870646938696e-11   -1.6624992834776305e-11 
   1.5842467470002618e-11   -1.9399459376177007e-10   -1.8927023547281596e-11   -4.1410171182654188e-11    1.4449767406866795e-11 

   6.2786519478290708e-06    3.5130919109744152e-06    1.1492390755125436e-06   -3.6423597374462866e-07    1.0969234206785957e-07 
   7.2305906259316336e-07    2.8869417203844981e-07    1.4086715678465770e-07   -7.2477617769261806e-08    2.2993376589648457e-08 
   9.6914814552097038e-07    4.4609075337520677e-07    1.4256166296562004e-07   -4.4204310909032149e-08    1.3337598603260398e-08 
   1.1835815666734084e-07    5.1384068921096873e-08    2.6089209529617525e-08   -1.3782575038972411e-08    4.3763053837372689e-09 
   3.3806658130990856e-08   -5.0243278187533147e-09   -2.0925759507135175e-09    6.9242716259069217e-10   -1.9359433770182192e-10 

   2.0887356556963685e-10    6.1973603582435113e-10    2.2211831040262641e-10   -7.5823099986823901e-11    2.2715205218666944e-11 
   5.8167222141300120e-11    2.1819677112339150e-12   -1.6383231270690629e-11    1.0700323609307601e-11   -3.4181891976781528e-12 
  -1.2671181619689691e-11   -1.2481442730364924e-12   -9.5441149269188315e-13   -3.9088206181681710e-13    1.4008180161075082e-13 
   1.2733779822838341e-11    1.1467596186884672e-11   -7.6430076365645819e-12    7.1347245417986907e-12   -2.3361509937904041e-12 
   4.4022309994314330e-12   -1.9042850607050920e-11   -4.6770413907091817e-12   -3.7746844180746364e-13    2.0026343544068957e-13 
