2    101 5 
   1.3727091409502327e-05   -1.1195618167428227e-03    1.1865432930512709e-05   -7.6249371797496544e-04    6.9464665755868052e-07 
   8.0372887358131338e-04    3.3971606207675378e-04   -1.4133828329761989e-04    2.7936624072290917e-03   -4.6689116930034231e-06 
   5.9953016474573706e-05    1.0676799778543062e-04   -5.7511991687246194e-06    1.0014832129806582e-04   -1.2744090709473364e-07 
  -4.5347202249133719e-05   -1.2304460127981925e-03    1.7196834684277709e-05   -7.9625268896366011e-04   -9.9967061286427309e-10 
  -6.1782650214986493e-05   -1.8221995587062239e-04   -7.4755870376337987e-06    5.1205821986713743e-04   -3.3146068006419897e-07 
  -1.6598532054830313e-04    5.4496039577303992e-04    2.1557434380338171e-05   -3.3029235761645282e-04    6.0071658626870071e-07 
   6.9094194235099784e-04    3.1885549976637850e-04    1.8677992391352309e-04   -2.6814268311627125e-04    5.2770002585270107e-06 
  -2.7866580033209426e-04    4.6660600221337645e-04   -2.9982415402436533e-04   -9.6387177510229825e-04   -5.7357445466340952e-07 
  -5.2093591991253497e-04    1.0216238617354598e-04   -4.2906455687089786e-05   -2.3470565861197703e-04    1.3357539769830591e-07 
  -7.5221759927174183e-04    6.8858806151039542e-05    2.2449217613915811e-05    1.1077308877872793e-04   -1.4943556483894307e-06 
  -5.4004728215738599e-04   -6.2001844118266740e-04    1.6630712807142473e-04    7.0968827832653466e-04   -1.0846385199259368e-06 
   1.0759532207635240e-05   -1.7332434666013168e-04   -2.8960895928940764e-06   -9.1702519972156746e-05   -5.7545536042078447e-06 
  -5.2081124424943823e-05   -8.8089707942748115e-05    2.2826864555777559e-04   -1.0887755829826361e-04   -6.2020707841344819e-06 
   4.3547113091083368e-05    2.2905828133713751e-04    4.5158919151466645e-04    5.6997385614645856e-05   -5.9337074400297913e-06 
   7.2510507976014709e-05   -1.1129493231687577e-04    1.3260880295427516e-04   -1.8317044073408456e-04    5.5523315658922198e-06 
  -2.4447564806293015e-05    7.4376580209633709e-05    5.1263311201764750e-05    8.6797633718660883e-05   -4.4923774511764704e-07 
  -2.5837033031889981e-05    1.0832649386975687e-03   -8.5399242983030686e-07    6.0072585886433192e-06   -9.4287697829904028e-09 
  -5.7023724136547234e-05   -1.3555921009101239e-06   -7.9212672965900760e-07   -9.2138483527541554e-07   -8.1355813626340181e-09 
   4.1472277651730858e-06   -1.7388012103634518e-04    1.3707847614965880e-07   -9.6425427720922950e-07    1.5134576709012478e-09 
   9.1531551521711267e-06    2.1759267761916610e-07    1.2714811188741530e-07    1.4789595874058893e-07    1.3058817113906209e-09 
   5.1710220510553810e-04    1.3809202518088774e-09    1.6991057807466466e-06    1.1529853127357747e-11    9.3571211656370359e-09 
   5.1710220510553810e-04    1.3809202518088774e-09    1.6991057807466466e-06    1.1529853127357747e-11    9.3571211656370359e-09 
   5.1710220510553810e-04    1.3809202518088774e-09    1.6991057807466466e-06    1.1529853127357747e-11    9.3571211656370359e-09 
  -3.4764149255813999e-08   -9.4683450990797979e-04   -5.9802827637896372e-09   -8.5465828855956921e-06   -9.3525817425656100e-11 
  -3.4764149255813999e-08   -9.4683450990797979e-04   -5.9802827637896372e-09   -8.5465828855956921e-06   -9.3525817425656100e-11 
  -3.4764149255813999e-08   -9.4683450990797979e-04   -5.9802827637896372e-09   -8.5465828855956921e-06   -9.3525817425656100e-11 
   4.9347576013293082e-06    3.5968116746985844e-03    8.3498407694244644e-07    2.2517686042756026e-05    1.0173135229761592e-08 
  -7.2110932534469484e-05   -1.4975553168398882e-07   -1.1720174970687602e-05    4.0158655891114150e-05   -1.4042874061819967e-07 
  -3.6649867934438514e-05    1.5366128491716127e-03   -1.2113894707515299e-06    8.5213048127490077e-06   -1.3374723285924634e-08 
  -8.0888233418859899e-05   -1.9229093143164917e-06   -1.1236328874723612e-06   -1.3069856932860138e-06   -1.1540333680821445e-08 
  -4.0560150019370097e-08   -1.1046940767279593e-03   -6.9773364586793298e-09   -9.9714991280785610e-06   -1.0911876938379019e-10 
  -4.0560150019370097e-08   -1.1046940767279593e-03   -6.9773364586793298e-09   -9.9714991280785610e-06   -1.0911876938379019e-10 
  -4.0560150019370097e-08   -1.1046940767279593e-03   -6.9773364586793298e-09   -9.9714991280785610e-06   -1.0911876938379019e-10 
   3.9008779392887254e-08    1.0624410293140103e-03    6.7104628197033021e-09    9.5901028353648350e-06    1.0494512472174820e-10 
   3.9008779392887254e-08    1.0624410293140103e-03    6.7104628197033021e-09    9.5901028353648350e-06    1.0494512472174820e-10 
   3.9008779392887254e-08    1.0624410293140103e-03    6.7104628197033021e-09    9.5901028353648350e-06    1.0494512472174820e-10 
   6.8730407443502740e-06    5.0095739623155647e-03    1.1629506543874048e-06    3.1362224073307993e-05    1.4168957947012778e-08 
  -1.0043479689640556e-04   -2.0857678413193601e-07   -1.6323646795285550e-05    5.5932246419483410e-05   -1.9558659896216335e-07 
   2.6497616854943054e-06    1.9313398013688797e-03    4.4835207599334272e-07    1.2091070431911800e-05    5.4625548265862452e-09 
  -3.8720602220386747e-05   -8.0412555611681713e-08   -6.2932514813395654e-06    2.1563545024493172e-05   -7.5404452760169536e-08 
  -5.1190062706993823e-05    2.1462371500540682e-03   -1.6919870784061775e-06    1.1901983616703383e-05   -1.8680911072310566e-08 
  -1.1297922678402216e-04   -2.6857899885426071e-06   -1.5694146039555680e-06   -1.8255094320159065e-06   -1.6118759441034067e-08 
   3.1544054213054898e-05   -1.3225422559626665e-03    1.0426268167423224e-06   -7.3341737945730022e-06    1.1511446567025068e-08 
   6.9619427407681484e-05    1.6550224891967787e-06    9.6709589189799579e-07    1.1249052148960432e-06    9.9326118150213210e-09 
  -5.5372931408382700e-06   -4.0359835728973632e-03   -9.3693590962139788e-07   -2.5267102975537199e-05   -1.1415278414770484e-08 
   8.0915701309220786e-05    1.6804073176217644e-07    1.3151212221068531e-05   -4.5062041092200650e-05    1.5757513641445076e-07 
  -4.2760317276006998e-05    1.7928046310700541e-03   -1.4133583839049977e-06    9.9420193832765380e-06   -1.5604624065985682e-08 
  -9.4374324378834924e-05   -2.2435063755277330e-06   -1.3109705840147420e-06   -1.5248928869289832e-06   -1.3464395848456000e-08 
   2.9460970727630608e-04    5.3966171194310916e-07    3.6059893033199564e-04    1.0939173469713895e-07    4.7968866013894782e-06 
   2.9460970727630608e-04    5.3966171194310916e-07    3.6059893033199564e-04    1.0939173469713895e-07    4.7968866013894782e-06 
   2.9460970727630608e-04    5.3966171194310916e-07    3.6059893033199564e-04    1.0939173469713895e-07    4.7968866013894782e-06 
  -1.6675131865590850e-06   -1.5821623667378265e-03   -1.7483090315329022e-06   -1.1034435584227498e-03   -3.8487907539560046e-07 
  -1.6675131865590850e-06   -1.5821623667378265e-03   -1.7483090315329022e-06   -1.1034435584227498e-03   -3.8487907539560046e-07 
  -1.6675131865590850e-06   -1.5821623667378265e-03   -1.7483090315329022e-06   -1.1034435584227498e-03   -3.8487907539560046e-07 
  -1.4882563939876072e-05    9.9537689868056255e-04   -1.2848520789741191e-05    6.9340069337641785e-04   -8.3486106607139720e-07 
  -1.4882563939876072e-05    9.9537689868056255e-04   -1.2848520789741191e-05    6.9340069337641785e-04   -8.3486106607139720e-07 
  -1.4882563939876072e-05    9.9537689868056255e-04   -1.2848520789741191e-05    6.9340069337641785e-04   -8.3486106607139720e-07 
   3.2074800455808988e-05    3.3568866839311942e-02    3.3641665390036457e-05    2.3415238586885892e-02    7.4341229951750412e-06 
  -4.6176181284076690e-04    2.5594575979276011e-04   -4.8235335845194112e-04    6.5206055727277869e-04   -1.0225514705838911e-04 
   2.3063509615178063e-04   -1.5537571993561981e-02    1.9916369865364162e-04   -1.0823858117027635e-02    1.2982763789305478e-05 
   5.0164447769701236e-04    2.8456135840256629e-05    4.1807054340185258e-04    3.6397024533300430e-05    1.4698190190564793e-05 
   6.3473216676945112e-07    4.6263915113644097e-04    1.0739965266640491e-07    2.8963326686406322e-06    1.3085173961707441e-09 
  -9.2752536503596139e-06   -1.9262274014408310e-08   -1.5075050600373341e-06    5.1653987343672697e-06   -1.8062617459727772e-08 
   8.9636091835182935e-06   -3.7581573475205731e-04    2.9627451330165702e-07   -2.0840906224205694e-06    3.2711111725474395e-09 
   1.9783168474409723e-05    4.7029385261942356e-07    2.7481152420705808e-07    3.1965487526510557e-07    2.8224669498760999e-09 
  -1.0028831777787185e-06    1.4665575809699541e-03   -7.2794929220530419e-07    1.0230521249699597e-03    2.6333065285923837e-07 
  -1.0028831777787185e-06    1.4665575809699541e-03   -7.2794929220530419e-07    1.0230521249699597e-03    2.6333065285923837e-07 
  -1.0028831777787185e-06    1.4665575809699541e-03   -7.2794929220530419e-07    1.0230521249699597e-03    2.6333065285923837e-07 
   5.6271426183886375e-06   -1.2427510536947703e-03    4.8214261267597143e-06   -8.6582663125719516e-04    2.7702181366770150e-07 
   5.6271426183886375e-06   -1.2427510536947703e-03    4.8214261267597143e-06   -8.6582663125719516e-04    2.7702181366770150e-07 
   5.6271426183886375e-06   -1.2427510536947703e-03    4.8214261267597143e-06   -8.6582663125719516e-04    2.7702181366770150e-07 
  -1.5673263482718875e-06   -1.1423818884251675e-03   -2.6519895198638456e-07   -7.1518330763437421e-06   -3.2310853294685066e-09 
   2.2903123859474920e-05    4.7563793314701862e-08    3.7224399903588181e-06   -1.2754774311988951e-05    4.4601515009826177e-08 
  -1.6764808030206029e-05    7.0289528680411272e-04   -5.5412783378351381e-07    3.8979141646065651e-06   -6.1180211821433948e-09 
  -3.7000834698654621e-05   -8.7959950010403661e-07   -5.1398519876245825e-07   -5.9785656759697254e-07   -5.2789133949837371e-09 
  -9.8176538047247991e-06   -1.0274966907411698e-02   -1.0297249539208073e-05   -7.1670814138906263e-03   -2.2754824619697395e-06 
   1.4133891884872941e-04   -7.8341465160307382e-05    1.4764170680818173e-04   -1.9958673850021321e-04    3.1298889449167961e-05 
   5.1556495345108970e-06   -2.1616005096462723e-04    1.7040987902504453e-07   -1.1987181309865733e-06    1.8814634204587289e-09 
   1.1378796336165919e-05    2.7050156166993476e-07    1.5806489081000186e-07    1.8385769338259068e-07    1.6234141982738093e-09 
   1.6114375155002642e-06    1.0633812253785836e-03    2.7164485436651306e-07    6.5723239460815955e-06    3.3046172649340739e-09 
   1.6114375155002642e-06    1.0633812253785836e-03    2.7164485436651306e-07    6.5723239460815955e-06    3.3046172649340739e-09 
   1.6114375155002642e-06    1.0633812253785836e-03    2.7164485436651306e-07    6.5723239460815955e-06    3.3046172649340739e-09 
   1.6070754443316058e-05   -6.6885979986396570e-04    5.2893261933628498e-07   -3.7072842951895846e-06    5.8385865951432851e-09 
   1.6070754443316058e-05   -6.6885979986396570e-04    5.2893261933628498e-07   -3.7072842951895846e-06    5.8385865951432851e-09 
   1.6070754443316058e-05   -6.6885979986396570e-04    5.2893261933628498e-07   -3.7072842951895846e-06    5.8385865951432851e-09 
  -9.7810850355556132e-06    4.1008990731865763e-04   -3.2329457355189093e-07    2.2741584536262048e-06   -3.5694345753352240e-09 
  -2.1587381729752495e-05   -5.1318437361456971e-07   -2.9987417255566239e-07   -3.4880721068772813e-07   -3.0798742651057343e-09 
  -1.3483179202841372e-04    9.0834340073020162e-03   -1.1643326989056841e-04    6.3277454772958687e-03   -7.5898652737641547e-06 
  -2.9326683153431930e-04   -1.6635767294587221e-05   -2.4440859826497526e-04   -2.1278097411061119e-05   -8.5927222527489666e-06 
  -1.1454487444167243e-05   -1.1988045389575677e-02   -1.2014043059814541e-05   -8.3620023377913178e-03   -2.6548588704066417e-06 
   1.6490343859403643e-04   -9.1402828708886266e-05    1.7225704944452808e-04   -2.3286253881479855e-04    3.6517149956880412e-05 
  -5.7851435925802960e-06    2.4255274247000905e-04   -1.9121656993072638e-07    1.3450791153213414e-06   -2.1111861810392842e-09 
  -1.2768123642774207e-05   -3.0352923832442856e-07   -1.7736428439528055e-07   -2.0630633438116198e-07   -1.8216296868864985e-09 
  -2.5860239943791870e-07   -1.8848831179728331e-04   -4.3756736041423023e-08   -1.1800230347439609e-06   -5.3311578658171466e-10 
   3.7789212126845562e-06    7.8478302180736456e-09    6.1418728418101180e-07   -2.1044852879594978e-06    7.3590664846696975e-09 
   1.5718173653226183e-06    1.0372360454132847e-03    2.6496596683816557e-07    6.4107312940208342e-06    3.2233671816656056e-09 
   1.5718173653226183e-06    1.0372360454132847e-03    2.6496596683816557e-07    6.4107312940208342e-06    3.2233671816656056e-09 
   1.5718173653226183e-06    1.0372360454132847e-03    2.6496596683816557e-07    6.4107312940208342e-06    3.2233671816656056e-09 
   1.0746941628258803e-06    7.0918641571914443e-04    1.8116441782028878e-07    4.3831908548200159e-06    2.2039035648836441e-09 
   1.0746941628258803e-06    7.0918641571914443e-04    1.8116441782028878e-07    4.3831908548200159e-06    2.2039035648836441e-09 
   1.0746941628258803e-06    7.0918641571914443e-04    1.8116441782028878e-07    4.3831908548200159e-06    2.2039035648836441e-09 
2    101 5 
   1.3932952105497737e-01   -3.8400101847571338e-02    1.3290156813709368e-02    6.5346998640370974e-04   -1.4242690106959922e-04 
   1.2472695611229653e-02    1.9664352682119784e-02   -6.6290077829643458e-04    1.3821026737816030e-04    5.5211879313221313e-05 
   8.7403691327808675e-02   -3.1503051076116823e-01    3.6564120824132150e-02    4.2509776893134588e-04    4.6173323238277034e-04 
   1.4860228437851212e-02   -5.7057264816741657e-02    2.2351842753378648e-02    2.5722953157671842e-03    2.8099282686414766e-04 
   7.5240035331702329e-02    1.6022361079309122e-01   -4.6569315521562848e-02   -4.5226242380438167e-03    7.9688027712276552e-05 
  -3.2867309754748365e-02   -1.6109748957040237e-01    1.3640813996876971e-03   -1.1750975712055405e-03   -1.5138802876430124e-04 
   1.1440840689713112e-02    7.7860672716339356e-04    7.9004093802706992e-03   -2.3843854202069156e-04   -3.9384757598870986e-04 
   1.4365076561069024e-03   -5.6350141096834399e-04    1.4690401984928157e-02    6.3143665762485754e-04    1.7668635680913791e-04 
  -1.6153078601470526e-03    2.1155959586417601e-04   -1.6520492768366576e-02    1.2032586277611695e-02    2.5872584224040521e-03 
   3.8607545921181255e-03   -5.3166565726595213e-04   -5.0374695348716358e-03   -7.8308452965656049e-03   -1.5219745049415189e-03 
  -6.5394224164314957e-03    2.6290649198387511e-03   -7.7393781214754806e-03   -3.4174811928631243e-03   -7.0263253457346895e-04 
   1.0167687222470236e-03    2.2123138037284678e-04    1.0040340504968810e-03   -5.8841846409379076e-03    1.0142381626701953e-04 
  -1.3155576279470778e-03   -1.4712279999912535e-03    2.4225719822145845e-03    4.3890614425151162e-03    1.1131843296674335e-03 
   4.2802992332985178e-04    1.7297472041439587e-03   -7.8436816745671594e-04    7.4196265045398946e-03    1.5643156132056385e-03 
  -1.5382542548894346e-03   -6.9944327319208376e-04    5.8792655551334113e-03   -6.5669557889302486e-03   -1.9482636630840987e-03 
  -3.3992395238910021e-04    4.7501115015211887e-03   -9.5834450363840289e-03    2.0480850895106317e-02    1.3101880667969173e-03 
  -1.5419388858839036e-03   -1.3073921747292385e-02   -1.4647190512582346e-03   -1.9013156206947190e-05    3.7570340524728642e-07 
   5.2310527709536212e-04   -5.7802979133736237e-04    6.3367259536982153e-04   -6.2177412658517134e-04   -1.4166914935145453e-05 
  -3.8106301420114688e-02   -6.9854571095138490e-03   -3.1145574445201912e-02   -4.2005311252637173e-03   -8.0166946659822354e-05 
  -1.1257737226805476e-03    2.4907832134539423e-03   -3.0677683283998232e-03    1.6955670998214374e-03   -1.8953843418308990e-03 
  -7.6383299987984950e-05   -5.0413360237135075e-04    1.8499186213198046e-05    4.0584755972560520e-07   -3.8697834456914731e-09 
   2.3901838140036791e-04   -3.8048488488084034e-05   -4.9960165643433427e-05   -7.0564219661589368e-07    1.2014165276709665e-08 
  -6.5486165725566657e-06   -1.5327949703569694e-07   -3.1206881849170624e-05   -4.3450093584369742e-07    7.6419188676944683e-09 
  -1.3986577422822721e-04   -9.2312110921137947e-04    3.3873935830320089e-05    7.4314913297261867e-07   -7.0859763562500316e-09 
   4.3766753956164188e-04   -6.9670743492841514e-05   -9.1482264439850824e-05   -1.2921043235015193e-06    2.1999187366835448e-08 
  -1.1991198693804962e-05   -2.8067071636841146e-07   -5.7143049485550326e-05   -7.9561644762961791e-07    1.3993149015393583e-08 
   3.5968551673912605e-03    1.4866170983367853e-05   -2.9518170363905958e-07   -3.9069256528178008e-09    2.9985927749166849e-11 
   3.5968551673912605e-03    1.4866170983367853e-05   -2.9518170363905958e-07   -3.9069256528178008e-09    2.9985927749166849e-11 
  -1.5312184857735041e-03   -1.3403450015000249e-04   -1.0211050011372055e-06    1.6656568293999994e-08    3.5919698506388530e-10 
  -5.3787441711805757e-06    6.1842548945325131e-05   -5.1919157707552809e-05   -7.3754184825908208e-07    1.1293758904457725e-08 
  -1.6318468614109658e-04   -1.0770270947849830e-03    3.9521517092627279e-05    8.6704956011812098e-07   -8.2673751607813118e-09 
   5.1063700516876438e-04   -8.1286493946291672e-05   -1.0673450808440197e-04   -1.5075284833306705e-06    2.5666968960957658e-08 
  -1.3990413352383815e-05   -3.2746512155889906e-07   -6.6670138902092950e-05   -9.2826440929914846e-07    1.6326135845618154e-08 
  -1.5694309362602405e-04   -1.0358322718373946e-03    3.8009872764333109e-05    8.3388609256117799e-07   -7.9511592943107782e-09 
   4.9110583355732639e-04   -7.8177396002180802e-05   -1.0265205817740806e-04   -1.4498675672219153e-06    2.4685242273609109e-08 
  -1.3455299051354939e-05   -3.1494002560778709e-07   -6.4120096678214509e-05   -8.9275955693769489e-07    1.5701683332923678e-08 
   5.0096345381478542e-03    2.0705332892874266e-05   -4.1112371467880687e-07   -5.4414950776367639e-09    4.1763855456983383e-11 
   5.0096345381478542e-03    2.0705332892874266e-05   -4.1112371467880687e-07   -5.4414950776367639e-09    4.1763855456983383e-11 
   1.4996644902960619e-04    1.9254497091055920e-03    1.9511858531645925e-05   -3.8990424357376180e-07   -9.5663000979305405e-09 
   1.4996644902960619e-04    1.9254497091055920e-03    1.9511858531645925e-05   -3.8990424357376180e-07   -9.5663000979305405e-09 
  -2.1387026672257132e-03   -1.8721034629246109e-04   -1.4262105700392433e-06    2.3264770748381895e-08    5.0170211315565301e-10 
  -7.5126669460351885e-06    8.6377499753466098e-05   -7.2517176419251045e-05   -1.0301486905478788e-06    1.5774360430194490e-08 
  -1.3178993990830932e-03   -1.1536171280929794e-04   -8.7885150284067333e-07    1.4336086946050729e-08    3.0915607091108218e-10 
  -4.6294136185533973e-06    5.3227059919956120e-05   -4.4686128974676851e-05   -6.3479246603286904e-07    9.7203881822621871e-09 
   4.0360323760622371e-03    1.6681335390122726e-05   -3.3122348753689979e-07   -4.3839625705800520e-09    3.3647219470801567e-11 
   4.0360323760622371e-03    1.6681335390122726e-05   -3.3122348753689979e-07   -4.3839625705800520e-09    3.3647219470801567e-11 
  -1.7865108924181759e-03   -1.5638140259052803e-04   -1.1913487355220755e-06    1.9433634692900294e-08    4.1908410347869900e-10 
  -6.2755153092935239e-06    7.2153248104183315e-05   -6.0575379432455638e-05   -8.6050851512772636e-07    1.3176710891761637e-08 
  -7.6397415773855751e-04   -7.9927707515655422e-03   -3.2422046608014731e-04   -5.5188671867775051e-03    1.8911324794967262e-04 
   1.8675735333097618e-03   -5.3723907162009604e-04    7.3427751776561768e-04   -4.2239724678624186e-04   -7.1280464405644331e-04 
  -3.0403220475542884e-04   -1.8363705645968375e-05   -7.4215856761339577e-04   -1.9006074157381388e-05   -4.4151397585550284e-04 
  -5.2912160153199038e-03   -6.5735587676092936e-04   -6.4503927981409441e-03    2.3557252447217004e-04    9.4854116479399951e-06 
  -3.2357890620863264e-04    1.8506623297094621e-03   -4.8780300344414984e-04   -7.4159906646247855e-04   -1.6473326628825806e-05 
  -5.3564999751415654e-06   -4.6796997601094935e-04   -1.0600959050758378e-05   -4.6126042598476055e-04   -1.0228757149183012e-05 
  -5.6309479791975151e-05   -3.7164538452319490e-04    1.3637530093671215e-05    2.9918928570232200e-07   -2.8527897167150466e-09 
   1.7620344655823618e-04   -2.8049201775413996e-05   -3.6830445112284573e-05   -5.2019675789024328e-07    8.8567971922232658e-09 
  -4.8276153637742450e-06   -1.1299706535608385e-07   -2.3005595243107365e-05   -3.2031244618042878e-07    5.6335936797708826e-09 
   1.0780616022223015e-03    3.2737783710394303e-04    1.3046618117526386e-03   -1.2601271236320355e-04   -3.6922550330422903e-06 
   1.0780616022223015e-03    3.2737783710394303e-04    1.3046618117526386e-03   -1.2601271236320355e-04   -3.6922550330422903e-06 
  -3.3681769615984838e-05   -2.9483180856228581e-06   -2.2460951014877313e-08    3.6638970929613709e-10    7.9011520629380072e-12 
  -1.1831467793801391e-07    1.3603326405698954e-06   -1.1420506771627671e-06   -1.6223494456221323e-08    2.4842554413537157e-10 
  -1.5305883228442277e-04   -1.2971409243048514e-03   -1.4541080309366327e-04   -1.8087205415332534e-06    3.9050295866788165e-08 
  -1.5305883228442277e-04   -1.2971409243048514e-03   -1.4541080309366327e-04   -1.8087205415332534e-06    3.9050295866788165e-08 
  -5.3494290698446708e-04   -4.5357191320685138e-03   -5.0815312744801309e-04   -6.5962102294759099e-06    1.3034230708290141e-07 
   1.8148025200615984e-04   -2.0053514424754894e-04    2.1983923185723900e-04   -2.1571131113444326e-04   -4.9149098759929544e-06 
  -4.9049649506582374e-03   -6.0936985492296794e-04   -5.9795235161924825e-03    2.1837607319916130e-04    8.7929904091995683e-06 
  -2.9995811721357486e-04    1.7155666743610758e-03   -4.5219409447503267e-04   -6.8746341444149179e-04   -1.5270797771474164e-05 
  -4.9654832764718685e-06   -4.3380884916589552e-04   -9.8271044759432937e-06   -4.2758908652194789e-04   -9.4820727712255757e-06 
  -7.0297928837057474e-05   -4.6396984824490786e-04    1.7025376962810353e-05    3.7351414349434786e-07   -3.5614821737583174e-09 
   2.1997605718887181e-04   -3.5017208427937338e-05   -4.5979895731686619e-05   -6.4942448061201714e-07    1.1057010312354056e-08 
  -6.0268956941003765e-06   -1.4106789280497602e-07   -2.8720664854811687e-05   -3.9988473753267740e-07    7.0330958314743612e-09 
   1.4804337024720967e-03   -2.2121599390856213e-03    1.7971539429178520e-03   -4.6447725298317828e-04   -1.0799407265366818e-05 
   1.4804337024720967e-03   -2.2121599390856213e-03    1.7971539429178520e-03   -4.6447725298317828e-04   -1.0799407265366818e-05 
  -1.0005138509614102e-03   -8.4832414010061526e-03   -9.5040841888545402e-04   -1.2337016926996325e-05    2.4378168567154223e-07 
   3.3942595263423595e-04   -3.7506467850043475e-04    4.1116947918382475e-04   -4.0344895087154322e-04   -9.1924490313893700e-06 
   1.9482080932296106e-04    4.8994454129487001e-04   -4.3440599716830982e-05   -7.5939900208168464e-07    9.8630163147205912e-09 
   1.9482080932296106e-04    4.8994454129487001e-04   -4.3440599716830982e-05   -7.5939900208168464e-07    9.8630163147205912e-09 
  -3.0768612206515718e-04   -2.6088350967955246e-03   -2.9227729381651687e-04   -3.7939793561799577e-06    7.4969718232993245e-08 
   1.0438301778025849e-04   -1.1534292737728900e-04    1.2644616807658862e-04   -1.2407188868563616e-04   -2.8269363707778359e-06 
  -2.9169789204293757e-03   -3.6239178861346695e-04   -3.5560180809456154e-03    1.2986808441161477e-04    5.2291846994198737e-06 
  -1.7838486385234254e-04    1.0202461946299576e-03   -2.6891948358352837e-04   -4.0883396898139409e-04   -9.0815318041268008e-06 
  -2.9529691226986797e-06   -2.5798579220078378e-04   -5.8441715473087944e-06   -2.5428690409353349e-04   -5.6389814552967536e-06 
  -3.1052724067031186e-05   -2.0494953281435146e-04    7.5206246003174416e-06    1.6499250866903592e-07   -1.5732145319346602e-09 
   9.7170086206560180e-05   -1.5468161422378148e-05   -2.0310712398033919e-05   -2.8687046023167209e-07    4.8842163050307689e-09 
  -2.6622623463555111e-06   -6.2313960346456988e-08   -1.2686787441851448e-05   -1.7664119866179532e-07    3.1067314187588550e-09 
  -5.8372938347236796e-04   -4.9493740322517363e-03   -5.5449639189887828e-04   -7.1977806981519662e-06    1.4222944834013350e-07 
   1.9803114357218996e-04   -2.1882383070753210e-04    2.3988843968126723e-04   -2.3538405503184084e-04   -5.3631467475816531e-06 
  -1.9690729779576741e-05   -1.7236189009703021e-06   -1.3130916874877129e-08    2.1419541912501038e-10    4.6190996492304859e-12 
  -6.9168050811957389e-08    7.9526529458498862e-07   -6.6765527865621163e-07   -9.4844317581908833e-09    1.4523228190458266e-10 
   2.2730201722721182e-04    5.7162981178858962e-04   -5.0683168700048047e-05   -8.8600866433807007e-07    1.1507412950761562e-08 
   2.2730201722721182e-04    5.7162981178858962e-04   -5.0683168700048047e-05   -8.8600866433807007e-07    1.1507412950761562e-08 
  -3.4525395601002343e-04   -2.9273684224071319e-03   -3.2796374196131998e-04   -4.2572163247067219e-06    8.4123364509161909e-08 
   1.1712796660119473e-04   -1.2942605830740988e-04    1.4188498154462010e-04   -1.3922080759066512e-04   -3.1720994071776209e-06 
  -5.3339315762276050e-04   -4.6717693720112428e-05   -3.3289360687245634e-07    6.1262306829145254e-09    1.2016447307356029e-10 
  -5.3339315762276050e-04   -4.6717693720112428e-05   -3.3289360687245634e-07    6.1262306829145254e-09    1.2016447307356029e-10 
  -2.8452596376270507e-03   -3.5348172108065672e-04   -3.4685868470030749e-03    1.2667503909761509e-04    5.1006155919584866e-06 
  -1.7399894443116372e-04    9.9516156859848432e-04   -2.6230760430010066e-04   -3.9878203516890791e-04   -8.8582456695658406e-06 
  -2.8803649546897501e-06   -2.5164273779602095e-04   -5.7004818589770575e-06   -2.4803479364464231e-04   -5.5003367421392227e-06 
  -1.1635053637407179e-03   -1.2172704464407944e-02   -4.9377619320974586e-04   -8.4050376685459918e-03    2.8801272414134610e-04 
   2.8442478075674901e-03   -8.1819592339532588e-04    1.1182784414114724e-03   -6.4329592472064869e-04   -1.0855760214637793e-03 
  -4.6303019205515251e-04   -2.7967268003522889e-05   -1.1302809989285234e-03   -2.8945572309966397e-05   -6.7241002051035862e-04 
2    101 5 
  -5.2976575865513770e-02   -3.7692465542791147e-02   -1.3785379771443543e-02    5.7942297375337499e-03   -1.1312180033867421e-03 
   5.2611562716880856e-03   -1.6055783172473588e-02   -2.2341614060628859e-02    2.1513394639459230e-02   -6.0002749337118161e-03 
   1.1075618014185714e-02   -3.7217200105660340e-02    4.7919740542627688e-03   -1.2381545306014822e-02    5.3957333255593033e-03 
   8.7847766034194127e-03   -2.2622220507168580e-02   -6.6587523416052298e-03   -3.0731028418385497e-03    9.7047630790901129e-04 
   1.7616180762827408e-02    2.9426591909782595e-02    1.1893918895531564e-02   -4.1581225299430410e-03    9.5118532922138410e-04 
  -5.0338584076447667e-04   -5.0212585908815631e-03    2.1150341837371928e-02   -2.3197851992932256e-02    7.6178854960120678e-03 
   3.7051229968032605e-03   -6.0120416571901062e-03    3.7579294469723120e-04    4.5808834322966724e-03   -2.0994086075093862e-03 
   1.8218937587811614e-03   -2.3287485811293008e-03   -1.9711355225346034e-03    5.5301424246563370e-03   -3.1939043812843004e-04 
  -6.4259917791643431e-03   -3.0371227722178727e-03   -6.2102689410920226e-03    5.4352494789478541e-03   -6.7102490463090902e-04 
  -5.9688946767342752e-03   -5.3026620420407499e-03   -9.9288047479313864e-03    9.2226270714867494e-03   -8.8153568420200183e-04 
  -2.2838514643484763e-03    1.6802721561889333e-03    5.5997848036515212e-03   -8.9603605671668834e-03    7.3792207203432188e-04 
  -6.0664895432388315e-04    3.6627083959576627e-03    5.7688168284121587e-04   -2.5657291376597483e-04    5.7495209949376689e-03 
  -3.7971957419399908e-04   -1.6464216467295286e-03    4.9175114206265538e-03    4.3214108251339554e-03   -1.3266292480991585e-04 
  -2.4345568267934285e-03   -6.1285747183590863e-04   -2.7674631610051692e-03   -1.1804567821042927e-03    1.6366674665687832e-03 
  -1.7906818223719057e-03   -2.0294349357985312e-03   -2.1672625072900660e-03   -2.1929155216965906e-03    3.0546379778662535e-03 
   2.3669554460145912e-03    1.6887687154365401e-03   -6.6913085631125106e-04   -7.4791828715366953e-04   -3.3781785758134754e-03 
  -1.7375491341810692e-03    3.3122400502267682e-03    5.8990833666022671e-04   -1.2097167636942231e-04    2.2787869644285539e-05 
  -1.7375491341810692e-03    3.3122400502267682e-03    5.8990833666022671e-04   -1.2097167636942231e-04    2.2787869644285539e-05 
   2.9374003679676656e-03    2.1832411862582636e-04    2.9122499017481244e-05   -3.8778616719996083e-06    5.9315229485315620e-07 
   2.9374003679676656e-03    2.1832411862582636e-04    2.9122499017481244e-05   -3.8778616719996083e-06    5.9315229485315620e-07 
  -3.3060871453216876e-04   -3.8498113097205585e-04   -5.2342830064155060e-05    8.5598314589029915e-06   -1.3587758722978028e-06 
   1.8766121849669748e-04   -1.6077244981956785e-04   -2.9603316242778977e-06   -7.3839405707436487e-07    4.0989277728512859e-07 
   1.8898493120122594e-06    2.7368699046521583e-06   -3.0850163890030065e-05    7.1801630899234715e-06   -1.6176700813595930e-06 
  -6.0537897461767688e-04   -7.0494052960706115e-04   -9.5845171043554809e-05    1.5673942529989224e-05   -2.4880600787274329e-06 
   3.4362722770267588e-04   -2.9439109297607971e-04   -5.4206753919647788e-06   -1.3520763896620479e-06    7.5055634745501678e-07 
   3.4605108347093595e-06    5.0114937196523568e-06   -5.6489861765928956e-05    1.3147626114805931e-05   -2.9621223279275551e-06 
  -3.3408967211107530e-03   -1.3217627953411360e-03   -1.6802634740601161e-04    2.6256721682773773e-05   -4.0325469017937814e-06 
   3.0303144851077247e-05   -7.7402253625577722e-05    6.0248068423900921e-06   -2.0218906530151419e-06    5.7713844199726584e-07 
   1.5327725061685987e-03    1.1392427471325284e-04    1.5196486761456229e-05   -2.0235170589559284e-06    3.0951433772399387e-07 
   1.5327725061685987e-03    1.1392427471325284e-04    1.5196486761456229e-05   -2.0235170589559284e-06    3.0951433772399387e-07 
  -7.0630987827090090e-04   -8.2247068453184609e-04   -1.1182481376294920e-04    1.8287157143793088e-05   -2.9028781722168313e-06 
   4.0091796303716091e-04   -3.4347300742529091e-04   -6.3244293851841925e-06   -1.5774993024795330e-06    8.7569173135093126e-07 
   4.0374593253132307e-06    5.8470275108554839e-06   -6.5908049437348685e-05    1.5339644404671629e-05   -3.4559777405274594e-06 
  -6.7929448513697865e-04   -7.9101229839381184e-04   -1.0754766658028581e-04    1.7587698231012741e-05   -2.7918470264620766e-06 
   3.8558339570473851e-04   -3.3033563159076256e-04   -6.0825285546213366e-06   -1.5171620976123128e-06    8.4219771248702279e-07 
   3.8830319920829821e-06    5.6233866533082039e-06   -6.3387156099995351e-05    1.4752923849182199e-05   -3.3237912878177833e-06 
  -4.6531402638044436e-03   -1.8409272107506923e-03   -2.3402404436942995e-04    3.6569884990937909e-05   -5.6164580712264614e-06 
   4.2205669674088508e-05   -1.0780445279213392e-04    8.3912415259126153e-06   -2.8160525726837427e-06    8.0382793795373268e-07 
  -1.7939240064006690e-03   -7.0973220882487528e-04   -9.0223231509906494e-05    1.4098778647802253e-05   -2.1653116806494331e-06 
   1.6271541312330850e-05   -4.1561823821441617e-05    3.2350732544935508e-06   -1.0856720466219844e-06    3.0989958461552001e-07 
   2.1408732180613985e-03    1.5912174027072785e-04    2.1225427377706142e-05   -2.8263120980933108e-06    4.3230874351710385e-07 
   2.1408732180613985e-03    1.5912174027072785e-04    2.1225427377706142e-05   -2.8263120980933108e-06    4.3230874351710385e-07 
  -6.0674202932641549e-04    1.1566149181951079e-03    2.0599255253319208e-04   -4.2242604233459823e-05    7.9573912472502164e-06 
  -6.0674202932641549e-04    1.1566149181951079e-03    2.0599255253319208e-04   -4.2242604233459823e-05    7.9573912472502164e-06 
  -3.7488213186139684e-03   -1.4831504709544652e-03   -1.8854242014253856e-04    2.9462676107081271e-05   -4.5249222157125422e-06 
   3.4003168886045766e-05   -8.6853094460177964e-05    6.7604377556975498e-06   -2.2687641722158488e-06    6.4760723714669927e-07 
   1.7883240068683154e-03    1.3291829975736866e-04    1.7730121062452978e-05   -2.3608879466946884e-06    3.6111811661167779e-07 
   1.7883240068683154e-03    1.3291829975736866e-04    1.7730121062452978e-05   -2.3608879466946884e-06    3.6111811661167779e-07 
  -1.4322779543580094e-05   -1.6678325842540275e-05   -2.2676196444392961e-06    3.7083287138863336e-07   -5.8865499947865213e-08 
   8.1299437772269690e-06   -6.9650564375032721e-06   -1.2824881912268862e-07   -3.1989039704326297e-08    1.7757559397271824e-08 
   8.1872902548382031e-08    1.1856790992113354e-07   -1.3365046862284756e-06    3.1106225729545390e-07   -7.0081431405536326e-08 
  -2.8591594925312346e-04   -3.3293812494378819e-04   -4.5266955426644210e-05    7.4026854993287313e-06   -1.1750921142535881e-06 
   1.6229256237364038e-04   -1.3903870522275418e-04   -2.5601443315164015e-06   -6.3857553800427678e-07    3.5448213358596568e-07 
   1.6343733127360491e-06    2.3668908966245273e-06   -2.6679738027214415e-05    6.2095252042969265e-06   -1.3989881589927109e-06 
  -1.6616098113055957e-03   -1.0335302960305429e-03   -3.0410973379479986e-03    7.5274515595486879e-04   -1.7664510982441393e-04 
  -1.5249048080075594e-03    1.8248892307748609e-03   -1.1459648937465023e-03    1.3014326147308986e-04   -1.6158547276236993e-05 
  -5.0949196448476604e-06   -2.4847764623405296e-04    1.1611565589815775e-04    2.5166080757421032e-04   -8.8407146620702310e-05 
  -6.7796569964478012e-05   -2.6822434607016606e-05   -3.4097462354358478e-06    5.3282571034167180e-07   -8.1832175905038399e-08 
   6.1493947629626955e-07   -1.5707182057367140e-06    1.2226095946981683e-07   -4.1030077419481247e-08    1.1711827700273395e-08 
  -3.2774595423521320e-04    7.2693373174369518e-04   -5.0264586061286515e-05   -4.1527384683109467e-05    1.4829588520772929e-05 
  -3.2774595423521320e-04    7.2693373174369518e-04   -5.0264586061286515e-05   -4.1527384683109467e-05    1.4829588520772929e-05 
   6.2823844308161320e-07   -3.0879833209034304e-03   -2.0423274495988439e-03    4.6801533193963101e-04   -1.0396997856172875e-04 
  -1.0026100370741348e-04    9.6155298408383985e-05   -1.0616069808188860e-04    1.0930672920764065e-06    2.1477055407475180e-06 
  -2.1912640594820684e-07    1.0872014104326166e-03    7.1905571650658011e-04   -1.6477677194717016e-04    3.6605241921186418e-05 
  -2.1912640594820684e-07    1.0872014104326166e-03    7.1905571650658011e-04   -1.6477677194717016e-04    3.6605241921186418e-05 
  -2.6504450127537671e-04   -3.0863412660887569e-04   -4.1962533593003308e-05    6.8623002368120335e-06   -1.0893121009462812e-06 
   1.5044544163202037e-04   -1.2888908219357202e-04   -2.3732575231017286e-06   -5.9196045354979417e-07    3.2860545399006754e-07 
   1.5150664406916752e-06    2.1941113075636643e-06   -2.4732155999176030e-05    5.7562389059755508e-06   -1.2968640604309686e-06 
  -2.0743883392572902e-03   -1.2902807745642211e-03   -3.7965693350287392e-03    9.3974275026593990e-04   -2.2052743882071082e-04 
  -1.9037229623257732e-03    2.2782297715136447e-03   -1.4306464710376970e-03    1.6247356160022029e-04   -2.0172667386229694e-05 
  -6.3606039328935495e-06   -3.1020467525346134e-04    1.4496120627206075e-04    3.1417860025141782e-04   -1.1036932546329676e-04 
   1.5512915783843825e-06   -7.6250706601324984e-03   -5.0430619261775432e-03    1.1556571409916153e-03   -2.5673015385125361e-04 
  -2.4757168620365811e-04    2.3743358318902745e-04   -2.6213963615793372e-04    2.6990804263553651e-06    5.3032690929712561e-06 
  -3.8017796203175698e-04    2.2324010184029573e-03    9.5108528397132373e-04   -9.8052464465864236e-05   -2.7682246982489135e-05 
  -3.8017796203175698e-04    2.2324010184029573e-03    9.5108528397132373e-04   -9.8052464465864236e-05   -2.7682246982489135e-05 
  -2.0751594510340996e-05   -8.2099770982009966e-06   -1.0436762700236879e-06    1.6309059723062802e-07   -2.5047699805019597e-08 
   1.8822448786402821e-07   -4.8077516771920375e-07    3.7422392558977419e-08   -1.2558740505354244e-08    3.5848288422023888e-09 
   7.0218354220748182e-04    2.7780677580839243e-04    3.5315414134463203e-05   -5.5185676926008700e-06    8.4754667453836106e-07 
   7.0218354220748182e-04    2.7780677580839243e-04    3.5315414134463203e-05   -5.5185676926008700e-06    8.4754667453836106e-07 
  -1.5762176304485887e-04   -1.8354448003189209e-04   -2.4955086768188592e-05    4.0810047243562758e-06   -6.4781307678916711e-07 
   8.9469789556069918e-05   -7.6650239015812886e-05   -1.4113744414644909e-06   -3.5203843087621598e-07    1.9542141321489327e-07 
   9.0100885837206672e-07    1.3048363235256250e-06   -1.4708194336166646e-05    3.4232308933079802e-06   -7.7124406901866279e-07 
  -9.1632015014455421e-04   -5.6995609293707800e-04   -1.6770596504381210e-03    4.1511283192483185e-04   -9.7413648171363056e-05 
  -8.4093208473036288e-04    1.0063630838980768e-03   -6.3195987189862532e-04    7.1769492501745492e-05   -8.9108780927607527e-06 
  -2.8096713814375906e-06   -1.3702679928559837e-04    6.4033754809819711e-05    1.3878220230338357e-04   -4.8753473477435263e-05 
   1.4119576719888406e-03    2.5081154682819658e-04    2.1717900448981209e-05   -2.5411531787112693e-06    2.0982664020574804e-07 
   1.4119576719888406e-03    2.5081154682819658e-04    2.1717900448981209e-05   -2.5411531787112693e-06    2.0982664020574804e-07 
   4.6405508333821914e-04   -5.3858766072928683e-05    2.3624607031460010e-05   -5.8702956258828803e-06    1.4108793579892778e-06 
   4.6405508333821914e-04   -5.3858766072928683e-05    2.3624607031460010e-05   -5.8702956258828803e-06    1.4108793579892778e-06 
  -2.4211373052363786e-05   -9.5787732444778354e-06   -1.2176816343848194e-06    1.9028163300491642e-07   -2.9223740073599964e-08 
   2.1960593394378267e-07   -5.6093168812458337e-07    4.3661584959454598e-08   -1.4652577723193324e-08    4.1825040665759029e-09 
   7.8791868858136475e-04    3.1172640387701963e-04    3.9627352563771836e-05   -6.1923733010489168e-06    9.5103035627178045e-07 
   7.8791868858136475e-04    3.1172640387701963e-04    3.9627352563771836e-05   -6.1923733010489168e-06    9.5103035627178045e-07 
   2.5595672837399778e-07   -1.2581052891556925e-03   -8.3208447051340653e-04    1.9067867385596564e-04   -4.2359419190012372e-05 
  -4.0848309706365831e-05    3.9175564417407360e-05   -4.3251961515844425e-05    4.4533716625194919e-07    8.7501758253439057e-07 
  -1.5374634258143250e-04   -1.7903170197305194e-04   -2.4341520138430146e-05    3.9806657298253696e-06   -6.3188540280705704e-07 
   8.7270010498876125e-05   -7.4765652147412861e-05   -1.3766732093100721e-06   -3.4338291965381001e-07    1.9061661894578490e-07 
   8.7885590119146627e-07    1.2727545266218938e-06   -1.4346566371795955e-05    3.3390644761921954e-06   -7.5228161745338942e-07 
  -2.1813081835071884e-05   -2.5400494741147787e-05   -3.4535037507536127e-06    5.6476522214996213e-07   -8.9650054566451003e-08 
   1.2381614084584168e-05   -1.0607532259703912e-05   -1.9531837226584029e-07   -4.8718165267620784e-08    2.7044128909842837e-08 
   1.2468950722370209e-07    1.8057469321884450e-07   -2.0354489158304613e-06    4.7373671105824335e-07   -1.0673151769993883e-07 
 TENSORSUMACCUMULATOR_IMPL_H - PrettifyOut: Norm of simple tensor is 1.40457e-05 
 As simple full tensor 3    5 5 5 
  -4.8681706561344428e-08   -6.0466954913268451e-07   -1.1297182428235184e-07    3.7363237291480053e-08   -9.7071878763237541e-09 
  -2.6030755100852114e-07   -2.1440936305108980e-08   -1.6393105906549469e-08    3.2470767073041832e-09   -1.4901109727507535e-09 
  -2.1527212147875061e-08   -3.3869271653281447e-08   -3.0694765964017620e-09    3.8755137615164808e-09   -8.0221347825894379e-10 
   3.1305907196858301e-09   -6.4854429762468019e-10   -3.8486368161557831e-09   -1.1495278956051152e-09    2.3088562001583288e-09 
   2.7205571844422175e-10   -9.5082191513450989e-10   -1.2964018373558172e-09   -1.6061656585061593e-09    6.2402600979703839e-10 

   7.9010604398067944e-06    5.5138201362411958e-06    1.7036258814349530e-06   -4.1480658814058746e-07    2.9205069464183324e-08 
  -2.4473047272870109e-06   -2.5659896652645722e-06   -3.6099142921602096e-06    2.7702857281094827e-06   -9.0156124557977160e-07 
   7.7777460617956070e-07    1.2811561834811201e-06    5.6726137542792795e-07   -1.1421401010046740e-07    2.3460093300311905e-08 
   1.7502376874919940e-08    1.2738970499459508e-07    2.4308985643154481e-08   -4.7060809889911784e-09    5.5252404724622839e-10 
  -1.4387589579225451e-08    2.2882990511979691e-10   -2.4472698408619293e-09   -1.1755946393441033e-09    2.9745224715430233e-10 

  -1.0112779461495448e-07   -4.7674119131989268e-08   -1.6479570910815529e-08    1.3131069616751671e-08   -5.1884759397796072e-09 
   5.7138494064350684e-10   -9.2360224018563685e-10   -5.5270902520772022e-09   -1.1364913336423099e-09   -1.3860562426701529e-09 
  -6.1174700470069193e-09   -3.6646349019769566e-09   -1.9840751431232019e-09    4.3259040282360059e-10   -5.9248554416500511e-10 
   1.1343159845717292e-09    2.4223423769400405e-09   -1.1314000878891422e-09    8.7400246281852651e-10   -5.4456313410838743e-10 
  -3.3059953162978729e-10    8.5093611855006224e-10    3.3715358340303778e-10    1.9773239594782231e-10    3.0811766386587826e-10 

   6.4661545800154533e-06    4.4740186736505257e-06    1.4634933380497408e-06   -3.2408243339904470e-07    6.9465032559186803e-08 
   2.0235259921472485e-07    3.1070965797265294e-07    2.5726863233137241e-08    1.1758566416942077e-08   -4.8119223345757778e-09 
  -5.3393743359264037e-08    5.9515672202874080e-09    3.3529906936115123e-09   -5.2782248294407790e-10    7.0578819666073406e-10 
  -9.6215525961840844e-10    4.8977417193278797e-10   -4.7071594847941234e-10    4.5396472458100552e-10   -3.0071536820950819e-10 
  -1.0206601088324940e-10   -1.0369515622220742e-09   -3.5841217521432134e-10    3.9341066728079312e-10    2.3899943641281127e-10 

  -5.7232444339902612e-09   -3.2672557936110224e-09   -6.1586785381384784e-10    2.2014278527121391e-10   -1.7582716913897409e-10 
   5.2986194467813373e-10   -1.3549936754513382e-10   -8.5539096348751564e-12   -4.5497616186026003e-11   -3.1541332487574822e-11 
  -2.1543929696725914e-10   -8.2306600674009304e-11   -1.6322316442858161e-10    7.7507785304011319e-11   -5.5488771750728349e-11 
   4.5674288730894200e-11    2.4542815176058944e-10   -1.5952818787051899e-12    8.7725884336072283e-11    3.9154650010081048e-11 
   2.0894762570720076e-11    4.6530851242594212e-11   -1.1962592617056527e-12    8.2076580727509002e-12   -4.5342377150821306e-11 
