2    21 5 
  -8.5286170042977560e-04    8.5049831519927205e-05   -1.2172809435061662e-05    2.2191205989220831e-06   -1.1765762818587052e-07 
  -4.7619610791216289e-04   -3.4389060909535728e-05    2.6040117327951972e-05    1.6227562816233111e-06    3.9318910630203091e-07 
   9.7629058529468147e-05    1.7644021885977951e-04   -6.4260299907255512e-06    4.8365713437873200e-06   -8.5102310301896850e-07 
  -1.3214859408161241e-03   -1.6658695792271845e-04   -2.7096761144762431e-05    1.8175150994866685e-06   -9.4517724158490049e-07 
   6.2026789366898894e-04   -2.2534393635506364e-05   -5.1120320113703840e-05    1.9035574636893900e-06    1.6367121957582209e-07 
   9.8086017081020947e-05   -3.6127602601152822e-04    9.7347864691342466e-06   -1.3498901380490778e-05   -1.2729587126553793e-06 
   1.6325226737103850e-03   -2.2183021771903186e-04    2.8090327237406728e-05   -1.7671934669830699e-05    1.1364645676957456e-06 
  -1.0398784446020519e-03   -1.4960128996180334e-04   -2.5952096315388521e-05    2.5756864708557787e-05    1.6301149863798223e-06 
  -4.1474155565633577e-04    3.3781040555608906e-04   -8.9151211280781364e-05    3.4387712394917818e-05   -6.3296350777872244e-06 
   3.6186152378897893e-05   -1.3479384110277472e-04    2.1505516663272087e-05   -8.4554510331023490e-06    2.0137382510153934e-06 
   3.0364446288505889e-05   -4.0307155668647344e-05    1.8590111957066715e-04    2.6826165665760831e-05    2.7577243127571568e-06 
   9.9206942333230578e-04   -1.3480423868786101e-04    1.7070240550039463e-05   -1.0739076595621803e-05    6.9061935032672655e-07 
  -3.4261754527777137e-04   -4.9290402164953199e-05   -8.5506566469828375e-06    8.4863320384286342e-06    5.3708777026116303e-07 
  -4.4030620103479115e-04    3.5863301931498030e-04   -9.4646486761064915e-05    3.6507368987711318e-05   -6.7197934159903661e-06 
  -9.1884095957070364e-05    3.4226933277194869e-04   -5.4606937372175261e-05    2.1470132164118977e-05   -5.1132962894563723e-06 
   6.8107809464111712e-06   -9.0409423318208152e-06    4.1697839343366665e-05    6.0171404492495249e-06    6.1856080056006464e-07 
   1.7362637270351754e-03   -6.5521741933797465e-04    6.0951408193309658e-05    2.2118019714736016e-05   -3.9473776900633325e-06 
  -1.5494737877668778e-03   -1.0482404597004320e-04   -4.9174267324031604e-05   -2.8211252611670088e-05    3.9813315852748546e-06 
  -3.8161736648147397e-04   -3.1009697037931260e-04    2.4642181906929419e-05    4.1818410211769308e-06    1.2741770530582688e-06 
   4.8167034861956070e-04   -7.0017154726709788e-05   -4.8940324504201148e-05   -5.8060711012416115e-05   -1.5172055753560249e-06 
   2.5485717284192013e-04   -2.1019420639036084e-05    3.0733055992386826e-05   -4.9259194728711421e-06    9.7845742358234220e-07 
2    21 5 
   5.7266222760731766e-05   -7.6096368431564920e-04    7.5154981884345198e-05   -1.9102436629997015e-05    3.3389805457621583e-06 
   5.7266222760731766e-05   -7.6096368431564920e-04    7.5154981884345198e-05   -1.9102436629997015e-05    3.3389805457621583e-06 
   5.7266222760731766e-05   -7.6096368431564920e-04    7.5154981884345198e-05   -1.9102436629997015e-05    3.3389805457621583e-06 
   5.7986300233133338e-04   -1.1124230468531871e-03    1.8638913202251311e-04   -2.6338054204765948e-05    3.9200679292945227e-06 
   5.7986300233133338e-04   -1.1124230468531871e-03    1.8638913202251311e-04   -2.6338054204765948e-05    3.9200679292945227e-06 
   5.7986300233133338e-04   -1.1124230468531871e-03    1.8638913202251311e-04   -2.6338054204765948e-05    3.9200679292945227e-06 
  -1.7291334440263804e-03    1.2650941475239412e-04   -7.4685587591098788e-06   -7.0097589784128966e-06    3.8064369692504052e-06 
  -1.7291334440263804e-03    1.2650941475239412e-04   -7.4685587591098788e-06   -7.0097589784128966e-06    3.8064369692504052e-06 
  -1.7291334440263804e-03    1.2650941475239412e-04   -7.4685587591098788e-06   -7.0097589784128966e-06    3.8064369692504052e-06 
  -1.7291334440263804e-03    1.2650941475239412e-04   -7.4685587591098788e-06   -7.0097589784128966e-06    3.8064369692504052e-06 
  -1.7291334440263804e-03    1.2650941475239412e-04   -7.4685587591098788e-06   -7.0097589784128966e-06    3.8064369692504052e-06 
   4.2752131366527939e-04   -9.9305022980339624e-04    1.7727267647084570e-04   -2.3188981660020865e-05    3.3168047897920665e-06 
   4.2752131366527939e-04   -9.9305022980339624e-04    1.7727267647084570e-04   -2.3188981660020865e-05    3.3168047897920665e-06 
   4.2752131366527939e-04   -9.9305022980339624e-04    1.7727267647084570e-04   -2.3188981660020865e-05    3.3168047897920665e-06 
   4.2752131366527939e-04   -9.9305022980339624e-04    1.7727267647084570e-04   -2.3188981660020865e-05    3.3168047897920665e-06 
   4.2752131366527939e-04   -9.9305022980339624e-04    1.7727267647084570e-04   -2.3188981660020865e-05    3.3168047897920665e-06 
   7.1802681097506138e-04    1.0755481053673882e-03   -1.4104491990813355e-04    2.1593030541072877e-05   -2.2115194168672813e-06 
   7.1802681097506138e-04    1.0755481053673882e-03   -1.4104491990813355e-04    2.1593030541072877e-05   -2.2115194168672813e-06 
   7.1802681097506138e-04    1.0755481053673882e-03   -1.4104491990813355e-04    2.1593030541072877e-05   -2.2115194168672813e-06 
   7.1802681097506138e-04    1.0755481053673882e-03   -1.4104491990813355e-04    2.1593030541072877e-05   -2.2115194168672813e-06 
   7.1802681097506138e-04    1.0755481053673882e-03   -1.4104491990813355e-04    2.1593030541072877e-05   -2.2115194168672813e-06 
2    21 5 
   7.5986037411572159e-04    3.6654089135460910e-04    1.4174025000419325e-04   -5.1894663464936644e-05    1.5372110360083679e-05 
  -1.9255376219803547e-04   -4.0736777462246730e-04   -1.5196936371533111e-04    4.7857385907845006e-05   -1.4688237319516907e-05 
  -1.2528427364806797e-04   -4.0365318982938862e-05    1.1069162864596653e-04   -9.9895017698218235e-05    3.4217466467026282e-05 
  -1.2173194721962482e-03   -5.1252394179296368e-04   -1.6509407456552087e-04    5.2510483070030087e-05   -1.5932511486583051e-05 
  -1.2315841194340018e-04   -5.7187086928138346e-04   -2.0175010856194302e-04    6.7418724689311785e-05   -2.0107708779045644e-05 
   3.3979023651766567e-04    1.1920388830769441e-04   -6.3190082007011679e-05    7.8084890821043511e-05   -2.5741641137914548e-05 
  -1.5848688177124714e-03   -4.4614741444690256e-04    3.7372861299145578e-05   -5.3241484659625483e-05    1.8801855156935524e-05 
  -4.2133801917071053e-04    9.2124805174875421e-04    2.5248168074673501e-04   -1.1725767382844395e-04    3.6704900625632719e-05 
   3.9094821116733574e-04    3.0604290577454046e-04    1.9958024048182489e-04   -9.1219540453236724e-05    2.5316094996347553e-05 
  -9.4470297977882042e-05   -9.5114348846781605e-05   -4.2565112651394503e-05    1.4813720216821991e-05   -3.7739350596808771e-06 
   1.7890650253626669e-04    4.8487466011324966e-05    9.9354431138390668e-07    5.5916772894951522e-05   -1.8625177330720250e-05 
  -9.6311060138102298e-04   -2.7111979226945686e-04    2.2711153452499673e-05   -3.2354373898883306e-05    1.1425719166720514e-05 
  -1.3882180038428556e-04    3.0353138650054165e-04    8.3187274564727157e-05   -3.8633877431181214e-05    1.2093474018332394e-05 
   4.1504623617478407e-04    3.2490737269379259e-04    2.1188235490194942e-04   -9.6842307623462109e-05    2.6876577620097937e-05 
  -2.3987954932602089e-04   -2.4151492716944454e-04   -1.0808159028161810e-04    3.7615087551486207e-05   -9.5827986222068491e-06 
   4.0128938531782597e-05    1.0875795544300736e-05    2.2285315533483704e-07    1.2542197799335397e-05   -4.1776491388093296e-06 
   1.8264081880902646e-03    2.2846261930564482e-04    2.3675312806042007e-04   -6.2916393312020287e-05   -1.2996346891576664e-05 
   1.5002731404478633e-03    3.5699039907386576e-04    1.8797529018566050e-04   -3.7017506044877743e-05   -1.0967564805127452e-05 
  -5.3627985240284986e-05    2.3904725240137453e-04    3.8674499549909501e-04   -1.7300090645673002e-04    5.3830651391963065e-05 
   1.1854093309502825e-05   -4.4801159243423351e-04    1.2478905237278849e-04   -1.3833941749783816e-04    8.4333988548669024e-05 
  -3.6795669576849386e-05    2.4092099327440011e-04    7.6995702688141565e-05   -2.6227734003594102e-05    1.8725886410394590e-05 
 TENSORSUMACCUMULATOR_IMPL_H - PrettifyOut: Norm of simple tensor is 6.37537e-09 
 As simple full tensor 3    5 5 5 
   5.0315297562476693e-09    2.8257819809711260e-09    5.4152327899432729e-10   -1.7447215090707768e-10    4.7869774626526614e-11 
   3.8833762418376691e-10   -4.5037498441140546e-10    4.0522154632170136e-11   -6.1180765006655687e-11    1.7510772969936789e-11 
  -4.4823666479978998e-11    3.5834170672995527e-11   -7.6773408603237352e-12    8.5727230078866332e-12   -2.3312409297100252e-12 
   2.9229079470394444e-11    9.0288080041341245e-12    3.6300581664299970e-12   -1.9767247706681335e-12    5.2858241092008719e-13 
  -1.0004191510042689e-11   -6.7568832662868317e-12   -1.2846626987739302e-12    4.4541740873510971e-13   -1.1181801639129139e-13 

  -1.7774534497228411e-09   -2.4121677723607028e-10   -2.1832434386822525e-10    5.7753997180589245e-11   -3.6171073899576909e-13 
  -1.6997228325587866e-09   -3.8848085936949915e-10   -4.4541080203898244e-10    1.9292073424374871e-10   -3.8320054658480043e-11 
   2.3963144651518194e-10    5.5534614343212076e-11    6.1470613458818817e-11   -2.7065254283549268e-11    5.5362074386538948e-12 
  -4.0577356206974938e-11   -9.0659544051050920e-12   -9.6646730480509977e-12    4.2234517999754245e-12   -8.6432211034303376e-13 
   6.2217400352504998e-12    1.3336292928857991e-12    1.2213655601981318e-12   -5.4478004470626850e-13    1.1901808489028542e-13 

   9.6050764083494069e-11    1.3524946741036294e-10    5.1092562167673058e-11   -3.4557262646155720e-11    8.7412145764736088e-12 
   3.4766720712730559e-11    1.2970725666999861e-11    1.2232075699533614e-11   -2.4646537561272606e-12   -2.1086445942371450e-12 
  -4.7126043581635949e-12   -1.2047535674656340e-12   -1.7722215026337489e-12    6.2943697572667853e-13    1.8922651867598274e-13 
   1.0635820864499784e-12    7.6085415600081407e-13    4.8976510003858077e-13   -2.6152043604762203e-13    2.2129849984194047e-14 
  -2.2784677738510566e-13   -2.4247324052595394e-13   -1.2950431507573405e-13    9.5211299086950362e-14   -2.3086495862970988e-14 

  -6.0236650903836017e-11   -5.8438952762053138e-11   -2.4354077368878286e-11    1.0096590210204853e-11   -4.6766244048221027e-12 
  -1.0314123173940389e-11    1.9901511247474516e-11   -1.1360633268260181e-11    1.1074570547260430e-11   -6.1420386906965268e-12 
   2.2919953659908226e-12   -1.7769090137701479e-12    1.8777543564157754e-12   -1.6320034309843519e-12    8.5609743369414068e-13 
  -5.9062811613376263e-13   -4.8016288045737751e-14   -3.7520722038893962e-13    2.7289891537050904e-13   -1.3718108518830668e-13 
   1.8302850874681418e-13    1.4858048301627952e-13    8.5440698744261335e-14   -4.4028462266852998e-14    1.8461071011889119e-14 

   6.5088212243192772e-12    2.6946194592828258e-12    1.4426775454729890e-12   -7.2779897690552626e-13    1.8714627630912738e-13 
  -5.2119751799902706e-13    2.5661389959260560e-12    8.0283332665471840e-13   -2.1614130928494316e-13    4.3972008334272923e-14 
  -5.1581161658816597e-14   -3.7723462712968245e-13   -1.3911259607210924e-13    4.4600486905719391e-14   -9.9531891836298185e-15 
   3.8866938138115236e-14    6.3900535584500312e-14    2.7112339913716577e-14   -1.0451262802949488e-14    2.5523413485541210e-15 
  -1.9743798842777084e-14   -1.0484819875135344e-14   -6.2830148012287994e-15    3.0265861761101695e-15   -7.9676235022629809e-16 
