2    21 5 
   2.9584458000934732e-04   -2.1270126714510588e-04    3.0744503346531542e-04    1.3748151291750034e-05    3.0772954815177718e-05 
   6.5538770633051008e-06   -2.0207613586239524e-03   -1.1883117462419381e-03   -1.6946614089536773e-04   -5.3888114456590835e-05 
   2.4941326494682428e-04    4.3432022485645147e-04   -5.2015732866379219e-04    7.0107155534851818e-06   -1.4824595113551136e-05 
  -2.5649910390539534e-04   -1.7189527574907457e-04   -1.5120185347671810e-04   -7.0312412398589955e-06   -4.5599935613162027e-06 
  -4.3185948641335123e-05   -1.5311824130314210e-03   -5.8835826933534296e-04   -8.2411118306951456e-05   -2.6646569297457397e-05 
  -1.1068232406766366e-04   -3.3384765794660910e-04   -3.7912366088095086e-05    2.8546113956399767e-06   -8.9321931694860952e-06 
  -1.3714150110126803e-04    2.1167283681459796e-04    5.9125661602087013e-05    1.8320987039002092e-04   -4.7628294287364021e-05 
   1.5061467883255156e-04   -1.6113144325652967e-04    1.3179322392768399e-04    5.8968792415850404e-04   -9.6053779500528005e-05 
  -1.6830258904583902e-04    5.9945843598403978e-05   -5.7130038541022482e-05   -4.5994795096541486e-04   -5.3168899627870872e-05 
   2.4280668889536002e-05    1.5663092665033857e-04   -4.0019073315913299e-04    1.5423991846869563e-04    1.6829461820659194e-04 
  -1.3357478125676489e-04    4.3648732614685876e-05   -2.2250820642289148e-04    3.5834798381824428e-04    6.3632570986969935e-05 
  -1.2472861575970915e-04    1.0944804547556149e-05   -1.8101189163817966e-05   -1.6071817276143853e-04   -1.2735069104224727e-04 
   1.8408563591171640e-05    2.0537849021711379e-07    4.3752731094302098e-06    8.8664589485972009e-06   -4.4509967434741743e-05 
  -1.7847397635085342e-04   -6.6034068374378037e-06    1.5772422430128128e-04    2.7638445346891941e-05   -2.8467051103442696e-05 
  -6.7555311956125482e-05   -9.8286824228055559e-06    1.1158355507110120e-05    3.3841561976180154e-05   -7.1602573740835152e-05 
  -1.5023866587127478e-05   -1.7197954479600588e-06   -3.6247110480260296e-05    1.4471261668801675e-04    4.6826721284488752e-04 
  -4.7239680821869834e-05    3.3170442007542075e-05   -1.0472143797138025e-04    1.0378216415590093e-04   -2.1172775421902175e-04 
  -1.2881741837032432e-04    8.0670936207873905e-05    6.7857570038492047e-05    2.1030847174790918e-05    5.8514985947566478e-05 
   5.9235645035187201e-05    1.2792672217722858e-04    1.2211110212877952e-04    1.7740784174683410e-04    1.3291922708671065e-05 
   5.1728368840464881e-05   -4.1621148865502465e-05    2.2105703831674555e-05    3.5161696739750893e-05    5.2723466703080848e-05 
  -1.2122904169013000e-05    1.5009365350838499e-05   -1.3858679231569886e-05   -2.9904389894938181e-05    2.2397067881559432e-05 
2    21 5 
  -5.8198789824147473e-03   -3.6596657932274693e-02    3.8335881907734281e-03    3.5391770319179419e-03   -2.9243545853197867e-03 
  -6.8678399428017609e-02   -1.5351106864786827e-02    5.3292058008131095e-03    6.6144143212119345e-04   -9.2264049910541863e-04 
   1.8831018260112211e-02    4.0802490831331768e-03    4.8436542342080308e-03    1.0150591334863630e-04   -1.4643531783736100e-03 
  -1.9744017531037703e-02   -4.2325424122396600e-02   -1.5820671813385440e-02    2.9869477519909255e-03   -2.4538751957553073e-03 
   1.1983728344947830e-02    3.8148833844073907e-03   -9.8701999126389823e-04    2.5769316042120125e-04   -1.9638848466745301e-04 
   5.9417431097359086e-02    1.7050296745295269e-02   -8.3454914491184074e-03    8.1122113769992732e-03   -7.0789047466144998e-03 
   1.9928668330096395e-04    5.8027346579012952e-04   -7.3087423005037296e-03   -1.2828605422430194e-03    5.7843218858586126e-04 
   5.7704749931930923e-04    7.2009100332159296e-04    2.3587393670621236e-03   -2.4607592869380977e-03    8.2810378036614254e-04 
   1.2779126169695107e-04   -3.1189139372170571e-03   -2.2179685585156010e-04    6.5458623492505629e-03   -5.8898727160081737e-03 
  -9.3163343243809072e-04   -4.9711845877980295e-04   -8.4440027649910891e-04   -5.9649279329787987e-04    2.5140541015164276e-03 
  -2.8371296420374222e-04   -1.2338046845344211e-03   -5.8303725905451613e-04   -5.6201403590000944e-03    3.1432397315047790e-03 
   2.3147142094076798e-03   -2.8473858857636300e-03    1.9959393551828965e-03   -1.3341392742822959e-03    2.0115662463182451e-03 
   3.4549322279227861e-03   -3.0351110763489229e-03    1.2396757601270854e-02    2.8945486289902109e-04    7.2843285480422007e-03 
  -2.1238100771263501e-04    3.5344242039871327e-03    1.4518674785498386e-04    3.0025678722523028e-03    9.7479425210681022e-04 
  -5.0310653972224229e-03    4.9946983101548911e-05   -1.2027334352551046e-03   -2.4011732755700884e-03   -2.0641015380744423e-03 
  -2.3306401007116640e-03    9.3964286794936654e-04    2.7443834260453513e-04   -1.3559308591194503e-04   -1.9818916133603672e-03 
   1.4087219045095464e-03   -3.9677730032708277e-04    3.7560092116454511e-04   -1.3357357162249001e-04   -1.2989534730478360e-03 
  -4.2951024413246346e-04    3.9591042405777638e-04    8.2304561120681271e-04   -6.5572346050445991e-05   -5.2620250332408339e-04 
   1.4300278391029303e-04   -1.3114198324329063e-05   -7.4928105267468305e-04   -1.3916247905325198e-03   -3.4626676123604948e-04 
  -1.2180171409367239e-03    4.7628563579860334e-04   -1.1265972255229994e-04   -1.5728123889819615e-03    8.4539852113420418e-06 
  -6.9454324441412175e-05    1.7139065978127887e-03    1.0717667758605080e-03    3.4094645289911801e-04    1.0121801978282439e-03 
2    21 5 
  -8.0940097886110572e-04    3.6580899861174868e-02   -1.1743651671284833e-03    2.4956599536177532e-02   -2.8490506192117854e-04 
   1.0811196393191985e-03    1.7876493178270749e-03    7.1217921960722440e-05    1.0530800181728212e-02   -2.3832521387752906e-05 
   1.2922217850226065e-03    1.7552022393595816e-02    1.6210399916146399e-03   -6.6701860095820060e-03    4.5480197939804716e-04 
  -2.7792030565276007e-04    9.8131783475774795e-03   -1.2140460176333669e-03   -1.1449053630707506e-02   -4.0614255307785805e-04 
   9.9423604923639160e-03   -1.0469304439120818e-02   -8.2804798005678155e-04    9.6136338445939745e-02   -1.0181231342936863e-03 
  -2.0065471284011517e-03   -1.4199155927700784e-03    9.9383336757223888e-04   -2.1626846205831808e-02    6.8647908186854519e-04 
  -2.6371512022581524e-03   -6.7377103315876296e-05   -3.4274812216595831e-03    3.7137290307118323e-04   -1.4547676589112372e-03 
  -1.3618585162547782e-03    2.5288892046072065e-03   -2.5021455541484054e-03    2.9658308404782755e-03    1.2799372655871576e-03 
  -5.1158984936421190e-04    1.0078511810621171e-06   -8.3245982257145531e-04   -1.7648671380764537e-03   -1.9889212002867696e-03 
   4.5152772346328217e-03   -3.2646006524694147e-03    9.3493852506930895e-04   -3.9245837202551634e-03   -1.4327477020393057e-03 
   8.7510610787057592e-04    1.8599294059536628e-03    2.3100929788902017e-03   -9.3905028740578578e-05    2.9974941191243357e-03 
   1.1493499522759995e-04    8.6765743797936499e-04    2.6032223978620446e-04   -1.4804379747546744e-03    1.5661736343382780e-03 
  -1.9524959409963319e-03   -3.1844145820049030e-03   -2.8663015007619982e-03   -5.5589806525707915e-03    1.7859021678446527e-03 
   3.6356806759175325e-03    8.2913926023116258e-05   -3.4554174004730780e-03   -6.9560388056155091e-04    2.8316531555189439e-04 
   5.5909568344443758e-03    2.8239450497174520e-03   -2.9936209564811163e-03    1.0995349318139152e-03    1.3106355709683584e-03 
   2.5610634436055973e-03    1.0480574780771413e-03   -8.6736686917435798e-04    1.4828471981012648e-03   -1.8360182419548659e-03 
  -4.5726697402633567e-04    1.0653353667520839e-03   -1.1065335345677334e-04   -5.6591731031703279e-04   -5.5263895935992141e-04 
   1.3032170211222001e-03    5.8214521750850074e-04   -1.7490714665387163e-03   -4.6282427626208734e-04   -9.4708524030996942e-05 
   1.7922242999282598e-03   -1.7822220371161592e-05   -3.1655876221491856e-04   -2.3713149405661904e-04    5.5497550119414183e-04 
  -5.8712297019316239e-04    4.9573401826432599e-04    2.2296807320497584e-03   -1.2311818796569688e-04   -7.8335977783756082e-04 
   9.4946927613018153e-04    1.9029120101332717e-03    1.2451095016667018e-03   -1.0561987631505917e-04    1.4973343450804897e-03 
 TENSORSUMACCUMULATOR_IMPL_H - PrettifyOut: Norm of simple tensor is 1.13214e-06 
 As simple full tensor 3    5 5 5 
   1.5640813407233729e-08    8.3945153626036096e-08   -4.3594739763803995e-09   -4.3682991741806390e-08   -2.9272408505600796e-09 
   6.6752818761757284e-09   -2.6643724891371304e-07    1.9428673773067664e-09   -3.7776265143551575e-07   -2.0223375441933744e-09 
  -5.3904024844111526e-09    1.0103408453578109e-07   -8.3064380297948644e-09   -4.1018688562127914e-08   -1.5421160014090335e-09 
   1.1665790289034114e-09    3.3628487739473264e-08    3.0373160000232152e-09    5.4325069632690953e-08    3.4858275711915461e-09 
  -2.0562719470698096e-09   -3.3904692781244050e-08   -1.7721175635611759e-09   -4.4279214137194712e-08   -2.8334777681846519e-09 

   1.5602275391283073e-08    6.9093721501274978e-07    1.2973975650193189e-08    6.4239048632212183e-08    3.7670871245166626e-09 
  -1.9632028069988664e-08    5.1180907660456014e-07   -1.3873659523761142e-08   -1.2234657250590735e-08   -3.0684665263963441e-09 
   4.3807544298028393e-09   -5.5892839551926693e-09    7.8089007357177618e-09   -9.5095476435350025e-08    2.6278495416381818e-09 
  -8.4855396452502779e-11   -2.5255229745162026e-08   -1.7111267930065559e-09   -5.7683001085912654e-09   -1.5992274982674414e-09 
   7.5637451492226611e-10    1.1216367800531496e-08    9.2333698483721297e-10    1.1127350782117671e-08    9.1629433749477448e-10 

   1.2043609848764171e-08    1.3573797073132611e-08   -7.5604758467195207e-09    2.1575545295086893e-07   -1.8809237382701642e-09 
   6.0752549528352484e-09   -3.2879464873933863e-07    2.9313624110530976e-09   -3.5091119629008423e-07    1.5108037440458356e-09 
  -4.4461479503118121e-09    4.1833636943838807e-09   -7.9650719610434033e-09    2.5612721355424760e-10   -1.7774366732757271e-09 
   1.7257629494344789e-09    3.5769983335960226e-08    1.8623860435512327e-09    1.4737225867019539e-08    3.7054330955722302e-09 
  -1.8115105043968864e-09   -1.3263731285474928e-08   -1.7191857076316624e-09   -1.1357891901128463e-08   -9.7697808547638357e-10 

  -5.9282998838533162e-10    3.1672677106838676e-08    1.1943606446282643e-09    2.0803543386825172e-08    1.1087491685021041e-09 
  -1.5900638202215484e-09   -6.1037755978588687e-09   -3.2442325871647026e-09   -2.1295095587468727e-08   -2.9730910725804885e-09 
   4.0002061257658817e-11    4.1174755404183906e-09   -2.4362735232680783e-10    2.4989785011944988e-09    2.3902387095132642e-09 
   9.4861134271677181e-10   -5.6501858762896948e-09    2.1744641227370386e-09   -1.2329618102731442e-09   -1.2048117180506777e-09 
  -4.9102423656484319e-10   -4.7146434537926320e-10   -7.7620822126840525e-10   -2.7160740982999782e-09   -2.0832101478271677e-09 

   6.8134150655410976e-10    2.2432768623833073e-10   -2.1981059203655365e-10    1.6828820440916764e-08    1.8445197564526445e-09 
   1.1369328620429858e-09   -3.7135505317757522e-08    5.9001275267941498e-10   -2.8486452977292119e-08   -3.4218187098758717e-10 
   2.5478208926700334e-10    4.5673567454251652e-09   -6.0505179161045133e-11    4.2419523912142159e-09   -2.2250964981558465e-09 
  -5.8150903119684599e-10    4.7928674278234096e-09   -1.8628480962027842e-09    5.1551138639626222e-09    5.2129353291704682e-10 
   9.8226433166987286e-10   -3.4939232035382742e-09    2.4548662958671652e-09   -4.4931704645061000e-09    1.6811407461110239e-10 
