2    101 5 
  -5.9798510444592022e-04   -3.2262315927896132e-05   -6.5015241718519941e-06    7.6369671658777939e-06   -9.7812373979947103e-07 
  -1.4279395669256907e-03   -7.5250374179040734e-03    1.0515372507274661e-03    9.5166518212275598e-04   -7.6515702840523610e-05 
  -7.7873086973901686e-04   -9.2896019242635075e-03    1.4728691912478740e-03    1.0818636942406794e-03   -5.4798256943235026e-05 
   9.5756694181136097e-04    8.0206447956556685e-03   -1.4074008973500021e-03   -1.0143911775171485e-03    2.8060192965155680e-05 
  -2.2638093010989113e-03   -8.7203208969955041e-03    1.3956051135584162e-03    1.1344015095126059e-03   -5.9218819112323042e-05 
   1.6236483915554325e-03   -3.3453805306241746e-03    3.1093656328125350e-04    5.6003115893284378e-04   -1.0297207637218608e-04 
   8.5207371338855755e-05   -7.3665005960714378e-05    7.9445787891725613e-05    7.8291174481693346e-04    2.4581387704459569e-04 
  -1.8942428194556704e-04    7.0726027225314519e-05    1.2994344679214510e-04    2.5864148131150638e-04   -1.6095362725486258e-04 
  -4.8254043787830352e-05   -8.3440824705660046e-05   -2.9403633022699317e-04   -1.5137214601991270e-04    7.5601417096125172e-05 
  -2.1738476120443924e-05   -1.0323157296869535e-04   -5.3254995396347831e-04   -1.1779143147958280e-04    1.9891830180863255e-04 
  -1.5939240449963367e-04   -6.5596153712800369e-04   -9.3829899567354270e-04   -1.4249682622849765e-03    1.2473708591096457e-03 
  -1.2475773106106512e-04   -1.3270012833961088e-04   -3.4403471531646297e-04    1.8845640580238485e-04   -1.7272421508751249e-05 
   4.2113661791888675e-04   -8.6183242959398908e-05   -7.0544029697952248e-05   -8.5302511235354158e-05   -6.1431324700945034e-05 
  -1.7060338059873850e-06   -2.4022387337915751e-04   -1.2806957807126552e-04    1.5554140353986838e-04   -6.6377822563060932e-04 
  -3.0180964552095982e-04    9.0995931817050677e-05   -4.0286467767904137e-05   -4.2238051171326299e-04    1.6020606205543200e-05 
   3.0834254509451583e-05   -4.0364836147908765e-04    1.3491409028567293e-04   -7.5888432372496587e-05   -1.4050308910977007e-04 
  -1.7874804320061927e-05    4.2281318273059665e-05    3.4197865870069951e-04   -1.7647405987842923e-04   -4.4670822278814468e-04 
   8.8489877196256604e-05   -2.5114295397146194e-05   -4.1470700022002056e-05   -1.3745791917933622e-04   -1.5973635462197342e-04 
  -3.4603697295757966e-05    5.9916192813374459e-05    2.3090681308778334e-04    1.1442533396945313e-04    2.9423644437390195e-04 
   2.9815673396845806e-04   -1.6416502978156941e-04    3.1397651843527951e-06    6.3675478851430204e-04    5.7887844643158171e-04 
   8.8140984149213749e-06    2.4056067831416233e-05   -1.0288621978241106e-05    1.3029080790456970e-05   -4.3005034461173904e-05 
  -5.2833440132530501e-04    1.5790400532897794e-03   -6.6955270849274973e-04    6.5659681542018191e-05    3.1414606974288757e-05 
  -1.5077792166384133e-04   -1.5894919900900552e-03   -1.7419726167243799e-04   -6.2677333674797438e-05   -4.4569239663188749e-05 
  -4.9021529082968630e-04   -5.4353676660106188e-04   -5.7258428603244784e-04    5.2884540463334572e-05    1.0484914927909088e-05 
   7.4497979315010503e-05   -5.6390966441528074e-04    2.2278738467212565e-04    9.6584393570642692e-05    1.2404268280114184e-04 
  -2.4128700048341080e-05    5.4097318530497225e-04   -5.7894248264166547e-05    8.3153981628677400e-05   -1.3946666547106162e-05 
  -7.2647980849953754e-04    2.1712398674958579e-03   -9.2066032843215171e-04    9.0284548485072022e-05    4.3196274180748585e-05 
  -2.0732535186339634e-04   -2.1856116763844455e-03   -2.3952783120593539e-04   -8.6183707233730697e-05   -6.1284392260399568e-05 
  -6.7406458809449936e-04   -7.4738363642853098e-04   -7.8732507560221575e-04    7.2718245739848654e-05    1.4417155062881027e-05 
   1.0243754260674747e-04   -7.7539714239279888e-04    3.0634109031462515e-04    1.3280719856445923e-04    1.7056338603182737e-04 
  -3.3177876258844413e-05    7.4385861507011769e-04   -7.9606783670859078e-05    1.1433987356878602e-04   -1.9177194626988059e-05 
   3.5965709040219548e-04   -1.0749119303421159e-03    4.5578970137729317e-04   -4.4697013786911902e-05   -2.1385104040470252e-05 
   1.0264019996895480e-04    1.0820269566762430e-03    1.1858262519340173e-04    4.2666817468441674e-05    3.0339957077356493e-05 
   3.3370797875021231e-04    3.7000591199812938e-04    3.8977965055440596e-04   -3.6000494956581384e-05   -7.1374757854627591e-06 
  -5.0713575368305884e-05    3.8387450948590049e-04   -1.5165974872825993e-04   -6.5748627919629847e-05   -8.4440517728983177e-05 
   1.6425313272815698e-05   -3.6826078582870281e-04    3.9410791403098454e-05   -5.6606041576901793e-05    9.4940202617118327e-06 
  -1.2525343304904626e-01    7.0995486254298315e-02   -1.0913833963872296e-01    4.7842664681221100e-02   -4.6906923436322752e-03 
   1.2736406320118918e-01    2.1385890759765894e-02    1.1005634225874002e-01    1.7689086613734122e-02    4.7808762662776465e-03 
   4.6052023255221779e-02    6.4841969717984130e-02    3.2231361333969519e-02    4.3037663585515522e-02   -4.5371221899686374e-03 
   4.7711183641312466e-02   -1.8155165319838747e-02    2.9787431776402057e-02   -2.7346191020646650e-02   -8.6405711188044226e-03 
  -4.1882167880600993e-02    4.5136567122144519e-03   -4.2101625407876035e-02    5.4295948415928729e-03   -7.3666773743427203e-03 
  -5.9979723647721327e-02    3.3997388671182897e-02   -5.2262738765319609e-02    2.2910268695202761e-02   -2.2462173182700518e-03 
   6.0990434573293388e-02    1.0240995288558940e-02    5.2702339837451075e-02    8.4707181339845772e-03    2.2894034140604862e-03 
   2.2052789780101532e-02    3.1050673261272477e-02    1.5434532200361617e-02    2.0609312698774578e-02   -2.1726776543019096e-03 
   2.2847306776741436e-02   -8.6939078008043003e-03    1.4264215220546824e-02   -1.3095185818930126e-02   -4.1376835368770581e-03 
  -2.0055984048455159e-02    2.1614408136285948e-03   -2.0161074995010013e-02    2.6000532695204521e-03   -3.5276579839690248e-03 
  -1.6075937353208442e-01    5.2394217951905808e-01   -3.1253319450670219e-01    3.2941046095660576e-01   -1.4178851403880749e-01 
  -6.4969692974067905e-02   -5.3506651290473140e-01   -1.0710470412659832e-01   -3.3281527422089929e-01   -7.3790707248176338e-02 
  -1.6379686919347111e-01   -1.7734536026501502e-01   -2.8676265958482072e-01   -7.8599986193663277e-02   -1.3593377495739464e-01 
   3.6122460522309142e-02   -1.7038975391073097e-01    1.2347494398413283e-01   -5.7839589857914590e-02    1.2844138533036051e-01 
  -6.2201665591469536e-03    1.9009217805370832e-01   -2.5852248961126020e-02    1.4509193544514401e-01   -2.1422036667824326e-02 
   3.1506672154026044e-03   -9.4164410177115729e-03    3.9928078927672231e-03   -3.9155467728257498e-04   -1.8733773918633718e-04 
   8.9914844348798983e-04    9.4787700550248415e-03    1.0388072402393684e-03    3.7376975616706964e-04    2.6578402214579505e-04 
   2.9233478672443399e-03    3.2413249385240843e-03    3.4145467975051878e-03   -3.1537145304469545e-04   -6.2525698945181126e-05 
  -4.4426094619764246e-04    3.3628165943106339e-03   -1.3285693816851513e-03   -5.7597097894672162e-04   -7.3971562902546805e-04 
   1.4388899152107960e-04   -3.2260372882719937e-03    3.4524632412489517e-04   -4.9588011511359463e-04    8.3169494441199900e-05 
   1.6562498333842627e-04   -4.9500559089242350e-04    2.0989482401701496e-04   -2.0583334407382789e-05   -9.8480124399398655e-06 
   4.7266637759596095e-05    4.9828211775506499e-04    5.4608252821933286e-05    1.9648412671113541e-05    1.3971794299415438e-05 
   1.5367520867890118e-04    1.7039069893291697e-04    1.7949666460499456e-04   -1.6578517528157406e-05   -3.2868650155728285e-06 
  -2.3354009414953585e-05    1.7677729963991477e-04   -6.9840534293758578e-05   -3.0277772062092530e-05   -3.8885537683439904e-05 
   7.5639888931324253e-06   -1.6958705429348693e-04    1.8148986475403371e-05   -2.6067537505084017e-05    4.3720727037586711e-06 
   8.4887569529084935e-03   -4.8115521698339847e-03    7.3965943837589103e-03   -3.2424241202183776e-03    3.1790064572817962e-04 
  -8.6317999493587851e-03   -1.4493784678142726e-03   -7.4588098530978357e-03   -1.1988362580380345e-03   -3.2401264906222545e-04 
  -3.1210676073859861e-03   -4.3945120535601248e-03   -2.1844047381783371e-03   -2.9167764675593734e-03    3.0749278960849174e-04 
  -3.2335133018517224e-03    1.2304236465888855e-03   -2.0187731581154116e-03    1.8533238052739001e-03    5.8559439351359057e-04 
   2.8384654627399823e-03   -3.0590247202125909e-04    2.8533386807043527e-03   -3.6797802536078713e-04    4.9925923991878660e-04 
  -6.5810237100911287e-02    3.7302209366671224e-02   -5.7343098976071011e-02    2.5137331804531562e-02   -2.4645677790004483e-03 
   6.6919197289575072e-02    1.1236502722949501e-02    5.7825432822033729e-02    9.2941403346010944e-03    2.5119519120138573e-03 
   2.4196499015049579e-02    3.4069049425253566e-02    1.6934893358516452e-02    2.2612704305860935e-02   -2.3838794658883446e-03 
   2.5068249479201016e-02   -9.5390258392117396e-03    1.5650812118376226e-02   -1.4368143619431681e-02   -4.5398997869634458e-03 
  -2.2005587642801222e-02    2.3715503135681489e-03   -2.2120894277932689e-02    2.8527994418100517e-03   -3.8705748245764717e-03 
   5.1454293339073705e-02   -1.6769830589260620e-01    1.0003257859882209e-01   -1.0543448953934792e-01    4.5382285543729785e-02 
   2.0794866059676793e-02    1.7125887409246826e-01    3.4281029734324023e-02    1.0652426898185591e-01    2.3618210329039390e-02 
   5.2426505343532423e-02    5.6762974306929496e-02    9.1784196969550022e-02    2.5157517457286740e-02    4.3508357725401785e-02 
  -1.1561725073984896e-02    5.4536691622187460e-02   -3.9520656545213945e-02    1.8512732152236706e-02   -4.1110266682809440e-02 
   1.9908902835352712e-03   -6.0842851499958293e-02    8.2745358624768343e-03   -4.6439612468621612e-02    6.8565566934523873e-03 
   1.8582170501563354e-03   -7.0123919610548383e-04    6.5232570474330930e-05    2.3671565966420588e-05   -4.2246373133692779e-06 
  -1.8632706934703588e-03   -1.2605284088636478e-04   -5.9132959783589697e-05   -3.3924549503461867e-05    4.7876243679616362e-06 
  -7.0846737194416270e-04   -5.7569074405093589e-04    4.5747870479630815e-05    7.7635301178185254e-06    2.3654921066480675e-06 
  -7.8870618943478309e-04    1.1464887439684566e-04    8.0136834164764898e-05    9.5070917837721349e-05    2.4843327627655070e-06 
   5.7554063524734988e-04   -4.7467883961130671e-05    6.9404060210312676e-05   -1.1124139811250482e-05    2.2096376603862193e-06 
  -4.6831026773771391e-05    1.7672721044546959e-05   -1.6439996899976272e-06   -5.9657387142006504e-07    1.0646985674532762e-07 
   4.6958389347117819e-05    3.1768000223454235e-06    1.4902765113497657e-06    8.5497089048402251e-07   -1.2065832941308367e-07 
   1.7854886468224573e-05    1.4508632694869277e-05   -1.1529437570785236e-06   -1.9565749155942344e-07   -5.9615438449593675e-08 
   1.9877075539131471e-05   -2.8893957818381430e-06   -2.0196188739198387e-06   -2.3959895849038573e-06   -6.2610476057272565e-08 
  -1.4504849633359253e-05    1.1962917596149283e-06   -1.7491301146139755e-06    2.8035201231848485e-07   -5.5687574508680063e-08 
   4.0164586382213961e-05   -1.5156992701258127e-05    1.4099747989771676e-06    5.1165102374912908e-07   -9.1313773217218691e-08 
  -4.0273818774314725e-05   -2.7245795727027266e-06   -1.2781342583548865e-06   -7.3326498586096417e-07    1.0348250355167589e-07 
  -1.5313226706771110e-05   -1.2443315282748865e-05    9.8882113665186764e-07    1.6780546493307011e-07    5.1129125118036295e-08 
  -1.7047555275135925e-05    2.4780875942066584e-06    1.7321242413188828e-06    2.0549182301433886e-06    5.3697816325528059e-08 
   1.2440070743577376e-05   -1.0259985105493147e-06    1.5001398094797147e-06   -2.4044364157524302e-07    4.7760396276909000e-08 
   5.3509903346009996e-04   -2.0193142454957719e-04    1.8784611522101595e-05    6.8165514184970947e-06   -1.2165421380205212e-06 
  -5.3655429922281521e-04   -3.6298640849043337e-05   -1.7028145136851322e-05   -9.7690383630612552e-06    1.3786619661307920e-06 
  -2.0401287671612106e-04   -1.6577802936834781e-04    1.3173725466811733e-05    2.2356147587460592e-06    6.8117582917366137e-07 
  -2.2711874246070677e-04    3.3014712609530276e-05    2.3076498250035076e-05    2.7376972050089242e-05    7.1539762270356993e-07 
   1.6573480348377960e-04   -1.3669026891051427e-05    1.9985849087769593e-05   -3.2033483174499745e-06    6.3629540815494469e-07 
  -4.2061367429581311e-05    1.5872784872432156e-05   -1.4765611556874111e-06   -5.3581385105869184e-07    9.5626085380819597e-08 
   4.2175758344394688e-05    2.8532484166033648e-06    1.3384944177791112e-06    7.6789357918553218e-07   -1.0836948656708828e-07 
   1.6036397061745947e-05    1.3030953466549169e-05   -1.0355184229973349e-06   -1.7573011334101841e-07   -5.3543708815462619e-08 
   1.7852629661863439e-05   -2.5951158025312140e-06   -1.8139241732627632e-06   -2.1519621761642464e-06   -5.6233707005990252e-08 
  -1.3027555703332263e-05    1.0744515062036872e-06   -1.5709842277925206e-06    2.5179864316694047e-07   -5.0015891045626738e-08 
2    101 5 
  -3.4039948928554603e-01    2.5516994256189696e-02   -1.8753690497353197e-02    1.9486598332479753e-02   -8.3347408258945474e-03 
   1.3809115952807974e-03    3.1563366180671050e-02    1.1528031707005372e-02   -2.8600158526786617e-03    1.5186403244675990e-03 
  -3.7532142357657038e-03   -3.4502351621840954e-02   -1.8538670717633630e-02    1.3408587072354617e-02   -8.5164352534020157e-03 
   9.4802803316848330e-03    2.5489240011021218e-02    2.0583380612070046e-02   -2.2583789156655088e-02    1.4775462005369628e-02 
  -8.6171906901021320e-03   -2.8986503672749169e-02   -2.4842291434404327e-02    1.9290743124403886e-02   -1.0905646075607973e-02 
   1.0347390894408495e-02    1.2799611447207549e-02   -1.4939197438590800e-02    1.3214188668672399e-02   -5.1391933755713971e-03 
   1.7736931820993882e-04    2.7305371697033307e-03    1.5095860566750943e-03   -5.3198847403502702e-03    4.8026334750082876e-03 
  -5.6387223525203372e-03    1.0821977309127130e-02   -2.4860933019410912e-02   -4.1784916022860599e-03    1.8277953673201487e-02 
   1.1945064089040742e-02   -1.3421463881591797e-03    7.4702668210980105e-03   -1.0402796620213281e-02    6.7903321912554018e-03 
  -2.4608233666093167e-03   -1.5351738175961581e-02    1.4894258109867463e-02   -5.9216749494855024e-03   -3.2173316120751839e-03 
  -5.4491332458139570e-03    5.8980790370119418e-03   -7.2496810300163627e-03    2.5296083342043725e-04    4.6144144276661246e-03 
   1.6026911563050308e-03   -1.6898256065837392e-04   -6.2647726488084302e-04   -6.6902695832926900e-05   -5.9546124524866440e-04 
   9.2509572972997265e-04   -1.6713637303139718e-03   -2.2403288696835060e-03    4.3119298673946448e-03   -2.7622250136098989e-03 
  -2.0976924591849350e-04   -4.6483688029168076e-03   -1.0153698402387220e-03   -6.5076338241706747e-04   -1.7717817415933870e-05 
  -1.0800546705275523e-03   -1.9975826435351405e-03   -5.4889923268160870e-03   -6.3347890008442825e-04    1.2298963366239189e-03 
   9.2879278127834426e-03    8.9888239392195977e-04    5.9853764051433353e-03    4.7364510534495313e-03   -4.8184568574504184e-03 
   1.6626296744620644e-03   -1.6063614537259951e-03   -5.8793177303711650e-04    1.2006701207281120e-03    2.3957817640320725e-03 
  -3.7105305945686411e-04   -5.5766805463068961e-04   -2.6880439888566504e-04   -5.9352546876189471e-03   -6.3739981304901140e-03 
  -1.7688102095650146e-03   -5.1232412386115753e-04    1.0781357438426015e-03    3.5186236609014717e-04    1.9030435053791507e-04 
   1.5614455198417275e-03    4.4324514220152095e-04   -2.4533279227707994e-03   -6.0966370408823793e-03   -9.0584993111743235e-03 
   4.1785638340230899e-03   -2.0161817311816028e-03   -8.8602076664781419e-05    6.2765046270481734e-03    7.6605195668678324e-03 
  -3.0732948555571977e-04    1.2607703064548923e-03    2.1221400313030671e-04   -1.9403264562596777e-04    9.6121278185658438e-05 
  -1.6303741082359708e-04    1.0825047174356543e-03    3.3332663110759419e-04   -1.9611389111462413e-04    7.4275604902108332e-05 
   3.2748506108624275e-04    3.2619067998713861e-04    2.5316640963969763e-04   -5.4414006673301032e-04    3.0261074496071066e-04 
  -4.2866002449077446e-04    4.4516058625068759e-04   -4.3061271693756799e-04   -1.2186779682542338e-04    1.3734593615655360e-04 
   3.5304798502332137e-04   -1.1622940815498915e-04    3.6272741236796836e-04   -1.8853966494074243e-04    5.0439894038005882e-05 
   2.3992595652356955e-02   -9.0350169086588529e-03    1.9814668640803071e-02   -4.9092279283189464e-03    3.0777620628819301e-03 
   2.0783895123431116e-02   -4.2360066863112141e-03    1.6148592183693588e-02   -6.3096503116264373e-03    3.5084599742376313e-03 
   2.4956065748800178e-03    6.0806873346272257e-03    1.2500530827315955e-02   -4.4497075714329962e-03    9.8712347826648856e-03 
   6.8896273012878876e-03   -1.4600842525847525e-02    1.2656557386022308e-02    5.3799726652708681e-03    3.2155935869448145e-03 
  -2.8412509985289783e-03    1.0721711371974306e-02   -1.5615889907145335e-03   -4.9262422149165931e-03    4.5248008434136209e-03 
  -8.4004645358325303e-02    2.3511594541836175e-01   -7.6309055924802610e-02   -1.2022197362189797e-01    4.8230852934558775e-02 
  -5.5085398579119593e-02    1.9000242182679480e-01   -3.0325347437374219e-02   -9.6834917041910440e-02    5.1298898641414632e-02 
   3.6485693495011205e-02    6.4986521119211701e-02    2.3409638474987230e-02   -1.3219486453483906e-01    3.8520918587760099e-02 
  -8.1167000545942988e-02    1.3277030558316488e-01   -1.5047528064875540e-01   -1.1638907509808134e-01   -3.3278954126687403e-02 
   6.0367596322384781e-02   -4.5530940256677865e-02    9.4493682121547212e-02   -6.6364276074977824e-03    2.1297111965445589e-02 
  -1.3722737723957925e-03    5.6295347692884423e-03    9.4756840562907924e-04   -8.6638582724861239e-04    4.2919640067996069e-04 
  -7.2798730127694472e-04    4.8335512928268723e-03    1.4883550554314392e-03   -8.7567891083555115e-04    3.3165208457525640e-04 
   1.4622715401598114e-03    1.4564919279934955e-03    1.1304272460937669e-03   -2.4296697101392367e-03    1.3512038644904010e-03 
  -1.9140334283889542e-03    1.9877109933384468e-03   -1.9227525027252312e-03   -5.4415859571947038e-04    6.1327088610446440e-04 
   1.5764139564046127e-03   -5.1898231666176937e-04    1.6196340992843349e-03   -8.4185881737521473e-04    2.2522194232557313e-04 
   3.7309027829057519e-02   -1.4049655242201522e-02    3.0812257016912297e-02   -7.6339602455162059e-03    4.7859894827177252e-03 
   3.2319426075941432e-02   -6.5870860174369397e-03    2.5111425371032680e-02   -9.8116486635728625e-03    5.4557344571056149e-03 
   3.8807245577629199e-03    9.4556060659121855e-03    1.9438607613449545e-02   -6.9193957177139725e-03    1.5349992912393601e-02 
   1.0713525974432573e-02   -2.2704639715420617e-02    1.9681232434256526e-02    8.3659789376911934e-03    5.0003206139339678e-03 
  -4.4182094388375021e-03    1.6672503206747267e-02   -2.4283061306205511e-03   -7.6604178452424282e-03    7.0361674507392362e-03 
  -2.3140293472251216e-04    9.4929371451984773e-04    1.5978598026404506e-04   -1.4609637454289005e-04    7.2374265753318598e-05 
  -1.2275859332507865e-04    8.1506910413305827e-04    2.5097741767273775e-04   -1.4766344290628584e-04    5.5925623021685353e-05 
   2.4657902275829115e-04    2.4560442188509328e-04    1.9062098795322510e-04   -4.0970884428625164e-04    2.2784997129661466e-04 
  -3.2275844761860676e-04    3.3518250256702690e-04   -3.2422872230436121e-04   -9.1760039823634085e-05    1.0341426447048496e-04 
   2.6582655967598100e-04   -8.7514629777522208e-05    2.7311465925397793e-04   -1.4196044906005913e-04    3.7978586683219327e-05 
   7.9184166421179477e-04    9.9050268094958175e-05    1.0264462903374041e-04   -2.7277484798448459e-05   -5.6345832319446705e-06 
   7.3083915865891191e-04    1.7390337524176983e-04    9.1569794342210380e-05   -1.8032611691903980e-05   -5.3427110161577885e-06 
  -4.0331368666388559e-05    1.7977745802101740e-04    2.9085476404654685e-04   -1.3010675875036286e-04    4.0483785417510264e-05 
   7.8630933874732449e-06   -2.9717641813709734e-04    8.2775455441617355e-05   -9.1763725031769155e-05    5.5940678918453367e-05 
  -3.3661665213767522e-05    2.2040098500269209e-04    7.0437733477682891e-05   -2.3993834369580363e-05    1.7130943027446181e-05 
   4.1625710833757960e-05    5.2068967876690785e-06    5.3958459625256895e-06   -1.4339289605614204e-06   -2.9620003958131787e-07 
   3.8418917391275207e-05    9.1417917722655115e-06    4.8136615597130630e-06   -9.4794239024011340e-07   -2.8085683524658950e-07 
  -2.1201484659283352e-06    9.4505818779565365e-06    1.5289718702632169e-05   -6.8394813787059667e-06    2.1281607440076006e-06 
   4.1334886303513645e-07   -1.5622036837756106e-05    4.3513587729374473e-06   -4.8238561518521367e-06    2.9407022006369379e-06 
  -1.7695339935993547e-06    1.1586088587962472e-05    3.7027866277356047e-06   -1.2613132857253845e-06    9.0054326893731950e-07 
   4.0182384037011524e-05    5.0263532363156935e-06    5.2087508015581690e-06   -1.3842090145964227e-06   -2.8592962147284531e-07 
   3.7086782711479056e-05    8.8248099653269431e-06    4.6467530173616944e-06   -9.1507350641324944e-07   -2.7111842626230246e-07 
  -2.0466345959508036e-06    9.1228931058950422e-06    1.4759564135269749e-05   -6.6023297108543554e-06    2.0543690568967836e-06 
   3.9901643534865350e-07   -1.5080359496130809e-05    4.2004800829777558e-06   -4.6565941229723338e-06    2.8387365115852481e-06 
  -1.7081773037180516e-06    1.1184353415312337e-05    3.5743964800264397e-06   -1.2175786028114930e-06    8.6931789871174347e-07 
   3.1151937031835374e-04    3.8967483704611414e-05    4.0381545513875898e-05   -1.0731267717188854e-05   -2.2167080866715686e-06 
   2.8752030209984556e-04    6.8415533559323393e-05    3.6024581634083743e-05   -7.0942311996793212e-06   -2.1018822913329788e-06 
  -1.5866811685814804e-05    7.0726463447573937e-05    1.1442551844005887e-04   -5.1185454607796684e-05    1.5926774141039568e-05 
   3.0934289158153017e-06   -1.1691252788988242e-04    3.2564790314052654e-05   -3.6100876137173435e-05    2.2007688985656462e-05 
  -1.3242875722759797e-05    8.6708213483471390e-05    2.7710992451327690e-05   -9.4394428989471880e-06    6.7395046586513482e-06 
   3.2000344339720269e-05    4.0028743487946625e-06    4.1481316558053567e-06   -1.1023528386078497e-06   -2.2770790144330679e-07 
   2.9535077264867513e-05    7.0278796141847769e-06    3.7005692962429669e-06   -7.2874390116841452e-07   -2.1591259964181029e-07 
  -1.6298936306936175e-06    7.2652663041148309e-06    1.1754183977679804e-05   -5.2579464672155972e-06    1.6360531809414452e-06 
   3.1776768935868950e-07   -1.2009658167580615e-05    3.3451675969154846e-06   -3.7084065307866904e-06    2.2607057305706923e-06 
  -1.3603538770104782e-06    8.9069667986215245e-06    2.8465687367423067e-06   -9.6965213698507711e-07    6.9230516720547455e-07 
  -4.5241616884913781e-03    1.8559653357492829e-02    3.1239777107213351e-03   -2.8563320570114100e-03    1.4149901804248945e-03 
  -2.4000548027638467e-03    1.5935426310879155e-02    4.9068626509559780e-03   -2.8869698303025039e-03    1.0934025594062850e-03 
   4.8208695766388488e-03    4.8018151427036034e-03    3.7268333340478520e-03   -8.0102227699863811e-03    4.4546976558448954e-03 
  -6.3102544706447692e-03    6.5531573252725923e-03   -6.3389998295263466e-03   -1.7940016932038571e-03    2.0218535859189641e-03 
   5.1971784131073975e-03   -1.7109996279725420e-03    5.3396681396626067e-03   -2.7754705258544398e-03    7.4251982612627597e-04 
  -1.1401850884146466e-04    4.6774278775643457e-04    7.8730890882282807e-05   -7.1985650452098131e-05    3.5660765796184469e-05 
  -6.0486491993653883e-05    4.0160667783855356e-04    1.2366338806481478e-04   -7.2757787582775752e-05    2.7556072919338406e-05 
   1.2149617946807653e-04    1.2101596715611574e-04    9.3924136383042545e-05   -2.0187467173091826e-04    1.1226786729374671e-04 
  -1.5903185047151165e-04    1.6515351967454908e-04   -1.5975629472913568e-04   -4.5212663030700696e-05    5.0955015942217635e-05 
   1.3097996350416784e-04   -4.3120834232337765e-05    1.3457100804804012e-04   -6.9947767670718185e-05    1.8713080828986145e-05 
   5.5519215840968920e-03   -2.0907160740207672e-03    4.5851431876148601e-03   -1.1360024939113965e-03    7.1219862474321922e-04 
   4.8094236075723537e-03   -9.8021811782584905e-04    3.7368077550466827e-03   -1.4600622734114721e-03    8.1186274883086309e-04 
   5.7748699679058605e-04    1.4070799070022700e-03    2.8926410430305484e-03   -1.0296688139422435e-03    2.2842181081887810e-03 
   1.5942697936746923e-03   -3.3786562296059582e-03    2.9287458159999156e-03    1.2449335117784292e-03    7.4409304019128371e-04 
  -6.5746961992502282e-04    2.4810196298487444e-03   -3.6135396722631821e-04   -1.1399396246148936e-03    1.0470455064673283e-03 
   7.3966350486608837e-02   -2.7853894468173036e-02    6.1086292900438204e-02   -1.5134572299976067e-02    9.4883784462540793e-03 
   6.4074304149980776e-02   -1.3059110392356986e-02    4.9784210371879987e-02   -1.9451909795839637e-02    1.0816169450061400e-02 
   7.6936615474585890e-03    1.8746043867426954e-02    3.8537666280016626e-02   -1.3717925086575510e-02    3.0431855821254940e-02 
   2.1239910640477422e-02   -4.5012680216637097e-02    3.9018677809311501e-02    1.6585822956954977e-02    9.9132968237676550e-03 
  -8.7592426523045493e-03    3.3053775116566222e-02   -4.8141951907514470e-03   -1.5187025344406777e-02    1.3949428811932526e-02 
  -4.1119175859305038e-02    1.1508618202893531e-01   -3.7352285422374350e-02   -5.8847084639488151e-02    2.3608372075150413e-02 
  -2.6963582570856608e-02    9.3003701919867107e-02   -1.4843861181164266e-02   -4.7399426141055842e-02    2.5110140345541536e-02 
   1.7859270053110030e-02    3.1810052634434205e-02    1.1458712040861633e-02   -6.4707658241025395e-02    1.8855486133126115e-02 
  -3.9730185815136855e-02    6.4989329112461636e-02   -7.3655682981360840e-02   -5.6970930912757761e-02   -1.6289613048326362e-02 
   2.9549149321391310e-02   -2.2286800110492985e-02    4.6253422250345767e-02   -3.2484445676337114e-03    1.0424657927749686e-02 
2    101 5 
  -2.5227847050263287e-03    2.5071127280135502e-01   -8.2467769928872242e-04    4.7713626518893819e-02   -5.6678464836067859e-05 
  -2.1994500466103836e-02    9.5614024598608100e-05   -5.1390343261653298e-03    1.2891446836572712e-01   -1.4472619960614929e-03 
  -2.3831542554004933e-02    2.6390286183923941e-02   -5.1788284047753807e-03    1.1578143660482978e-01   -1.5315225371772369e-03 
   1.4648995810174632e-02    2.1457414028656844e-03    3.4898297544252704e-03   -9.2167298721098384e-02    7.0671608005007640e-04 
  -1.8417455500899262e-03   -1.3245006147600442e-02   -1.0806242291234237e-03    5.6746744189166053e-02    3.0986236127150809e-05 
   3.7187760556824491e-03    1.2392886234240801e-02    1.2203961079039144e-03   -5.5930514189563831e-02    3.4739083223911442e-04 
   6.9819371961866491e-03   -1.0211971433122295e-02    6.4955431456372088e-04    5.8306396704698024e-03   -3.7179101200515122e-06 
  -7.3233726239807662e-03   -3.5899697215221742e-03   -5.8885819019671316e-03    2.0710189542436220e-03   -1.0239449752919275e-03 
  -1.6882629830594742e-02   -1.5216132593337262e-02   -6.0370168006413285e-03   -2.2762548542624990e-03   -1.6896505342224857e-03 
   1.5609933054092785e-03   -2.0048526386515712e-02    1.4179076459252295e-03   -4.6328319774609477e-03    4.0100771164830234e-04 
  -2.9411052174814615e-03   -5.0605574232983029e-03   -2.6609164990261166e-03   -3.6013962076979046e-03   -8.1814808183511029e-04 
   1.1377385472925723e-03    3.1725778376080504e-03   -1.2859471653601575e-02   -1.2548738480560675e-03    4.0747773744747124e-03 
   6.3329423603255067e-04   -2.0315968667039218e-03   -8.8828073724192755e-03   -7.4095020711052869e-04   -6.7550020991157516e-03 
  -1.3060850193268468e-03   -7.5374490988084052e-05    4.4169840547770628e-03   -5.0737501962416164e-05    2.6536868835844813e-03 
   3.2642034030251213e-03    1.6317564591588007e-03   -4.2969966978488169e-03    7.6223409589441674e-04    3.4237603750068533e-03 
  -2.8741456639807821e-03   -9.9687689333135101e-04    4.2019635172152944e-03   -2.1981883130465176e-04    4.0602687329458730e-03 
  -8.0293066241513499e-04   -4.0467110299112263e-04   -4.1243160584789713e-05   -9.6759486199377465e-04   -2.4252563077969014e-03 
   1.1356398695081681e-03    7.9464593912658105e-04    4.5995055536507249e-04    2.2273162855010113e-03   -7.7220131287319418e-04 
  -1.9899600736727717e-03    5.9134358141852588e-04   -1.8448962670211222e-03    7.7585675518596390e-04   -2.0735656046891849e-03 
   3.8856618046840792e-04   -2.6598767391596803e-04    2.9247599537401027e-05   -3.3300531365974373e-04    1.5783221476849867e-04 
  -4.1037234217235572e-03    1.2632008007892480e-03   -1.6021056585133751e-03    4.6723911542009920e-03    1.6873265714349494e-04 
  -1.6597692717114945e-06    1.2728130901665821e-04   -1.8390812802483233e-07    4.4968345431180927e-05    2.9906059902205048e-09 
  -2.5503576622142371e-07    1.0018084829574817e-04    4.8885805700546060e-07    7.7968981812379494e-05    6.2114960532434599e-08 
   6.3775425287347834e-08    4.3197840427540278e-05    4.2637805958922808e-07   -4.4601150494432510e-05    3.4980149167964460e-08 
   1.8738735819442615e-06   -5.4702800914290556e-05   -1.3785405087311528e-08    2.5779281086574553e-06   -8.8670509597944413e-08 
   1.3689422220842960e-05    2.9084781796103073e-05    2.6923470889121594e-06   -2.2816237311142447e-05    7.9437408552575100e-07 
  -2.2822455998354678e-06    1.7501661971668309e-04   -2.5288064016623685e-07    6.1833177804507069e-05    4.1121964831800611e-09 
  -3.5068383610892966e-07    1.3775246000005364e-04    6.7219834019120319e-07    1.0721030247864806e-04    8.5410422867344166e-08 
   8.7693624782918208e-08    5.9398666379989068e-05    5.8628597778562047e-07   -6.1328270861741584e-05    4.8099029715048266e-08 
   2.5766471339900759e-06   -7.5218422712802313e-05   -1.8955454013209951e-08    3.5447487689712613e-06   -1.2192530842338270e-07 
   1.8823473937189145e-05    3.9992676336201663e-05    3.7020791995766487e-06   -3.1373190295577431e-05    1.0922944485199517e-06 
  -1.1298673444419071e-06    8.6645172354256594e-05   -1.2519317701214710e-07    3.0611643378530020e-05    2.0358179332710566e-09 
  -1.7361243446878029e-07    6.8196869864409516e-05    3.3278405865908824e-07    5.3076417265125391e-05    4.2283988927284408e-08 
   4.3414329713289346e-08    2.9406394058109842e-05    2.9025157540096548e-07   -3.0361679979913389e-05    2.3812302662908782e-08 
   1.2756161979478010e-06   -3.7238253205417359e-05   -9.3842435231949746e-09    1.7548925841285507e-06   -6.0361349566637039e-08 
   9.3189043773889219e-06    1.9799104448866705e-05    1.8327818857185400e-06   -1.5531870543858281e-05    5.4076030554592711e-07 
  -7.4111269723425334e-06    5.6833076645389723e-04   -8.2117828740883758e-07    2.0079063000304196e-04    1.3353519127943523e-08 
  -1.1387742128799817e-06    4.4732301023453930e-04    2.1828269709947312e-06    3.4814358475257479e-04    2.7735292322482266e-07 
   2.8476715563742313e-07    1.9288505082960762e-04    1.9038441015228468e-06   -1.9915104771517510e-04    1.5619178605948359e-07 
   8.3671358920790986e-06   -2.4425648204737450e-04   -6.1553969704411475e-08    1.1510848444091561e-05   -3.9592756447108789e-07 
   6.1125391333494630e-05    1.2986805728215954e-04    1.2021746919660496e-05   -1.0187803487264960e-04    3.5470033767399189e-06 
  -3.5489434253288405e-06    2.7215479434447305e-04   -3.9323510378357813e-07    9.6151987258652022e-05    6.3945583567756111e-09 
  -5.4532128120549570e-07    2.1420818481381168e-04    1.0452835926643971e-06    1.6671444043381842e-04    1.3281513554521454e-07 
   1.3636556606310399e-07    9.2366267038815041e-05    9.1168792980684042e-07   -9.5366845565286661e-05    7.4795076955882081e-08 
   4.0067444565237489e-06   -1.1696634523885160e-04   -2.9476158875781999e-08    5.5121643520706042e-06   -1.8959660684264211e-07 
   2.9270926878357089e-05    6.2189514465445516e-05    5.7568167231131419e-06   -4.8786019102898899e-05    1.6985425240287631e-06 
  -1.2497189449355731e-06    9.5836129711145764e-05   -1.3847314541693719e-07    3.3858798427931294e-05    2.2517689816985728e-09 
  -1.9202851511669286e-07    7.5430908481522555e-05    3.6808439922143148e-07    5.8706541535012183e-05    4.6769297554992999e-08 
   4.8019540162191710e-08    3.2525701302406519e-05    3.2104024809669381e-07   -3.3582319957845068e-05    2.6338212097877796e-08 
   1.4109282270030397e-06   -4.1188331299286127e-05   -1.0379684812130344e-08    1.9410442469205769e-06   -6.6764228974655065e-08 
   1.0307414763118471e-05    2.1899310608652695e-05    2.0271957197316532e-06   -1.7179426385257813e-05    5.9812189619809004e-07 
  -1.1966751240304625e-03    1.6906265094698431e-01   -1.1631775580296395e-03    1.7638441615740016e-01   -1.8556397177913665e-04 
   8.7226261575799481e-05    1.6439669483219232e-01    6.2178397966041073e-04    2.1723710882006639e-01    5.8127415689239275e-04 
   2.6615600797697713e-04    1.3325435664852612e-02    6.9176641955752155e-04   -5.0383023892755903e-02    4.8096968587158477e-04 
   1.2278343414458606e-03   -5.6540418058569755e-02    8.9681999541516217e-04   -3.5466309043032246e-02   -1.9105234926417518e-04 
   1.0443179142817475e-02    1.4279124706246033e-02    1.1953913466366629e-02   -2.0638343944850080e-02    4.3974182456986517e-03 
   8.9477195677445706e-02   -1.1728692851240875e-03    2.0162687209789432e-01   -8.5796209867052822e-04    1.6071850411290520e-01 
   8.4811813682119097e-02    3.7350759675264911e-04    2.2458053447610243e-01    7.7559790578278335e-04    2.1588498452095814e-01 
   1.0140047479849552e-02    4.9591207858034247e-04   -2.4206181237639207e-02    7.6119825605326782e-04   -7.1135837585107567e-02 
  -3.1054055298216410e-02    1.0364410989970648e-03   -5.2758657477386492e-02    4.2831313535768387e-04   -2.3085259551118835e-02 
   9.2637201596653725e-03    1.1173613894918976e-02   -5.1364992062796246e-03    1.0454115010538407e-02   -3.2751181574046093e-02 
   3.2965526949223033e-04   -4.8687470692593022e-06    5.5802003859564523e-04   -6.7734240209003879e-07    1.8094676944926643e-04 
   2.6027746929989512e-04    8.5342376545355668e-07    5.9103665793107418e-04    1.9667407779153277e-06    3.1036800329574068e-04 
   1.1073971390031031e-04    1.4874300324193114e-06   -2.4093918481704614e-05    1.6711365611888203e-06   -1.7473220039115580e-04 
  -1.4126132207398890e-04    4.7849272559586236e-06   -1.6171104273473343e-04   -3.7331315968281467e-07    8.6399508659007656e-06 
   7.4695781132306911e-05    4.3632360963253738e-05    9.5015020090798773e-06    1.2938629075900084e-05   -8.9191119369007294e-05 
  -4.7078538293976110e-04    6.6511138460718169e-02   -4.5760706568341786e-04    6.9391602814962483e-02   -7.3002942703135880e-05 
   3.4315787245629403e-05    6.4675499119537599e-02    2.4461677450460939e-04    8.5463509193810308e-02    2.2867975697855801e-04 
   1.0470875145723311e-04    5.2423754838218659e-03    2.7214864936723208e-04   -1.9821245316043203e-02    1.8921885581011424e-04 
   4.8304376769969879e-04   -2.2243633073633067e-02    3.5281902037667342e-04   -1.3952842796671031e-02   -7.5162131813133674e-05 
   4.1084635195731680e-03    5.6175674231726726e-03    4.7028033054933981e-03   -8.1193554225427438e-03    1.7299935389104256e-03 
   2.6253002130082717e-04   -3.8773603521332761e-06    4.4439457268331616e-04   -5.3942021167309877e-07    1.4410192596345375e-04 
   2.0727910603302927e-04    6.7964743796833192e-07    4.7068826363739260e-04    1.5662679960026719e-06    2.4717007752320011e-04 
   8.8190610433367219e-05    1.1845557290681668e-06   -1.9187853244285506e-05    1.3308554651083238e-06   -1.3915278333420270e-04 
  -1.1249733077281016e-04    3.8106081433633293e-06   -1.2878302706679210e-04   -2.9729818035175786e-07    6.8806619968696985e-06 
   5.9486035342167167e-05    3.4747828150092296e-05    7.5667818951469350e-06    1.0304032367301835e-05   -7.1029795773799937e-05 
  -2.9540409257053819e-03    4.1733798913072606e-01   -2.8713508297128548e-03    4.3541206257442511e-01   -4.5807216675965113e-04 
   2.1532155329121328e-04    4.0581988781495915e-01    1.5348988927575129e-03    5.3625858610231625e-01    1.4348987574269228e-03 
   6.5701686648108530e-04    3.2894376691185133e-02    1.7076533750605308e-03   -1.2437253148432985e-01    1.1872931153636608e-03 
   3.0309587136744540e-03   -1.3957230792845909e-01    2.2138364174601687e-03   -8.7550017789260193e-02   -4.7162044847868443e-04 
   2.5779409935800059e-02    3.5248596647880062e-02    2.9508718693051734e-02   -5.0946586444057335e-02    1.0855204728820539e-02 
   1.0589282496633025e-01   -1.3880457582259285e-03    2.3861766021968472e-01   -1.0153651961755039e-03    1.9020417767929912e-01 
   1.0037152453562490e-01    4.4203189725684094e-04    2.6578243817399105e-01    9.1789033685608630e-04    2.5549158873001165e-01 
   1.2000356792637459e-02    5.8689290090295238e-04   -2.8647085925008607e-02    9.0084890437891246e-04   -8.4186532011886250e-02 
  -3.6751281902520222e-02    1.2265882390821508e-03   -6.2437845077879438e-02    5.0689214754462777e-04   -2.7320518154829988e-02 
   1.0963257062064797e-02    1.3223542953685332e-02   -6.0788495579479447e-03    1.2372043654334957e-02   -3.8759765676643382e-02 
   3.4661693235537314e-04   -5.1192573871495402e-06    5.8673169177235972e-04   -7.1219351636119509e-07    1.9025697433178119e-04 
   2.7366945509140655e-04    8.9733474619205288e-07    6.2144710623674533e-04    2.0679349558988260e-06    3.2633728370044302e-04 
   1.1643757426101728e-04    1.5639623650626535e-06   -2.5333616312011404e-05    1.7571210958598933e-06   -1.8372264874326304e-04 
  -1.4852960243338204e-04    5.0311248158072638e-06   -1.7003151700574603e-04   -3.9252114008812634e-07    9.0844999063794939e-06 
   7.8539082829916064e-05    4.5877364957036720e-05    9.9903802060512900e-06    1.3604356836401867e-05   -9.3780245759899356e-05 
  -8.5065651723168791e-04    1.2017818617649921e-01   -8.2684477229123463e-04    1.2538286300884049e-01   -1.3190815016331982e-04 
   6.2004788428543425e-05    1.1686139125157703e-01    4.4199514470304928e-04    1.5442299976953039e-01    4.1319873700849279e-04 
   1.8919699945247739e-04    9.4723860015409594e-03    4.9174216241471415e-04   -3.5814772757924940e-02    3.4189730333788256e-04 
   8.7280604706980699e-04   -4.0191756428039731e-02    6.3750449772379512e-04   -2.5211225940751262e-02   -1.3580956332293425e-04 
   7.4235339400517018e-03    1.0150315860850965e-02    8.4974394406560402e-03   -1.4670766884855004e-02    3.1259047794845538e-03 
   3.6298598995581250e-04   -5.3610153949661103e-06    6.1444021943533650e-04   -7.4582700510266097e-07    1.9924189999758577e-04 
   2.8659355272111847e-04    9.3971156848829831e-07    6.5079507665610780e-04    2.1655936195337717e-06    3.4174863062387230e-04 
   1.2193636321798579e-04    1.6378208169988176e-06   -2.6530001675590766e-05    1.8401015095218223e-06   -1.9239898950754061e-04 
  -1.5554394417681910e-04    5.2687207443884848e-06   -1.7806129119145599e-04   -4.1105803356252007e-07    9.5135173269313864e-06 
   8.2248107550642887e-05    4.8043933175256869e-05    1.0462178014461523e-05    1.4246825451996436e-05   -9.8209037608571308e-05 
 TENSORSUMACCUMULATOR_IMPL_H - PrettifyOut: Norm of simple tensor is 5.12307e-05 
 As simple full tensor 3    5 5 5 
  -3.0070997206737268e-07    4.9870246165624962e-05   -6.8506161498634393e-08    8.4663340141595044e-06    1.8638267022027248e-08 
   6.1782620544742908e-07   -1.7938811231280391e-06    3.1042656348010175e-08   -3.7287608334158245e-06    9.2367212786159625e-09 
   9.1755254110215092e-08    1.1962652258193124e-06   -3.2476247044416801e-08    7.4064213243558722e-07    1.0444842991421328e-08 
  -1.0191807440957028e-08   -2.1333177672615330e-06   -5.8659057474793474e-09   -2.4788278522679755e-06   -1.2758331289182852e-08 
   4.2621597208814827e-08    1.4153719369047280e-06    2.0828021668261862e-08    1.8087326733733685e-06    1.1056723358178473e-08 

   2.3046935497231106e-07    2.9906838580848415e-06   -8.3833451240761775e-09    3.5680322978704493e-06   -1.1109631653958394e-08 
  -1.1208038163922899e-08   -4.3966553126103195e-07   -1.7926887638061852e-08   -8.6042916773829433e-07   -6.8547169090680261e-09 
   2.0724715907675057e-08    4.7570446188862405e-07   -5.3139520285535174e-08    6.0327937192309315e-07   -1.6081510653597109e-08 
  -1.5565365243936034e-08   -7.5316707255948128e-07    2.9997127204590146e-08   -1.1313696736299122e-06    1.2611393100768205e-08 
  -8.0042280969493728e-09    5.8817156275123755e-07   -1.4981811550326492e-08    8.3380141911314531e-07   -8.3911090332842528e-09 

  -3.5105300180694706e-10    1.0579010092735387e-06    4.1713971786468000e-08    9.4183653452198754e-07    1.5104300111029853e-08 
   4.4467985882880285e-08   -7.1001249096388619e-07    2.5823301953269456e-08   -5.8895751011099045e-07    1.1427061751737740e-08 
   4.3052076920828196e-08   -1.8235388943394701e-07    2.1442143961809121e-08   -6.1731009065012454e-07    7.3118942452616015e-09 
  -2.1162689315076436e-08    1.0678164136961135e-07   -1.2845638526925469e-08    3.0877803597134685e-07   -3.5283675548147478e-09 
   1.7673296380422144e-08   -1.9676998030587703e-07    7.8778145030163322e-09   -1.6382575832783025e-07    1.7970466497324723e-09 

  -1.0778782956983358e-08    3.9892562882570366e-07   -1.3025981613378264e-08    4.2747335886725751e-07   -5.6082770911485652e-10 
  -3.9919948323139780e-08   -3.8942498139484946e-07   -6.4473851108060486e-09   -3.3702624202369143e-07   -3.5461120873176947e-10 
  -4.8417631474184795e-09    1.2438478454476757e-07   -5.2127173564749359e-09   -7.9833205548937211e-08   -1.4715364197795883e-09 
  -6.8015130466007002e-09    1.4673039101641805e-07    1.6956603683214267e-09    5.3294571633226519e-08    1.3414422950992886e-09 
   5.0188790412282381e-09   -1.0516757906750636e-07    1.8805670103489769e-10   -5.0916662574821906e-08   -6.9548267518275717e-10 

   7.5225276521148586e-10    1.0364419948631880e-07    4.6805166060029891e-09    1.5317670521459824e-07    1.8258232923853132e-09 
  -2.0506199322084510e-09   -1.9904822062130255e-08    8.2497005447037697e-10    1.3297216643239308e-08    4.0588212609418940e-10 
   1.1115993315067927e-09   -7.3311659255898029e-09    9.8833319840313302e-10    6.8880535408655511e-09   -8.5770286810249016e-11 
   7.7169058492452183e-11    2.6214716540897432e-08   -3.3744244381057648e-10   -2.7425832557183029e-09   -3.0034302800729758e-10 
  -3.5203841450692862e-12   -1.3197682209267442e-08    1.2160882772864501e-10    2.6578345817619041e-09   -3.3382855765312210e-10 
