2    101 5 
  -1.9946292247855502e-05   -5.9836997528122720e-03   -1.1814212899608118e-06   -2.2712669891007285e-04   -8.2480664656889093e-08 
   2.0158573737896282e-04   -3.9686734082410071e-07    1.5867273072233875e-05   -3.3608379347766117e-04    8.7783153532878180e-08 
   7.9753333898926351e-05   -1.0211962178227776e-03    2.0617078595966110e-06    1.5577434889259929e-04    1.8884157128956914e-08 
   1.0494844678484013e-04   -1.1857643078587129e-03    1.0659809321311666e-05   -5.1200270799647612e-04    5.9018494079409676e-07 
  -3.9060246533732579e-05   -3.0228858165960731e-04   -2.1711561165656043e-06   -1.8598277905347511e-04   -1.1961611149843287e-07 
  -2.0704685485733623e-05    2.6774238853248474e-04   -8.6149222375740185e-06    9.6473550399195991e-04   -7.5920851432096708e-07 
   1.1595996669487989e-04    5.6928872929411780e-05    9.1123410897761747e-06   -1.4919622404193020e-05    3.7726165172750112e-07 
  -1.7675462872194587e-04    9.5159722480431107e-06   -5.8862640175016798e-05   -4.5930000696768776e-04   -1.2147235305907384e-05 
   2.3365912756364687e-04   -8.7148762406443790e-06    5.6520029698852116e-05    8.9376803891564244e-05    9.9570325353393990e-06 
   3.3964411473394500e-04    4.2006664164981629e-05    2.7004887890826408e-05   -3.9826431924074782e-05    1.4255186882556112e-06 
  -2.8272584514437706e-04   -2.5854832964316595e-05   -2.3237568054915973e-05   -1.5371186308952609e-05    5.7435697325843340e-07 
   7.1894842578992910e-06    2.4348729619570564e-03    6.1337779596728616e-07    8.7704110217237273e-05    3.4026589730002305e-08 
   7.1894842578992910e-06    2.4348729619570564e-03    6.1337779596728616e-07    8.7704110217237273e-05    3.4026589730002305e-08 
   7.1894842578992910e-06    2.4348729619570564e-03    6.1337779596728616e-07    8.7704110217237273e-05    3.4026589730002305e-08 
  -6.2427513879891443e-05    2.6284425929945922e-03   -1.8361033048292887e-06    2.4435363298736349e-05   -9.8595706566389631e-09 
  -4.2406745006404699e-05   -3.1422779924638926e-06   -9.6538025993048815e-06    2.2893948017682129e-04   -4.9713443466930960e-07 
   1.1759166122875131e-04    2.5904070035059272e-06    1.1083224735731488e-06    2.1863972320181218e-05    1.5206511772504531e-08 
   3.9372029272740619e-05   -1.6577164823863924e-03    1.1580008328475223e-06   -1.5410990752232919e-05    6.2182726875318379e-09 
   2.6745252245126187e-05    1.9817842072071980e-06    6.0884980821817121e-06   -1.4438844917883669e-04    3.1353469484537881e-07 
  -7.4163170057295992e-05   -1.6337280476453441e-06   -6.9900116408791047e-07   -1.3789255805777773e-05   -9.5905024793270590e-09 
  -4.3732662044115954e-05    1.8413161838055916e-03   -1.2862547347740598e-06    1.7117828640827005e-05   -6.9069748998247946e-09 
  -2.9707411564141618e-05   -2.2012758950721413e-06   -6.7628271618870159e-06    1.6038013197820973e-04   -3.4826009992508392e-07 
   8.2377081195598247e-05    1.8146709199247195e-06    7.7641874808482180e-07    1.5316479113040305e-05    1.0652694603477100e-08 
   2.2716952760001350e-05   -9.5647259527768705e-04    6.6814565318970279e-07   -8.8918644878098677e-06    3.5878315012142255e-09 
   1.5431529515485389e-05    1.1434538439402331e-06    3.5129538880039828e-06   -8.3309538260362292e-05    1.8090387980980289e-07 
  -4.2790815252440916e-05   -9.4263169987898164e-07   -4.0331109970917917e-07   -7.9561525916142656e-06   -5.5335474394353780e-09 
  -1.6668478170861112e-05   -1.6430640082679541e-03   -8.2483086458455339e-07   -2.8949028622284346e-05   -2.1960822876621691e-08 
   9.3609094230052131e-06    1.9452604683784513e-06   -1.1890342935640585e-06   -1.1576334239086902e-04   -1.1439493529041003e-07 
  -2.1004468115939970e-05    2.4310724171972925e-07   -5.2566867153083191e-07   -1.6889991845544797e-06    1.0598127938184743e-08 
   1.1179603746255998e-05    1.1020084949495941e-03    5.5321680415055346e-07    1.9416209777442608e-05    1.4729196942018182e-08 
  -6.2783930831032646e-06   -1.3046926658094513e-06    7.9748925525748073e-07    7.7642858754466368e-05    7.6725063561055233e-08 
   1.4087766623324918e-05   -1.6305283556257859e-07    3.5256772629722931e-07    1.1328173704590276e-06   -7.1081996560523166e-09 
  -2.4683370772932875e-05   -2.4331170310819068e-03   -1.2214436043172092e-06   -4.2868916986629489e-05   -3.2520493351934829e-08 
   1.3862021217018043e-05    2.8806220279216912e-06   -1.7607710811345024e-06   -1.7142713767013201e-04   -1.6940074392964102e-07 
  -3.1104283731212928e-05    3.6000324225418411e-07   -7.7843187543018944e-07   -2.5011397369449082e-06    1.5694145483209296e-08 
   8.5795342053084276e-06    8.4571151102979364e-04    4.2455373212584714e-07    1.4900531334019812e-05    1.1303589272838935e-08 
  -4.8182108626967825e-06   -1.0012568967371435e-06    6.1201510349943177e-07    5.9585257009217557e-05    5.8880915832726791e-08 
   1.0811338072845042e-05   -1.2513121321050086e-07    2.7057013254766866e-07    8.6935508617428795e-07   -5.4550271611984533e-09 
  -2.7110549409491439e-05    1.1414602049425004e-03   -7.9736908091960540e-07    1.0611605090085920e-05   -4.2817399065011008e-09 
  -1.8416081056884113e-05   -1.3646047628446430e-06   -4.1923805080797006e-06    9.9422108992814365e-05   -2.1589178899855537e-07 
   5.1066818839202900e-05    1.1249423963022987e-06    4.8131391615665708e-07    9.4949208295311468e-06    6.6037691257041966e-09 
  -1.4465562549853650e-05    6.0905678241193013e-04   -4.2545771172470827e-07    5.6621072065489642e-06   -2.2846374488453445e-09 
  -9.8263951950108921e-06   -7.2812156089490643e-07   -2.2369573392408710e-06    5.3049339382639315e-05   -1.1519486863165685e-07 
   2.7248074208407998e-05    6.0024326150306579e-07    2.5681798089424061e-07    5.0662702954077689e-06    3.5236185703865592e-09 
   1.2546044389690420e-05    1.2367028214290473e-03    6.2083439981671267e-07    2.1789379594864047e-05    1.6529490924125012e-08 
  -7.0457773016255839e-06   -1.4641603111944576e-06    8.9496334788361824e-07    8.7132851448534039e-05    8.6102877623116761e-08 
   1.5809661005831709e-05   -1.8298216638654024e-07    3.9566074477180073e-07    1.2712773491592671e-06   -7.9770079905989932e-09 
   7.4944363502519683e-06    7.3875002283534271e-04    3.7085823618611043e-07    1.3015984434056120e-05    9.8739661510140155e-09 
  -4.2088269326126599e-06   -8.7462278292502849e-07    5.3461040294371950e-07    5.2049202833492585e-05    5.1433943311267523e-08 
   9.4439724942014118e-06   -1.0930522454886514e-07    2.3634973509437097e-07    7.5940327332336753e-07   -4.7651017957597623e-09 
   1.0798498886732847e-05    1.6927813675071707e-03    9.5913870693066384e-06    1.2042431898005134e-03    8.8054470543879053e-07 
   1.0798498886732847e-05    1.6927813675071707e-03    9.5913870693066384e-06    1.2042431898005134e-03    8.8054470543879053e-07 
   1.0798498886732847e-05    1.6927813675071707e-03    9.5913870693066384e-06    1.2042431898005134e-03    8.8054470543879053e-07 
   2.6583187355159018e-06    4.7949382450784232e-04    2.4728070996956486e-06    3.5083339147473056e-04    3.2797987609308916e-07 
   2.6583187355159018e-06    4.7949382450784232e-04    2.4728070996956486e-06    3.5083339147473056e-04    3.2797987609308916e-07 
   2.6583187355159018e-06    4.7949382450784232e-04    2.4728070996956486e-06    3.5083339147473056e-04    3.2797987609308916e-07 
  -3.0544488578100697e-05    2.0679239178731951e-03   -2.6227214374214559e-05    1.4516618024789875e-03   -1.5754368059097629e-06 
  -3.0544488578100697e-05    2.0679239178731951e-03   -2.6227214374214559e-05    1.4516618024789875e-03   -1.5754368059097629e-06 
  -3.0544488578100697e-05    2.0679239178731951e-03   -2.6227214374214559e-05    1.4516618024789875e-03   -1.5754368059097629e-06 
  -3.2278689122729690e-06    5.1417137254511618e-04   -1.6876570964712688e-06    3.2322602150598034e-04    8.8873773577339957e-07 
  -3.2278689122729690e-06    5.1417137254511618e-04   -1.6876570964712688e-06    3.2322602150598034e-04    8.8873773577339957e-07 
  -3.2278689122729690e-06    5.1417137254511618e-04   -1.6876570964712688e-06    3.2322602150598034e-04    8.8873773577339957e-07 
   3.6112880917232879e-05   -1.5204935846271374e-03    1.0621435306011123e-06   -1.4135295643429891e-05    5.7035348500869308e-09 
   2.4531326611054465e-05    1.8177355447634155e-06    5.5845027616816038e-06   -1.3243622356619018e-04    2.8758083612955634e-07 
  -6.8024071357122425e-05   -1.4984908709444551e-06   -6.4113905902205865e-07   -1.2647805105541921e-05   -8.7966173034458009e-09 
  -1.1863916178584822e-05    4.9951729078153394e-04   -3.4893870266286401e-07    4.6437713750259645e-06   -1.8737430430475212e-09 
  -8.0591078659735455e-06   -5.9716814582955224e-07   -1.8346382504213312e-06    4.3508360880946109e-05   -9.4476952482079158e-08 
   2.2347479907698580e-05    4.9228889071478174e-07    2.1062900167083340e-07    4.1550963480075675e-06    2.8898921296907296e-09 
   1.9024353714833329e-05   -8.0099972753151327e-04    5.5953980155692793e-07   -7.4465082085441703e-06    3.0046360649436337e-09 
   1.2923162669087979e-05    9.5758751684367761e-07    2.9419296705568700e-06   -6.9767725470433142e-05    1.5149828563041748e-07 
  -3.5835246641965218e-05   -7.8940864431816043e-07   -3.3775361946851983e-07   -6.6628945665003290e-06   -4.6340794426876564e-09 
  -1.4321123713127303e-05    6.0297534224334429e-04   -4.2120951074766489e-07    5.6055709898954289e-06   -2.2618253131737868e-09 
  -9.7282785067528830e-06   -7.2085125731088879e-07   -2.2146212901053551e-06    5.2519641015007767e-05   -1.1404464631816867e-07 
   2.6976001820754089e-05    5.9424982445936033e-07    2.5425364989895913e-07    5.0156835183302783e-06    3.4884351915431880e-09 
   5.7253139321488501e-06    5.6436209481881415e-04    2.8331414495462367e-07    9.9434558568809038e-06    7.5431364452199348e-09 
  -3.2152992365437089e-06   -6.6816098908987460e-07    4.0841128607923675e-07    3.9762566817959244e-05    3.9292544290599475e-08 
   7.2146462747747542e-06   -8.3502840736680084e-08    1.8055746529223607e-07    5.8013997820283584e-07   -3.6402609114765039e-09 
   1.3892018320461691e-05    1.3693796800509264e-03    6.8743921098460488e-07    2.4127003788706881e-05    1.8302819885966949e-08 
  -7.8016675468251702e-06   -1.6212394309652365e-06    9.9097746180122837e-07    9.6480701888140719e-05    9.5340229655789096e-08 
   1.7505764646726419e-05   -2.0261299329121148e-07    4.3810831082138411e-07    1.4076634576090717e-06   -8.8328032091878314e-09 
  -5.3581995616162650e-06   -5.2817448351099216e-04   -2.6514768365300605e-07   -9.3058688911566833e-06   -7.0594609960225188e-09 
   3.0091301828836905e-06    6.2531766139970286e-07   -3.8222343786964366e-07   -3.7212940743104654e-05   -3.6773056654669408e-08 
  -6.7520340307706754e-06    7.8148532976786924e-08   -1.6897989225409877e-07   -5.4294066905704265e-07    3.4068427777411730e-09 
   1.1707014506318457e-05   -4.9291111647367268e-04    3.4432394770824917e-07   -4.5823569581170306e-06    1.8489625732240492e-09 
   7.9525252264713589e-06    5.8927052759839928e-07    1.8103749460316263e-06   -4.2932957744491775e-05    9.3227483789622798e-08 
  -2.2051931884965064e-05   -4.8577831283909441e-07   -2.0784340860927730e-07   -4.1001447152063301e-06   -2.8516729699299454e-09 
  -4.7729456326304720e-06   -4.7048417390042451e-04   -2.3618670117466862e-07   -8.2894274039468882e-06   -6.2883853320922497e-09 
   2.6804553655106713e-06    5.5701680511580751e-07   -3.4047475602394750e-07   -3.3148325469154688e-05   -3.2756488096429562e-08 
  -6.0145373400049569e-06    6.9612692636539460e-08   -1.5052291902567426e-07   -4.8363751020344443e-07    3.0347274621054751e-09 
  -1.1611206562112261e-05   -1.1407693525151085e-03   -5.6803700001888838e-07   -1.9643924592711846e-05   -1.4796503006176060e-08 
  -1.1611206562112261e-05   -1.1407693525151085e-03   -5.6803700001888838e-07   -1.9643924592711846e-05   -1.4796503006176060e-08 
  -1.1611206562112261e-05   -1.1407693525151085e-03   -5.6803700001888838e-07   -1.9643924592711846e-05   -1.4796503006176060e-08 
   3.3190573380563080e-05   -1.3918208983667176e-03    9.9651099514057304e-07   -1.3502603529772308e-05    6.4594343382870006e-09 
   3.3190573380563080e-05   -1.3918208983667176e-03    9.9651099514057304e-07   -1.3502603529772308e-05    6.4594343382870006e-09 
   3.3190573380563080e-05   -1.3918208983667176e-03    9.9651099514057304e-07   -1.3502603529772308e-05    6.4594343382870006e-09 
  -4.7823064833553910e-05    2.0135381456627935e-03   -1.4065606962483504e-06    1.8718893171290007e-05   -7.5529979882048553e-09 
  -3.2486004804277927e-05   -2.4071656040599591e-06   -7.3953678258777947e-06    1.7538080444018625e-04   -3.8083355915668738e-07 
   9.0081973305031765e-05    1.9844006972999046e-06    8.4903873654411984e-07    1.6749059842407947e-05    1.1649062299482837e-08 
  -3.5401826618185226e-05    1.4905554165119596e-03   -1.0412301693721782e-06    1.3856974931255024e-05   -5.5912335638999524e-09 
  -2.4048310446043693e-05   -1.7819447509854817e-06   -5.4745451898711998e-06    1.2982858485876601e-04   -2.8191843577101662e-07 
   6.6684693075781134e-05    1.4689859311887276e-06    6.2851517877141217e-07    1.2398772739101145e-05    8.6234139368955757e-09 
2    101 5 
  -3.5585615023571916e-02   -7.5730216680383415e-04   -8.3987845824344629e-04    9.2458026451686939e-05    5.2811433313546753e-05 
  -1.8326220085737874e-03   -7.5828718916726868e-03   -3.0121388836074223e-02   -1.4872425750601936e-03   -1.1130436727013761e-03 
   3.4665546774660400e-04   -1.2949587173444558e-02    1.2773287237827561e-02    2.9461562527444878e-03   -5.5729436806659224e-04 
  -2.3441947955703717e-03    1.8046171576972699e-02    1.0408698861302247e-02    4.3205073224737115e-04    3.0621814503833771e-04 
  -1.4551590164490546e-02    5.1292756176989550e-02    4.8614705006818928e-02    5.9302987938821012e-03   -1.6768262740074003e-03 
   4.6561775596850749e-02   -4.7132615470023932e-02   -3.8208661886999923e-02   -3.2742127097227531e-03   -1.1215569625877379e-04 
  -5.7630047645866654e-04   -8.2467546633641336e-04    1.0652993604204389e-02   -2.4037858200958728e-02    6.7159374388658403e-03 
   1.4686894031170014e-03    2.4556727706999621e-03   -6.5414572279953081e-04   -2.1407212653419159e-05   -1.3129385542941761e-03 
   1.1279130304310458e-03    5.6025319957265741e-03   -5.6064914093205678e-03   -4.5900138206113827e-04   -4.9628793012561987e-03 
   3.1496617589627197e-03   -1.7962390005262841e-04   -6.0728655384556453e-04    4.5754587982320717e-03   -1.2393456583948033e-06 
   4.0931555699850108e-04    6.8149904049803131e-03   -6.1757207221763977e-03    1.3158610963486143e-02   -6.1784574668630301e-03 
  -1.7264046202453201e-03    1.4334149988959629e-03    3.9143517628063670e-05   -1.1085132581220057e-05   -2.8455162933382688e-07 
  -1.1320828780133046e-03   -1.3634566636691017e-03   -6.3290089525808335e-06   -1.9287035946063265e-05   -2.1531450649441586e-07 
  -2.9362466437346252e-06    3.6312752550795703e-06   -2.6201664760332059e-04    1.6201045663253898e-06    2.1735758234845863e-07 
  -2.6248859575718334e-03   -1.5213355166446586e-04    6.0691752324318447e-06    6.1216544204969917e-07    8.6649241604909828e-09 
  -1.3265042383029853e-05    2.3022402331819445e-04    3.3565382996824794e-05    3.0385288244624539e-06    6.8618838416075337e-08 
   1.2710562009824434e-06   -1.7202816103383821e-05    1.1838327056041235e-04    1.2501708965465253e-06   -2.3822875358952811e-07 
  -1.6554733696100812e-03   -9.5948184978558401e-05    3.8277312367819453e-06    3.8608290169159733e-07    5.4648283503536771e-09 
  -8.3660489510062895e-06    1.4519858988476880e-04    2.1169147380181305e-05    1.9163512750639416e-06    4.3276798111439935e-08 
   8.0163470947541545e-07   -1.0849539523536435e-05    7.4662425335004113e-05    7.8846268376887933e-07   -1.5024704456405820e-07 
  -1.8388246360041382e-03   -1.0657488640847840e-04    4.2516700222456829e-06    4.2884335332901609e-07    6.0700831475960460e-09 
  -9.2926272325058975e-06    1.6127999948199726e-04    2.3513727517736084e-05    2.1285959656696248e-06    4.8069901935925718e-08 
   8.9041942922138651e-07   -1.2051175773294605e-05    8.2931631284507873e-05    8.7578854127121475e-07   -1.6688759366529373e-07 
  -9.5517835954953023e-04   -5.5360377045002152e-05    2.2085320795024452e-06    2.2276289033556724e-07    3.1531076698262121e-09 
  -4.8270597761505623e-06    8.3776974876801971e-05    1.2214217298117195e-05    1.1057002189454484e-06    2.4969934150241060e-08 
   4.6252880946978948e-07   -6.2599891693819341e-06    4.3078876568262633e-05    4.5492878754417145e-07   -8.6689842427162858e-08 
   4.3336442707626909e-04    1.5016034571544322e-03    5.0720938526295641e-04   -1.0476284538500784e-05    2.8650739923216043e-05 
   4.3336442707626909e-04    1.5016034571544322e-03    5.0720938526295641e-04   -1.0476284538500784e-05    2.8650739923216043e-05 
   4.3336442707626909e-04    1.5016034571544322e-03    5.0720938526295641e-04   -1.0476284538500784e-05    2.8650739923216043e-05 
   6.8640022078819750e-04   -1.4640213643259093e-04    8.4918453413274097e-04    3.5221069120979021e-05    2.5371743791251550e-06 
   6.8640022078819750e-04   -1.4640213643259093e-04    8.4918453413274097e-04    3.5221069120979021e-05    2.5371743791251550e-06 
   6.8640022078819750e-04   -1.4640213643259093e-04    8.4918453413274097e-04    3.5221069120979021e-05    2.5371743791251550e-06 
  -4.9204552847344608e-04    1.9307332228330001e-03   -3.6572722683849752e-04    1.3477152079051623e-03    5.1465808903007567e-05 
  -4.9204552847344608e-04    1.9307332228330001e-03   -3.6572722683849752e-04    1.3477152079051623e-03    5.1465808903007567e-05 
  -4.9204552847344608e-04    1.9307332228330001e-03   -3.6572722683849752e-04    1.3477152079051623e-03    5.1465808903007567e-05 
   5.9915154049913538e-04    2.8587540406486961e-04    4.8290568587475413e-04    2.0400644834084574e-04   -2.9778409194325416e-06 
   5.9915154049913538e-04    2.8587540406486961e-04    4.8290568587475413e-04    2.0400644834084574e-04   -2.9778409194325416e-06 
   5.9915154049913538e-04    2.8587540406486961e-04    4.8290568587475413e-04    2.0400644834084574e-04   -2.9778409194325416e-06 
  -1.1399156561631631e-03   -6.6067410231587648e-05    2.6356755985873858e-06    2.6584658641704018e-07    3.7629378455539327e-09 
  -5.7606424570427605e-06    9.9979950690143877e-05    1.4576521114306862e-05    1.3195493574554717e-06    2.9799271085503530e-08 
   5.5198469068098878e-07   -7.4707090987233315e-06    5.1410592963226186e-05    5.4291477835144123e-07   -1.0345618451787837e-07 
  -6.0823264688293990e-04   -3.5252043061778726e-05    1.4063355801686793e-06    1.4184959391248675e-07    2.0078166603667159e-09 
  -3.0737456674529950e-06    5.3346990818755601e-05    7.7776947546642791e-06    7.0408103795965762e-07    1.5900202290864707e-08 
   2.9452627274355359e-07   -3.9861977021206509e-06    2.7431504135222350e-05    2.8968677716037574e-07   -5.5201828841898186e-08 
  -1.0957058728941492e-04   -1.2285534432635663e-03   -9.3387417111375840e-05    3.8496301550276605e-06    4.9705879719127900e-07 
  -1.0957058728941492e-04   -1.2285534432635663e-03   -9.3387417111375840e-05    3.8496301550276605e-06    4.9705879719127900e-07 
  -1.0957058728941492e-04   -1.2285534432635663e-03   -9.3387417111375840e-05    3.8496301550276605e-06    4.9705879719127900e-07 
  -5.6945952495306466e-04   -7.6504570618578726e-05   -4.6258067679813249e-04   -4.3168458770982159e-05    1.6248400989785063e-06 
  -5.6945952495306466e-04   -7.6504570618578726e-05   -4.6258067679813249e-04   -4.3168458770982159e-05    1.6248400989785063e-06 
  -5.6945952495306466e-04   -7.6504570618578726e-05   -4.6258067679813249e-04   -4.3168458770982159e-05    1.6248400989785063e-06 
  -1.4720396491302470e-03    1.2222185270409042e-03    3.3376190771981729e-05   -9.4518715277202548e-06   -2.4262636678097247e-07 
  -9.6528407245588901e-04   -1.1625677116796412e-03   -5.3965055518534291e-06   -1.6445323010529859e-05   -1.8359050183012936e-07 
  -2.5036259915643603e-06    3.0962504905849394e-06   -2.2341164376023752e-04    1.3814016305337807e-06    1.8533255501283237e-07 
  -4.2099541483009580e-04    3.4954791884079649e-04    9.5454108778938210e-06   -2.7031843721631160e-06   -6.9389834704538363e-08 
  -2.7606604805282284e-04   -3.3248810678151796e-04   -1.5433715353915919e-06   -4.7032738465459302e-06   -5.2505895152014366e-08 
  -7.1602355515410982e-07    8.8551097144147582e-07   -6.3894527364318781e-05    3.9507342946717234e-07    5.3004112983810873e-08 
  -1.7904901472933104e-03    1.4866245157180906e-03    4.0596556462812788e-05   -1.1496621611968475e-05   -2.9511441451429715e-07 
  -1.1741067043218667e-03   -1.4140692708607535e-03   -6.5639468516464392e-06   -2.0002986221741604e-05   -2.2330715402788449e-07 
  -3.0452424790677623e-06    3.7660711110736484e-06   -2.7174291615015769e-04    1.6802441499364815e-06    2.2542607049968854e-07 
  -4.3034264243025651e-04    3.5730882036008274e-04    9.7573446065514887e-06   -2.7632023169713833e-06   -7.0930475184869047e-08 
  -2.8219545491315186e-04   -3.3987023470727611e-04   -1.5776385238307339e-06   -4.8076991432615499e-06   -5.3671666880274456e-08 
  -7.3192119893201837e-07    9.0517169053943403e-07   -6.5313157279611362e-05    4.0384511945219524e-07    5.4180946484489879e-08 
  -1.5184361528393646e-03   -8.8005760494399885e-05    3.5108782780668939e-06    3.5412362813164859e-07    5.0124593294985962e-09 
  -7.6735219163470097e-06    1.3317930222837601e-04    1.9416802044011733e-05    1.7577190373544156e-06    3.9694419758028686e-08 
   7.3527677737579666e-07   -9.9514334429176273e-06    6.8481999148100082e-05    7.2319510913147768e-07   -1.3780985457776815e-07 
  -4.9884137687897841e-04   -2.8911926692614990e-05    1.1534046729659655e-06    1.1633779787990788e-07    1.6467087594044397e-09 
  -2.5209293331851469e-06    4.3752479398725751e-05    6.3788683166621408e-06    5.7745133578430290e-07    1.3040534479820125e-08 
   2.4155541826860262e-07   -3.2692759266182353e-06    2.2497919772644686e-05    2.3758631096651328e-07   -4.5273722886877426e-08 
  -7.9991586744944344e-04   -4.6361649197293029e-05    1.8495392368376972e-06    1.8655319069661196e-07    2.6405757957707785e-09 
  -4.0424300545196458e-06    7.0159181121389591e-05    1.0228818657331378e-05    9.2597067441300674e-07    2.0911117108395738e-08 
   3.8734559901657787e-07   -5.2424394005448690e-06    3.6076484118736390e-05    3.8098094672888091e-07   -7.2598567388904211e-08 
  -6.0215943571870168e-04   -3.4900050937412858e-05    1.3922933004753471e-06    1.4043322380837136e-07    1.9877685839933512e-09 
  -3.0430542755994477e-06    5.2814320397528874e-05    7.7000343678729147e-06    6.9705077932066680e-07    1.5741438557018123e-08 
   2.9158542394670845e-07   -3.9463954644218915e-06    2.7157600197280749e-05    2.8679425079205469e-07   -5.4650637838049439e-08 
   5.4671731606260724e-04    1.4030422874458735e-04   -3.3964009144526603e-06    6.6062183105881662e-06    9.6902142115709322e-08 
   5.4671731606260724e-04    1.4030422874458735e-04   -3.3964009144526603e-06    6.6062183105881662e-06    9.6902142115709322e-08 
   5.4671731606260724e-04    1.4030422874458735e-04   -3.3964009144526603e-06    6.6062183105881662e-06    9.6902142115709322e-08 
  -5.8691024654757072e-04    1.2373202050283887e-03    2.3974292700967950e-05    1.4312640670745613e-07   -8.7591069516696588e-08 
  -5.8691024654757072e-04    1.2373202050283887e-03    2.3974292700967950e-05    1.4312640670745613e-07   -8.7591069516696588e-08 
  -5.8691024654757072e-04    1.2373202050283887e-03    2.3974292700967950e-05    1.4312640670745613e-07   -8.7591069516696588e-08 
   5.1166111028521364e-04    1.3130774414495651e-04   -3.1786193921532177e-06    6.1826192371689442e-06    9.0688654204363310e-08 
   5.1166111028521364e-04    1.3130774414495651e-04   -3.1786193921532177e-06    6.1826192371689442e-06    9.0688654204363310e-08 
   5.1166111028521364e-04    1.3130774414495651e-04   -3.1786193921532177e-06    6.1826192371689442e-06    9.0688654204363310e-08 
  -4.9224414161114596e-04   -2.8529563097135256e-05    1.1381507619247810e-06    1.1479921696274892e-07    1.6249308444059667e-09 
  -2.4875897493505900e-06    4.3173847766461586e-05    6.2945070407574911e-06    5.6981447466077709e-07    1.2868071893576950e-08 
   2.3836081974811083e-07   -3.2260393719877758e-06    2.2200382165188026e-05    2.3444420435204381e-07   -4.4674972632429618e-08 
  -4.6979352326962379e-04   -2.7248595520675786e-05    1.1062869595567966e-06    1.0957842725249359e-07    1.5005019922940501e-09 
  -4.6979352326962379e-04   -2.7248595520675786e-05    1.1062869595567966e-06    1.0957842725249359e-07    1.5005019922940501e-09 
  -4.6979352326962379e-04   -2.7248595520675786e-05    1.1062869595567966e-06    1.0957842725249359e-07    1.5005019922940501e-09 
  -8.0847685699445026e-04    6.7126955030474584e-04    1.8330944978093733e-05   -5.1911776900585847e-06   -1.3325578733899114e-07 
  -5.3015544348078165e-04   -6.3850799816250249e-04   -2.9638806603432223e-06   -9.0321365104991709e-06   -1.0083197961505708e-07 
  -1.3750469791663012e-06    1.7005295112632850e-06   -1.2270263485766951e-04    7.5869644486874955e-07    1.0178875389943257e-07 
  -9.8652970107723109e-04    8.1910489221206494e-04    2.2368014017037124e-05   -6.3344435038632670e-06   -1.6260303670170291e-07 
  -6.4691287902277289e-04   -7.7912818296912458e-04   -3.6166233783696999e-06   -1.1021306119901287e-05   -1.2303845415991982e-07 
  -1.6778769529248165e-06    2.0750413025503518e-06   -1.4972573752764361e-04    9.2578602651314158e-07    1.2420594119507414e-07 
  -2.0108135584441010e-03   -1.1654304732695892e-04    4.6493371686274886e-06    4.6895392439188479e-07    6.6378300872632558e-09 
  -1.0161785124488450e-05    1.7636483833987951e-04    2.5713013180511610e-05    2.3276877764260401e-06    5.2565975391695938e-08 
   9.7370212793711562e-07   -1.3178346192268074e-05    9.0688391565795897e-05    9.5770278396149165e-07   -1.8249692195092347e-07 
  -1.4885384950817254e-03   -8.6272947360938683e-05    3.4417498942424614e-06    3.4715101554074330e-07    4.9137651609771158e-09 
  -7.5224320390270517e-06    1.3055703247341819e-04    1.9034489688517449e-05    1.7231099547699144e-06    3.8912845784968024e-08 
   7.2079934715522748e-07   -9.7554920128364690e-06    6.7133604374134597e-05    7.0895556417308067e-07   -1.3509641031467439e-07 
2    101 5 
   6.9891914738127711e-02   -1.5097309455897208e-03   -7.4404848837176249e-04    1.9795742046531045e-04   -3.2423182686013572e-05 
   1.0357352501368244e-02   -1.8184212328144194e-03    2.2124807351250338e-04   -1.8161865822832550e-04    1.7378202987794927e-04 
   1.1808330591583812e-03    9.7249578097780669e-03    1.2437869028599969e-04    4.9297039328278656e-05   -2.4238437566535701e-04 
   2.6642690686111180e-03   -1.3894797532345786e-02    1.1095660422585149e-02   -2.4035488813800984e-03    6.8915524791766589e-04 
  -2.5428539788997337e-03    2.1659514881954009e-03    4.8206233798470154e-03   -7.9059142734039061e-04    1.0497583154034438e-05 
  -2.9088379658283482e-04    1.7894374904389070e-03   -3.0584983014370045e-03    5.7292714505295000e-04   -7.7357730813574301e-05 
   5.8377510388986256e-04   -6.5734745630201740e-04   -4.2046459298076486e-04    8.1549212268297491e-04   -7.5924669862072343e-04 
  -3.4888267191153480e-03   -1.2290605707316316e-03   -2.3420993389529174e-05    1.6051586611358941e-03   -1.8819553316325674e-03 
   2.3308824630708051e-03   -7.1257574024821625e-05   -2.8881062492199140e-04    6.0607680089624764e-04   -8.1901788582965280e-04 
  -1.9647833826895054e-03   -3.5007680825853834e-03   -1.1019851215936574e-03    8.6821920961376324e-04   -7.5523744065478975e-04 
  -1.4251044447289598e-03    8.1696056482915690e-04   -5.4291389004935769e-04   -2.0678607585571454e-04    2.6467407181461931e-04 
   1.7278711663562124e-03   -1.4100873997486356e-03    2.5012965624518697e-04   -1.8768980295161805e-05   -2.0702562298046680e-06 
  -1.1305484083255783e-03   -1.3360343427725268e-03    2.7424398390248327e-04   -5.0419071087189134e-05    1.2589471541171292e-05 
  -4.4277886748484132e-06   -4.9039935259840848e-05   -2.3910269103924844e-04    9.2670172686270034e-05   -2.2244661786284389e-05 
  -3.3161149562488461e-04    2.0884369857091488e-03   -2.1941523913021006e-04    1.4327033178537039e-03   -5.8405413139101870e-04 
  -3.3161149562488461e-04    2.0884369857091488e-03   -2.1941523913021006e-04    1.4327033178537039e-03   -5.8405413139101870e-04 
  -3.3161149562488461e-04    2.0884369857091488e-03   -2.1941523913021006e-04    1.4327033178537039e-03   -5.8405413139101870e-04 
   7.2081985411574226e-04    2.0290300435470769e-05    1.3495013310051939e-03   -1.3695499531182707e-04    6.2449997847405280e-04 
   7.2081985411574226e-04    2.0290300435470769e-05    1.3495013310051939e-03   -1.3695499531182707e-04    6.2449997847405280e-04 
   7.2081985411574226e-04    2.0290300435470769e-05    1.3495013310051939e-03   -1.3695499531182707e-04    6.2449997847405280e-04 
   4.8371719074111132e-04    1.7762043963138194e-03   -3.5776324512473775e-05   -4.0422691747626933e-05    3.1083305247234424e-05 
   4.8371719074111132e-04    1.7762043963138194e-03   -3.5776324512473775e-05   -4.0422691747626933e-05    3.1083305247234424e-05 
   4.8371719074111132e-04    1.7762043963138194e-03   -3.5776324512473775e-05   -4.0422691747626933e-05    3.1083305247234424e-05 
   7.3180924937684625e-04    2.8673228476210684e-04    5.4350192278492101e-04   -4.6129320684358949e-05   -1.3534318304962333e-05 
   7.3180924937684625e-04    2.8673228476210684e-04    5.4350192278492101e-04   -4.6129320684358949e-05   -1.3534318304962333e-05 
   7.3180924937684625e-04    2.8673228476210684e-04    5.4350192278492101e-04   -4.6129320684358949e-05   -1.3534318304962333e-05 
  -1.6427323317645408e-03   -4.6954498962542519e-05    1.2782752010698061e-06    1.4731700177787437e-07   -7.7648679170576894e-08 
   3.3127279880026558e-06   -1.1602209334993498e-04   -4.6387090916019281e-06    6.0268419001423809e-07   -8.8495653451708429e-08 
  -4.0204944485017713e-08    8.4819337489957618e-07   -2.0865248825962575e-05    2.8504157075200433e-06   -4.1402097614962630e-07 
  -1.1017860384156444e-03   -3.1492538618364769e-05    8.5734342872453580e-07    9.8806003048450049e-08   -5.2079227368503400e-08 
   2.2218576792297723e-06   -7.7816403883281909e-05   -3.1111976154440730e-06    4.0422229068704219e-07   -5.9354329094398744e-08 
  -2.6965589982201604e-08    5.6888611751932639e-07   -1.3994391782512924e-05    1.9117832951232019e-06   -2.7768524568021855e-07 
  -2.4326258708196138e-03   -6.9532160972908666e-05    1.8929227020262122e-06    2.1815309944712434e-07   -1.1498537049089493e-07 
   4.9056243983140543e-06   -1.7181030677501419e-04   -6.8691919707430560e-06    8.9247963543018777e-07   -1.3104801791444222e-07 
  -5.9537141990786013e-08    1.2560397743083170e-06   -3.0898122057781709e-05    4.2210132829465293e-06   -6.1309935780087346e-07 
  -8.4554079179094269e-04   -2.4168236944779288e-05    6.5794883605797962e-07    7.5826433752437806e-08   -3.9967025910354498e-08 
   1.7051144558377556e-06   -5.9718440295730390e-05   -2.3876182883597896e-06    3.1021126045357703e-07   -4.5550138292608715e-08 
  -2.0694132535430853e-08    4.3657879250118523e-07   -1.0739679661791786e-05    1.4671548782880430e-06   -2.1310326534791257e-07 
   2.9309453190263639e-04    1.1031794663792685e-03   -3.0026093760064633e-05    3.3996619405528976e-06   -4.3948614219220184e-07 
   2.9309453190263639e-04    1.1031794663792685e-03   -3.0026093760064633e-05    3.3996619405528976e-06   -4.3948614219220184e-07 
   2.9309453190263639e-04    1.1031794663792685e-03   -3.0026093760064633e-05    3.3996619405528976e-06   -4.3948614219220184e-07 
   4.6073399116689911e-04    1.7693977783682144e-04    3.5539597671312097e-04   -3.5856243322537883e-05    5.3331935060978264e-06 
   4.6073399116689911e-04    1.7693977783682144e-04    3.5539597671312097e-04   -3.5856243322537883e-05    5.3331935060978264e-06 
   4.6073399116689911e-04    1.7693977783682144e-04    3.5539597671312097e-04   -3.5856243322537883e-05    5.3331935060978264e-06 
  -1.2364531748751035e-03   -3.5341752392821954e-05    9.6213327038443909e-07    1.1088268675255026e-07   -5.8444674174148690e-08 
   2.4934269321063064e-06   -8.7327608341457327e-05   -3.4914675219622508e-06    4.5362885101901428e-07   -6.6608984042748779e-08 
  -3.0261491962467070e-08    6.3841891403944897e-07   -1.5704873311715103e-05    2.1454533298746742e-06   -3.1162566203053832e-07 
  -7.3860089533742557e-04   -2.1111555609672530e-05    5.7473465989656619e-07    6.6236274350725493e-08   -3.4912190408739696e-08 
   1.4894598533407434e-06   -5.2165541744184295e-05   -2.0856439128989667e-06    2.7097724549688321e-07   -3.9789177828315312e-08 
  -1.8076839068315079e-08    3.8136242527543741e-07   -9.3813770912637395e-06    1.2815962484872607e-06   -1.8615099840648897e-07 
   1.4732901172981349e-03   -1.2023279692532384e-03    2.1327605770883156e-04   -1.6003596633271579e-05   -1.7652288567776916e-06 
  -9.6397568843383929e-04   -1.1391857401779689e-03    2.3383742901622188e-04   -4.2990426949918874e-05    1.0734564222590886e-05 
  -3.7754072312552987e-06   -4.1814490210880118e-05   -2.0387378329275946e-04    7.9016336544877894e-05   -1.8967178230935256e-05 
   4.2135304199413502e-04   -3.4385932639563509e-04    6.0995804319203140e-05   -4.5769424807127326e-06   -5.0484594981410406e-07 
  -2.7569185726628709e-04   -3.2580098881040341e-04    6.6876245819637555e-05   -1.2295030665918316e-05    3.0700275774366000e-06 
  -1.0797461429887302e-06   -1.1958719089285119e-05   -5.8306804453962124e-05    2.2598246862250090e-05   -5.4245108630103376e-06 
   1.7920111327745303e-03   -1.4624309773415760e-03    2.5941467011900740e-04   -1.9465699928707428e-05   -2.1471058049596308e-06 
  -1.1725152738860493e-03   -1.3856290113726526e-03    2.8442414100008983e-04   -5.2290667528719430e-05    1.3056802843179156e-05 
  -4.5921517491574135e-06   -5.0860337071022072e-05   -2.4797837510204111e-04    9.6110163977178407e-05   -2.3070401510252313e-05 
   4.3070820987673239e-04   -3.5149392590203379e-04    6.2350074806582570e-05   -4.6785628822017406e-06   -5.1605488423405781e-07 
  -2.8181295608732535e-04   -3.3303464477788539e-04    6.8361077883598935e-05   -1.2568013330187178e-05    3.1381904255204706e-06 
  -1.1037194039635189e-06   -1.2224234734340416e-05   -5.9601371930639276e-05    2.3099988566186027e-05   -5.5449495563309407e-06 
  -5.8888743383035875e-04    1.3779116664082468e-03   -2.5896933614328503e-04    3.1211146988049184e-05   -3.7350855010014347e-06 
  -5.8888743383035875e-04    1.3779116664082468e-03   -2.5896933614328503e-04    3.1211146988049184e-05   -3.7350855010014347e-06 
  -5.8888743383035875e-04    1.3779116664082468e-03   -2.5896933614328503e-04    3.1211146988049184e-05   -3.7350855010014347e-06 
  -1.9346313492954714e-04    4.5267583467594982e-04   -8.5077413343712541e-05    1.0253583272748725e-05   -1.2270619285481237e-06 
  -1.9346313492954714e-04    4.5267583467594982e-04   -8.5077413343712541e-05    1.0253583272748725e-05   -1.2270619285481237e-06 
  -1.9346313492954714e-04    4.5267583467594982e-04   -8.5077413343712541e-05    1.0253583272748725e-05   -1.2270619285481237e-06 
   8.0075136431794164e-04    2.2103271138926796e-05   -1.5100967633043476e-05    1.0070325967981321e-05   -4.3233431689815296e-06 
   8.0075136431794164e-04    2.2103271138926796e-05   -1.5100967633043476e-05    1.0070325967981321e-05   -4.3233431689815296e-06 
   8.0075136431794164e-04    2.2103271138926796e-05   -1.5100967633043476e-05    1.0070325967981321e-05   -4.3233431689815296e-06 
   6.0278837976563467e-04    1.6638866433531308e-05   -1.1367683176124204e-05    7.5807244850862719e-06   -3.2545196176106089e-06 
   6.0278837976563467e-04    1.6638866433531308e-05   -1.1367683176124204e-05    7.5807244850862719e-06   -3.2545196176106089e-06 
   6.0278837976563467e-04    1.6638866433531308e-05   -1.1367683176124204e-05    7.5807244850862719e-06   -3.2545196176106089e-06 
  -5.6424817007496566e-04   -1.6128001868656822e-05    4.3906388710393299e-07    5.0600665164244466e-08   -2.6670885014891164e-08 
   1.1378607878124733e-06   -3.9851442986239984e-05   -1.5933107700114675e-06    2.0701087132275993e-07   -3.0396620042218758e-08 
  -1.3809654753230022e-08    2.9133873510769471e-07   -7.1668270238292876e-06    9.7906507093186796e-07   -1.4220854709430650e-07 
  -1.3691032507323854e-03   -3.9133312179395079e-05    1.0653535571649736e-06    1.2277848443245090e-07   -6.4714778550271192e-08 
   2.7609285879792842e-06   -9.6696352832812159e-05   -3.8660416999842460e-06    5.0229539393504683e-07   -7.3754977894832681e-08 
  -3.3508027525596070e-08    7.0691023995206253e-07   -1.7389735042397658e-05    2.3756234266799017e-06   -3.4505771473370858e-07 
  -5.2806786376580781e-04   -1.5093853990631540e-05    4.1091055534815740e-07    4.7356086515728403e-08   -2.4960714135210889e-08 
   1.0648997149661664e-06   -3.7296118059067354e-05   -1.4911456682672544e-06    1.9373707243248079e-07   -2.8447550320389716e-08 
  -1.2924162224420938e-08    2.7265772693620420e-07   -6.7072810106761683e-06    9.1628618029194607e-07   -1.3308995519356765e-07 
   4.9287876509683396e-04    1.4068978806162606e-05   -3.8515599100759996e-07   -4.3983061100063496e-08    2.3265651876531789e-08 
   4.9287876509683396e-04    1.4068978806162606e-05   -3.8515599100759996e-07   -4.3983061100063496e-08    2.3265651876531789e-08 
   4.9287876509683396e-04    1.4068978806162606e-05   -3.8515599100759996e-07   -4.3983061100063496e-08    2.3265651876531789e-08 
  -4.7038919978807989e-04   -1.3445214881547972e-05    3.6602849856513197e-07    4.2183577471223715e-08   -2.2234358789551297e-08 
   9.4858513298896853e-07   -3.3222417671655320e-05   -1.3282740075521180e-06    1.7257597502887595e-07   -2.5340342310763610e-08 
  -1.1512509553834231e-08    2.4287645355832083e-07   -5.9746725067991796e-06    8.1620403872096527e-07   -1.1855309103054585e-07 
   8.0916364187469641e-04   -6.6034521436478656e-04    1.1713594597162004e-04   -8.7895305770595859e-06   -9.6950287911522142e-07 
  -5.2943684992760290e-04   -6.2566610029570586e-04    1.2842870758977124e-04   -2.3611296938812699e-05    5.8956609959610277e-06 
  -2.0735374716318741e-06   -2.2965446374010259e-05   -1.1197200811641576e-04    4.3397526322584946e-05   -1.0417195386863717e-05 
   9.8736773827860802e-04   -8.0577466293453202e-04    1.4293308307472585e-04   -1.0725270485825791e-05   -1.1830188795789114e-06 
  -6.4603602784629158e-04   -7.6345808239148725e-04    1.5671287732252532e-04   -2.8811270860227641e-05    7.1940768986514710e-06 
  -2.5301977222527626e-06   -2.8023183039131872e-05   -1.3663187850145625e-04    5.2955070142230278e-05   -1.2711399914736605e-05 
  -7.7984367938630677e-04    1.8247217414910446e-03   -3.4294431897214874e-04    4.1331864642978127e-05   -4.9462471986836340e-06 
  -7.7984367938630677e-04    1.8247217414910446e-03   -3.4294431897214874e-04    4.1331864642978127e-05   -4.9462471986836340e-06 
  -7.7984367938630677e-04    1.8247217414910446e-03   -3.4294431897214874e-04    4.1331864642978127e-05   -4.9462471986836340e-06 
   1.4900932451521862e-03    4.1131288047115629e-05   -2.8100919796029759e-05    1.8739555584961244e-05   -8.0451744944093885e-06 
   1.4900932451521862e-03    4.1131288047115629e-05   -2.8100919796029759e-05    1.8739555584961244e-05   -8.0451744944093885e-06 
   1.4900932451521862e-03    4.1131288047115629e-05   -2.8100919796029759e-05    1.8739555584961244e-05   -8.0451744944093885e-06 
 TENSORSUMACCUMULATOR_IMPL_H - PrettifyOut: Norm of simple tensor is 1.48983e-05 
 As simple full tensor 3    5 5 5 
   4.3499272282975866e-08   -1.1913114566747389e-10    1.0435589279073648e-09    6.8455576647291845e-10   -8.3276853668571364e-10 
   1.3510798673943808e-09   -3.7061664886993027e-08    8.6835632845926493e-09   -1.8193418522392733e-09    5.4841338667336131e-10 
  -5.7848540987507680e-08    4.3814485321788796e-09   -1.5589734001088717e-09    3.6248884577166860e-10   -1.0566242750578571e-10 
  -1.8295268727558582e-09   -4.8231577518574409e-09    6.5474585956755804e-10   -3.5066248085891540e-11   -4.6631806851817095e-11 
  -8.0742780354269704e-09    3.9069565163824998e-10   -3.3496117524708548e-10   -1.4620529052151904e-10    3.7887430699778620e-10 

   1.4865390580574394e-05   -3.3751532440710262e-07   -1.4196054015960746e-07    2.9400164192930780e-08   -3.2010926025107010e-10 
   3.5470712826811170e-07    3.6067804941639117e-07   -2.7488097572022801e-07    5.7630779364694913e-08   -1.7071535798039565e-08 
   3.4231531943916289e-07   -1.3448157458111532e-08   -1.8182890857893023e-07    3.6125792913307705e-08   -5.2786460038485307e-09 
  -3.1656141385232825e-08   -2.6364285698345103e-08   -1.1112198665444865e-08    1.0204718725503851e-09    1.2418203820506870e-09 
  -2.3139146811031215e-08    1.2006307119130350e-08   -1.4484066425572391e-09    7.0526824301187711e-10   -6.3012095916043177e-10 

   2.9340883492572200e-09   -5.6805224307413451e-10    9.7187123959716720e-10   -2.0412549221941302e-10    5.1429297475020841e-11 
   8.6174168224929713e-10   -2.1844485744089457e-09    3.3383283441478718e-10   -1.4247339148028291e-10    6.7686418563044422e-11 
  -5.3725046752229997e-09    2.8319879234110153e-11   -3.9895422298308609e-10   -1.1500184303538848e-12    1.2420270629128438e-10 
  -2.0397194624904689e-10   -4.7777659233702903e-10    2.8032426092500962e-11   -2.0635069680331147e-12    6.2522047531764162e-12 
  -1.2815434747815414e-09   -1.2514231730438460e-11    2.2376504311663521e-11   -3.2800016004508621e-11    7.5279210693966452e-11 

   5.5307334241548820e-07    6.7849531912373500e-08   -1.1860162523520035e-07    2.1207797132477196e-08   -1.4860916654780073e-09 
   6.4672096829292639e-08    2.8301723054074479e-09   -9.4102102340916339e-09    1.8812869388201094e-09   -4.4536334913378384e-10 
   1.3771568306362131e-07   -1.1134814647508523e-08    1.2664588074058389e-08   -2.8614448459330696e-09    3.3311421059984769e-10 
   8.2534917217097249e-09   -1.0028665717895723e-09    2.2236885307781831e-09   -3.0711043487390434e-10   -1.1769813876636670e-10 
  -1.5713966258722902e-09    5.9156074348094834e-10    2.7965516313655493e-10    5.9161884133277809e-10   -6.8040817345566514e-10 

   2.8637365946554070e-10   -4.2217246638018847e-11    9.1800513182527071e-11   -3.5887105023076375e-11    2.2871426553492281e-11 
   2.5601474596269339e-10   -6.1678205777392577e-11   -3.8068547212656657e-11   -1.5692077438573225e-11    1.6475924515740996e-11 
  -1.4837618422835115e-10   -4.7325051652129994e-11   -3.2126094066224730e-11   -1.0860806107726105e-11    2.8845450877501776e-11 
  -4.0398424943946415e-11   -1.0536602540390118e-11   -1.4363089202865345e-11   -4.2543960835909131e-12    7.1549703001716859e-12 
  -1.6566079381171858e-10   -2.2480149286291864e-11    1.7453739674931851e-11   -2.0790714366814070e-12    7.7019582415678931e-12 
