2    101 5 
   2.9378393073997655e-07    9.6775554476859806e-05    1.7122244478804694e-08    3.6489892899869028e-06    7.7641054294204252e-10 
   1.7878966151419645e-05    8.4297748053988617e-04    7.0846392128343531e-06   -4.9101478510135384e-04    1.4689505767167933e-07 
   1.4901980889498703e-05    2.8424683602588707e-04    2.1036763460788704e-06   -1.6345904095542004e-04    8.7992780382582980e-08 
  -1.5284833439460188e-04    6.8858548720752651e-04   -9.7499801148801971e-06    1.2872724804648708e-04    1.7752123882205581e-07 
  -3.4759610188439907e-04    1.2942211004964795e-03   -2.3030975246579777e-05    9.0469488090088289e-04    9.2798910571307386e-07 
  -1.6137836313301582e-04    6.9328214124020338e-04   -1.2103132317837606e-05    4.8752928335989398e-04    8.0585044117646607e-08 
   2.4924583744234795e-03    2.4093043951635873e-04    3.1365879051977185e-04    5.5726861677076703e-04    2.7208836285170895e-05 
   7.9733469182406892e-05   -2.0121097438609819e-06    2.5965072000689276e-06    2.9687142663158626e-05   -9.0928408040475711e-07 
   1.5399356894229315e-04    1.4065336953119373e-05   -4.0686466552631500e-07   -3.3553516694744955e-05   -1.1944556583885324e-07 
  -3.9177262145539878e-04    3.2154759866446298e-07   -6.1262534337901681e-05   -6.2286690875882036e-05   -6.9067638703993829e-06 
   2.4952699800043140e-04    1.2080558765464138e-05    1.5219770275953930e-05    9.1851322253108420e-05   -7.5901827689432075e-07 
   1.3179726296881278e-05   -1.1603387141504700e-03   -1.9534450253108496e-06    5.3806771256924468e-05   -1.3712885510823243e-07 
   1.3179726296881278e-05   -1.1603387141504700e-03   -1.9534450253108496e-06    5.3806771256924468e-05   -1.3712885510823243e-07 
   1.3179726296881278e-05   -1.1603387141504700e-03   -1.9534450253108496e-06    5.3806771256924468e-05   -1.3712885510823243e-07 
  -6.7383761422358866e-06    5.9324439159213484e-04    9.9873450003576963e-07   -2.7509695995295336e-05    7.0109635424833329e-08 
  -6.7383761422358866e-06    5.9324439159213484e-04    9.9873450003576963e-07   -2.7509695995295336e-05    7.0109635424833329e-08 
  -6.7383761422358866e-06    5.9324439159213484e-04    9.9873450003576963e-07   -2.7509695995295336e-05    7.0109635424833329e-08 
  -6.0335020822376744e-04    4.1021958318737187e-02   -5.1747281483834149e-04    2.8776103702772050e-02   -3.0537719387945226e-05 
  -4.7454436230964992e-04    2.4005976259274331e-03   -5.3835571394038632e-04    6.1817068601471925e-03   -1.5166925019968953e-04 
   1.1192061851259946e-03    2.7410249298304845e-04    9.2483410327859230e-04    6.2128159590408866e-04    2.5691103285969697e-05 
  -3.7634263724036122e-04   -5.9181275676125758e-02   -3.3460960291128116e-04   -4.2130903028825759e-02   -3.1023349342854514e-05 
   1.8196145268052768e-04   -2.7728735098205455e-03    1.0256643360906393e-04   -7.1642404203748891e-03   -4.3975423143606259e-05 
  -4.6451904480805309e-04   -3.2822596603156247e-05   -3.9477112819891733e-04   -9.9259273014532239e-05   -1.9792642013728265e-05 
  -1.1724149431431360e-05    4.9363256386434045e-04   -3.4482791608168675e-07    4.5890639066115027e-06   -1.8516687999235765e-09 
  -7.9641649083168455e-06   -5.9013301105702911e-07   -1.8130246941044405e-06    4.2995796396944991e-05   -9.3363935824626031e-08 
   2.2084208107159866e-05    4.8648932033015685e-07    2.0814761778573371e-07    4.1061458756737741e-06    2.8558468097043701e-09 
  -2.6465335415488918e-06    1.1142941712815209e-04   -7.7839219920380574e-08    1.0359055575152267e-06   -4.1798371945853338e-10 
  -1.7977789931421847e-06   -1.3321280293055724e-07   -4.0926044935423705e-07    9.7055925443138688e-06   -2.1075370045051066e-08 
   4.9851460727252942e-06    1.0981694760793369e-07    4.6985894822068055e-08    9.2689476963929902e-07    6.4466035814465640e-10 
  -4.9404561485412745e-06   -4.8699620918512008e-04   -2.4447587084267399e-07   -8.5803517864806601e-06   -6.5090814707667135e-09 
   2.7745281867225723e-06    5.7656577541164388e-07   -3.5242400213441363e-07   -3.4311693654821005e-05   -3.3906104422026575e-08 
  -6.2256225545318524e-06    7.2055808262614649e-08   -1.5580564666665405e-07   -5.0061117281844188e-07    3.1412337586261429e-09 
  -9.1789210605816786e-07   -9.0479494737193174e-05   -4.5421407501905264e-08   -1.5941518222640486e-06   -1.2093285154388697e-09 
   5.1548226399711661e-07    1.0712071071208963e-07   -6.5477194780914800e-08   -6.3748026101892258e-06   -6.2994477959998277e-09 
  -1.1566644103884476e-06    1.3387318015042661e-08   -2.8947281152740516e-08   -9.3009031943385158e-08    5.8361284538021767e-10 
  -5.1690182727217900e-06   -2.0751535769659843e-03   -2.6547901571820585e-07   -9.7531264928961485e-05   -1.3872312335536402e-08 
  -5.1690182727217900e-06   -2.0751535769659843e-03   -2.6547901571820585e-07   -9.7531264928961485e-05   -1.3872312335536402e-08 
  -5.1690182727217900e-06   -2.0751535769659843e-03   -2.6547901571820585e-07   -9.7531264928961485e-05   -1.3872312335536402e-08 
  -1.2211884296733055e-05   -4.1358163982337477e-03   -1.0418687079407133e-06   -1.4897208310096110e-04   -5.7796743394860355e-08 
  -1.2211884296733055e-05   -4.1358163982337477e-03   -1.0418687079407133e-06   -1.4897208310096110e-04   -5.7796743394860355e-08 
  -1.2211884296733055e-05   -4.1358163982337477e-03   -1.0418687079407133e-06   -1.4897208310096110e-04   -5.7796743394860355e-08 
  -3.1204534114731159e-06    2.3537278355670577e-03    4.9731014423526270e-07    7.5546429926135543e-05    4.9098901061283317e-08 
  -3.1204534114731159e-06    2.3537278355670577e-03    4.9731014423526270e-07    7.5546429926135543e-05    4.9098901061283317e-08 
  -3.1204534114731159e-06    2.3537278355670577e-03    4.9731014423526270e-07    7.5546429926135543e-05    4.9098901061283317e-08 
  -8.7451700879582806e-05   -2.5573978967849686e-03   -3.8460070075461675e-06   -1.6290768379323544e-04   -7.9998733899551476e-08 
  -8.7451700879582806e-05   -2.5573978967849686e-03   -3.8460070075461675e-06   -1.6290768379323544e-04   -7.9998733899551476e-08 
  -8.7451700879582806e-05   -2.5573978967849686e-03   -3.8460070075461675e-06   -1.6290768379323544e-04   -7.9998733899551476e-08 
  -1.1173719936054724e-05    4.7045732845656796e-04   -3.2863881366955148e-07    4.3736149185940480e-06   -1.7647360011642755e-09 
  -7.5902604901567676e-06   -5.6242723867831947e-07   -1.7279061724310563e-06    4.0977214609626563e-05   -8.8980652893707986e-08 
   2.1047390929478042e-05    4.6364944843483946e-07    1.9837543014076073e-07    3.9133690933998530e-06    2.7217695081882088e-09 
   5.0007467592572923e-06    4.9293924318549796e-04    2.4745931996463155e-07    8.6850616824520951e-06    6.5885147225300584e-09 
  -2.8083870033574899e-06   -5.8360186715547746e-07    3.5672479090387589e-07    3.4730414700601537e-05    3.4319875879791393e-08 
   6.3015966295190316e-06   -7.2935137732439426e-08    1.5770701312110789e-07    5.0672035634988506e-07   -3.1795676484563893e-09 
  -2.9830473960009610e-05    1.2559796707035174e-03   -8.7736685987490945e-07    1.1676237339656761e-05   -4.7113147304826629e-09 
  -2.0263714250677489e-05   -1.5015116893754542e-06   -4.6129901569954704e-06    1.0939684727750492e-04   -2.3755160002941839e-07 
   5.6190207973802421e-05    1.2378046771585524e-06    5.2960277660307082e-07    1.0447519313589408e-05    7.2663065571539754e-09 
  -1.3759067394307913e-05    5.7931057207663583e-04   -4.0467844294845716e-07    5.3855710332877371e-06   -2.1730562169212578e-09 
  -9.3464760368151863e-06   -6.9256025080773968e-07   -2.1277047942472339e-06    5.0458420353422891e-05   -1.0956877449591124e-07 
   2.5917283763180152e-05    5.7092750175024655e-07    2.4427504253747039e-07    4.8188346766369615e-06    3.3515257505332252e-09 
   1.0526713616270394e-05    1.0376510735379599e-03    5.2090887988328806e-07    1.8282300918672222e-05    1.3869010165784868e-08 
  -5.9117342131499553e-06   -1.2284984657729008e-06    7.5091579206997285e-07    7.3108506974633910e-05    7.2244311124878132e-08 
   1.3265039450638698e-05   -1.5353053142540156e-07    3.3197773099189338e-07    1.0666607072144439e-06   -6.6930799878835914e-09 
  -4.0180629569405870e-05    1.6849434718407394e-03   -1.2063798566683299e-06    1.6346301235339762e-05   -7.8198148431687963e-09 
  -4.0180629569405870e-05    1.6849434718407394e-03   -1.2063798566683299e-06    1.6346301235339762e-05   -7.8198148431687963e-09 
  -4.0180629569405870e-05    1.6849434718407394e-03   -1.2063798566683299e-06    1.6346301235339762e-05   -7.8198148431687963e-09 
   1.3200265642243996e-05   -5.5354288020906944e-04    3.9632366999046153e-07   -5.3701378223033308e-06    2.5689899414016823e-09 
   1.3200265642243996e-05   -5.5354288020906944e-04    3.9632366999046153e-07   -5.3701378223033308e-06    2.5689899414016823e-09 
   1.3200265642243996e-05   -5.5354288020906944e-04    3.9632366999046153e-07   -5.3701378223033308e-06    2.5689899414016823e-09 
  -5.3804332547430994e-06    4.7369155199060154e-04    7.9746576967854371e-07   -2.1965838658547628e-05    5.5980878175275202e-08 
  -5.3804332547430994e-06    4.7369155199060154e-04    7.9746576967854371e-07   -2.1965838658547628e-05    5.5980878175275202e-08 
  -5.3804332547430994e-06    4.7369155199060154e-04    7.9746576967854371e-07   -2.1965838658547628e-05    5.5980878175275202e-08 
  -1.5323214838315143e-05   -1.5054640339095589e-03   -7.4963380772187612e-07   -2.5923927473996102e-05   -1.9526824641914377e-08 
  -1.5323214838315143e-05   -1.5054640339095589e-03   -7.4963380772187612e-07   -2.5923927473996102e-05   -1.9526824641914377e-08 
  -1.5323214838315143e-05   -1.5054640339095589e-03   -7.4963380772187612e-07   -2.5923927473996102e-05   -1.9526824641914377e-08 
   1.4261582958689039e-05   -6.0046844351779730e-04    4.1945831213023379e-07   -5.5822655613214344e-06    2.2524216666267990e-09 
   9.6878327251731393e-06    7.1785428385001991e-07    2.2054138965342030e-06   -5.2301288104195746e-05    1.1357050026528564e-07 
  -2.6863847807402231e-05   -5.9177920248989266e-07   -2.5319657823077777e-07   -4.9948305750356674e-06   -3.4739318559618406e-09 
   2.8398504868605125e-05   -1.1956881691239278e-03    8.3525012291498901e-07   -1.1115736323256348e-05    4.4851548282640773e-09 
   1.9290983729435262e-05    1.4294337756134869e-06    4.3915501848171506e-06   -1.0414540862425084e-04    2.2614827639091933e-07 
  -5.3492877681097642e-05   -1.1783856400603439e-06   -5.0417995536884367e-07   -9.9460011426422308e-06   -6.9174979390789411e-09 
   7.2900892688904251e-06    7.1860689212250391e-04    3.6074622847508704e-07    1.2661084037836566e-05    9.6047376099837670e-09 
  -4.0940669347368577e-06   -8.5077487700785686e-07    5.2003344606511511e-07    5.0630003017903840e-05    5.0031519472119267e-08 
   9.1864683770860696e-06   -1.0632485316798367e-07    2.2990530401377544e-07    7.3869700066620956e-07   -4.6351741269069312e-09 
   9.2440940399703264e-06    9.1121925171738034e-04    4.5743912558369660e-07    1.6054707586803304e-05    1.2179150957014752e-08 
  -5.1914233632424150e-06   -1.0788129856607149e-06    6.5942101695106383e-07    6.4200655421153713e-05    6.3441756870731773e-08 
   1.1648770603589934e-05   -1.3482371823143328e-07    2.9152815174165626e-07    9.3669422819589108e-07   -5.8775666442952387e-09 
   2.7645458209781638e-05   -1.1639819583596789e-03    8.1310169231086987e-07   -1.0820978971159092e-05    4.3662214240810916e-09 
   1.8779442332798947e-05    1.3915293037507734e-06    4.2750989065180521e-06   -1.0138377196911128e-04    2.2015147463241756e-07 
  -5.2074400441011069e-05   -1.1471382425949221e-06   -4.9081055326148085e-07   -9.6822618027095364e-06   -6.7340657924027758e-09 
   1.6968818106780851e-05    1.6726694547818356e-03    8.3969302815309167e-07    2.9470644891762076e-05    2.2356522596050163e-08 
  -9.5295783865084751e-06   -1.9803110229900484e-06    1.2104588339374977e-06    1.1784921696676814e-04    1.1645615330818479e-07 
   2.1382935816668507e-05   -2.4748765441555459e-07    5.3514039975366268e-07    1.7194323111817426e-06   -1.0789089646458027e-08 
   1.2738801191144144e-06   -9.6087545627530945e-04   -2.0301969689595575e-07   -3.0840740899747108e-05   -2.0043918522343018e-08 
   1.2738801191144144e-06   -9.6087545627530945e-04   -2.0301969689595575e-07   -3.0840740899747108e-05   -2.0043918522343018e-08 
   1.2738801191144144e-06   -9.6087545627530945e-04   -2.0301969689595575e-07   -3.0840740899747108e-05   -2.0043918522343018e-08 
   5.2565093737921094e-05    1.5371897723838236e-03    2.3117414165190352e-06    9.7919852708299677e-05    4.8085296272684574e-08 
   5.2565093737921094e-05    1.5371897723838236e-03    2.3117414165190352e-06    9.7919852708299677e-05    4.8085296272684574e-08 
   5.2565093737921094e-05    1.5371897723838236e-03    2.3117414165190352e-06    9.7919852708299677e-05    4.8085296272684574e-08 
   1.6640799748181234e-06    6.6806138610977887e-04    8.5466580012391819e-08    3.1398578283900244e-05    4.4659616089600612e-09 
   1.6640799748181234e-06    6.6806138610977887e-04    8.5466580012391819e-08    3.1398578283900244e-05    4.4659616089600612e-09 
   1.6640799748181234e-06    6.6806138610977887e-04    8.5466580012391819e-08    3.1398578283900244e-05    4.4659616089600612e-09 
2    101 5 
  -4.8305272910822417e-01   -1.3351189346792197e-02   -1.0547480305226904e-02    5.3100142839269861e-05    8.1826503340737267e-04 
   2.8906847472227209e-03   -7.8487548222003628e-03    7.5746391220314190e-03    1.7648934475127825e-03   -6.0535395821697277e-04 
  -5.5672084214346655e-03    1.3229439583614928e-02    1.5469497966234235e-02    1.2414909650480311e-03   -9.5111875689357742e-05 
  -8.2869083917201430e-04   -2.4425076025642978e-02   -8.0419685060003363e-04    2.5916173798219118e-03   -1.0116376724944346e-03 
  -5.3886063922447451e-03   -2.2675181881283590e-02   -1.3881671283624017e-02    6.7872787725763465e-04   -6.9225386459641648e-04 
   9.9856718842387619e-03    3.2815065084526508e-02    1.1163262512590354e-02   -1.2365032718957829e-03    7.7172125251127334e-04 
  -8.0246209400821548e-04    1.3539598743654933e-03   -2.8544432008493744e-03   -7.6373442589593979e-04   -2.1408454355524570e-04 
  -7.8955910865578013e-03   -1.8836094199657111e-02    8.1346240973540554e-03    2.6057834496342476e-02   -1.9757280182078379e-02 
   1.0055787453741404e-02    5.0658739538217606e-05   -3.7244462336124026e-03   -7.3190366208092019e-03   -5.2639224246842226e-03 
   3.3146849544296629e-03    1.8846708896142449e-03   -3.5009162195703516e-04    2.2784362948274012e-03   -8.9225386206938080e-04 
   1.2836531123475882e-02   -6.0168737426172063e-03    4.9906013831197311e-03    2.6860259798927172e-03   -2.4846185945306396e-03 
  -2.2141768753207225e-04    1.8384070026656449e-04    5.0202988647268450e-06   -1.4217086732375647e-06   -3.6494784022083083e-08 
  -1.4519375701667201e-04   -1.7486828868478596e-04   -8.1171847562079605e-07   -2.4736326863620466e-06   -2.7614870558750254e-08 
  -3.7658433848905323e-07    4.6572429217543606e-07   -3.3604590445888192e-05    2.0778431801517358e-07    2.7876902486694514e-08 
  -2.4637042181823296e-05    2.0455868443424229e-05    5.5860629868478401e-07   -1.5819285687257626e-07   -4.0607574913740989e-09 
  -1.6155641204766007e-05   -1.9457512417413714e-05   -9.0319533848162483e-08   -2.7523994815188856e-07   -3.0726936875942769e-09 
  -4.1902362615113682e-08    5.1820923429001141e-08   -3.7391670084998069e-06    2.3120063553728994e-08    3.1018498572467676e-09 
  -8.8930181742311485e-05   -5.1542294093186470e-06    2.0562144991067829e-07    2.0739942571905953e-08    2.9356447968834137e-10 
  -4.4941481230428905e-07    7.7999061925237561e-06    1.1371829703867175e-06    1.0294425165757064e-07    2.3247812933301072e-09 
   4.3062921888852133e-08   -5.8282515403780915e-07    4.0107821582944317e-06    4.2355335369189450e-08   -8.0711035433170050e-09 
  -4.5010282088560214e-04   -3.0121405435607792e-03    7.6600289504033205e-05   -3.0104266699494156e-05    9.5325814265260959e-07 
  -4.5010282088560214e-04   -3.0121405435607792e-03    7.6600289504033205e-05   -3.0104266699494156e-05    9.5325814265260959e-07 
  -4.5010282088560214e-04   -3.0121405435607792e-03    7.6600289504033205e-05   -3.0104266699494156e-05    9.5325814265260959e-07 
  -5.2958942700459858e-04   -5.9411565841611799e-03   -4.5127603987723484e-04    1.8258684551777433e-05    2.4008673330414734e-06 
   5.2185977518109353e-04    7.2805382965421479e-05    6.5003754236635919e-04    1.1174269560222541e-04    1.1522733693649335e-05 
  -3.7582383293264553e-05    3.3128313667036739e-04   -4.2259452327855581e-05    3.7895586960791291e-04    7.0136291495201788e-06 
  -2.4386725757336095e-02   -3.2744314343824124e-03   -1.9811446190994425e-02   -1.8474045564211715e-03    6.8054331344425743e-05 
   2.1346586661362887e-04    3.5999201992614124e-03    6.9215667210739012e-04    2.5575104646370682e-03    4.9972619068196049e-04 
   9.0334735676945044e-04   -2.1969813123659467e-04    2.5684444137785284e-03   -1.3339149742667969e-04    1.6293945719849075e-03 
   1.3857121439210239e-03    9.2184042940332079e-04    2.1002070042583773e-05    1.0587657090650599e-05    1.6013120515132079e-07 
   1.3857121439210239e-03    9.2184042940332079e-04    2.1002070042583773e-05    1.0587657090650599e-05    1.6013120515132079e-07 
   1.3857121439210239e-03    9.2184042940332079e-04    2.1002070042583773e-05    1.0587657090650599e-05    1.6013120515132079e-07 
  -5.8193398439873774e-04   -1.3364101754836464e-03    5.8915106277938260e-05   -1.7254066314741436e-05    5.4681390873994262e-07 
  -5.8193398439873774e-04   -1.3364101754836464e-03    5.8915106277938260e-05   -1.7254066314741436e-05    5.4681390873994262e-07 
  -5.8193398439873774e-04   -1.3364101754836464e-03    5.8915106277938260e-05   -1.7254066314741436e-05    5.4681390873994262e-07 
   3.6115774758550818e-03   -4.3206125184967938e-03    4.5317493497478286e-03    1.7192130690535406e-04   -4.5615472157420620e-05 
  -3.6597071740304028e-03   -3.0459315120946046e-03   -4.4576444329537650e-03   -4.9069206853985682e-05   -7.9351463417214209e-05 
   5.7826679477603074e-06   -8.4745379940884334e-04    1.3679010335402499e-05   -9.6926318729700163e-04    2.9804218067574669e-07 
  -3.2186392469191784e-02    4.5365263811048155e-02   -2.5045681276168592e-02    3.1529217970057088e-02    1.5620928376841082e-03 
  -2.3353255245273416e-02   -4.5883516585247419e-02   -1.9239680222733656e-02   -3.2261757410738973e-02   -6.0104139866162755e-04 
  -4.2533609444887514e-03    4.4212864115113021e-07   -1.2045119899059467e-02    1.0180033059139506e-04   -7.6554482695632238e-03 
  -4.4886189930703975e-04    3.7268515813414184e-04    1.0177239716605116e-05   -2.8821132694661939e-06   -7.3982879387535936e-08 
  -2.9433938303862064e-04   -3.5449612477889901e-04   -1.6455302226792055e-06   -5.0145924571975038e-06   -5.5981359873624576e-08 
  -7.6341851144569041e-07    9.4412462106945611e-07   -6.8123827238470702e-05    4.2122408859951252e-07    5.6512555688047078e-08 
  -1.0636305569948299e-04    8.8312089518377754e-05    2.4116155024862088e-06   -6.8295031207974935e-07   -1.7531105075420694e-08 
  -6.9747145482876283e-05   -8.4001986186216617e-05   -3.8992755455567804e-07   -1.1882660962280975e-06   -1.3265435332255987e-08 
  -1.8090090912209633e-07    2.2372132678913900e-07   -1.6142734418344904e-05    9.9813954507702722e-08    1.3391308368225352e-08 
  -4.6982073658130888e-04   -2.7229943874532667e-05    1.0863041001521808e-06    1.0956971980583330e-07    1.5509096841940214e-09 
  -2.3742715241398501e-06    4.1207131266809143e-05    6.0077707062709249e-06    5.4385747552745695e-07    1.2281887186373917e-08 
   2.2750266877659941e-07   -3.0790822396113218e-06    2.1189078791464116e-05    2.2376446861384456e-07   -4.2639874758527020e-08 
  -4.9221562947405237e-04   -2.8549104941141891e-05    1.1590873547753586e-06    1.1480833999473365e-07    1.5721173155471650e-09 
  -4.9221562947405237e-04   -2.8549104941141891e-05    1.1590873547753586e-06    1.1480833999473365e-07    1.5721173155471650e-09 
  -4.9221562947405237e-04   -2.8549104941141891e-05    1.1590873547753586e-06    1.1480833999473365e-07    1.5721173155471650e-09 
  -1.2542801617247041e-03   -7.2695766166533694e-05    2.9001054579575426e-06    2.9251822062648953e-07    4.1404627298195695e-09 
  -6.3385913805043542e-06    1.1001065565057204e-04    1.6038942146101564e-05    1.4519360029178125e-06    3.2788947457928169e-08 
   6.0736374954903860e-07   -8.2202241594650776e-06    5.6568471980920307e-05    5.9738387863312807e-07   -1.1383565016141120e-07 
  -5.7852668716055740e-04   -3.3530340393085185e-05    1.3376504342549568e-06    1.3492168837338859e-07    1.9097552998849243e-09 
  -2.9236245493871646e-06    5.0741534553470222e-05    7.3978337125135612e-06    6.6969386216087442e-07    1.5123639619901954e-08 
   2.8014166902301816e-07   -3.7915126108295221e-06    2.6091755009388076e-05    2.7553853342743269e-07   -5.2505782661899428e-08 
  -4.4473279125762033e-04    9.3758265714163989e-04    1.8166583688132070e-05    1.0845441314427812e-07   -6.6372364538780205e-08 
  -4.4473279125762033e-04    9.3758265714163989e-04    1.8166583688132070e-05    1.0845441314427812e-07   -6.6372364538780205e-08 
  -4.4473279125762033e-04    9.3758265714163989e-04    1.8166583688132070e-05    1.0845441314427812e-07   -6.6372364538780205e-08 
  -1.1942964655565237e-03    9.9161137938445429e-04    2.7078799607245573e-05   -7.6685004817094052e-06   -1.9684783114948380e-07 
  -7.8315509821574923e-04   -9.4321542891150773e-04   -4.3782974940537405e-06   -1.3342433512586298e-05   -1.4895080276881291e-07 
  -2.0312439780867609e-06    2.5120525928551662e-06   -1.8125852565498152e-04    1.1207599508853567e-06    1.5036416684507474e-07 
  -3.9235399668657633e-04    3.2576726054370627e-04    8.8960116334488624e-06   -2.5192796758295534e-06   -6.4669062932037092e-08 
  -2.5728455343559313e-04   -3.0986807207657977e-04   -1.4383719369665208e-06   -4.3832978369811549e-06   -4.8933781905470928e-08 
  -6.6731060170768149e-07    8.2526734618972552e-07   -5.9547615709562251e-05    3.6819555172275509e-07    4.9398104676313381e-08 
  -3.3602645565669197e-04    2.7899911522230944e-04    7.6188729665380612e-06   -2.1576041723188793e-06   -5.5384974261013951e-08 
  -2.2034799521932592e-04   -2.6538246292987964e-04   -1.2318748578493760e-06   -3.7540181792133502e-06   -4.1908698355144177e-08 
  -5.7150944862960395e-07    7.0678943925952218e-07   -5.0998777682071581e-05    3.1533627101750022e-07    4.2306361527392989e-08 
  -1.0669403309002965e-03    8.8586896449697019e-04    2.4191198958187012e-05   -6.8507549653104822e-06   -1.7585657846334456e-07 
  -6.9964182573980767e-04   -8.4263381066288542e-04   -3.9114091951271455e-06   -1.1919637072944419e-05   -1.3306714319041965e-07 
  -1.8146383118610621e-06    2.2441749615418162e-06   -1.6192966898776522e-04    1.0012455260011219e-06    1.3432979042977715e-07 
  -5.9965592916342019e-04   -3.4754952312167220e-05    1.3865047747164602e-06    1.3984936598678968e-07    1.9795043413605503e-09 
  -3.0304026324047382e-06    5.2594742343138442e-05    7.6680211079746382e-06    6.9415275748146645e-07    1.5675992775918604e-08 
   2.9037314364854480e-07   -3.9299881371778677e-06    2.7044691180022790e-05    2.8560189002464764e-07   -5.4423425206373956e-08 
  -1.1940702426346014e-03   -6.9206110240650756e-05    2.7608900575191875e-06    2.7847630325128077e-07    3.9417057586376089e-09 
  -6.0343163980788922e-06    1.0472975200727268e-04    1.5269015746580329e-05    1.3822378988359619e-06    3.1214961092093580e-08 
   5.7820812440678626e-07   -7.8256240959008644e-06    5.3852983667417410e-05    5.6870732287163548e-07   -1.0837113314603950e-07 
   5.9837660532497381e-04    3.9806806140620300e-04    9.0690894440157628e-06    4.5719497631893953e-06    6.9147670651073780e-08 
   5.9837660532497381e-04    3.9806806140620300e-04    9.0690894440157628e-06    4.5719497631893953e-06    6.9147670651073780e-08 
   5.9837660532497381e-04    3.9806806140620300e-04    9.0690894440157628e-06    4.5719497631893953e-06    6.9147670651073780e-08 
  -3.6354789945303455e-04   -8.3488698912596924e-04    3.6805657871187218e-05   -1.0779022593479619e-05    3.4160755900775447e-07 
  -3.6354789945303455e-04   -8.3488698912596924e-04    3.6805657871187218e-05   -1.0779022593479619e-05    3.4160755900775447e-07 
  -3.6354789945303455e-04   -8.3488698912596924e-04    3.6805657871187218e-05   -1.0779022593479619e-05    3.4160755900775447e-07 
  -1.1624069346267702e-03   -6.7370963273300860e-05    2.6876791950877553e-06    2.7109191274568321e-07    3.8371830605117355e-09 
  -5.8743036853363749e-06    1.0195262024652014e-04    1.4864125371376209e-05    1.3455849258631371e-06    3.0387230115957136e-08 
   5.6287570820375993e-07   -7.6181110558343926e-06    5.2424957452443770e-05    5.5362684059559899e-07   -1.0549744243217520e-07 
  -2.4716399708099097e-04   -1.6540502791148044e-03    4.2063352755991471e-05   -1.6531091433728805e-05    5.2346060023450346e-07 
  -2.4716399708099097e-04   -1.6540502791148044e-03    4.2063352755991471e-05   -1.6531091433728805e-05    5.2346060023450346e-07 
  -2.4716399708099097e-04   -1.6540502791148044e-03    4.2063352755991471e-05   -1.6531091433728805e-05    5.2346060023450346e-07 
  -6.8119884542479445e-04    5.6559200016723880e-04    1.5445115647520140e-05   -4.3739337969536134e-06   -1.1227741115428840e-07 
  -4.4669339990428125e-04   -5.3798807891637548e-04   -2.4972787610870844e-06   -7.6102128458494660e-06   -8.4958063426848095e-08 
  -1.1585741836755700e-06    1.4328162020490485e-06   -1.0338563494118467e-04    6.3925533279184042e-07    8.5764213327380356e-08 
  -1.0920509325248388e-03    9.0671802420048617e-04    2.4760542474657615e-05   -7.0119885167838902e-06   -1.7999538956360731e-07 
  -7.1610800164225526e-04   -8.6246532449934491e-04   -4.0034648005296820e-06   -1.2200167529408911e-05   -1.3619889847719477e-07 
  -1.8573460982499464e-06    2.2969919577720537e-06   -1.6574070817279137e-04    1.0248099904829872e-06    1.3749126230978768e-07 
  -4.7389233380854033e-04    3.9346765594640764e-04    1.0744765569268996e-05   -3.0428320730194717e-06   -7.8108477081617365e-08 
  -3.1075298967294242e-04   -3.7426432530118119e-04   -1.7372919349622011e-06   -5.2942273031164320e-06   -5.9103116841157239e-08 
  -8.0598995062882165e-07    9.9677299582662825e-07   -7.1922699449091711e-05    4.4471332209520788e-07    5.9663934376783756e-08 
2    101 5 
  -3.1774860833508822e-01    6.1484842457497652e-03    3.6879070357832867e-03   -1.1336817566247764e-03    2.3527459013405924e-04 
  -5.1394929266792852e-03   -1.1543722589266246e-02    9.8289937198869255e-03   -1.8096309044896256e-03    3.3650935140588489e-04 
  -1.2468589707685478e-02    2.0024531494771299e-02   -4.0234345800218951e-02    7.6861607989739591e-03   -1.1340696875744433e-03 
   6.0071229477891494e-03   -7.0833592721841346e-03   -1.1762671357171045e-02    1.6691190725188400e-03    4.7143260885455654e-04 
  -1.0188161618509998e-02    4.7928261897409547e-03   -1.3516024638996536e-03    1.4701963897180371e-04    8.0830793292800424e-05 
  -8.9268029334068043e-03    1.0445700946330518e-02   -1.2539287490903286e-02    2.0876804253070940e-03   -1.9750485923323950e-05 
   2.9812945390498228e-03    2.1419121534130888e-04    4.3313673375309781e-04   -2.7214791729270114e-04    3.0390530138754083e-04 
   1.8443748909372393e-03   -3.0700675137932481e-03    1.5260172402934164e-03   -4.2889521046064359e-04    2.6194797773911613e-04 
   2.2113463336885155e-03    2.4594439042753442e-03    2.1976924637347721e-05    5.3454866407236343e-04   -8.0758755002743746e-04 
  -5.7492697567900503e-03    6.4358510411608285e-04    3.3662766731064586e-04   -1.0388376343833936e-03    1.4525489377100438e-03 
  -7.1037699975704156e-04    2.2664120853540673e-03   -5.0487242648416973e-03    3.3526405997787287e-04    8.9510858633319351e-04 
  -1.4498965435435862e-03    2.1251857683253850e-03   -2.4759882640974355e-03    6.7448883924989072e-04   -1.0595189494210365e-04 
  -2.3282804926913797e-03   -1.8820947250281573e-03   -2.1399808922970115e-03    6.8959806079895835e-04   -1.6093945141289304e-04 
  -4.9651461791578700e-05   -4.6581638519968511e-04   -7.9043294209407185e-05   -4.3989106510074823e-04    2.2091999760896877e-04 
   4.0095557195902734e-03   -4.6969576255029115e-03    2.9033431261756594e-03   -4.2417917130317829e-03    1.5944928016082673e-03 
  -3.8062378630896324e-03   -7.1015922074833216e-03   -2.8940719189699815e-03   -3.3305420758456602e-03    1.5635116044082210e-03 
  -5.9457770333832920e-04   -3.5936226937141277e-04   -1.5652388487359969e-03   -1.4928651426754050e-05   -8.0753128406937556e-04 
   4.6566426813906220e-05   -2.1019937058309613e-03    2.0392722003436303e-04   -4.8343836453177807e-05    7.7315822755121212e-06 
   4.6566426813906220e-05   -2.1019937058309613e-03    2.0392722003436303e-04   -4.8343836453177807e-05    7.7315822755121212e-06 
   4.6566426813906220e-05   -2.1019937058309613e-03    2.0392722003436303e-04   -4.8343836453177807e-05    7.7315822755121212e-06 
  -1.2771641598924654e-04   -3.6505401434603764e-06    9.9381210299310873e-08    1.1453356774893243e-08   -6.0369001195176964e-09 
   2.5755245549985927e-07   -9.0202923822086204e-06   -3.6064262481506235e-07    4.6856486132053153e-08   -6.8802126012447680e-09 
  -3.1257870289540765e-09    6.5943925138209510e-08   -1.6221965972468213e-06    2.2160937068358156e-07   -3.2188612956440368e-08 
   1.6684680020811582e-03   -4.0897651266212344e-04    5.3724272687742974e-05   -9.1679850194640463e-06    1.4615736946226109e-06 
   1.6684680020811582e-03   -4.0897651266212344e-04    5.3724272687742974e-05   -9.1679850194640463e-06    1.4615736946226109e-06 
   1.6684680020811582e-03   -4.0897651266212344e-04    5.3724272687742974e-05   -9.1679850194640463e-06    1.4615736946226109e-06 
   1.5544174404698067e-03   -1.0436125410334641e-03    1.4665146475860595e-04   -2.6000052463184952e-05    4.3081695503868793e-06 
   1.5544174404698067e-03   -1.0436125410334641e-03    1.4665146475860595e-04   -2.6000052463184952e-05    4.3081695503868793e-06 
   1.5544174404698067e-03   -1.0436125410334641e-03    1.4665146475860595e-04   -2.6000052463184952e-05    4.3081695503868793e-06 
  -1.4601089690799705e-03   -5.4950259062428244e-03    1.4929529049841425e-04   -1.6940037689154203e-05    2.1923260146313422e-06 
  -3.8072203154314500e-04   -1.5869579395516126e-04   -4.7733412024581932e-04    1.2093562227252514e-05    5.6452897704813999e-07 
   7.1268737326795334e-06   -8.4599159831771185e-05   -2.0301726592304458e-05   -9.3927118301728694e-05    2.1275416691752106e-05 
  -1.7784262543827728e-02   -6.8309342878607208e-03   -1.3718572870150332e-02    1.3832643120981465e-03   -2.0581949424438610e-04 
  -4.2550619867143442e-04   -2.1383758127559468e-03   -8.5403098786344250e-04   -1.3623032736812470e-03    1.4178867064801079e-04 
  -1.7147652549452829e-04   -8.8552616878460994e-05   -5.2022197256149018e-04   -1.0591699079463077e-04   -2.8739058761954048e-04 
   3.7422184699887853e-04   -3.0539632898474704e-04    5.4173009985844824e-05   -4.0649804274197898e-06   -4.4837550690322749e-07 
  -2.4485385352973719e-04   -2.8935793891429225e-04    5.9395684228438898e-05   -1.0919748111779024e-05    2.7266241746554389e-06 
  -9.5896921500042741e-07   -1.0621055265563543e-05   -5.1784792989978841e-05    2.0070479709140330e-05   -4.8177425386891235e-06 
   1.5482306081218412e-04   -1.2634856781722041e-04    2.2412457441167636e-05   -1.6817636836596511e-06   -1.8550191264536275e-07 
  -1.0130093515156459e-04   -1.1971316515133863e-04    2.4573182204694847e-05   -4.5177181383767877e-06    1.1280589409466398e-06 
  -3.9674473920136628e-07   -4.3941429354199102e-06   -2.1424404316666973e-05    8.3035587725781613e-06   -1.9931964208576729e-06 
  -2.9392562246835750e-03    4.3082146281229168e-03   -5.0193677265450293e-03    1.3673358475630047e-03   -2.1478757785329983e-04 
  -4.7199318885380566e-03   -3.8154161140786479e-03   -4.3382075682552425e-03    1.3979655319263330e-03   -3.2625933654988764e-04 
  -1.0065433205245051e-04   -9.4431131369658138e-04   -1.6023798081253314e-04   -8.9175504075625367e-04    4.4785297338680204e-04 
   1.7310056750546161e-02   -2.0277708738432060e-02    1.2534314970324046e-02   -1.8312666143489774e-02    6.8837454357653623e-03 
  -1.6432292758583194e-02   -3.0658998833749715e-02   -1.2494289308106098e-02   -1.4378618573945519e-02    6.7499933895941557e-03 
  -2.5669112757579059e-03   -1.5514390400989059e-03   -6.7574502500113275e-03   -6.4449984357030300e-05   -3.4862746230923370e-03 
   4.7042645079564541e-04    1.3428088679783022e-05   -3.6761081767600100e-07   -4.1979482164068981e-08    2.2205821822276354e-08 
   4.7042645079564541e-04    1.3428088679783022e-05   -3.6761081767600100e-07   -4.1979482164068981e-08    2.2205821822276354e-08 
   4.7042645079564541e-04    1.3428088679783022e-05   -3.6761081767600100e-07   -4.1979482164068981e-08    2.2205821822276354e-08 
  -4.9283973618896441e-04   -1.4086922400028197e-05    3.8349815164071227e-07    4.4196897381553077e-08   -2.3295550844088338e-08 
   9.9385880225497447e-07   -3.4808043144346680e-05   -1.3916693065307771e-06    1.8081260803628647e-07   -2.6549775430645987e-08 
  -1.2061973731413837e-08    2.5446835801527979e-07   -6.2598291444466621e-06    8.5515947921600521e-07   -1.2421134272258670e-07 
  -4.8644114825717536e-04    1.1382021328675042e-03   -2.1391752311228165e-04    2.5781474195395599e-05   -3.0853082874056716e-06 
  -4.8644114825717536e-04    1.1382021328675042e-03   -2.1391752311228165e-04    2.5781474195395599e-05   -3.0853082874056716e-06 
  -4.8644114825717536e-04    1.1382021328675042e-03   -2.1391752311228165e-04    2.5781474195395599e-05   -3.0853082874056716e-06 
   5.7913094725231735e-04    1.5985846446811568e-05   -1.0921539543301536e-05    7.2832063445114513e-06   -3.1267905823448239e-06 
   5.7913094725231735e-04    1.5985846446811568e-05   -1.0921539543301536e-05    7.2832063445114513e-06   -3.1267905823448239e-06 
   5.7913094725231735e-04    1.5985846446811568e-05   -1.0921539543301536e-05    7.2832063445114513e-06   -3.1267905823448239e-06 
  -1.0374416084908879e-03   -2.9653370782115950e-05    8.0727447500068634e-07    9.3035721235441735e-08   -4.9037794568386563e-08 
   2.0921009381209784e-06   -7.3271917048193253e-05   -2.9295033209357862e-06    3.8061566294783232e-07   -5.5888029526256346e-08 
  -2.5390796461052507e-08    5.3566310356960689e-07   -1.3177117711147540e-05    1.8001349333040002e-06   -2.6146839575761208e-07 
   1.1953109964586513e-03   -9.7547375504954408e-04    1.7303531332188280e-04   -1.2984051690864066e-05   -1.4321669839488440e-06 
  -7.8209357897335123e-04   -9.2424514781976541e-04    1.8971718265462851e-04   -3.4879029915661700e-05    8.7091758145948307e-06 
  -3.0630666198351767e-06   -3.3924967916053299e-05   -1.6540705201116191e-04    6.4107601661769249e-05   -1.5388467244187872e-05 
   3.9268729354015634e-04   -3.2046567790703810e-04    5.6846100367649078e-05   -4.2655611240729315e-06   -4.7049996067186240e-07 
  -2.5693581982603623e-04   -3.0363589621466380e-04    6.2326480067053153e-05   -1.1458567602461723e-05    2.8611655792768709e-06 
  -1.0062881914747610e-06   -1.1145136181178307e-05   -5.4340040189671210e-05    2.1060829078369009e-05   -5.0554672146032763e-06 
   3.3631190339352107e-04   -2.7445864402075382e-04    4.8685100153840820e-05   -3.6531841092833235e-06   -4.0295354579368304e-07 
  -2.2004932687447055e-04   -2.6004499731567901e-04    5.3378699764385173e-05   -9.8135405548923404e-06    2.4504078887193005e-06 
  -8.6182237776607144e-07   -9.5451063080776220e-06   -4.6538817647788052e-05    1.8037271974188762e-05   -4.3296888630110599e-06 
   1.0678466753194938e-03   -8.7145220723074937e-04    1.5458335495203596e-04   -1.1599471996278308e-05   -1.2794450622834401e-06 
  -6.9869350367371722e-04   -8.2568646252193314e-04    1.6948632058847980e-04   -3.1159636483020447e-05    7.7804558528628477e-06 
  -2.7364305322746703e-06   -3.0307312746897485e-05   -1.4776854817517601e-04    5.7271362432073856e-05   -1.3747488004087307e-05 
   5.8310915563381947e-04   -1.4293228798814851e-04    1.8775976072010430e-05   -3.2040986083610533e-06    5.1080212620495723e-07 
   5.8310915563381947e-04   -1.4293228798814851e-04    1.8775976072010430e-05   -3.2040986083610533e-06    5.1080212620495723e-07 
   5.8310915563381947e-04   -1.4293228798814851e-04    1.8775976072010430e-05   -3.2040986083610533e-06    5.1080212620495723e-07 
   9.8991518615839129e-04   -6.6461419946635002e-04    9.3393517247876019e-05   -1.6557873132485357e-05    2.7436146503761388e-06 
   9.8991518615839129e-04   -6.6461419946635002e-04    9.3393517247876019e-05   -1.6557873132485357e-05    2.7436146503761388e-06 
   9.8991518615839129e-04   -6.6461419946635002e-04    9.3393517247876019e-05   -1.6557873132485357e-05    2.7436146503761388e-06 
  -7.1846183081015775e-04   -2.0535917286759366e-05    5.5906365479112766e-07    6.4430242687866939e-08   -3.3960257017014437e-08 
   1.4488474897671785e-06   -5.0743169773180837e-05   -2.0287756940707362e-06    2.6358864325319122e-07   -3.8704266037888498e-08 
  -1.7583946857184574e-08    3.7096400504689339e-07   -9.1255797319750262e-06    1.2466515988001004e-06   -1.8107531139826927e-07 
  -9.1103530878288005e-04   -2.6040277916205750e-05    7.0891271815732978e-07    8.1699853109673184e-08   -4.3062821031082528e-08 
   1.8371904583030221e-06   -6.4344154916069792e-05   -2.5725601717975126e-06    3.3423983112233599e-07   -4.9078394215154400e-08 
  -2.2297073786916075e-08    4.7039563187947750e-07   -1.1571561622929738e-05    1.5807988337763526e-06   -2.2960997391699724e-07 
   2.5661368704809634e-05   -1.1583460271941939e-03    1.1237820765508845e-04   -2.6640846135515354e-05    4.2606443529877661e-06 
   2.5661368704809634e-05   -1.1583460271941939e-03    1.1237820765508845e-04   -2.6640846135515354e-05    4.2606443529877661e-06 
   2.5661368704809634e-05   -1.1583460271941939e-03    1.1237820765508845e-04   -2.6640846135515354e-05    4.2606443529877661e-06 
  -1.6723318019860000e-03   -4.7800545678085294e-05    1.3013077231778076e-06    1.4997142400048627e-07   -7.9047787060768806e-08 
   3.3724181709598232e-06   -1.1811263021387674e-04   -4.7222913825010174e-06    6.1354361756084801e-07   -9.0090206872507517e-08 
  -4.0929374773524558e-08    8.6347649440536407e-07   -2.1241208012584309e-05    2.9017757454410673e-06   -4.2148098732590653e-07 
   6.8177751018610642e-04   -5.5638747567782123e-04    9.8695306443578767e-05   -7.4058002144642939e-06   -8.1687464047450942e-07 
  -4.4608793408974350e-04   -5.2716787308828823e-04    1.0821025558453461e-04   -1.9894185064856597e-05    4.9675107317168562e-06 
  -1.7471017499148727e-06   -1.9350010355025176e-05   -9.4344324131125657e-05    3.6565480594133960e-05   -8.7772227599395218e-06 
   1.0929786078966548e-03   -8.9196196637738765e-04    1.5822149752811650e-04   -1.1872467319369905e-05   -1.3095569948152040e-06 
  -7.1513736067329485e-04   -8.4511911796356488e-04    1.7347520670877073e-04   -3.1892983227754015e-05    7.9635700549604687e-06 
  -2.8008328376137164e-06   -3.1020599923937267e-05   -1.5124630324582074e-04    5.8619252585699497e-05   -1.4071037207928466e-05 
   4.7429489584468099e-04   -3.8706430746573327e-04    6.8659759805274369e-05   -5.1520227477245973e-06   -5.6827845849045147e-07 
  -3.1033178284057666e-04   -3.6673698930142116e-04    7.5279062648727211e-05   -1.3839867540768952e-05    3.4557681206935692e-06 
  -1.2154132838434905e-06   -1.3461299337117956e-05   -6.5632894483560135e-05    2.5437654587889474e-05   -6.1060857721673707e-06 
 TENSORSUMACCUMULATOR_IMPL_H - PrettifyOut: Norm of simple tensor is 1.49064e-05 
 As simple full tensor 3    5 5 5 
   4.3553603020988864e-08   -6.6731344839080005e-10    1.1600170347472957e-09    3.5626140825669664e-10   -6.1585617415983803e-10 
   1.1318897950621222e-09   -3.7055883355980906e-08    8.8103289160246836e-09   -1.8615264241837826e-09    4.3589853609673303e-10 
  -5.7783046040390968e-08    4.3246913183485980e-09   -1.6723259764819643e-09    3.1147651108966716e-10    4.5895107408675972e-11 
  -1.9248428175430940e-09   -4.8532245355016556e-09    6.7943276967863158e-10   -2.1390878904304832e-11   -3.9171221593256746e-11 
  -8.2648121765014561e-09    3.9686476722415951e-10   -3.7167800759947239e-11   -1.4101181142869851e-10    1.2533738652023439e-10 

   1.4874187585991686e-05   -3.3217004240160281e-07   -1.4468102187476009e-07    3.9226291684591503e-08   -5.9188060753458398e-09 
   3.1848384741093603e-07    3.6280964867537208e-07   -2.7514454917623669e-07    5.8016596142707713e-08   -1.7322311985706989e-08 
   3.4376135754534835e-07   -1.3275891094250078e-08   -1.8219035000305373e-07    3.6272432320114927e-08   -5.3091426006447059e-09 
  -3.9473113301806817e-08   -2.6817393397283804e-08   -1.1060239498825577e-08    9.2404016799590803e-10    1.2774375089314286e-09 
  -2.3504020751020052e-08    1.1975501048582240e-08   -1.4955394862540646e-09    6.5437766478908694e-10   -5.6445131973674092e-10 

   2.7517955155806261e-09   -1.0528600857303607e-09    7.1134629588098506e-10   -2.2908877896367540e-13   -1.5927523973501270e-10 
   1.4234161510764437e-09   -2.1751050328458069e-09    3.2797950572776948e-10   -4.3732875036916120e-11   -2.1574790983128630e-11 
  -5.4275867043321108e-09    1.6523472794089310e-11   -3.4336291688113791e-10    1.6976670132383860e-10   -1.5556500251893440e-10 
  -4.4014130185984444e-11   -7.9540464261645629e-11   -1.0542777047685848e-10    1.8051496885958366e-10   -2.3577855652693696e-10 
  -5.7771245965029488e-10    5.2671152477307089e-11    4.7285197112362895e-11   -2.2458111911322996e-11    1.4871039750371837e-11 

   5.5742158652797142e-07    5.8005027295370415e-08   -1.1681468339641272e-07    2.1007277771786007e-08   -1.4365590727019264e-09 
   5.4115017426045834e-08    3.0659285896769745e-09   -9.3375855674701108e-09    1.6112772726159538e-09   -2.9552456038811767e-10 
   1.3758118387939219e-07   -1.1075754057923844e-08    1.2459531045003398e-08   -2.7870646277696860e-09    3.4272159213585818e-10 
   8.0584758546254141e-09   -1.1903196232560698e-09    2.1743007649993058e-09   -4.7637682175241838e-10    5.5410230163049050e-11 
  -1.6645073063330925e-09    4.8060046954740637e-10    1.6993911249320335e-10    3.0752396310374844e-10   -4.9447429115897944e-10 

   2.4851918848650685e-10   -1.0473055311779383e-10    6.4561881514933853e-11    1.8944368654470777e-11   -4.5522697736414641e-11 
   3.5961033686483894e-10   -4.8035378476487515e-11    2.2112039300517010e-12    3.9990085513610880e-12   -4.6500687410779983e-12 
  -1.5288531142475175e-10   -3.6928479202753151e-11   -6.1008657574393854e-11    2.8974726634542506e-11   -2.8082498766143016e-11 
  -1.7957924578210285e-11    5.3686225365251677e-11   -4.7012077279595756e-11    3.2966783667125786e-11   -3.7674781923613611e-11 
  -1.4371548588522266e-11   -4.6892325736855543e-11    1.9112821075151771e-11   -1.1718000831781380e-11    1.2908440744547788e-11 
