2    101 5 
   1.2965992383847516e-04    8.9134618257245618e-04    7.1570643398004952e-06   -5.8657922521994563e-05    1.5414213496351523e-06 
  -5.8964527689508009e-05    2.2332236217054372e-04   -6.3156470397118077e-06    9.0946561991269256e-05    3.1509531665553162e-08 
   5.3431644898380441e-04    3.2578075109559955e-05    2.6960007406707598e-05   -2.3232664256223648e-04    4.1850604484334239e-06 
   3.6816657211042849e-04   -3.6665410335080871e-04    2.0618356616993529e-05   -3.8509758076045751e-04   -1.4420460998243201e-06 
   2.9262495290322991e-06   -8.8621961592843780e-05    2.2851232700046528e-07    1.0842283577267570e-06   -2.2246573222890915e-07 
  -9.1476574776378579e-04    1.1072911648515163e-04   -5.7996144113075956e-05    6.0161479676802568e-04   -5.6679511989117894e-06 
   7.9052449010891864e-05    2.1390453173094655e-05   -6.5590808869995940e-05    6.9360056413458025e-05   -1.8914503154338292e-05 
  -3.4618329209080941e-05    8.8272532815376886e-05   -1.3439497280965063e-04    2.9743750159424118e-05   -1.6793472016991872e-05 
  -3.4248852355968332e-05   -1.5982465513815863e-05    8.4115099624028228e-06    7.5084841748805676e-06    4.3683182932367816e-06 
  -2.4442286770670260e-05    1.0592595779403320e-05    6.0433771592716310e-07    8.2798186015223314e-05    1.8085318144901840e-06 
   1.9428119296441426e-04   -2.7686265654504676e-05   -1.0828046900197815e-05    1.4619060866495745e-04    3.3138680176275295e-07 
  -7.0047398301013335e-05    1.0865131951101391e-03   -7.0537805276808623e-06   -3.9928520235176044e-04   -8.2511829028675306e-07 
   3.4078377458275671e-06   -9.8177649343286137e-04    1.4048519364486075e-06   -3.9727978751226084e-05    1.7074268454053384e-07 
   5.0227232590364793e-05   -5.2860302378306807e-04    1.0296596976266408e-06   -4.5852302350337679e-05   -8.4428557461227719e-08 
  -4.2447549791721835e-05   -1.9559152849112213e-04   -5.1554145148038857e-06   -2.4534402235844587e-04   -5.1447012515751928e-07 
  -1.7018148710996553e-04    9.5010962211323524e-06   -1.3552889493265712e-05   -3.2792234070083059e-05    3.9111388433148816e-08 
   1.0847784334028714e-05    7.7824809484103139e-07   -1.4214160262304609e-04    1.0459003856221770e-05   -3.0292359932999228e-05 
   1.8180838162860986e-04   -2.8200505716462383e-03    1.8308123545004056e-05    1.0363467910095871e-03    2.1415987552392781e-06 
  -8.8450603512684206e-06    2.5482059251507971e-03   -3.6463004078460555e-06    1.0311417265060258e-04   -4.4316351362316975e-07 
  -1.3036503985053633e-04    1.3719918599260650e-03   -2.6724870272732917e-06    1.1900988596945508e-04    2.1913475400330249e-07 
   1.1017283323742147e-04    5.0765881556978003e-04    1.3380904820094938e-05    6.3679166862928632e-04    1.3353098490426564e-06 
   4.4170692281322551e-04   -2.4660143981918383e-05    3.5176594205160990e-05    8.5112411750803247e-05   -1.0151380931696717e-07 
  -2.8155479887358171e-05   -2.0199469225190327e-06    3.6892925878474959e-04   -2.7146398162793169e-05    7.8623975603819989e-05 
   7.5843712748797467e-05   -1.1764204905026345e-03    7.6374700147392768e-06    4.3232543858198226e-04    8.9339555943767386e-07 
  -3.6898310766428056e-06    1.0630169878895613e-03   -1.5211012729513278e-06    4.3015407874966448e-05   -1.8487137901399334e-07 
  -5.4383458817135785e-05    5.7234411079288845e-04   -1.1148624535663713e-06    4.9646509830183278e-05    9.1414890705399152e-08 
   4.5960019235247672e-05    2.1177642657378042e-04    5.5820171347621693e-06    2.6564586276888634e-04    5.5704173654826951e-07 
   1.8426374335939728e-04   -1.0287297316848707e-05    1.4674370248931427e-05    3.5505740991478476e-05   -4.2347795656637061e-08 
  -1.1745421799328653e-05   -8.4264692742440063e-07    1.5390360156802664e-04   -1.1324470335086997e-05    3.2799006115382569e-05 
   1.1829423133869480e-04   -1.8348753325938142e-03    1.1912241793308537e-05    6.7430250434345426e-04    1.3934383900102319e-06 
  -5.7550680888576357e-06    1.6579987045051946e-03   -2.3724775508822977e-06    6.7091581172234671e-05   -2.8834582174817911e-07 
  -8.4822449022508380e-05    8.9269109058149330e-04   -1.7388626191047888e-06    7.7434180186591712e-05    1.4258076031592278e-07 
   7.1684322281960735e-05    3.3030990558407364e-04    8.7063304569907688e-06    4.1433062815148197e-04    8.6882381756283502e-07 
   2.8739808606793231e-04   -1.6045205127019974e-05    2.2887768623962545e-05    5.5378675258277466e-05   -6.6050299418779798e-08 
  -1.8319457119698592e-05   -1.3142852183375331e-06    2.4004505565341169e-04   -1.7662894721991416e-05    5.1156952586736985e-05 
  -1.3794547300308190e-03   -1.1523545884698158e-08   -1.1981618652282803e-05   -3.5208564599766583e-09   -2.5763065453722076e-06 
  -3.4248183670057505e-03   -2.8609892546503541e-08   -2.9747165117828879e-05   -8.7413480190462708e-09   -6.3962823741455752e-06 
  -1.1679619928160569e-03   -9.7567997867524345e-09   -1.0144642584950660e-05   -2.9810521780020668e-09   -2.1813170532756437e-06 
   2.1503252610550847e-06    5.0955085571537828e-02    8.2218990668188551e-07    9.5170135050849430e-04    2.6793916642103392e-07 
  -1.6718530888105126e-03   -1.3966152974771317e-08   -1.4521321879349477e-05   -4.2671605089490058e-09   -3.1223975400099115e-06 
  -1.6718530888105126e-03   -1.3966152974771317e-08   -1.4521321879349477e-05   -4.2671605089490058e-09   -3.1223975400099115e-06 
  -1.6718530888105126e-03   -1.3966152974771317e-08   -1.4521321879349477e-05   -4.2671605089490058e-09   -3.1223975400099115e-06 
  -1.6718530888105126e-03   -1.3966152974771317e-08   -1.4521321879349477e-05   -4.2671605089490058e-09   -3.1223975400099115e-06 
  -1.6718530888105126e-03   -1.3966152974771317e-08   -1.4521321879349477e-05   -4.2671605089490058e-09   -3.1223975400099115e-06 
  -6.1673280660535850e-04   -5.1519985692874050e-09   -5.3567957963596202e-06   -1.5741202947395735e-09   -1.1518266832632185e-06 
  -6.1673280660535850e-04   -5.1519985692874050e-09   -5.3567957963596202e-06   -1.5741202947395735e-09   -1.1518266832632185e-06 
  -6.1673280660535850e-04   -5.1519985692874050e-09   -5.3567957963596202e-06   -1.5741202947395735e-09   -1.1518266832632185e-06 
  -6.1673280660535850e-04   -5.1519985692874050e-09   -5.3567957963596202e-06   -1.5741202947395735e-09   -1.1518266832632185e-06 
  -6.1673280660535850e-04   -5.1519985692874050e-09   -5.3567957963596202e-06   -1.5741202947395735e-09   -1.1518266832632185e-06 
   7.1750253573019571e-08    1.7002266479438869e-03    2.7434144665471318e-08    3.1755574127081038e-05    8.9403698505684788e-09 
   7.1750253573019571e-08    1.7002266479438869e-03    2.7434144665471318e-08    3.1755574127081038e-05    8.9403698505684788e-09 
   7.1750253573019571e-08    1.7002266479438869e-03    2.7434144665471318e-08    3.1755574127081038e-05    8.9403698505684788e-09 
   7.1750253573019571e-08    1.7002266479438869e-03    2.7434144665471318e-08    3.1755574127081038e-05    8.9403698505684788e-09 
   7.1750253573019571e-08    1.7002266479438869e-03    2.7434144665471318e-08    3.1755574127081038e-05    8.9403698505684788e-09 
  -3.6498346475906547e-04   -7.2751540379819011e-08   -4.5972789922581853e-04    1.6739040968313263e-08   -2.0424850936255683e-05 
  -1.1455280312422936e-06    4.4347540855598985e-07    5.6676802810136963e-05    8.9783217424040387e-08    6.4720259678903330e-05 
  -7.2740803470977749e-10   -3.1783532783576118e-05    3.3100953236572283e-07   -6.4357022820405082e-06    3.6959911627774898e-07 
  -1.5483548613750140e-10   -2.1021196787195767e-06    1.0261432666481045e-10   -4.6185032923828669e-06    3.2802992819923101e-10 
   3.1172482295991233e-11    4.4189266960639564e-07   -2.0901754738436496e-10   -5.2035553500570369e-07   -2.6067767823232571e-10 
  -4.4970996519176366e-04   -8.9639931259496804e-08   -5.6644817511117230e-04    2.0624807033855334e-08   -2.5166233241974179e-05 
  -1.4114485197191825e-06    5.4642286514751980e-07    6.9833637630001906e-05    1.1062530629770640e-07    7.9744285803782022e-05 
  -8.9626701907026099e-10   -3.9161695807805159e-05    4.0784939497627981e-07   -7.9296727898386379e-06    4.5539708442927410e-07 
  -1.9077867302101133e-10   -2.5901013575229964e-06    1.2643500248174456e-10   -5.6906330160096838e-06    4.0417811171175489e-10 
   3.8408797334216481e-11    5.4447271247855016e-07   -2.5753844498336516e-10   -6.4114978383810263e-07   -3.2119085088283365e-10 
   1.6702479826534710e-06    1.2628790288308220e-02    9.0650254937955923e-07    9.2126655276979913e-03   -3.5642309452579979e-07 
  -8.6144514317477039e-06   -9.3251106821146080e-04   -9.1090606336116183e-06   -2.4496442257770654e-03   -1.8904343095967614e-06 
   6.2132439324896673e-04   -5.5223348819869919e-06    6.5270773141051384e-04   -1.4127815117296021e-05    1.5163257260181841e-04 
   2.6792444600553513e-05    7.7572207834628868e-10    1.2319509321247915e-04   -9.0077957577351832e-09    1.4455191957467439e-04 
  -5.6174928712496283e-06    3.0688919761547586e-09    2.7221577711028097e-06    9.5196530723042978e-09    3.8422035731098811e-05 
   1.0826349150634487e-03    1.1821867737881503e-05    1.3660893485187000e-03    1.0739492894327652e-06    6.3280830044880042e-05 
  -2.5957499225212107e-06   -2.1050552795176697e-06    1.2269295521891027e-04    1.5606165262788216e-06    1.4026152931694911e-04 
  -1.4938574376854738e-07    1.4057668524399204e-05    4.6857738681415089e-07    1.0583483803234464e-06    7.2385260251724234e-07 
  -2.4491187808309417e-10   -1.2958761093211794e-06    1.8961177634024580e-08   -1.8367865142731825e-06    2.1459312006861788e-08 
   1.0682986407858022e-04    1.1665322317069541e-06    1.3479995646814702e-04    1.0597280303920946e-07    6.2442863964701142e-06 
  -2.5613769475435263e-07   -2.0771800933058853e-07    1.2106825252968454e-05    1.5399508094691525e-07    1.3840418320062503e-05 
  -1.4740757461287168e-08    1.3871516582626465e-06    4.6237247521911264e-08    1.0443337088487780e-07    7.1426733115578128e-08 
  -2.4166874985103732e-11   -1.2787160906716895e-07    1.8710093321661882e-09   -1.8124637486836768e-07    2.1175147346679984e-09 
  -7.2412084640723803e-05   -1.1369856360179922e-02   -6.6007639507346540e-05   -8.3165968351458040e-03   -8.0422898210872582e-06 
   1.5605064494550824e-05   -6.1157012211595556e-04    1.6399234836049549e-06   -1.6088041366684365e-03   -1.1869720823318072e-05 
  -8.6475967582143857e-05   -1.7640145283784653e-06   -7.7220626295110184e-05   -7.3496045526132954e-06   -8.3138744065861966e-06 
   5.3041509555510653e-06   -9.5093474574982537e-08    1.7156093965613698e-05   -2.4725480919175822e-07    1.4113808965812039e-05 
   9.1616263755618123e-04    7.6533444424732029e-09    7.9575727334107635e-06    2.3383711481107236e-09    1.7110498433745066e-06 
   9.1616263755618123e-04    7.6533444424732029e-09    7.9575727334107635e-06    2.3383711481107236e-09    1.7110498433745066e-06 
   9.1616263755618123e-04    7.6533444424732029e-09    7.9575727334107635e-06    2.3383711481107236e-09    1.7110498433745066e-06 
   9.1616263755618123e-04    7.6533444424732029e-09    7.9575727334107635e-06    2.3383711481107236e-09    1.7110498433745066e-06 
   9.1616263755618123e-04    7.6533444424732029e-09    7.9575727334107635e-06    2.3383711481107236e-09    1.7110498433745066e-06 
   7.3366523920210429e-04    6.1288165997043004e-09    6.3724433453202667e-06    1.8725732281532270e-09    1.3702128215735059e-06 
   7.3366523920210429e-04    6.1288165997043004e-09    6.3724433453202667e-06    1.8725732281532270e-09    1.3702128215735059e-06 
   7.3366523920210429e-04    6.1288165997043004e-09    6.3724433453202667e-06    1.8725732281532270e-09    1.3702128215735059e-06 
   7.3366523920210429e-04    6.1288165997043004e-09    6.3724433453202667e-06    1.8725732281532270e-09    1.3702128215735059e-06 
   7.3366523920210429e-04    6.1288165997043004e-09    6.3724433453202667e-06    1.8725732281532270e-09    1.3702128215735059e-06 
  -3.1514879690507432e-08   -7.4679092530336463e-04   -1.2049905407852335e-08   -1.3948007822710647e-05   -3.9268806199070272e-09 
  -3.1514879690507432e-08   -7.4679092530336463e-04   -1.2049905407852335e-08   -1.3948007822710647e-05   -3.9268806199070272e-09 
  -3.1514879690507432e-08   -7.4679092530336463e-04   -1.2049905407852335e-08   -1.3948007822710647e-05   -3.9268806199070272e-09 
  -3.1514879690507432e-08   -7.4679092530336463e-04   -1.2049905407852335e-08   -1.3948007822710647e-05   -3.9268806199070272e-09 
  -3.1514879690507432e-08   -7.4679092530336463e-04   -1.2049905407852335e-08   -1.3948007822710647e-05   -3.9268806199070272e-09 
   3.0527584166766086e-03    6.0850120256075063e-07    3.8452103978713595e-03   -1.4000702261086107e-07    1.7083550797617592e-04 
   9.5813116937293750e-06   -3.7092729309041103e-06   -4.7405048040513625e-04   -7.5095586274977267e-07   -5.4132676282935780e-04 
   6.0841139797506641e-09    2.6584066563352160e-04   -2.7685970283522279e-06    5.3828861320315574e-05   -3.0913641903146254e-06 
   1.2950595825443665e-09    1.7582340466598699e-05   -8.5827655125251088e-10    3.8629626160126562e-05   -2.7436753193547338e-09 
  -2.6072977788352310e-10   -3.6960347431057531e-06    1.7482437935426318e-09    4.3523060426902975e-06    2.1803343249776175e-09 
2    101 5 
   1.9500718241935989e-02   -2.0242493552610221e-03   -1.2184832790242735e-04   -6.3112745156184411e-05    1.5921166660711177e-05 
   2.7850014061566509e-03   -1.4485468802338046e-02    3.0645497736267384e-03   -1.6635127069801066e-03    4.3741454903723507e-04 
   3.4696836286274201e-02   -1.9286235946260250e-03    4.5204197129043982e-04   -1.1098982419102720e-04    1.1208126664655725e-05 
  -9.1712378860792972e-03    4.2562966517228863e-03   -5.7472616933234677e-04    3.0383023720761086e-04   -1.1286504370561039e-04 
  -5.8499041741259710e-03   -1.2516322741418374e-02   -1.1267292353808404e-02    1.6594470769007959e-03   -3.2749439294641060e-04 
  -3.3927544976430565e-02    3.4609910819126443e-03   -5.6323361945632977e-04    1.2976428635718242e-04   -4.8811308264738555e-05 
  -2.4421384693698359e-03   -3.5632689812780099e-03   -1.5685434584844053e-03   -1.1353709174197074e-03    3.4484416403981945e-04 
   1.4000342581683375e-03    1.7761040156033714e-03   -5.9370809647121250e-04   -2.8304099645850129e-03    7.6199548966353586e-04 
   2.6850371557045798e-03    3.8695287779844110e-03    3.3520813095003288e-03    4.1843949576285070e-03   -1.1747793494770943e-03 
  -1.0142206031094570e-03   -1.4323497880026998e-03   -3.4461260003740305e-03   -8.1404818619679555e-04    4.2654816883803352e-04 
  -3.2391725364557591e-04    1.9283023926173477e-03   -1.5900689243026076e-03   -2.5214301810992152e-05    1.3094456489122031e-04 
  -1.1583881697315537e-03   -4.5237772432160884e-05    3.1369672235250508e-05   -1.7127042039160081e-06    2.7035849501541837e-07 
   9.4367027385624429e-04   -2.7002099622963838e-04    4.4420307364709874e-05   -8.7184205093541784e-06    1.7066768277385592e-06 
  -1.8153549978478734e-05   -5.2671128578730237e-04    7.7707495322876471e-05   -1.5632270598550358e-05    3.2062343075333338e-06 
  -1.8354444034403850e-04    9.8032801606435865e-05   -2.3856553051874421e-04    7.7543757221472885e-06   -2.3954789962882765e-06 
   1.7147751255974030e-04   -2.9659198870425395e-05   -3.3953054743111915e-06   -3.8026633724047824e-06    9.1027670958849964e-07 
  -1.4508203565976742e-04   -1.7033136122414428e-05    8.3899263846835851e-07   -3.0991481176019686e-06    5.4744700979102882e-07 
  -3.0066024369897904e-03   -1.1741487041433102e-04    8.1420145210851118e-05   -4.4453325473186267e-06    7.0171686073298055e-07 
   2.4493010367574049e-03   -7.0084088090314317e-04    1.1529313563822244e-04   -2.2628705156925623e-05    4.4296884615300331e-06 
  -4.7117632095602873e-05   -1.3670818442535696e-03    2.0169020274462589e-04   -4.0573638531009167e-05    8.3217975929639805e-06 
  -4.7639053648329180e-04    2.5444463947102587e-04   -6.1919805828614431e-04    2.0126521966246768e-05   -6.2174780235085177e-06 
   4.4507076351663728e-04   -7.6980602817836960e-05   -8.8125327762579760e-06   -9.8698322904778578e-06    2.3626278693937884e-06 
  -3.7656116781577883e-04   -4.4209592184542041e-05    2.1776096971190861e-06   -8.0438548376523422e-06    1.4209015222780778e-06 
  -1.2542430087007846e-03   -4.8981128506676374e-05    3.3965464353297022e-05   -1.8544278419486196e-06    2.9273024455570601e-07 
   1.0217575372659720e-03   -2.9236481826461430e-04    4.8096019462490316e-05   -9.4398563939971066e-06    1.8479017096650630e-06 
  -1.9655728311593286e-05   -5.7029583438824205e-04    8.4137671014849179e-05   -1.6925816941737492e-05    3.4715452639784892e-06 
  -1.9873246041588762e-04    1.0614486512471673e-04   -2.5830646115754962e-04    8.3960383837450796e-06   -2.5937011980020593e-06 
   1.8566701292132228e-04   -3.2113451948942120e-05   -3.6762617789382227e-06   -4.1173279164155556e-06    9.8560070692806812e-07 
  -1.5708735091494482e-04   -1.8442601932595650e-05    9.0841798858686994e-07   -3.3555978565727793e-06    5.9274740765322967e-07 
  -1.9562559274703185e-03   -7.6396377983104253e-05    5.2976289689863781e-05   -2.8923704837994596e-06    4.5657442145531617e-07 
   1.5936459082076305e-03   -4.5600446225040731e-04    7.5015864157525783e-05   -1.4723442663917536e-05    2.8821916070789209e-06 
  -3.0657244849330184e-05   -8.8949637246874273e-04    1.3123040471785678e-04   -2.6399373558278771e-05    5.4146054257652742e-06 
  -3.0996509525857516e-04    1.6555525534549842e-04   -4.0288328676176574e-04    1.3095388805462312e-05   -4.0454228626191595e-06 
   2.8958678026778922e-04   -5.0087686589320496e-05   -5.7339039134290666e-06   -6.4218393771796253e-06    1.5372517220918699e-06 
  -2.4501078277987975e-04   -2.8765118958875343e-05    1.4168690297381417e-06   -5.2337610427878547e-06    9.2451432590837325e-07 
   1.1205842757228840e-03   -5.7758162721786951e-05    6.8240839413014917e-06   -8.3032340618461963e-07    2.8617973336026685e-07 
   2.7821120372596986e-03   -1.4339812117622984e-04    1.6942381298468702e-05   -2.0614716743856677e-06    7.1050798967150822e-07 
   2.8830737237569752e-03    1.0418108542523140e-02   -1.2979229765129512e-03    2.0714225652620553e-04   -3.1985221251213869e-05 
   3.0173255560866931e-03   -1.5552170794172295e-04    1.8374774052301389e-05   -2.2357586908683063e-06    7.7057785104558096e-07 
   1.5442324349635463e-05   -3.3634833695913029e-04    1.4106160711221670e-04   -3.1351029703822062e-05    7.2347500910260048e-06 
  -4.0153887911724377e-05   -4.7449925262789911e-06   -4.3575349179228943e-05    2.4821056869998743e-05   -9.9545474583103589e-06 
  -3.9922701000074499e-06   -1.3857141881075989e-05   -5.0547893855498534e-06   -1.1656448924373117e-05    5.6485514011834985e-06 
   1.5398303417620822e-09   -2.1390446646212440e-07   -9.2735723174224775e-07   -7.8835748613725903e-07   -9.3137376702867769e-07 
  -1.2736299038457115e-10   -2.9654307057918373e-08   -5.2335620890682286e-08    2.5603206228763308e-07    1.3538516504396549e-07 
  -1.9139709339816371e-03    2.5147193029759186e-04   -1.4057099928583814e-03    8.0359071798919248e-04   -2.4107244467241944e-04 
  -5.8601127352400446e-05   -3.5701772131502269e-04    3.4535807214951295e-05   -2.2341775559165525e-04    1.5600088877920052e-04 
  -5.4598425951697845e-05   -5.3298378426379077e-05   -1.3421708194800760e-04   -1.7146315541398164e-05   -6.4966137412571218e-05 
  -5.8596558510889707e-07   -4.2566345834144962e-06   -6.5255945004540620e-06   -1.2095087157806538e-05   -7.1896673857742522e-06 
  -9.0491987975561310e-08   -3.5478677660583721e-07    1.0575654487818625e-06    1.0129934117801843e-06    3.9767091765162503e-06 
   6.4059105239337187e-05   -1.3952675145597233e-03    5.8516322612047953e-04   -1.3005289007584744e-04    3.0011778471178109e-05 
  -1.6656962211562544e-04   -1.9683563738120137e-05   -1.8076280589061620e-04    1.0296472591733621e-04   -4.1294263014034734e-05 
  -1.6561059377455280e-05   -5.7483322457038547e-05   -2.0968688254450922e-05   -4.8354229030359868e-05    2.3431780117140266e-05 
   6.3876494030505376e-09   -8.8733589698139995e-07   -3.8469386575240139e-06   -3.2703286129253029e-06   -3.8636003757204074e-06 
  -5.2833751059208454e-10   -1.2301440726231450e-07   -2.1710287716378736e-07    1.0620930147160904e-06    5.6161574767085814e-07 
   1.9414846788257550e-03   -1.0006974971082422e-04    1.1823166455294886e-05   -1.4385889633672756e-06    4.9582488327437402e-07 
   1.9414846788257550e-03   -1.0006974971082422e-04    1.1823166455294886e-05   -1.4385889633672756e-06    4.9582488327437402e-07 
   1.9414846788257550e-03   -1.0006974971082422e-04    1.1823166455294886e-05   -1.4385889633672756e-06    4.9582488327437402e-07 
   1.9414846788257550e-03   -1.0006974971082422e-04    1.1823166455294886e-05   -1.4385889633672756e-06    4.9582488327437402e-07 
   1.9414846788257550e-03   -1.0006974971082422e-04    1.1823166455294886e-05   -1.4385889633672756e-06    4.9582488327437402e-07 
   1.5412702300901152e-04    5.5694450052127587e-04   -6.9386017713156072e-05    1.1073674278488279e-05   -1.7099066496676634e-06 
   1.5412702300901152e-04    5.5694450052127587e-04   -6.9386017713156072e-05    1.1073674278488279e-05   -1.7099066496676634e-06 
   1.5412702300901152e-04    5.5694450052127587e-04   -6.9386017713156072e-05    1.1073674278488279e-05   -1.7099066496676634e-06 
   1.5412702300901152e-04    5.5694450052127587e-04   -6.9386017713156072e-05    1.1073674278488279e-05   -1.7099066496676634e-06 
   1.5412702300901152e-04    5.5694450052127587e-04   -6.9386017713156072e-05    1.1073674278488279e-05   -1.7099066496676634e-06 
   2.4472012807592574e-03   -1.2613584970740110e-04    1.4902856771204160e-05   -1.8133116331197635e-06    6.2497700992172313e-07 
   2.4472012807592574e-03   -1.2613584970740110e-04    1.4902856771204160e-05   -1.8133116331197635e-06    6.2497700992172313e-07 
   2.4472012807592574e-03   -1.2613584970740110e-04    1.4902856771204160e-05   -1.8133116331197635e-06    6.2497700992172313e-07 
   2.4472012807592574e-03   -1.2613584970740110e-04    1.4902856771204160e-05   -1.8133116331197635e-06    6.2497700992172313e-07 
   2.4472012807592574e-03   -1.2613584970740110e-04    1.4902856771204160e-05   -1.8133116331197635e-06    6.2497700992172313e-07 
  -2.5213075592462372e-04   -9.0643270002710181e-04    6.7639820273713893e-06   -5.1667105676619121e-06    5.8104240214395695e-07 
  -7.2998742332404946e-05   -3.4456761271456941e-05   -9.6036948079501936e-05   -4.0473026150088981e-06   -1.0951322352559054e-06 
   1.7099223840689896e-06   -1.3029974317349501e-05   -4.0531782216820573e-06   -1.5218540148732266e-05    1.8359749684498907e-06 
  -7.5612578704050015e-09   -4.0265413170318334e-08    1.2771292327894535e-06    9.1679269928123764e-07    1.5641428306263484e-06 
  -1.5550675142419427e-03   -6.3494377226012641e-04   -1.2155248111491662e-03    9.1853396965492815e-05   -2.0465196972010434e-05 
  -4.6879277902192425e-05   -2.2504763419200409e-04   -1.0489898110673391e-04   -1.5230776787311851e-04    3.2875953525460056e-06 
  -1.3825697513540240e-05   -7.7667998520808745e-06   -4.4144180901323546e-05   -1.3260916177605713e-05   -2.4917214627387916e-05 
  -1.2757847201635147e-07    1.6323255875238147e-06    1.9567190093727094e-06    5.3952374474524787e-06    3.1253561661142069e-06 
  -7.6903306122418354e-05   -2.7647428872340361e-04    2.0631064169457663e-06   -1.5759169204633836e-06    1.7722582696551574e-07 
  -2.2265608206159414e-05   -1.0509780333336768e-05   -2.9292573966774211e-05   -1.2344822861085000e-06   -3.3403021072760813e-07 
   5.2154955893974874e-07   -3.9743191980670035e-06   -1.2362744259725313e-06   -4.6418615115093618e-06    5.5999730978480812e-07 
  -2.3062863812304613e-09   -1.2281498081528700e-08    3.8954176767097337e-07    2.7963422925167076e-07    4.7708481451110606e-07 
   1.2825955048462650e-04   -2.7936135472797601e-03    1.1716175563479215e-03   -2.6039272884054615e-04    6.0089774928572266e-05 
  -3.3350676343548124e-04   -3.9410557290089703e-05   -3.6192444682529135e-04    2.0615663319975151e-04   -8.2679637687503157e-05 
  -3.3158659075326185e-05   -1.1509347611329339e-04   -4.1983641821406909e-05   -9.6815146828747756e-05    4.6915260112523480e-05 
   1.2789392515360268e-08   -1.7766296118325987e-06   -7.7023652002709101e-06   -6.5478728787057204e-06   -7.7357253990777244e-06 
  -1.0578407450358033e-09   -2.4630023350542321e-07   -4.3468477010270784e-07    2.1265294313960519e-06    1.1244706442936418e-06 
  -4.6712987503773038e-05    1.3098121951214369e-05   -1.9815590364649057e-06    4.0158901263211761e-07   -8.6448128481333800e-08 
  -1.4359160654270448e-06   -4.7734187868055513e-06    2.1356552634537485e-06   -7.5413618583453337e-07    2.1201193080238059e-07 
  -1.0657978702222727e-07   -5.7303335449540356e-07   -1.1756629493010814e-06    4.6132475160328866e-07   -1.3987587306884220e-07 
   2.4846801126236741e-10   -1.0880463368519210e-09   -2.7835397218894733e-08   -7.4739681164428816e-08   -8.2731528950397153e-09 
   2.8447636005092280e-11   -2.0910643706224089e-10   -3.4352664434642152e-09   -1.4695043620037529e-09    2.4861970027918565e-08 
  -1.9369109315089104e-04    5.4310154295943481e-05   -8.2163517348342015e-06    1.6651517920539585e-06   -3.5844918942608368e-07 
  -5.9538934940315344e-06   -1.9792540624996193e-05    8.8552975238074716e-06   -3.1269561212957355e-06    8.7908791178957104e-07 
  -4.4192325430817195e-07   -2.3760299388938016e-06   -4.8747779578159992e-06    1.9128405227429957e-06   -5.7998240335091026e-07 
   1.0302496861402556e-09   -4.5114837574164834e-09   -1.1541690659758211e-07   -3.0990119279607219e-07   -3.4303865234808016e-08 
   1.1795549824210922e-10   -8.6704055004407632e-10   -1.4244015385344692e-08   -6.0931642670792545e-09    1.0308786506543348e-07 
   1.0491172399535406e-03   -5.4074544478485543e-05    6.3888671872457687e-06   -7.7736821677538134e-07    2.6792816791926009e-07 
   1.0491172399535406e-03   -5.4074544478485543e-05    6.3888671872457687e-06   -7.7736821677538134e-07    2.6792816791926009e-07 
   1.0491172399535406e-03   -5.4074544478485543e-05    6.3888671872457687e-06   -7.7736821677538134e-07    2.6792816791926009e-07 
   1.0491172399535406e-03   -5.4074544478485543e-05    6.3888671872457687e-06   -7.7736821677538134e-07    2.6792816791926009e-07 
   1.0491172399535406e-03   -5.4074544478485543e-05    6.3888671872457687e-06   -7.7736821677538134e-07    2.6792816791926009e-07 
2    101 5 
  -2.1058325365461216e-02    4.9271342629826961e-03   -1.2774864634918807e-03    6.6522939503350842e-03   -2.2258029515634771e-04 
   3.8628633084245951e-03    2.2513225120189058e-02   -2.4584935283438153e-03   -1.0678177213879566e-02   -1.4743683979623681e-04 
  -2.0000919786212789e-03    9.5331987761490024e-03   -3.8313656318273723e-03   -9.6305717986931907e-03   -2.6064632690824289e-04 
   3.3232495785298732e-03   -1.8065451470826423e-02    4.3603685089966971e-03    1.3173589505793708e-02    2.4008880910152201e-04 
  -8.8557774398813991e-03   -2.2628944399486796e-02   -2.4274516516895289e-04   -5.9726549138206025e-03   -1.6982653049179208e-05 
   3.3222345675141089e-03   -2.1815214782772464e-03    2.6985930165569858e-03    6.8251202197044530e-03    2.1160248576094115e-04 
  -2.6451637450014792e-03    8.0377918994046290e-04   -2.0267984814202763e-03    2.1143025817667803e-03    1.5741153317915977e-06 
  -9.6404159512806890e-04   -7.5886257968601936e-05    1.7780371319875712e-03   -2.6029341134724667e-04    9.3144223180182642e-05 
   2.1606570614071462e-03   -9.9743278256424683e-04    2.6356277374042125e-03   -2.6017351825140334e-03    6.8455335026189378e-04 
  -1.7960906026792320e-03   -6.1621365225595639e-04    4.1822519990938022e-03   -1.5070371466498820e-03    1.2020719389787720e-03 
   6.8786516286968346e-03   -3.9716252360318914e-03   -7.9760594581457212e-05   -2.0921077417538842e-03   -3.9919509835936837e-04 
   2.7988561966543570e-06   -1.1594889407035513e-03    7.6754368687804855e-06   -2.0359575682233427e-05    8.9930598551917531e-07 
  -2.6152956110394302e-04    4.5473118374667428e-04   -2.8562079907471243e-05   -8.3034215151036434e-04   -3.8690679418104229e-06 
   2.3997409234901017e-04   -4.7441500339284254e-04    2.0767763739421965e-05   -3.0848597829116418e-05    2.7085351519495126e-06 
   9.2548362318570852e-06   -3.1429657008413559e-04    8.3519285466618186e-06   -3.6554166144809867e-05    2.1035809571965615e-06 
  -5.6688291806066740e-05    1.3453988348883062e-06   -1.5783710735213762e-04   -4.1626270967985501e-05   -2.1221473207155361e-05 
  -1.3683828889427303e-04   -2.5941631069860081e-06   -6.8972811434369063e-06   -5.0698752487517970e-05   -3.8748235715651083e-07 
   7.2644456163559408e-06   -3.0094594936944893e-03    1.9921635767382348e-05   -5.2843383126458126e-05    2.3341532987927981e-06 
  -6.7880131747392349e-04    1.1802571201541526e-03   -7.4133024921344722e-05   -2.1551573138432097e-03   -1.0042185691021067e-05 
   6.2285398774242478e-04   -1.2313465750224215e-03    5.3902837322867604e-05   -8.0067693916654258e-05    7.0300168814837771e-06 
   2.4020974916457639e-05   -8.1575835997313580e-04    2.1677473387679072e-05   -9.4876525749209174e-05    5.4598551656291311e-06 
  -1.4713475218967959e-04    3.4919895777559765e-06   -4.0966702182596509e-04   -1.0804119983730999e-04   -5.5080442573867956e-05 
  -3.5516448079608485e-04   -6.7331636520602859e-06   -1.7901928590367801e-05   -1.3158887216246199e-04   -1.0057124457575336e-06 
   3.0304572411388755e-06   -1.2554348667772777e-03    8.3105674617025021e-06   -2.2044299248561465e-05    9.7372217231947971e-07 
  -2.8317072994557720e-04    4.9235948963866766e-04   -3.0925548079622403e-05   -8.9905168714109825e-04   -4.1892273617820529e-06 
   2.5983157931232438e-04   -5.1367211507876950e-04    2.2486264239521727e-05   -3.3401271841681456e-05    2.9326622689355126e-06 
   1.0020659692309765e-05   -3.4030412774158135e-04    9.0430377852068885e-06   -3.9578967157994641e-05    2.2776490452343951e-06 
  -6.1379160743178340e-05    1.4567285187001632e-06   -1.7089788516732758e-04   -4.5070780852310790e-05   -2.2977517467718838e-05 
  -1.4816144678686901e-04   -2.8088261132023865e-06   -7.4680205472093658e-06   -5.4893996260387410e-05   -4.1954592610444193e-07 
   4.7266358271864652e-06   -1.9581148809671039e-03    1.2962078915184077e-05   -3.4382723900210070e-05    1.5187246475325445e-06 
  -4.4166434662127344e-04    7.6793824113049807e-04   -4.8234900510784734e-05   -1.4022603114956184e-03   -6.5339816934646772e-06 
   4.0526202948520430e-04   -8.0117976574568546e-04    3.5072061315130950e-05   -5.2096312733703121e-05    4.5741039870865186e-06 
   1.5629327637671858e-05   -5.3077590420589802e-04    1.4104520533045543e-05   -6.1731728675277123e-05    3.5524730172124496e-06 
  -9.5733718421420444e-05    2.2720746933835139e-06   -2.6655121737296654e-04   -7.0297367883581150e-05   -3.5838274108730652e-05 
  -2.3108895683590454e-04   -4.3809554409056572e-06   -1.1647949688060569e-05   -8.5618739607848049e-05   -6.5437016518673404e-07 
   8.7627589612083599e-04   -3.3746939987797059e-08    1.8875991896940226e-05   -1.7854563164805893e-08    5.1147752608257870e-06 
  -3.0644480682673360e-06    1.8969888373121288e-02   -1.2431444605386203e-06    8.1900437002177192e-04   -6.7510375204224255e-07 
   7.4192861832232952e-04   -2.8572987878123950e-08    1.5981996822641291e-05   -1.5117169647430881e-08    4.3305974283816392e-06 
   2.3594920193240510e-03   -9.0868225327556772e-08    5.0826175220406019e-05   -4.8075839450075878e-08    1.3772227972924129e-05 
   4.2724363523562773e-05    6.1026702673057272e-03    4.2775809384252257e-05    4.4922389504467265e-03    9.3306164564408803e-06 
   7.4998554017222373e-05   -4.3017745834043094e-04    6.7740581473957822e-05   -1.1215056239824999e-03    7.8909988674691120e-06 
   1.1258641464778506e-04    1.7352990653428250e-05    1.1159887415155496e-04    4.8854787726116259e-05    2.3776924017685196e-05 
   4.1513426874101612e-06   -5.9125166349721198e-08    1.3798208951771224e-05   -1.5074846153778725e-07    1.0984438233061075e-05 
   1.7044981178165206e-07    2.4529047427955012e-09   -2.1271198599969164e-06    7.1647149752541898e-09   -5.9682291201448025e-06 
   9.2868817560187958e-05    1.1299908305121779e-06    1.1733638382606825e-04    1.9877390892598159e-07    6.5919535690525374e-06 
   3.1091139775268751e-07    1.9388561307867950e-06   -1.3777575674238995e-05    1.7067036617128828e-07   -1.5754071023025675e-05 
  -4.3249349163133643e-08    2.9622844714388301e-06    5.8067923457153120e-07    4.8802694933825240e-07    7.0404233620923249e-07 
   2.0977298370207413e-11    1.6613167634830867e-07   -1.8667468882534619e-09    2.3816406403342335e-07   -2.0900150207486811e-09 
  -4.5825386009294541e-12    6.9578591985049760e-09    8.1530921075677446e-11   -6.4465982091680772e-08    1.0280639774044629e-10 
   1.1748998109063435e-03    1.4295713544906820e-05    1.4844433125288374e-03    2.5147238238377956e-06    8.3395968692761554e-05 
   3.9333949976429538e-06    2.4528811298363634e-05   -1.7430254287366493e-04    2.1591809415685330e-06   -1.9930753456575510e-04 
  -5.4715515378082608e-07    3.7476383965895244e-05    7.3462755402605915e-06    6.1741151180599978e-06    8.9069639240985849e-06 
   2.6538750611861185e-10    2.1017611751186662e-06   -2.3616544537110801e-08    3.0130556321146827e-06   -2.6441149108823355e-08 
  -5.7974505083083097e-11    8.8025105427216240e-08    1.0314620802913941e-09   -8.1557052366172234e-07    1.3006218926706034e-09 
  -1.0951730032368752e-05    5.0361430888336773e-03   -1.2254149750484911e-05    3.8981121932776105e-03   -3.6976138246183130e-06 
  -5.3639218235481613e-06   -3.3925137232700608e-04    2.6344138376490725e-07   -9.2091401283572781e-04    5.4834794689743299e-06 
   2.4153081858585315e-04   -3.2301268089060415e-06    2.4728473355889815e-04   -1.1009782041048858e-05    5.7557104747483078e-05 
   1.1131830165994635e-05    1.8472258977838709e-07    4.7638637283365443e-05    4.9153801489257369e-07    5.3276692356864538e-05 
   2.0813649088316782e-06    1.5682762148805272e-08   -1.7599691267214179e-06    4.3763415559046082e-08   -1.5466953881705324e-05 
   2.8187159945543895e-04   -1.1062502204828871e-06    3.6876793172977871e-04   -2.8304177941420824e-07    3.4072733608190331e-05 
   2.0884557734934513e-06   -4.2127389732480989e-07   -4.1766744869617253e-05    3.9852436894145781e-07   -4.9288527756511669e-05 
   9.2334095965980750e-08    2.4081534281838134e-05   -4.5393612552695272e-07    4.5839892814511459e-06   -6.3019123660414084e-07 
  -7.9178680712706149e-10    1.6974260060552165e-06    2.2555802751744126e-08    3.4809576850850810e-06    2.6273849004531923e-08 
  -7.7953877380559648e-11    3.1953297968162468e-07    1.9377307350135026e-09   -4.5407868143283726e-07    2.3592023414322032e-09 
   2.3014178127257669e-04   -9.0322826693776620e-07    3.0109066982433657e-04   -2.3109720672388473e-07    2.7819615812889237e-05 
   1.7051768704238125e-06   -3.4396060234972188e-07   -3.4101601867025169e-05    3.2538612732147988e-07   -4.0242967351450759e-05 
   7.5388699531480267e-08    1.9662027696674736e-05   -3.7062857242295689e-07    3.7427234975276229e-06   -5.1453688138372770e-07 
  -6.4647600727563085e-10    1.3859099156021949e-06    1.8416302434683311e-08    2.8421231643331754e-06    2.1452003048450493e-08 
  -6.3647576528199403e-11    2.6089144582616508e-07    1.5821132879090483e-09   -3.7074496609360192e-07    1.9262353152591239e-09 
  -2.0709202016853624e-07    1.2819641312383306e-03   -8.4010331374233336e-08    5.5347411911133014e-05   -4.5622766879791023e-08 
  -2.0709202016853624e-07    1.2819641312383306e-03   -8.4010331374233336e-08    5.5347411911133014e-05   -4.5622766879791023e-08 
  -2.0709202016853624e-07    1.2819641312383306e-03   -8.4010331374233336e-08    5.5347411911133014e-05   -4.5622766879791023e-08 
  -2.0709202016853624e-07    1.2819641312383306e-03   -8.4010331374233336e-08    5.5347411911133014e-05   -4.5622766879791023e-08 
   5.9887234907215288e-04   -2.3063637050792596e-08    1.2900400043445544e-05   -1.2202326038521957e-08    3.4955856813896433e-06 
   5.9887234907215288e-04   -2.3063637050792596e-08    1.2900400043445544e-05   -1.2202326038521957e-08    3.4955856813896433e-06 
   5.9887234907215288e-04   -2.3063637050792596e-08    1.2900400043445544e-05   -1.2202326038521957e-08    3.4955856813896433e-06 
   5.9887234907215288e-04   -2.3063637050792596e-08    1.2900400043445544e-05   -1.2202326038521957e-08    3.4955856813896433e-06 
   2.0159806222309344e-03   -7.7638991756093602e-08    4.3426544149026938e-05   -4.1076621550347170e-08    1.1767170429470610e-05 
   2.0159806222309344e-03   -7.7638991756093602e-08    4.3426544149026938e-05   -4.1076621550347170e-08    1.1767170429470610e-05 
   2.0159806222309344e-03   -7.7638991756093602e-08    4.3426544149026938e-05   -4.1076621550347170e-08    1.1767170429470610e-05 
   2.0159806222309344e-03   -7.7638991756093602e-08    4.3426544149026938e-05   -4.1076621550347170e-08    1.1767170429470610e-05 
   2.9387204066366008e-06    2.7549305767187631e-04    3.7186219053152106e-07    1.0856871444589529e-05    3.9267655766585924e-08 
   5.3799964124483890e-06    1.1489077428887771e-06    3.2943623428321009e-07   -3.0621106409474775e-05    1.2697035680095076e-08 
   7.7678593058595774e-06   -1.3801209727107517e-07    8.7396375858294274e-07    1.3690578397584566e-06    1.3061565882605058e-07 
  -5.0746730275750158e-08    8.7281566954700179e-11    4.4886700861677606e-07   -4.0598702534429512e-09    5.7192271110217202e-08 
   3.1314780858369212e-10   -1.5058794045932476e-11    1.8081034188133534e-08    1.9025710577625317e-10   -1.4161554718151801e-07 
   6.2492755128699571e-05    8.9263513179219812e-03    6.2568004782744867e-05    6.5707798913153580e-03    1.3647855259226814e-05 
   1.0970008408949114e-04   -6.2921884257278104e-04    9.9083876767247292e-05   -1.6404217770580689e-03    1.1542132387147867e-05 
   1.6467969704269455e-04    2.5382149813822977e-05    1.6323522552057237e-04    7.1459702016368073e-05    3.4778411374845190e-05 
   6.0721522949444070e-06   -8.6482143627464361e-08    2.0182584879517557e-05   -2.2049916993411855e-07    1.6066893737256743e-05 
   2.4931625589996513e-07    3.5878539269755362e-09   -3.1113296858563950e-06    1.0479799851636264e-08   -8.7297047913068899e-06 
   1.7177450788266287e-03    2.0900838830789778e-05    2.1703086265087278e-03    3.6766151742531818e-06    1.2192785587858956e-04 
   5.7507626076391122e-06    3.5861989682956770e-05   -2.5483648262504706e-04    3.1567989051036190e-06   -2.9139466488575772e-04 
  -7.9996018727469423e-07    5.4791798868342264e-05    1.0740514671844633e-05    9.0267746761958312e-06    1.3022296289335504e-05 
   3.8800592049261698e-10    3.0728491756619692e-06   -3.4528223411847825e-08    4.4051939035578154e-06   -3.8657895199732047e-08 
  -8.4760776944080874e-11    1.2869581751328505e-07    1.5080340433879401e-09   -1.1923929516809291e-06    1.9015552090570540e-09 
  -7.0303597260333556e-07    2.2403047188746051e-04   -1.3373352807854648e-07    1.6155773424799900e-05   -2.3795995357017821e-08 
  -5.4610755547060381e-07    1.8503092442688838e-06    1.7222468398728602e-07   -2.5680312666356193e-05    5.2162449801563770e-08 
   1.6463118149883687e-05    7.6759563903040046e-08    2.2827710124774058e-06   -3.2872057350564252e-07    2.6470485771476962e-07 
  -1.8563303406404755e-07   -7.4728266605120574e-10    1.2628775288083494e-06    1.3727647761015776e-08    6.7172276367151719e-07 
  -2.5341305511429407e-08   -7.3310818542045779e-11    2.3497511468851927e-07    1.1978719261657123e-09   -4.4879448881341883e-07 
 TENSORSUMACCUMULATOR_IMPL_H - PrettifyOut: Norm of simple tensor is 1.55941e-07 
 As simple full tensor 3    5 5 5 
  -2.8643886452755450e-09   -2.8867883917302362e-09   -4.7168529285423216e-09   -3.4375607018150871e-09    3.4871185354200232e-10 
   5.1402030304307618e-11   -3.2647918511189351e-09    4.5904647208869083e-10    2.5499959006407846e-10   -3.5213825760004282e-10 
  -6.6076027509132476e-10    5.4799855902964628e-10    5.0788915586623248e-10   -2.0626096073103610e-10    1.8517953853796826e-10 
   1.5488959230392598e-10    1.9828335098629854e-10    1.6340124130770153e-10    5.2554790928018950e-10   -6.4382377877208545e-11 
   1.3629162846476878e-10   -6.0081405431405920e-11   -4.5766441379915875e-11   -1.5677376374188151e-10    6.1433583433266647e-12 

  -5.1984694935747220e-09    2.2976688485151002e-08   -6.1392968787421439e-09    9.5710003060852619e-08   -1.1854645462221528e-09 
  -4.0415464731835417e-09   -8.1064529858713522e-08    3.6446621572558854e-10    3.7878194513793296e-09    2.4342120951256970e-10 
   3.1529502772039541e-10   -1.0139197586785379e-08    2.1130845967679363e-10   -1.2531042803875229e-08   -2.1825978323737828e-12 
   4.2624137751067441e-10   -3.3586966011039595e-09   -3.9208416933777582e-10    3.4989431884932693e-09   -8.9337641195608621e-11 
   1.3535418522617878e-11    8.8432605360082419e-10    1.6539001931530892e-10   -6.9911933073928086e-10    3.6179019513277642e-11 

   7.8278416751764155e-10    3.0535546947182515e-09    1.3534589685364637e-10   -1.5935997483829309e-10    9.3477139303893006e-11 
  -2.2108642620325531e-10   -6.3199778032252116e-10   -1.0984200314645683e-09   -1.2008591389701899e-10   -2.3479848288066458e-11 
  -2.3292754751790859e-10   -1.8330130686801324e-10    5.0364952284511444e-11    2.2660173332479832e-10    2.2593266377235800e-11 
  -4.3137374068801801e-10    9.2087591066765974e-11    6.0674338510740485e-10   -8.5526548807226882e-11    5.7945416399695793e-11 
   1.1429329857066163e-10   -1.7283096309357010e-11   -1.5766054290216915e-10    2.2044063269088062e-11   -1.5073530820678467e-11 

  -1.5082971604297257e-09   -8.3035592117624453e-08   -7.9307988745239822e-10   -2.6089556739633942e-08   -3.1853822094812078e-10 
  -1.4012392473438167e-10   -2.5570355180242097e-10   -3.3554596109973708e-10    2.4258646089619907e-09   -1.5490395106844973e-10 
   2.7958308046213123e-10    3.3809964768329709e-09   -1.0920260867819901e-09   -6.0874136259865073e-10   -2.6224296647118248e-10 
  -3.9097657242505936e-10   -1.2628872716060690e-09   -2.3122708609116773e-10    2.6127995569839666e-10   -6.4247237924351043e-11 
   1.9517397214756822e-10    8.2060932491575428e-11    1.4175085997096318e-10   -5.8263153101964478e-11    3.0706896299725445e-11 

  -3.1960161300955924e-10    3.3214911144870619e-10   -1.3175214823133818e-10    9.7099919504654857e-11    3.1277416291692628e-12 
  -1.5312196889576134e-10   -1.8709851444443701e-11   -2.0768031516995269e-10   -4.5917947423650521e-11   -7.7669321920558508e-14 
  -5.9183260082288306e-11   -6.7100619508190321e-11   -2.4461374429453951e-11    2.5512468809131248e-11    4.4118279029293529e-12 
  -5.9402948537281937e-11    7.9404326113457109e-12    8.0973578678916879e-11   -1.5746720993420090e-11    1.5034818933852052e-11 
   1.7671716077031712e-11   -4.5273267353346306e-12   -1.8587520718680957e-11    4.5802358185853201e-12   -3.7157465334857735e-12 
