2    16 5 
  -2.6516288546996594e-05    3.7017476965757073e-03   -1.1550268419682605e-05    9.3828373088019907e-05   -5.2952060566202694e-07 
   3.6096560257428359e-04   -9.9805677597132299e-04    1.5248806314035566e-05   -2.1232947227723836e-03   -1.1502369535079976e-05 
  -5.7646168855651131e-05   -6.7042475026064206e-05    2.0561995818629148e-06   -5.4711900978394209e-04    3.0588654668656392e-06 
   2.5553528992590255e-04   -1.5365033328387123e-04    1.9324196980648366e-05   -4.3215730082662510e-05   -9.4322346312657617e-07 
  -5.7448767674566198e-05    6.7739458798558508e-05    5.2776406143621649e-07   -1.2722108516972260e-04    1.7080965841960035e-06 
   3.4677647627214247e-05    1.0580872606930718e-04    6.4061806616670975e-06   -2.4433921651271958e-04    6.9786787913635766e-07 
   1.5290267386213002e-05    1.7408223017751801e-04   -3.7796436869776393e-05   -2.1678183121278785e-04   -6.8203704828452747e-06 
   2.5323398833282773e-05    1.0749851557611868e-05    4.0345746393117000e-06    3.5858296882272910e-05    7.3645736166050928e-07 
   2.2377798648681960e-04    2.3636969890255240e-04    1.1052513730396777e-05    9.8113935584953938e-05    1.1296882416781466e-06 
  -1.3928417819674205e-04   -1.4244424769932476e-04    4.4065445371208194e-05    1.6877077571217911e-04    8.3029031404002405e-06 
  -6.3946484550165458e-06    1.7664050643982629e-04   -2.2749058287320334e-06    5.0354186888053063e-07   -5.2426754007444881e-06 
   1.4698917056547552e-04    4.3537210557784451e-05    1.8426185356825117e-04    1.9345684466986259e-04    9.5959417857279398e-05 
   1.0346583375786585e-04   -4.3190918730469116e-06    2.5236946349114369e-04    2.8246502893385291e-05    2.9649773616223630e-05 
  -2.0455975618474697e-04    8.7959607899898079e-05    3.5248170579420100e-04   -5.3484437891491247e-05    1.0318784463900049e-04 
  -2.0423539465935279e-05   -1.1594096549859334e-05   -1.5130691254490431e-04    1.3488844744748454e-05   -6.0732552770382192e-06 
  -1.2996476289760689e-04    4.9038373810163894e-05    2.3480889961184496e-04   -5.1572572164145315e-06    2.8085656974569096e-05 
2    16 5 
   4.3104337296736829e-02    4.2051915727780238e-04    1.3671643365718712e-04    4.5483184597094864e-05   -8.5562177573353745e-06 
  -1.4694977223526725e-04    1.4553322642936451e-03    6.6622798240837582e-04   -4.1642072084364354e-04   -3.7633172193152670e-04 
   1.1739211663048401e-04    1.5497957942317868e-02   -7.2958424357569317e-04    1.3436953308937020e-03    1.6342273512153325e-03 
   4.5745314284342592e-04    6.6593869807269951e-03   -1.0394791541347361e-02   -5.6973139255324726e-04    2.9754462422102866e-04 
  -9.1935212665996066e-03   -4.4093362218937122e-02   -7.7079646307065680e-03    6.5841981504820854e-04   -1.0742582390074371e-02 
   5.2372749868545600e-05    2.8990390319644305e-02   -1.9735503174550372e-03   -7.6478739401728679e-03   -2.0397372656655232e-03 
   1.2549732636099706e-03   -2.6320665744014219e-04    2.5291635120426536e-03    2.3973291360793302e-03   -3.2079284989767753e-03 
   2.9267148806350700e-03    1.1490043998112837e-02    1.9984742318325886e-02   -7.7429952970998056e-03    1.3161057568880355e-03 
  -8.0094244995410362e-04    1.5849066647310311e-03    4.4461426223701625e-03   -3.6245025794477558e-03    1.5827520563370370e-03 
  -2.1460416691816146e-03    1.7557797601066335e-03    3.0570098730752557e-06    1.0215323792590447e-05    1.8292888855639426e-03 
   1.1285173212394467e-04   -3.0647838577756185e-05    2.0092599974770521e-03    2.2131032050981669e-03    5.0617735786634074e-03 
   1.3479372906129898e-03   -6.0060197109540058e-04    3.9630248579659009e-04    8.2727455515643300e-04    6.4912740078939548e-04 
  -3.6736841350056790e-04    1.0036104558398325e-04   -2.2508224278832445e-04    9.9475756342982621e-04   -2.3001715684320269e-03 
   8.0927604320963568e-04    5.4307154910532133e-04   -3.7196629788450140e-04    1.0766466275780495e-03    1.2138160451174453e-04 
   2.3578869602481251e-04   -8.2736841302721474e-04   -3.9880344758917811e-04   -3.0382246324361130e-03   -2.8844544122606664e-03 
  -6.2325662003373584e-05    8.5191770790491611e-04   -1.8237654739455418e-04    2.2947869586676557e-03    8.6025195529148201e-06 
2    16 5 
  -5.3555805793504004e-02    5.9194143539507591e-04   -3.7973031275350538e-04    3.7126086863546124e-05   -2.0096942346397575e-05 
  -1.3453066956752196e-03   -7.9539838178342027e-03   -2.1330955010074293e-03   -2.6029795224199727e-05    1.2649832445293355e-04 
   1.3127026158404652e-02   -8.6503323666896961e-03    1.8506420080244260e-03    4.3523248438398748e-04   -1.3658584603161691e-04 
  -5.3112761381201353e-03   -3.3107607671128351e-04   -9.9872256786343841e-04    4.3733959079570670e-04   -7.5579915171175688e-05 
   3.3610169769957804e-03   -2.9683313060661857e-03    1.8100139981579036e-03    2.6181351779872822e-04   -1.7622083161744243e-04 
   7.3669894040181870e-03    2.8552531965810369e-03    9.6103714109274576e-04   -4.6588425949659171e-04    2.2754147464537508e-05 
   6.9774134605522960e-04   -1.7685649968318825e-03   -2.8169715869393653e-03   -2.2196604609003570e-03    1.1782472534671118e-03 
  -3.2881663213913927e-04   -2.1762994898705799e-03    2.3618561033511209e-03   -2.8190168430707375e-03    6.1946589159701413e-04 
   4.1235823471648733e-04    2.2432793660533599e-03   -3.3398089695148153e-03    2.0581561025744348e-03   -3.7294720642313021e-04 
   1.2965747999033311e-04    1.5983149142572012e-03    6.1534604332331966e-04    4.8495894561791202e-03   -1.2894324659066081e-03 
   4.4628893115539149e-04   -2.7026914143401658e-04   -8.6254798439468184e-04    2.5922614885949156e-04   -3.0749055068405719e-03 
   3.7954939683048776e-05   -2.5449046632262755e-04    2.0053149451918054e-04    2.4107096072897857e-04   -1.0487290741721736e-03 
   3.1567347371072861e-04   -1.2455602472207256e-03   -6.7671200651399518e-04    8.3617012547342637e-04    8.1423235231365239e-05 
   3.3341882208589099e-04    7.7994885269477181e-04    1.2526060669197883e-04   -3.5484261672305280e-04    1.3299486624068373e-03 
   1.0894020792449753e-03   -8.1248885512441463e-04    1.0514636262385277e-03    7.4690655608950396e-04    2.4999866685688983e-04 
  -5.0932595128363274e-04    2.9725177737537610e-04    1.2904173425463432e-04   -1.7124404230347556e-03   -8.1741210459600167e-04 
 TENSORSUMACCUMULATOR_IMPL_H - PrettifyOut: Norm of simple tensor is 8.55295e-06 
 As simple full tensor 3    5 5 5 
   6.2247204612260601e-08   -2.0426111233011929e-09    2.3204653054291649e-09    1.0308020970148369e-09   -7.7139469605511839e-10 
  -4.9016148633063238e-09   -2.0140743244411460e-09    4.1010296185056465e-10   -5.0209270069542667e-10    3.4949399173870575e-11 
   1.5796931076232688e-08   -1.7702659456495336e-09    7.7763252109732828e-10   -5.3900936380137770e-10    1.9484535376398073e-10 
  -2.1254118808769576e-09   -6.5786688469916806e-10    2.1075364652570826e-09   -4.3778787323917654e-10    1.2003901942991574e-10 
   1.2161298027085933e-10    4.5136186319651115e-10    2.3245478532880021e-10   -4.3107835528908917e-10    1.5710178744833626e-12 

  -8.5472803545647838e-06    9.4883755953710754e-08   -6.1690965163765693e-08    6.2380647836466097e-09   -3.1447749606095501e-09 
  -7.7008664072790938e-08    3.9728998273351704e-08   -1.8151557883894091e-09   -3.7929158343953652e-09    8.8148394596000332e-10 
  -3.6515752946621583e-08    6.5673550252017026e-09   -5.9709292149396610e-09    1.4218045432797587e-09   -1.0183544319893050e-09 
  -1.6883005719622137e-08   -7.4106222414400386e-09   -6.7701847049482080e-10   -2.1724041119491907e-09   -4.0725323745551900e-10 
  -3.8709954586693249e-09    6.0012383605339395e-10   -3.0098156537553898e-09    8.0475246407626948e-10   -3.0187927405886290e-09 

   2.6599898528204022e-08   -7.9892014196112588e-11    4.1897353795073019e-10   -5.4123025867873244e-10    2.0173028118446085e-10 
   1.3661584709528277e-09    2.4981252850580233e-10    2.3391685158069612e-10   -8.7183535961926559e-11    1.7157007625904702e-10 
   9.6498117399860799e-10   -3.2855371121688220e-11    5.5145906946864106e-10    1.3652882729109341e-10   -2.5548643632407246e-10 
   1.3792133560409846e-10   -2.3935959546351691e-10    7.6438572904467803e-10   -2.4029802383194671e-10   -5.8021685085311719e-11 
   3.0604619950438716e-10    3.1142174668112824e-10    5.4328866169842598e-10   -6.4755078989524934e-13    6.1830395840828663e-11 

  -2.1423087965467935e-07   -3.6260495318723776e-09    9.1529918750700806e-10   -1.1211841447121263e-09   -3.2868311100566540e-10 
  -1.4108076647443355e-07    6.1005075546408623e-08   -5.0478931269678058e-09    1.4871843277240457e-09   -3.9482417360928194e-10 
   1.0481794971028474e-08    6.5214624904876632e-09    7.3372214518042894e-09    5.3746870795199567e-10   -8.5463466605819817e-10 
   1.8255604135345225e-09    5.5423846260653051e-09    3.2870418108357390e-10    6.0587947962044649e-11   -6.3246436236201588e-10 
  -3.9210911332654101e-09   -1.6672712827105233e-09   -2.5442940449299430e-09   -1.9986004333661908e-10    2.2415441663880691e-10 

   1.1936300219608842e-09    4.3320700870424344e-11    4.1576752506511006e-11   -8.6186859117393619e-11   -4.5970663868471645e-12 
   5.9791082237833750e-10    6.9724791712913662e-11    3.2518357404958227e-11   -3.2756024577539097e-11    1.0992752974389049e-10 
  -1.4929687090653950e-10    8.9956933585165995e-11    6.2197982191895447e-11    3.3024354662382026e-11   -6.6517556164278397e-11 
   3.0658731938379153e-11   -2.3132437088074330e-11    8.7688693230609410e-11   -4.6184443675951164e-11    3.2813459669940933e-11 
  -1.3309061812166652e-12    3.2182629170958016e-11    1.1297868049780357e-11   -1.6822981478565213e-11    4.0776392763763691e-11 
