2    109 5 
  -2.3309500896343772e-03   -1.9840721891515640e-05   -8.6054166131294683e-04    4.7913822960630117e-05   -1.1725015333579499e-04 
  -7.0781077706934975e-04    5.3032391370920928e-04    1.6413928649730855e-03    5.1948306932591225e-05    2.2809292576170162e-04 
   8.4364255938954133e-05   -1.2455521170938512e-04   -7.2948856851623727e-04    7.0222057741726730e-05   -1.0742415268968977e-04 
  -6.1140213380435744e-05   -1.1064730180404270e-03    8.0205115846818245e-05   -6.5703453963875664e-05    9.4026577109477086e-06 
  -6.7788143111697651e-04    1.0393909764490632e-03    4.1725858976630773e-04   -3.7203914126417024e-04    7.4366963519898496e-05 
  -1.0615401024684854e-03   -4.2675485456783067e-04   -1.0954159732198979e-03    1.2976960437836139e-04   -1.8332381688719341e-04 
   3.7686287910113669e-05   -3.2504025008985596e-04    2.3393731243611396e-06    1.7799559231187305e-03    9.9384036125789286e-05 
   4.7454008863075885e-05    9.8747996846552683e-04   -3.3956297072095854e-04    1.1063426043645733e-03   -1.6888910199645705e-04 
   4.3386262749880338e-04   -3.0076692277874069e-05    3.6608095084552587e-04   -7.0586270966276155e-05    1.3227483498299110e-04 
   1.8895821310167121e-04   -1.3680572324491677e-04   -4.7634700971547860e-04   -4.2418050032826181e-04    1.5001744855824278e-04 
   1.3256317229143271e-04   -4.1245521958092207e-04   -4.2599673530031196e-05   -1.5479123244152367e-03   -1.2937599046170063e-04 
   3.9349148893427805e-05   -6.6596897113805671e-05    2.3266397453778872e-04    4.2548994040805577e-04    5.2046431314093397e-04 
  -2.9233759501413329e-05   -1.1191572509586840e-05   -1.0883025584187161e-04    1.2350768421780445e-04    5.1305016780897887e-04 
  -4.9343417643612204e-05    2.1859255856037974e-04   -1.7144535234439744e-04    4.7463019219219285e-04   -1.9147222673764058e-04 
  -2.3651809911305862e-06    1.4104070762430409e-05   -2.5645211045091019e-04   -4.9977881934817310e-05    5.9567690604562455e-04 
   5.3688376069522303e-05    1.1413570464362729e-04    3.5107904578400226e-04    2.1864204343986855e-04    1.8082261936223383e-05 
   1.3095194438991942e-05   -8.4690560004970910e-06    8.8551281456048693e-05   -1.2978626977502760e-04    5.0550645179621990e-05 
   1.8957695756578939e-04    2.1571021977337277e-04    1.8752631326625902e-04   -1.1375279191913749e-04    1.9047111162881199e-04 
   2.0267757063895082e-04    2.8467923322242149e-04   -2.2207112834483347e-04    1.9875736054386108e-04   -2.2141096926349855e-04 
  -7.1668554403999602e-05    2.9556256685047880e-04    4.9667726029300099e-05   -7.8842296857696955e-05    1.3387727593965179e-04 
   4.9483933587028434e-04    2.4165084058325986e-04   -4.4583301411674838e-04    5.0522287301621243e-04   -6.1922720458823023e-04 
   1.3750648183664392e-06    6.5736717560321172e-04    2.0132093447303004e-06   -6.4251050718670520e-05    2.2333627002190087e-07 
   1.3750648183664392e-06    6.5736717560321172e-04    2.0132093447303004e-06   -6.4251050718670520e-05    2.2333627002190087e-07 
   1.3750648183664392e-06    6.5736717560321172e-04    2.0132093447303004e-06   -6.4251050718670520e-05    2.2333627002190087e-07 
   1.3750648183664392e-06    6.5736717560321172e-04    2.0132093447303004e-06   -6.4251050718670520e-05    2.2333627002190087e-07 
   1.3750648183664392e-06    6.5736717560321172e-04    2.0132093447303004e-06   -6.4251050718670520e-05    2.2333627002190087e-07 
   1.5124958544048116e-06   -1.0482091649290700e-03    2.2480706301339027e-07   -3.8530703296395451e-05    1.6775563520930405e-08 
   3.8987745563371033e-06   -5.2351502798045788e-06    6.1728018846295599e-08    1.4257311311736566e-04   -5.6078703058166246e-08 
   3.7092926007875743e-05    9.0984212139600761e-08    1.2971609835587551e-06   -1.0115544960516005e-06    4.2387509185686703e-09 
  -1.0427129186284616e-07    4.3160259655228137e-10    2.9820299094961461e-06    1.6897637435972593e-09    2.8887814450573798e-07 
   7.7931263539332842e-07    5.2158605764601143e-04    1.2123266558672086e-07    1.5588779478131377e-05    5.7914955198616971e-09 
  -3.6704943079133060e-04    5.7347536515293560e-07   -1.2851859274555906e-04    1.6357168082026002e-07   -6.8595274905405863e-06 
  -4.4735576566043469e-05    4.5542730463376917e-08    1.2782627705339703e-04   -2.8106749017465101e-07   -1.1524387324054002e-06 
  -1.8318358448807187e-08   -1.6785348707774752e-06    1.1747996006667833e-07    5.6162225376537754e-05   -2.1964325765882021e-08 
   2.2561937402583748e-07   -7.0647709838432478e-11   -2.5574363282493308e-08   -4.4091803973947388e-09   -1.1593720336231595e-05 
   6.4157892184796656e-06   -4.4463520607201388e-03    9.5359913015230000e-07   -1.6344168486116705e-04    7.1159520376906675e-08 
   1.6538039222377689e-05   -2.2206752252890127e-05    2.6184135092920165e-07    6.0477457793987226e-04   -2.3787776833840498e-07 
   1.5734284102011096e-04    3.8594190231802354e-07    5.5023697610223777e-06   -4.2908682432232948e-06    1.7980169905242643e-08 
  -4.4230377768132723e-07    1.8307959506557620e-09    1.2649340682033147e-05    7.1677340313870065e-09    1.2253794148107971e-06 
   7.6784067539296996e-07    5.1390799095196922e-04    1.1944804638874551e-07    1.5359303082516065e-05    5.7062411534769204e-09 
  -3.6164623803279505e-04    5.6503345602502190e-07   -1.2662672023083294e-04    1.6116380534854469e-07   -6.7585510384481292e-06 
  -4.4077041439509042e-05    4.4872313536389368e-08    1.2594459585030555e-04   -2.7693000432077756e-07   -1.1354741273924893e-06 
  -1.8048700976500350e-08   -1.6538258079158839e-06    1.1575058299575681e-07    5.5335482970743732e-05   -2.1640997418339101e-08 
   2.2229811845191243e-07   -6.9607732216390747e-11   -2.5197892968415409e-08   -4.3442745574839726e-09   -1.1423053661636408e-05 
  -2.1621701825902053e-05    6.9649432950885347e-03   -2.1813213840427776e-05    2.3013734398937385e-04   -9.4549300316044881e-07 
  -2.1621701825902053e-05    6.9649432950885347e-03   -2.1813213840427776e-05    2.3013734398937385e-04   -9.4549300316044881e-07 
  -2.1621701825902053e-05    6.9649432950885347e-03   -2.1813213840427776e-05    2.3013734398937385e-04   -9.4549300316044881e-07 
  -2.1621701825902053e-05    6.9649432950885347e-03   -2.1813213840427776e-05    2.3013734398937385e-04   -9.4549300316044881e-07 
  -2.1621701825902053e-05    6.9649432950885347e-03   -2.1813213840427776e-05    2.3013734398937385e-04   -9.4549300316044881e-07 
  -5.6962818090724141e-06    1.3246188081970710e-03   -4.9844406825754429e-06    1.1967743620293517e-03   -1.3920324842630751e-07 
  -5.6962818090724141e-06    1.3246188081970710e-03   -4.9844406825754429e-06    1.1967743620293517e-03   -1.3920324842630751e-07 
  -5.6962818090724141e-06    1.3246188081970710e-03   -4.9844406825754429e-06    1.1967743620293517e-03   -1.3920324842630751e-07 
  -5.6962818090724141e-06    1.3246188081970710e-03   -4.9844406825754429e-06    1.1967743620293517e-03   -1.3920324842630751e-07 
  -5.6962818090724141e-06    1.3246188081970710e-03   -4.9844406825754429e-06    1.1967743620293517e-03   -1.3920324842630751e-07 
  -9.0498948042950253e-04   -1.9127799096520489e-04   -1.9258805766252167e-05   -9.6406266675769058e-05   -1.8733466258273066e-06 
  -9.0498948042950253e-04   -1.9127799096520489e-04   -1.9258805766252167e-05   -9.6406266675769058e-05   -1.8733466258273066e-06 
  -9.0498948042950253e-04   -1.9127799096520489e-04   -1.9258805766252167e-05   -9.6406266675769058e-05   -1.8733466258273066e-06 
  -9.0498948042950253e-04   -1.9127799096520489e-04   -1.9258805766252167e-05   -9.6406266675769058e-05   -1.8733466258273066e-06 
  -9.0498948042950253e-04   -1.9127799096520489e-04   -1.9258805766252167e-05   -9.6406266675769058e-05   -1.8733466258273066e-06 
  -8.6083160365226553e-06    8.9744974029682117e-04    1.6698126886451412e-07    1.1702009472064647e-04    1.5018474345249952e-08 
  -8.6083160365226553e-06    8.9744974029682117e-04    1.6698126886451412e-07    1.1702009472064647e-04    1.5018474345249952e-08 
  -8.6083160365226553e-06    8.9744974029682117e-04    1.6698126886451412e-07    1.1702009472064647e-04    1.5018474345249952e-08 
  -8.6083160365226553e-06    8.9744974029682117e-04    1.6698126886451412e-07    1.1702009472064647e-04    1.5018474345249952e-08 
  -8.6083160365226553e-06    8.9744974029682117e-04    1.6698126886451412e-07    1.1702009472064647e-04    1.5018474345249952e-08 
   1.2004959992274681e-06    5.9272660470914356e-04    5.8959525417239881e-07    4.1250997292243857e-05    6.5109968947771285e-08 
  -4.6667442349762759e-08   -4.5862163700843535e-04   -1.5535581133962157e-07    8.3399879597980785e-06    3.8660704884996107e-07 
   3.3404559775134971e-04   -4.4649567954067458e-06    5.3266242347834402e-05    6.2225521613296503e-07    7.1960356282136178e-07 
   1.2817475729583967e-04   -2.7331776954451124e-05   -2.1000048011330112e-04   -5.6746838182466899e-07   -1.8423406663073319e-05 
  -6.0972285045384003e-06   -3.0168890829650619e-05   -3.7300405789533088e-06    2.8259995588411228e-04    1.7732622873293109e-06 
  -2.1739886619602958e-04   -1.7561423002212817e-05   -1.8907284104497749e-04   -9.4977678634444570e-07    5.9086832506196790e-06 
   1.0434017731070181e-04    1.7651696736962640e-05    1.1191306689729026e-04   -2.0961750695088597e-06    5.3762777568349407e-05 
  -7.3746698897980484e-06    4.7330843044124435e-06    2.0888800061027910e-06   -7.0651017422913181e-05    3.6611126252459431e-06 
   6.2498919122292134e-05    7.8311795525860719e-07   -4.2469474746587199e-05    2.3232214786237363e-06   -3.9489796947208449e-05 
  -1.4017645676450628e-06   -6.9209989314125816e-04   -6.8844355756487153e-07   -4.8166913027199031e-05   -7.6025948882952165e-08 
   5.4491449526372812e-08    5.3551162280215849e-04    1.8140191375379122e-07   -9.7382245539797476e-06   -4.5142346415851308e-07 
  -3.9004984873500887e-04    5.2135269387776688e-06   -6.2196568104215294e-05   -7.2657910944211084e-07   -8.4024834548657506e-07 
  -1.4966383341504980e-04    3.1914072625133365e-05    2.4520800769074459e-04    6.6260701527750647e-07    2.1512173878322775e-05 
   7.1194563613684930e-06    3.5226841436681302e-05    4.3553987042186796e-06   -3.2997911299273452e-04   -2.0705577070802718e-06 
   2.5384676656641002e-04    2.0505674769237208e-05    2.2077175555053056e-04    1.1090111479973156e-06   -6.8993006453053129e-06 
  -1.2183327860323165e-04   -2.0611083302745632e-05   -1.3067579728217693e-04    2.4476082735047024e-06   -6.2776349693786321e-05 
   8.6110665560319609e-06   -5.5266072339031709e-06   -2.4390901598184160e-06    8.2495979124665517e-05   -4.2749146682123619e-06 
  -7.2977144778592140e-05   -9.1441121226108107e-07    4.9589673722005162e-05   -2.7127200370700005e-06    4.6110439501436693e-05 
   1.1789218439388818e-06    5.8207469431385654e-04    5.7899961738634165e-07    4.0509674187489969e-05    6.3939875434908113e-08 
  -4.5828780122797545e-08   -4.5037973164440846e-04   -1.5256390665940426e-07    8.1901097465717033e-06    3.7965932015039146e-07 
   3.2804245271463663e-04   -4.3847169017936706e-06    5.2308992856964661e-05    6.1107264603641791e-07    7.0667154220611726e-07 
   1.2587132428168820e-04   -2.6840596641723891e-05   -2.0622655419305020e-04   -5.5727038782991472e-07   -1.8092318982190002e-05 
  -5.9876549993609108e-06   -2.9626724644955183e-05   -3.6630078901856226e-06    2.7752134226381291e-04    1.7413949291882966e-06 
  -2.1349198362258167e-04   -1.7245826059630663e-05   -1.8567500645312254e-04   -9.3270831473664726e-07    5.8024980987474774e-06 
   1.0246507636110407e-04    1.7334477481958601e-05    1.0990187328596809e-04   -2.0585046345463531e-06    5.2796604825789916e-05 
  -7.2421394411277071e-06    4.6480258820244673e-06    2.0513406709780712e-06   -6.9381345535493805e-05    3.5953186431278119e-06 
   6.1375748876509715e-05    7.6904451529137560e-07   -4.1706254341190440e-05    2.2814707847589826e-06   -3.8780124435011765e-05 
  -1.0380560694774283e-06   -5.1252436489169161e-04   -5.0981671952475910e-07   -3.5669296806292028e-05   -5.6299894787832968e-08 
   4.0352839000990468e-08    3.9656523153483182e-04    1.3433451089671446e-07   -7.2114985194521112e-06   -3.3429498625544125e-07 
  -2.8884566083614322e-04    3.8608004561523333e-06   -4.6058750885473142e-05   -5.3805743983026992e-07   -6.2223351555106521e-07 
  -1.1083134375321816e-04    2.3633495634661767e-05    1.8158517239130035e-04    4.9068384931620035e-07    1.5930522983301059e-05 
   5.2722083707066234e-06    2.6086717702744177e-05    3.2253262525416575e-06   -2.4436116374259724e-04   -1.5333209617709327e-06 
   1.8798247782376805e-04    1.5185174917566208e-05    1.6348926639187515e-04    8.2126184372798358e-07   -5.1091753032682977e-06 
  -9.0221836988564979e-05   -1.5263233651899148e-05   -9.6770033737158260e-05    1.8125401958783592e-06   -4.6488099587756701e-05 
   6.3767982937249104e-06   -4.0926474496419723e-06   -1.8062322324609337e-06    6.1091180227010699e-05   -3.1657249871075085e-06 
  -5.4042147889225397e-05   -6.7715373237068103e-07    3.6722901247969847e-05   -2.0088648010302463e-06    3.4146405677203528e-05 
   1.1096006575176687e-06    5.4784841493575273e-04    5.4495415404964714e-07    3.8127685346880127e-05    6.0180179194177341e-08 
  -4.3134025227311931e-08   -4.2389718108503776e-04   -1.4359307363170326e-07    7.7085272502669496e-06    3.5733516469937015e-07 
   3.0875339455050424e-04   -4.1268933833677619e-06    4.9233198253627464e-05    5.7514127278162698e-07    6.6511890666230085e-07 
   1.1847002827510727e-04   -2.5262356308810029e-05   -1.9410033099876529e-04   -5.2450261391819311e-07   -1.7028481694413473e-05 
  -5.6355779294766032e-06   -2.7884658610025257e-05   -3.4476212179279017e-06    2.6120295033491388e-04    1.6390000476786830e-06 
  -2.0093854959112029e-04   -1.6231762973588254e-05   -1.7475722441161504e-04   -8.7786460538060412e-07    5.4613083460255314e-06 
   9.6440079287201213e-05    1.6315201648518818e-05    1.0343958888156437e-04   -1.9374635458143365e-06    4.9692138397966703e-05 
  -6.8162980667669653e-06    4.3747196655734086e-06    1.9307208268404993e-06   -6.5301688166561459e-05    3.3839121320131983e-06 
   5.7766824543243513e-05    7.2382431813851951e-07   -3.9253905996828041e-05    2.1473191763229041e-06   -3.6499833973673388e-05 
2    109 5 
  -4.8178140336880212e-02    9.3369823151904664e-03    2.7143033465244172e-03   -4.3028180662987441e-04    5.7097409455653635e-04 
   2.1167438495794656e-02   -9.5594643195646284e-03   -3.7723506151669303e-03    1.0140566182086079e-03   -2.1817292076017116e-04 
   1.6308008290473346e-02   -4.2886777882585436e-02   -1.9268964917552082e-02    5.9164606952512837e-03   -3.3060183546062766e-03 
   3.7139202107884878e-02   -8.4596566163289873e-03   -4.6585572280342128e-03    1.2210847628817465e-02   -1.3574883676562679e-02 
  -1.2617346535035701e-02   -1.1152413497434611e-02   -6.9003141187204018e-03    3.8206865782645589e-03   -3.6850064507319420e-03 
   1.4890653266230892e-03    2.4617678216850743e-02    1.0038840803716639e-02   -3.0074199329727285e-03    2.7603348847183981e-03 
  -3.9413165608052749e-03    1.2913698579075244e-02   -2.2379257824151504e-03    1.2693306593716624e-02   -1.5631107685126565e-02 
   5.6825199726177498e-03   -9.4018462176153651e-04    1.3544465512980134e-03   -4.0590375399103939e-03    5.0327123828888751e-03 
  -2.8348594653954172e-04    3.9212297568416380e-03   -6.7587183408043851e-03    5.5787933882074769e-03   -4.8164106455897571e-03 
   2.8676997545978118e-03    7.9114036865991291e-03   -1.2104484199136356e-03    3.1004440938319578e-03   -4.3640784717907484e-03 
  -6.6288390651888822e-03   -9.4326234214778207e-03   -5.3486458298055714e-03   -5.8643370086349270e-04    9.4356652139157668e-04 
   9.4064102822402510e-04   -4.6298257528912543e-03    6.8454105194643974e-03    2.8944719205039379e-03   -8.5624583924905659e-04 
  -5.6195597748684026e-03    1.3268669262391289e-03    6.9246192928210000e-03    3.3476334852061522e-03   -2.9244471752623543e-03 
  -1.1745215771497919e-03   -1.3862542124392903e-04    1.9269846883543545e-03    7.3126650891493336e-04    8.8252031335051668e-04 
   1.0330393685331351e-03   -1.3899048447316537e-03   -1.6982000243733527e-03   -6.2921082213689052e-03   -6.2907285433086218e-04 
   1.9270306103820278e-03   -4.3137809690599951e-03    5.8834522598381284e-03    2.1196048274808609e-03   -5.4761532310008817e-03 
   2.6607862417765298e-03   -7.5375845984723159e-03    3.8944689270637564e-03   -1.8551727017393433e-03   -1.6671024057096070e-02 
  -5.8824053457071253e-05   -9.3643723935215496e-05   -6.8210518021221268e-04   -2.5058889554541624e-03   -1.9257803807118936e-03 
   1.1332745069264580e-04   -8.6159258850676426e-04    2.0593988670273120e-03   -1.8066933470292353e-03   -1.9640183414086024e-03 
  -1.5878369079673710e-05    7.3679150536676773e-04   -1.9333711856101715e-03   -4.2303238816493527e-03   -1.7241587306268988e-03 
  -1.8140769351810562e-04    1.1676017615857585e-03   -2.3265809584753130e-03    1.6117798563330553e-03    2.4086358584445976e-03 
  -6.5388470056322113e-04   -8.9598450771862930e-05    3.8027667665617097e-06    3.6937339042253809e-07   -7.9794361383394739e-07 
   1.9125145481400754e-05   -1.4202763436087159e-04   -5.8101975303934638e-05    5.2481182972328396e-06    1.0103892936352687e-06 
  -6.3689971953620947e-07    4.2110463211596045e-06   -1.0374521785358523e-05    1.3752168438888357e-06    2.6547958210197608e-07 
  -3.9288954590844298e-09    7.9748902461479084e-09   -7.2920302076663381e-08   -8.7933694209304589e-07    1.5695397882691539e-06 
   3.0281539921798305e-09   -1.6824849380746529e-08    1.4713838236685456e-07    1.0482151045254610e-06    5.9419310077801175e-07 
   9.3960822757019097e-04    4.5780366630198310e-04    8.4155888380282678e-05   -2.5326525219552716e-05    7.6119889158105113e-06 
   4.1023360189513276e-05   -6.1370146645987918e-05   -1.0416349554343666e-04    5.9940483622782194e-05   -2.1854071000399483e-05 
   1.2511541866095921e-05   -2.9314491434308447e-05    1.7234842339417630e-05   -7.6031512050392365e-06    2.8059826095110605e-06 
  -3.6056690997983189e-08    4.0765575885937186e-08    5.1515422690525125e-07    1.8117178973710165e-06    2.3315576280881180e-06 
   3.0449870074612286e-04   -4.1630735901741029e-04    2.1330813010168669e-04   -2.2705366886265614e-05    3.2240571495457239e-06 
   3.0449870074612286e-04   -4.1630735901741029e-04    2.1330813010168669e-04   -2.2705366886265614e-05    3.2240571495457239e-06 
   3.0449870074612286e-04   -4.1630735901741029e-04    2.1330813010168669e-04   -2.2705366886265614e-05    3.2240571495457239e-06 
   3.0449870074612286e-04   -4.1630735901741029e-04    2.1330813010168669e-04   -2.2705366886265614e-05    3.2240571495457239e-06 
   3.0449870074612286e-04   -4.1630735901741029e-04    2.1330813010168669e-04   -2.2705366886265614e-05    3.2240571495457239e-06 
   3.9856825514486133e-03    1.9419371087113124e-03    3.5697713799967041e-04   -1.0743146632233358e-04    3.2288958858972751e-05 
   1.7401517580572745e-04   -2.6032330868290988e-04   -4.4184652124532107e-04    2.5425888438473433e-04   -9.2701816468400951e-05 
   5.3072155654035230e-05   -1.2434784369274256e-04    7.3107714868379163e-05   -3.2251470564828165e-05    1.1902573432458614e-05 
  -1.5294728159763838e-07    1.7292169197847582e-07    2.1852099132751342e-06    7.6850459583267203e-06    9.8901311028308639e-06 
   1.0458612415374966e-04   -5.1210640381776885e-04   -1.5935231147122932e-04    6.3780396141804976e-05   -1.6896820398896785e-05 
   1.0458612415374966e-04   -5.1210640381776885e-04   -1.5935231147122932e-04    6.3780396141804976e-05   -1.6896820398896785e-05 
   1.0458612415374966e-04   -5.1210640381776885e-04   -1.5935231147122932e-04    6.3780396141804976e-05   -1.6896820398896785e-05 
   1.0458612415374966e-04   -5.1210640381776885e-04   -1.5935231147122932e-04    6.3780396141804976e-05   -1.6896820398896785e-05 
   1.0458612415374966e-04   -5.1210640381776885e-04   -1.5935231147122932e-04    6.3780396141804976e-05   -1.6896820398896785e-05 
  -6.8989714996090645e-03   -9.4533051125340298e-04    4.0122026894913088e-05    3.8971648840293961e-06   -8.4189005269488052e-06 
   2.0178455542454437e-04   -1.4984975191628812e-03   -6.1301919336477734e-04    5.5371564020384300e-05    1.0660360969289713e-05 
  -6.7197672761032659e-06    4.4429680841576467e-05   -1.0945894598483831e-04    1.4509563847570242e-05    2.8010076838807681e-06 
  -4.1452778714381714e-08    8.4141042714861998e-08   -7.6936359779707725e-07   -9.2776608732823000e-06    1.6559815908591380e-05 
   3.1949284132938957e-08   -1.7751471515238923e-07    1.5524197241090899e-06    1.1059451498638791e-05    6.2691805818379060e-06 
  -1.7673095228806549e-03   -2.4216531622176554e-04    1.0278059593762883e-05    9.9833672485406274e-07   -2.1566697404540236e-06 
   5.1691149382519480e-05   -3.8387010814288258e-04   -1.5703712621563661e-04    1.4184533505547349e-05    2.7308646599625100e-06 
  -1.7214027771055523e-06    1.1381551301424529e-05   -2.8040098094976307e-05    3.7169149578468088e-06    7.1753413587298885e-07 
  -1.0618958286165211e-08    2.1554410836964605e-08   -1.9708787215913926e-07   -2.3766583776057316e-06    4.2421280264837306e-06 
   8.1844480877421243e-09   -4.5473944421721660e-08    3.9768335933569547e-07    2.8330996805086993e-06    1.6059759840388454e-06 
  -9.2087219860075595e-04   -1.2618237172767375e-04    5.3554735109618767e-06    5.2019214679596396e-07   -1.1237517706069265e-06 
   2.6934128834711925e-05   -2.0001890211424924e-04   -8.1825578263408237e-05    7.3909761625052659e-06    1.4229410926286305e-06 
  -8.9695208423187102e-07    5.9304575880666896e-06   -1.4610540172733170e-05    1.9367312883967109e-06    3.7387748366536316e-07 
  -5.5331017782848347e-09    1.1231115681777455e-08   -1.0269437232302367e-07   -1.2383787883071858e-06    2.2103981854443723e-06 
   4.2645787890103499e-09   -2.3694599410307848e-08    2.0721641835634846e-07    1.4762115508734935e-06    8.3680793668293552e-07 
  -8.9601708414563071e-04   -1.2277660348287715e-04    5.2109247806618326e-06    5.0615172363310050e-07   -1.0934207660223324e-06 
   2.6207154064539614e-05   -1.9462022386900279e-04   -7.9617037147513859e-05    7.1914875051939642e-06    1.3845347168319394e-06 
  -8.7274259376378946e-07    5.7703895543627316e-06   -1.4216189416139279e-05    1.8844572834750001e-06    3.6378621620955663e-07 
  -5.3837587117875574e-09    1.0927978431946812e-08   -9.9922564919277056e-08   -1.2049539041930339e-06    2.1507376810072737e-06 
   4.1494742239417000e-09   -2.3055062261497825e-08    2.0162347309960811e-07    1.4363673606452615e-06    8.1422178729671767e-07 
   5.6491839185868794e-04    1.5910632377173965e-04    8.9989199309180144e-05   -2.1827806803273431e-05    2.4788895977627044e-06 
   4.3960930888618381e-04   -7.2234313535109008e-05   -9.6867348747429528e-05    4.7493836511493199e-05   -1.7042559624125554e-05 
   3.3640986520020691e-04    3.0046548617663804e-05   -1.8987676070618962e-05    1.4198535994219110e-06    2.7666778416864555e-06 
   2.0716683382693125e-04    1.3653446817504290e-04   -6.2055940735702466e-06    4.1458355319694034e-06    5.3350989527794895e-07 
  -2.7753591261419437e-04   -5.3612197061477231e-05    1.7607613013204759e-05   -2.0506259864008706e-05    1.4005202708458035e-05 
  -2.6640976297239794e-04   -1.1117103478405659e-04    4.0418965037800741e-06   -2.3488405907963464e-06   -9.8357845467167675e-08 
   1.4988898900358913e-04    4.5495062620441273e-05    4.5249000452761546e-05   -2.4693902499722046e-06   -5.2668838537598784e-06 
  -2.4898960653856004e-06    2.0412973861847573e-05   -4.1357034535334970e-05   -3.4107117217844261e-05    4.2302865582298690e-05 
  -6.9885898829314430e-06    7.3132076163198080e-05   -2.7865779619965545e-05   -2.6327911991188643e-05    2.0209510020588953e-05 
   6.5962950799346490e-04    1.8578121650968425e-04    1.0507629441791814e-04   -2.5487337055617278e-05    2.8944866184341835e-06 
   5.1331179212603460e-04   -8.4344721970617937e-05   -1.1310759662942922e-04    5.5456392396293185e-05   -1.9899821605778617e-05 
   3.9281049628433622e-04    3.5083988001100674e-05   -2.2171045596856238e-05    1.6578984587984636e-06    3.2305238593551932e-06 
   2.4189928782493214e-04    1.5942508752482188e-04   -7.2459899067691341e-06    4.8409035563120422e-06    6.2295523531099602e-07 
  -3.2406606003015871e-04   -6.2600523685830219e-05    2.0559608743885443e-05   -2.3944226811907028e-05    1.6353238104947066e-05 
  -3.1107456122281290e-04   -1.2980936013865031e-04    4.7195386812895340e-06   -2.7426343089386270e-06   -1.1484798184626013e-07 
   1.7501855399816333e-04    5.3122515048085748e-05    5.2835199448272552e-05   -2.8833946621452591e-06   -6.1499006850947203e-06 
  -2.9073383699924035e-06    2.3835300990770697e-05   -4.8290727892314409e-05   -3.9825329239961872e-05    4.9395131779928831e-05 
  -8.1602584948222335e-06    8.5392998552148410e-05   -3.2537603245833335e-05   -3.0741905173424078e-05    2.3597725518918372e-05 
   5.5476622382215910e-04    1.5624701850237054e-04    8.8372000283576439e-05   -2.1435538529254923e-05    2.4343413867234264e-06 
   4.3170907473103306e-04   -7.0936188178278393e-05   -9.5126542259431622e-05    4.6640323126351509e-05   -1.6736287193328215e-05 
   3.3036423183107271e-04    2.9506581049108237e-05   -1.8646447884618740e-05    1.3943373610831753e-06    2.7169577781223581e-06 
   2.0344383146248928e-04    1.3408080250639556e-04   -6.0940731269887593e-06    4.0713305776628462e-06    5.2392217042411282e-07 
  -2.7254830509134445e-04   -5.2648730406435558e-05    1.7291185988331152e-05   -2.0137741155925610e-05    1.3753514724262467e-05 
  -2.6162210387110929e-04   -1.0917317625760794e-04    3.9692594413583254e-06   -2.3066294949771310e-06   -9.6590253210862789e-08 
   1.4719532877740464e-04    4.4677469270301850e-05    4.4435829094381844e-05   -2.4250127520419287e-06   -5.1722325011347259e-06 
  -2.4451500567344788e-06    2.0046131599748613e-05   -4.0613805831603416e-05   -3.3494177029974157e-05    4.1542639315978767e-05 
  -6.8629976914708872e-06    7.1817817083003830e-05   -2.7365002726793448e-05   -2.5854772170574782e-05    1.9846324214246405e-05 
   4.8847890022599377e-04    1.3757753894205245e-04    7.7812699576192867e-05   -1.8874271426226878e-05    2.1434693611456719e-06 
   3.8012547445534153e-04   -6.2460239465944058e-05   -8.3760161938201683e-05    4.1067413206916212e-05   -1.4736519295890132e-05 
   2.9089001764927167e-04    2.5980929698629265e-05   -1.6418440713722583e-05    1.2277322436707411e-06    2.3923167821462776e-06 
   1.7913494871024579e-04    1.1805989647044312e-04   -5.3659109209260920e-06    3.5848597078086389e-06    4.6132030866902231e-07 
  -2.3998233961005752e-04   -4.6357894231633705e-05    1.5225114926770961e-05   -1.7731543901698799e-05    1.2110149209270213e-05 
  -2.3036167683982488e-04   -9.6128406493598044e-05    3.4949847401811335e-06   -2.0310173737189636e-06   -8.5048978533555631e-08 
   1.2960740800730452e-04    3.9339094769824669e-05    3.9126327441326214e-05   -2.1352553765623405e-06   -4.5542182190914326e-06 
  -2.1529865361523408e-06    1.7650880491905710e-05   -3.5760986077936600e-05   -2.9492060001153593e-05    3.6578836082961769e-05 
  -6.0429590350437757e-06    6.3236525222529303e-05   -2.4095242036491583e-05   -2.2765464322003555e-05    1.7474947481322071e-05 
   5.2214569599032257e-04    1.4705961668006360e-04    8.3175683040352227e-05   -2.0175118281665880e-05    2.2912009114243044e-06 
   4.0632436801530037e-04   -6.6765105294372127e-05   -8.9533054613516629e-05    4.3897849101622994e-05   -1.5752185244168123e-05 
   3.1093865190870266e-04    2.7771579516925325e-05   -1.7550027543822935e-05    1.3123496359098346e-06    2.5571993194899222e-06 
   1.9148123373850632e-04    1.2619678512743387e-04   -5.7357386186645644e-06    3.8319343298050599e-06    4.9311528815884596e-07 
  -2.5652233020322270e-04   -4.9552959067471445e-05    1.6274455716088343e-05   -1.8953632034571147e-05    1.2944801268786852e-05 
  -2.4623859500866823e-04   -1.0275373959820719e-04    3.7358650267046383e-06   -2.1709985419601404e-06   -9.0910698638414386e-08 
   1.3854017077946767e-04    4.2050412021309885e-05    4.1822980407024330e-05   -2.2824208050673399e-06   -4.8681026766952319e-06 
  -2.3013740263027975e-06    1.8867409165522191e-05   -3.8225693998913100e-05   -3.1524702885562327e-05    3.9099911615870532e-05 
  -6.4594500391606367e-06    6.7594893984266515e-05   -2.5755927057194272e-05   -2.4334498803235835e-05    1.8679350552926299e-05 
2    109 5 
  -2.3873413814131564e-02   -1.3940406492796251e-04   -1.4700321705781073e-02   -7.9026384192636080e-04   -2.2452042130891008e-03 
  -9.8548835037299762e-03    6.2915718125689090e-03   -4.3168904440818228e-03    1.5965552014916465e-02   -1.6193186938104790e-02 
  -1.2884982502967910e-02    6.9600454630312824e-03   -2.0241363304507071e-02    2.2192435763282045e-02   -2.9067540799703067e-02 
  -6.5807951653612886e-04   -1.8607026280501843e-02   -1.6198888786574232e-03   -2.3850505460346175e-02   -4.5693798495891856e-03 
  -6.9242167490520187e-03    9.5000653524615151e-03    4.0734390426062864e-03    3.1774135330184576e-02    1.0020043658491426e-02 
   6.6923968938555553e-03    3.2044774296059314e-03   -1.5975181808384514e-02    1.1220407239418766e-02   -2.8073140666043803e-02 
  -6.4036962847719456e-04   -2.9668343525934421e-03    1.1311463190796175e-04   -3.6801939949513544e-03    2.7508932068265588e-03 
  -2.4009384837163405e-04    7.7101076484084041e-03   -4.7706694918307448e-05   -6.0356345541197273e-03    1.0109270692148077e-02 
  -7.6414482258657570e-03   -1.1710445486194654e-05    7.8413563250835806e-03    7.5131123265777143e-03    1.2935934592242949e-03 
  -3.9157115627968357e-03    2.3257631404285679e-03   -4.9752886502143984e-03    6.8727445341655357e-03    4.5865188276678504e-03 
  -1.0879665642195549e-03    4.4467156436478967e-03   -2.5581083926058249e-03    9.3270052125986932e-04   -4.8014981053222452e-03 
   4.0008678708075484e-03    2.4218747359745570e-03    4.7082063899712268e-04   -1.8997290967020857e-05    4.2582602048068709e-03 
  -1.6592468287011379e-03    2.7707664685450769e-04    5.2152308291531849e-03    8.9017532772519333e-04    1.6008168241114652e-03 
  -5.4123575310906025e-03    5.4743216642432514e-03    4.1516281224034061e-03   -5.1706485915379028e-03   -5.4903491050541826e-03 
   4.1454003670032755e-03    7.1794621825320220e-04    3.6376096808955227e-03    9.2871224097920994e-04    9.5814116543288357e-04 
  -6.9645015859750681e-04   -1.6435761838982954e-03   -2.6355397169924547e-03    1.9731099546444588e-03   -1.3812979946989064e-03 
  -8.9465939985260297e-04    1.0236347052697860e-03   -7.8941595293319288e-04    6.9212821723652236e-04    8.0928615564454748e-04 
   1.0331324742538864e-03   -1.9217957508426578e-03    1.2312493191286899e-04   -2.8261445997534813e-03   -1.6250464483191622e-03 
   5.6283106330457036e-03    9.9404275376338861e-04   -1.7877125246106016e-05    4.1473678546847089e-04   -3.2091822354938966e-03 
   4.3958116096469533e-04    2.1820106690768224e-03   -3.1165073137544696e-03    2.2177484808610199e-04    1.3192274216984740e-03 
   9.4242748277929540e-04   -8.1032611182911855e-04    8.7569212226668730e-04    7.0465902431618638e-04   -1.3662667902324753e-03 
  -1.3201673929173822e-06    6.5991192755549845e-04   -1.6043553022974150e-07    1.1081371019339727e-05   -2.6494864637750144e-08 
   1.2258355255329262e-06    2.6004396965113565e-06    6.8210339818064104e-07   -1.5470385744947640e-04    9.7693864113037233e-08 
  -1.0919620881110578e-05   -2.0883620277739878e-08   -2.8065894321534719e-06   -9.9741338301812214e-08   -7.7814300406830828e-07 
   4.2613021622891506e-07    5.1082856055423425e-10   -1.7299591073948467e-06   -4.0780729330967175e-09    2.6023574729868360e-07 
   1.2388579511070975e-07    1.7058063073746042e-10   -1.4974602954722346e-07   -4.3246753706969330e-10   -1.1983282169276655e-06 
   4.4569928539964739e-05    7.1268482327559453e-05    6.8599788623774884e-05    1.0429995123543455e-03    2.8270629399508483e-05 
   4.4569928539964739e-05    7.1268482327559453e-05    6.8599788623774884e-05    1.0429995123543455e-03    2.8270629399508483e-05 
   4.4569928539964739e-05    7.1268482327559453e-05    6.8599788623774884e-05    1.0429995123543455e-03    2.8270629399508483e-05 
   4.4569928539964739e-05    7.1268482327559453e-05    6.8599788623774884e-05    1.0429995123543455e-03    2.8270629399508483e-05 
   1.1413634046014620e-06   -5.2061813503463542e-04    3.9017496885715004e-07   -3.5368744904258249e-05    4.5226516634251941e-08 
  -3.4794589890393718e-04   -8.9482286406140960e-07   -1.7320217239662780e-04    1.3370247525804981e-08   -1.4952595056373230e-05 
   6.0366438082163906e-05    3.6001387322759311e-08   -1.2123513205146042e-04    8.0175633859937952e-08   -4.0778626692282872e-07 
   2.2303205440000032e-09    3.8083555794723146e-06   -3.5088478217463450e-08   -5.6058157261839731e-05    7.6512115595856349e-08 
   3.8349811887970165e-07    1.0846204549417390e-09    2.2991955647843824e-07   -1.5870146155049066e-08   -1.1587309523052795e-05 
   4.0367816838408782e-06   -4.4424379215784954e-03    3.9928284666971977e-06   -2.5479968083690150e-04    4.8092006278890442e-07 
   4.0367816838408782e-06   -4.4424379215784954e-03    3.9928284666971977e-06   -2.5479968083690150e-04    4.8092006278890442e-07 
   4.0367816838408782e-06   -4.4424379215784954e-03    3.9928284666971977e-06   -2.5479968083690150e-04    4.8092006278890442e-07 
   4.0367816838408782e-06   -4.4424379215784954e-03    3.9928284666971977e-06   -2.5479968083690150e-04    4.8092006278890442e-07 
   1.1245618352071042e-06   -5.1295431675512791e-04    3.8443135399376313e-07   -3.4848095285123374e-05    4.4560754568785336e-08 
  -3.4282392185232670e-04   -8.8165052264449207e-07   -1.7065253018184906e-04    1.3173429281309930e-08   -1.4732483685662944e-05 
   5.9477807086603089e-05    3.5471424819179913e-08   -1.1945047654561126e-04    7.8995399352152299e-08   -4.0178340294966459e-07 
   2.1974888575795305e-09    3.7522942494095758e-06   -3.4571954295865510e-08   -5.5232946802526370e-05    7.5385810324011936e-08 
   3.7785279134336548e-07    1.0686541765708227e-09    2.2653499958120590e-07   -1.5636527869367510e-08   -1.1416737219559803e-05 
  -1.3928751063612980e-05    6.9625632417091316e-03   -1.6927145559856080e-06    1.1691673283251413e-04   -2.7954059158196410e-07 
   1.2933479475166722e-05    2.7436579166374486e-05    7.1966998153977344e-06   -1.6322411313557396e-03    1.0307431625514229e-06 
  -1.1521014818121468e-04   -2.2033777664577025e-07   -2.9611612699995745e-05   -1.0523455430053115e-06   -8.2099893193148575e-06 
   4.4959917464857270e-06    5.3896224784192634e-09   -1.8252359425333044e-05   -4.3026712376857643e-08    2.7456813139176667e-06 
   1.3070875781907961e-06    1.7997529363042424e-09   -1.5799323476081642e-06   -4.5628552100699779e-09   -1.2643256844272949e-05 
  -3.5681281475002724e-06    1.7835998193975178e-03   -4.3362268629194700e-07    2.9950559345071115e-05   -7.1609913095378325e-08 
   3.3131694255787080e-06    7.0284284604959266e-06    1.8435785852697880e-06   -4.1813120915863401e-04    2.6404547502833969e-07 
  -2.9513383556475033e-05   -5.6443928046156793e-08   -7.5856067988571484e-06   -2.6957935680987938e-07   -2.1031529565813992e-06 
   1.1517382016735838e-06    1.3806595854732476e-09   -4.6757068976527099e-06   -1.1022152871073085e-08    7.0336117972905524e-07 
   3.3483662373536487e-07    4.6104270808237807e-10   -4.0473126807283106e-07   -1.1688666150801222e-09   -3.2388230944823831e-06 
  -1.8592046099101484e-06    9.2936040113411318e-04   -2.2594292132708453e-07    1.5606002840103836e-05   -3.7312976170843181e-08 
   1.7263561214203340e-06    3.6622245765843016e-06    9.6061286556271526e-07   -2.1787095067189635e-04    1.3758322125917049e-07 
  -1.5378208543514920e-05   -2.9410606033970479e-08   -3.9525472590667084e-06   -1.4046669912028495e-07   -1.0958663788355423e-06 
   6.0012333790794365e-07    7.1940484195524556e-10   -2.4363182765155810e-06   -5.7431898692847869e-09    3.6649253998913447e-07 
   1.7446957303135723e-07    2.4023036527786328e-10   -2.1088879330271591e-07   -6.0904824863128558e-10   -1.6876173105396123e-06 
  -1.8090231151869616e-06    9.0427618295992084e-04   -2.1984453201916191e-07    1.5184783709623863e-05   -3.6305867589655840e-08 
   1.6797603190349352e-06    3.5633780578711882e-06    9.3468511711194603e-07   -2.1199043063488665e-04    1.3386973450531085e-07 
  -1.4963137772516910e-05   -2.8616789063190302e-08   -3.8458646871933584e-06   -1.3667538487594868e-07   -1.0662880244071336e-06 
   5.8392550473026883e-07    6.9998750075031114e-10   -2.3705599989783508e-06   -5.5881763486730337e-09    3.5660059836876548e-07 
   1.6976049264732525e-07    2.3374634585187717e-10   -2.0519672756025258e-07   -5.9260952461352719e-10   -1.6420671012123587e-06 
   6.1136141601148737e-06   -5.9245643629927296e-04   -1.2606113532825456e-07   -4.4563586437466981e-05    5.7571002882209069e-07 
  -2.2655739733774894e-06   -4.1830929735943266e-04   -2.7972792351919576e-06    1.8816701249111780e-04   -1.0424327469023463e-06 
  -1.2997829989569779e-04   -1.1740695849873725e-05    2.6010187259000486e-04   -4.5349900018372584e-06    1.7244953516603679e-04 
   2.4128889890358190e-04    8.2312367685335457e-06    4.8779202683718233e-05    3.9658520786332982e-06   -3.0537115623091846e-05 
   1.3105300357525792e-06   -2.8269295107383229e-04   -1.0735992588710548e-07    3.0165467539790456e-05    3.7664709725574379e-07 
   2.7785832443055802e-04    1.8718045539653455e-05    5.3571246487074803e-05    4.3870213835954953e-06   -5.3947069843693414e-05 
  -1.4704308877183214e-04    6.5837827303380072e-07    7.0583973882833628e-05    8.2906864928999562e-07   -3.5960536198044803e-06 
   1.9185565418498544e-06   -6.7574348243643529e-06    1.7926281659804173e-06   -7.0937760179752576e-05    1.1824345953244946e-06 
   7.5197079901333764e-05    1.7345693552950586e-06   -2.4820454290314202e-05   -9.1372906224239254e-06    3.0299691149845843e-05 
   7.1385891460004413e-06   -6.9178442977903341e-04   -1.4719585319232215e-07   -5.2034872682147944e-05    6.7223041156325720e-07 
  -2.6454076675832865e-06   -4.8844073760536571e-04   -3.2662557144918873e-06    2.1971406075439734e-04   -1.2172012982141958e-06 
  -1.5176974806561626e-04   -1.3709076458764645e-05    3.0370912456969813e-04   -5.2953015281107771e-06    2.0136147747112004e-04 
   2.8174207099964299e-04    9.6112407350399821e-06    5.6957256004196985e-05    4.6307450653122348e-06   -3.5656800777409211e-05 
   1.5302463066388782e-06   -3.3008769924541245e-04   -1.2535930164730947e-07    3.5222844216837295e-05    4.3979368176088896e-07 
   3.2444252564158888e-04    2.1856210291360852e-05    6.2552707562945186e-05    5.1225253036933884e-06   -6.2991539400236127e-05 
  -1.7169552575775521e-04    7.6875835974465481e-07    8.2417695432730276e-05    9.6806574738102299e-07   -4.1989482270973921e-06 
   2.2402111986373986e-06   -7.8903492481943572e-06    2.0931703626258997e-06   -8.2830795597877419e-05    1.3806750879221759e-06 
   8.7804209479994848e-05    2.0253777304882497e-06   -2.8981715390476624e-05   -1.0669198603770154e-05    3.5379571020456906e-05 
   6.0037461877520371e-06   -5.8180938110986109e-04   -1.2379568628787675e-07   -4.3762732678156710e-05    5.6536392390295980e-07 
  -2.2248592648312893e-06   -4.1079184645105864e-04   -2.7470092329225584e-06    1.8478545657565860e-04   -1.0236991518099418e-06 
  -1.2764245535485739e-04   -1.1529703397067354e-05    2.5542757280581571e-04   -4.4534915390395612e-06    1.6935043858136613e-04 
   2.3695268772278016e-04    8.0833129267417026e-06    4.7902589938461956e-05    3.8945816132164568e-06   -2.9988332057847102e-05 
   1.2869784549727372e-06   -2.7761266623374926e-04   -1.0543055693098231e-07    2.9623362875155967e-05    3.6987835919212693e-07 
   2.7286492283376063e-04    1.8381662893287966e-05    5.2608515756227692e-05    4.3081820699743384e-06   -5.2977585178254280e-05 
  -1.4440057231753463e-04    6.4654653422733835e-07    6.9315506837201057e-05    8.1416942780471701e-07   -3.5314288153322705e-06 
   1.8840780956155998e-06   -6.6359967284880211e-06    1.7604127829616961e-06   -6.9662935228293081e-05    1.1611850221526195e-06 
   7.3845710567255516e-05    1.7033973491792196e-06   -2.4374405044388279e-05   -8.9730840553616670e-06    2.9755174348054218e-05 
   5.2863768720881108e-06   -5.1229075315302052e-04   -1.0900371741090261e-07   -3.8533657262384111e-05    4.9781031345574719e-07 
  -1.9590176189075183e-06   -3.6170758196797659e-04   -2.4187774802937892e-06    1.6270600611541851e-04   -9.0138046327547399e-07 
  -1.1239084777784513e-04   -1.0152054313127789e-05    2.2490731139316361e-04   -3.9213574218123112e-06    1.4911527133190113e-04 
   2.0863993396526916e-04    7.1174625258064054e-06    4.2178855608588348e-05    3.4292299378958028e-06   -2.6405117749066454e-05 
   1.1332013257194275e-06   -2.4444157568997830e-04   -9.2832981332276935e-08    2.6083757620562133e-05    3.2568272248219094e-07 
   2.4026112566437414e-04    1.6185294073196267e-05    4.6322484707291774e-05    3.7934105378935867e-06   -4.6647455150042421e-05 
  -1.2714658847054336e-04    5.6929266134547801e-07    6.1033208393915361e-05    7.1688680675550041e-07   -3.1094691599193006e-06 
   1.6589553519415831e-06   -5.8430817245901043e-06    1.5500664302168758e-06   -6.1339123626495058e-05    1.0224385664146693e-06 
   6.5022111901072801e-05    1.4998635966736062e-06   -2.1461981747400904e-05   -7.9009176167934365e-06    2.6199819342696010e-05 
   5.6507229480466044e-06   -5.4759870227912922e-04   -1.1651643882001085e-07   -4.1189462392360324e-05    5.3212024607461230e-07 
  -2.0940364417143327e-06   -3.8663708308438340e-04   -2.5854837339123881e-06    1.7391998050608951e-04   -9.6350513631459943e-07 
  -1.2013701596682094e-04   -1.0851751145458355e-05    2.4040830542806419e-04   -4.1916240379916618e-06    1.5939254918965708e-04 
   2.2301975270839605e-04    7.6080101361652707e-06    4.5085894002038881e-05    3.6655782917236688e-06   -2.8225003328524629e-05 
   1.2113034864784941e-06   -2.6128890441033415e-04   -9.9231188135603679e-08    2.7881494513949835e-05    3.4812932907401240e-07 
   2.5682033066608034e-04    1.7300812040698651e-05    4.9515109058548545e-05    4.0548588374423092e-06   -4.9862477016361705e-05 
  -1.3590974737912371e-04    6.0852927883454904e-07    6.5239720816230885e-05    7.6629586351928922e-07   -3.3237790576324863e-06 
   1.7732933734817515e-06   -6.2457968448645856e-06    1.6568996422616747e-06   -6.5566720246411939e-05    1.0929067696085644e-06 
   6.9503546330535311e-05    1.6032367441323813e-06   -2.2941177994881007e-05   -8.4454622831696263e-06    2.8005555407170386e-05 
 TENSORSUMACCUMULATOR_IMPL_H - PrettifyOut: Norm of simple tensor is 3.87243e-06 
 As simple full tensor 3    5 5 5 
  -2.6200516964851240e-06    2.0080272656169295e-08   -1.5509334346878642e-06    1.1753843600280894e-08    9.9865054907719230e-08 
   2.5312074770111240e-07   -5.5649074207522848e-09    8.2160616058949777e-07   -3.4437676101651387e-10    8.6652224281358731e-07 
   6.8773456535603698e-08    9.9224418610764303e-09    2.7952349840099401e-07    1.0159940888450505e-08    3.6351333868334160e-07 
  -5.3212941439519097e-09   -3.1605168533870655e-09   -6.6892038999720264e-08   -6.1582816991040369e-09   -1.1011990819463312e-07 
   1.4696858642157343e-08   -6.0135524960683104e-11    6.9326070385144806e-08    4.8084121296455516e-09    1.0666900646607487e-07 

   4.3269135705159993e-09    4.8220244986825282e-07   -4.5425137353641461e-09    6.4825656762156760e-07   -4.4556891466958300e-09 
  -6.3825642014151075e-09   -2.9939906222530614e-07    1.6556803353773423e-08   -6.3771521790024587e-07    2.1376174155739969e-08 
   1.5872242976869548e-10   -1.4638678847352643e-07   -1.2594554963838218e-08   -3.7696029761817452e-07   -1.3429178373020621e-08 
  -5.5055146223492238e-09    2.6846088166518109e-07    3.3518905843608985e-08    4.9060595284978591e-07    2.1179491558367025e-08 
  -6.4608020477037810e-09   -2.9335956961251155e-07   -2.4729420074321527e-08   -5.3069777149813396e-07   -1.3794888844604576e-08 

  -1.1520742234022919e-06    4.3076716646672200e-09   -5.1223764542428359e-07    3.9328915741982057e-09   -3.5796292951540154e-07 
  -2.0174376059548270e-07   -2.0592809500812319e-09   -1.4303998317630954e-09   -4.5274306171356599e-09    5.9314691885537930e-08 
  -9.3530675040516131e-08    2.5919938096295184e-10   -8.9219773275309648e-08    3.9416112776271583e-09   -2.2456575690864315e-08 
   4.1833008719813890e-08   -2.9127143114267124e-09    5.2143700626394878e-08   -4.3436854591885974e-09    2.9988648396584715e-08 
  -1.5023869774715439e-08    4.5257030472697050e-09   -1.3199575940120339e-08   -3.4106413542724915e-10    3.9720284323027031e-09 

   1.9892740423793552e-09    2.0225649270050196e-07   -1.9936019598637723e-09    2.4602997544225914e-07   -9.2805856513195042e-10 
   2.0465319791215943e-09   -7.1357192326751529e-09    3.6325310990220521e-09   -1.0010516911506154e-08    4.8329702535794014e-09 
   1.0643371933221933e-09    8.6369830777884874e-08    3.9909973560334198e-10    7.3851260800561021e-08    4.3882218800735100e-09 
  -1.5240630414376272e-09   -9.4153233603294579e-08    9.3942768280340685e-10   -8.7971883016384808e-08   -2.7756785004216905e-09 
  -1.8716153191857602e-09    1.2343783354224532e-07   -1.5364630363773455e-09    1.0045185498254046e-07    5.8817419342040269e-10 

  -1.4939241445435836e-07    1.7739956633872738e-09   -8.4803328888242245e-08    3.4031601816130036e-10   -5.9422554304590830e-08 
  -6.0480944852947387e-08   -2.0913504837051908e-09   -4.6494770974700084e-09   -3.1982196280026376e-10    1.8211773644776145e-08 
  -7.8850301814413481e-09    5.5987341995833167e-09    2.6024230873284268e-09   -3.0346898791098274e-09    1.4258184351331072e-08 
  -1.3138752599990674e-08    3.7036350933491340e-09    2.9259932841323150e-09    1.4954607523729849e-09    2.0906037922105951e-08 
   6.3231648708996688e-09   -5.2313638330427850e-09   -1.0189246386486174e-08   -4.2190810145930118e-09   -1.6772795515078503e-08 
