2    21 5 
   1.5679747704687829e-03   -5.8501754719809918e-04    7.1985197613606220e-05   -9.5836024573929800e-06    7.9282916633494603e-07 
  -3.3890505567306346e-04    6.5854558309381159e-04   -2.4794316799524080e-04   -5.1494315369748239e-04    1.7001124768105391e-04 
   1.6754051542344965e-03   -3.8605908210493788e-03    4.3631421852976198e-04    2.3562346930840742e-04   -6.8229257937143026e-05 
   3.8648009389017241e-04    7.8308338687338317e-05   -2.1256958513564497e-05    8.5555625329869093e-05   -2.5367884545552177e-05 
   3.3035256702085611e-04    8.1782343290822470e-05   -4.3251359139377257e-05    7.1372130618008970e-05   -2.2712678435349866e-05 
  -1.2527026929466121e-03   -1.1422958352243298e-03    1.1820729247719161e-04    3.8062624661537525e-05   -1.0162840695388218e-05 
  -1.8552649549961333e-04   -4.6611764433344071e-04   -4.8950927053576865e-04    6.3467934503794025e-04   -1.9597220182744905e-04 
   1.1562936127065262e-04    4.2204671934156172e-04    4.0909007811599753e-05    1.0637554290345448e-04   -3.3618339150007112e-05 
  -7.5525567009059936e-05   -1.6862618850705536e-06   -1.0503352860663875e-04    1.0933696850671527e-04   -4.0115772853773476e-05 
  -7.3539310788621931e-05    1.1915542756260933e-04   -7.7157149120478640e-05   -3.1394355695625359e-04    9.2671110849808940e-05 
  -5.8490659143869244e-05    1.6530415942391237e-04    2.8031923174796138e-04   -2.8272316882500538e-05   -8.9517328053076522e-06 
   2.4162109931390093e-04   -2.4996400327138385e-05   -7.4026121310288623e-05   -1.4155932430965425e-04    6.4708055189007110e-06 
  -3.7840823111227164e-05   -3.7004460879634299e-06    9.5929170030708929e-07    9.1966026175355889e-05   -4.1126462071901994e-05 
  -1.5370217295817643e-04    4.4409132193059282e-05    2.9241144619236085e-04   -9.3807032145471308e-05    7.8809171051482817e-05 
  -1.6978355400965999e-04    4.7211083144955269e-05   -8.1574225935576565e-05    6.0291600169102136e-05    1.4304657780284699e-05 
   5.6189896117254393e-06   -2.1768400586387187e-05   -2.0743652818630545e-04   -6.3389449731859256e-05    1.7201514487857862e-05 
  -3.8174089111742363e-05    1.7990093146726469e-05    3.3937267137445157e-05   -8.3019515959143248e-05   -1.2651688643373433e-05 
   5.3858025428073809e-05    8.3486973802909871e-05    1.3010604041161557e-05    7.5763650810243776e-05    1.8010270692088106e-04 
  -2.0458056801516591e-05    5.3200448701099292e-05   -7.7018943123782454e-05   -8.0249806737532040e-05   -2.8962946567062350e-04 
  -6.4465675541915010e-05    7.4449173718383352e-05   -1.7052467451568026e-04   -2.1817139540191750e-05   -3.9144900156061509e-05 
  -3.2066010408046835e-05   -1.7575496791439024e-05   -1.7025050771478657e-04   -2.2348055603870836e-05   -2.8843553380596488e-05 
2    21 5 
   1.6621252753403860e-02   -2.1114209350604634e-02   -1.5495868038054318e-02    1.2661514511551029e-02   -1.4140312939251517e-02 
  -9.4308755149587042e-03   -9.0055167603283921e-03   -9.5542552433291010e-03    2.6967083507417403e-03   -1.2650645429571994e-03 
   1.8438138745840112e-02    6.9983647903824149e-03    2.4355832679381472e-03    2.9613827843397302e-04    3.1908851351290725e-04 
  -2.4333546738942069e-03    9.2823579975348843e-03    2.2129373566240534e-02   -2.1228237456150639e-03   -1.3301872803138087e-03 
   1.3444721202686472e-02   -1.9769339258263036e-02   -1.0381528635107938e-02   -1.4450694527922629e-02    1.0200630334598657e-02 
  -1.3985904256237979e-02   -1.3263800588860718e-02   -7.2175233136874926e-03    3.0070963620725945e-03   -1.7111004127303006e-03 
  -1.4227667725737797e-03    8.2773760119969923e-04   -4.3362712870833346e-03    1.0794806178477455e-03   -1.8346773235478433e-03 
   1.9401450155594167e-03   -2.9044487102518213e-03    2.5938082787463568e-04    3.9468528664883063e-03   -3.5261313620545262e-03 
  -6.5128022960218076e-03    5.2377342971093865e-03   -2.4947447995959816e-03    7.0896969878912492e-03   -3.2135955033116390e-03 
   4.3279610468255365e-03    1.3841387941274737e-03    2.3462594550803929e-03    2.3576181968704146e-03    2.1099982542122442e-03 
   1.6221643640132850e-03   -2.3456427745942505e-03    9.0830188765511004e-04    5.8808289900432291e-03    5.0062868418128013e-04 
   1.3020468165647939e-05   -4.2765364114468309e-04   -4.1983514249801412e-04    1.1554900651598874e-03    3.5295003383386354e-03 
   1.1702571161924054e-03    2.0226225309511931e-03   -3.7583994171369063e-04   -3.4470401975194051e-03   -3.0884540168387886e-03 
   3.1302532853537753e-03    1.4033998267945036e-03   -1.4802593843863394e-04   -7.4432813125800917e-04   -2.9356402609261689e-03 
  -2.8532324682318919e-03   -1.9586799642032741e-03    1.1886361096141483e-03   -1.4284596973454314e-03   -1.9617664929444259e-03 
  -1.5492303024679862e-03   -1.9973965268569233e-03    3.6333923909452055e-03   -6.8285877889671758e-04   -7.0032272301622346e-04 
   5.9296151185407988e-04   -5.7696693536613117e-04    7.2444457974241974e-04    9.9129598774771663e-04   -6.4859775322913705e-04 
   1.5411977329781959e-03   -8.6324341013323226e-04    7.7154507617933172e-04   -5.1619272277947923e-04    1.5385373321049407e-03 
  -3.6483492138012852e-04    1.0689090304926553e-03   -5.4055480110588535e-04    1.0291597842694521e-03   -4.4105370514814111e-04 
  -1.0969732712102823e-03    2.3799972184813068e-03   -6.0262419252567782e-05    1.2532957544031816e-03   -8.8731598829318119e-04 
  -1.6297057071433634e-03    4.8430768814809559e-03    3.6088277066727390e-04    2.1436416648020558e-03   -4.3352417782373004e-04 
2    21 5 
   9.6966141332121224e-05   -1.5833847103814483e-02    2.0416240221569256e-04   -2.1243476527270336e-02   -1.1757809840959768e-04 
   8.1576949003094620e-05    1.3824205975408342e-02   -6.6092691054374950e-04   -3.6615977530722499e-03    1.5748738065417912e-04 
  -5.9399195565720402e-05   -9.6175174063187450e-03    1.2730040673105022e-05    1.9745377163418471e-03   -3.7515363033823993e-05 
  -2.2628506581145427e-03   -3.1348204503873420e-02   -1.9557757915255936e-03    4.5920127285514825e-03   -8.3491103839679641e-04 
  -1.9506004766435630e-03    8.6234843726219962e-04   -1.4788635539279842e-03    1.4466779293021564e-02   -6.8202280470499059e-04 
  -1.0831507104454505e-04    6.0037022461971248e-03   -4.9246246428946803e-04    1.3268057238710053e-02   -1.0368725582299027e-04 
   4.9176049046226267e-03   -9.0545971053655717e-04    2.9589439172781175e-03    3.4688019040690225e-04   -1.8031083736574894e-04 
   4.1479817055124829e-03    2.3572050453787505e-03   -1.7252658725343984e-03   -3.3828517768856050e-04    1.3254751056473474e-03 
  -9.3294191101947667e-05    3.8133761340404708e-03   -6.9476404859822255e-03   -7.9336587281109692e-04    2.2524075804385255e-03 
  -4.4229791447734090e-03   -2.4805779345053497e-04   -4.2013949270207915e-03   -1.2472679879713764e-03   -1.1933292800221273e-04 
  -3.1996525399700737e-03   -6.8429735585289961e-03   -1.8773599749941272e-03    1.3061186712595883e-03   -6.1383332103731505e-04 
  -6.3256360601036184e-04   -1.0985641154741138e-03    2.6980250474139948e-03    8.9715471117130554e-05    4.1270520737833293e-03 
   3.5821761868547646e-03    1.4994692307187857e-03    1.7322531064932424e-04   -1.6708867694631402e-03   -2.9631599874165616e-03 
   1.5066936840157506e-03   -1.5150658479629690e-04    5.5628257343963352e-04    4.3876503728565604e-04   -3.2820836367044187e-03 
   1.8592929063091304e-03    6.9384929776049418e-04   -7.0864641315772348e-04    4.1121267691844891e-04   -3.7898087640977564e-03 
   1.3869376746194180e-03   -3.6644174516607409e-04   -2.3257387014889437e-03   -1.9992243095904610e-05    9.0486633495782574e-04 
   8.9372325073553522e-04   -1.1310836793882845e-03    7.3576427434944006e-04    1.9618667425663519e-04    1.3020542130171807e-03 
  -5.1260657142866261e-04    2.6459070209301582e-04    5.9779591496679702e-04   -1.8608792622569091e-04   -3.9965496932323295e-04 
   5.3169511051112434e-04    2.4362442381110020e-03    8.5547395946063230e-04    3.6590297017111671e-04    5.0442687538728174e-04 
  -1.6101045639650089e-04   -6.3341835115319860e-04    7.9981536388618719e-04    8.6068769966782271e-05    1.9335752779295855e-03 
   9.9823907854891493e-05   -1.2367819259822502e-04   -7.1078129983469761e-04   -1.2985661357700859e-04   -1.5036599825927076e-03 
 TENSORSUMACCUMULATOR_IMPL_H - PrettifyOut: Norm of simple tensor is 1.86014e-06 
 As simple full tensor 3    5 5 5 
  -3.6481481230322274e-09   -5.2382277333139475e-07   -1.1794671673150500e-08   -2.1201060019078958e-07   -6.4477667860933314e-09 
  -2.8262806899522355e-09    4.3251009835528023e-07   -1.1788328393511488e-08    8.5857769494439536e-07    1.4999365787618797e-09 
  -1.1220305444178959e-08    1.7396858409554083e-07   -2.1449722357559667e-08    6.2212896548757173e-07   -1.9274063190121207e-09 
   1.7106966184720622e-08   -3.3107098416124451e-07    1.9495783774919538e-08   -5.4031222352190667e-07    8.6739154670191304e-10 
  -5.8992103078448217e-09    3.8301431814601157e-07   -6.6489720755858410e-09    5.4574917144897096e-07    1.0642662242031111e-09 

   2.7921439736927579e-09    8.5483726207665502e-07   -1.0029136944104296e-08    3.1538149434579196e-07    1.2006021682871924e-09 
  -4.3138507184282624e-09    4.9014739156985796e-08    9.0192002901263478e-10   -1.1342464778310768e-07   -3.0386086823934318e-09 
   6.3888269970494331e-09   -1.4830423948213560e-07    4.1954679810177360e-09   -8.2534309934843012e-08   -4.0079539398036833e-09 
   2.5890403784032006e-09    1.3406545850490697e-07   -6.1663386115170689e-09    8.5327530900244812e-08    4.6615986803570439e-09 
  -4.4688860846208234e-09   -1.1972818594461597e-07    3.7913912069596483e-09   -1.3716490073688481e-07   -3.7604974129683060e-09 

   7.0199771041318791e-09   -7.7097004160514047e-08   -2.3076351307611444e-09   -4.7042885163046033e-08   -1.8941582863814178e-09 
   3.4847800481609063e-10    2.5633792835183135e-08    2.0647582498661197e-09    2.0690486602618746e-08   -1.8072884051542836e-09 
   9.4662858915073122e-09    4.7864588269073806e-08    5.6137138474172183e-09    1.1206527823772267e-08    8.4429697540213379e-10 
  -7.5462270769702195e-09   -3.6776783606228660e-08   -2.8011315506542329e-10   -5.2181175883019227e-12   -2.8765664633918376e-09 
   4.1262425594746744e-09    1.6325583300465317e-08   -2.7569504351362219e-10    1.1968035533886453e-08    2.2374431002051431e-09 

   1.0901036124498004e-09    3.1462772444359958e-08    3.5730701767104499e-09    1.4548635268540467e-09    4.9143731452274527e-10 
   4.6820873877248464e-09    1.6404840233307829e-08   -2.5409215012315297e-09   -4.1440130288173421e-08    2.5935263947718723e-09 
  -1.2869813167363378e-08    5.8286900165546403e-10   -8.1573357132887833e-09   -2.5471261382848633e-08   -5.3197772094629135e-10 
   1.0000456725081845e-08   -8.2859676358700389e-09    1.4177432026321308e-09   -5.7750576622121519e-09    3.2921473875595804e-09 
  -5.8076705122122727e-09    9.0582561626076955e-09    1.1322903746162128e-10    5.3427776152193793e-09   -2.8733783660501181e-09 

  -2.7414762866108004e-10   -1.0851680785735134e-08   -7.5644397617206783e-10    4.0639922792258815e-10   -2.4326389613275310e-10 
  -1.7700255425369074e-09   -9.2022143087126362e-09    7.7733953174494402e-10    1.2270317649209127e-08   -7.9510233169272215e-10 
   4.0365520789385931e-09   -2.3820073824901561e-09    2.7689961713717731e-09    7.6292907188750192e-09    9.6930537950822273e-11 
  -2.8411320016266398e-09    3.3905423058336330e-09   -3.7824420259011883e-10    2.1534740445619509e-09   -1.2272488686676054e-09 
   1.7055736801196612e-09   -2.7748482670919851e-09   -1.3907790963811148e-10   -2.5755851954566045e-09    1.0437834838469731e-09 
