2    7 5 
  -1.9125563153203418e-03   -5.8745265662901887e-06   -7.6109588127343936e-04    5.8047537433088952e-07   -1.6027560544332018e-05 
  -1.9125563153203418e-03   -5.8745265662901887e-06   -7.6109588127343936e-04    5.8047537433088952e-07   -1.6027560544332018e-05 
  -1.9125563153203418e-03   -5.8745265662901887e-06   -7.6109588127343936e-04    5.8047537433088952e-07   -1.6027560544332018e-05 
  -1.9125563153203418e-03   -5.8745265662901887e-06   -7.6109588127343936e-04    5.8047537433088952e-07   -1.6027560544332018e-05 
  -1.9125563153203418e-03   -5.8745265662901887e-06   -7.6109588127343936e-04    5.8047537433088952e-07   -1.6027560544332018e-05 
  -8.5090558391439526e-07    1.5297143591380263e-03   -2.4766817945450327e-07    4.1162243383515066e-05   -8.5537304246948172e-09 
  -8.5090558391439526e-07    1.5297143591380263e-03   -2.4766817945450327e-07    4.1162243383515066e-05   -8.5537304246948172e-09 
2    7 5 
   2.3659349969849946e-04    6.7923413343043961e-03    6.4834845781039697e-05    2.9757232931565620e-05   -2.8526738803937623e-06 
  -7.1100259735952086e-05   -1.2415618733275632e-04   -8.1495880084927208e-05   -4.4826116088476240e-06    1.8674040259417194e-06 
  -2.9645324483623090e-04    2.3104509565837826e-03   -4.3985471768107054e-04    1.0138305258213083e-04   -3.1292596090467886e-06 
  -5.2440187080756134e-04   -6.3828868335871097e-04   -6.0512010000057456e-04   -6.9011540975277711e-04    3.5764598259987840e-05 
  -2.4832594737729658e-05    6.8747725262906505e-05   -3.2137674952268881e-05   -1.9204176087848292e-06    6.7309615190791744e-07 
  -1.5248362062604033e-04   -5.0769183523639875e-03    1.2176126719836204e-04    5.7694909513539962e-05    1.5708600057480422e-04 
   8.5765364689878692e-04    1.5827612716834277e-03    1.0006953257326724e-03    3.1464006162875503e-04   -6.1440612221779611e-06 
2    7 5 
  -5.6002821495310432e-04    5.6673698335179165e-07   -1.8416751852657411e-05    3.9370135098957623e-08   -5.5793859848030159e-07 
  -4.7978551640604971e-08    1.1265001563757372e-05   -9.8078344147976964e-09    1.4494926958025717e-06    5.8391161381874841e-10 
  -1.8656288706190080e-04    1.0251896335380928e-07    1.2616661671091123e-05   -1.6018967843888052e-08    1.4956847531634477e-07 
  -2.0187293750307856e-06   -5.8488340059257052e-07    5.8968972137863707e-05   -9.5339663309882716e-08    2.3857931512940059e-06 
  -2.0237455559470146e-08    6.2645472540623632e-06   -5.0349429338083904e-09   -2.8607084033619198e-07   -3.3398646399355557e-10 
  -2.1431417724065701e-06    4.2455448223924290e-04   -8.8195217722281283e-08    3.3926018222534979e-07   -7.8026104136934758e-09 
  -9.0617647186049513e-06   -1.1064540323334986e-04   -9.7363170707938183e-07   -6.4471893153307484e-05   -9.8761371154363710e-08 
 TENSORSUMACCUMULATOR_IMPL_H - PrettifyOut: Norm of simple tensor is 9.43014e-09 
 As simple full tensor 3    5 5 5 
   1.4560795209539495e-10    1.1802822175734539e-12    7.4628935322822528e-11    1.0809647075105393e-13    2.7302305133728121e-12 
   8.0971048240834413e-09   -4.6950189998094618e-12    2.5548219737271872e-10   -8.6949354766145726e-14    9.4998793693407325e-12 
  -8.9838903132920083e-11    1.5301703380310006e-12    8.1142750892225845e-11    1.3450804621207457e-13    2.9563050414705117e-12 
   6.5384789137262057e-11   -6.9574434318583243e-13    7.6434160242150066e-11   -9.6351422726917613e-14    3.1517543765691344e-12 
  -4.0334938572988650e-12   -6.1911667774142901e-14   -4.0585067910736396e-12    1.4493091346039934e-15   -1.6534260131566481e-13 

  -1.0941593815255634e-11   -2.4418974264131683e-10   -1.0275738075362109e-12   -8.4663820904692867e-11   -1.1936562181973551e-13 
   1.9574759049591168e-11   -3.5651019742270901e-09   -8.8766029169841704e-13   -1.5873289657629298e-10   -1.4934230475011101e-13 
  -1.4546701384357619e-11   -9.0291503946135247e-11   -1.2576091984725878e-12   -9.8628721007475119e-11   -1.4355484904737203e-13 
  -4.3498340510342369e-12   -1.5787047910139958e-11   -2.4163083504419662e-13   -3.1001336436064679e-11   -3.8542698994557780e-14 
  -4.4221132730041771e-13    1.0305894989043833e-10   -2.4508145903691084e-14    6.8747804996072700e-13   -1.4545781130995988e-15 

   5.7943557911661616e-11    4.5517150751649362e-13    2.9698279697410347e-11    3.7983074241102091e-14    1.0864792087916681e-12 
   3.2222175526488558e-09   -2.0803253490170845e-12    1.0166825229518620e-10   -4.4038442122550404e-14    3.7804370534315651e-12 
  -3.5751962599546861e-11    6.0355813422235856e-13    3.2290417627988626e-11    4.7663211757039220e-14    1.1764433898955891e-12 
   2.6019404429249659e-11   -2.7780778212236362e-13    3.0416709778421395e-11   -4.0185872446324275e-14    1.2542280570613637e-12 
  -1.6051419828321722e-12   -1.8510327596405532e-14   -1.6150709641128831e-12    6.1762082661472522e-16   -6.5797634036738393e-14 

  -3.5064663230170133e-13   -6.5711709688418830e-12   -5.6468743162033681e-14   -2.2781958054223379e-12   -4.2662180899679798e-15 
  -2.6000378741965587e-12   -9.5928791828907305e-11   -1.2254181334490218e-13   -4.2711886462995184e-12   -7.6869903894222910e-15 
  -3.5673407974802203e-13   -2.4301759730433484e-12   -6.5173950349041690e-14   -2.6539768304184863e-12   -5.0044079621327272e-15 
  -1.4229520637229603e-13   -4.2453294186487466e-13   -3.6017505938684298e-14   -8.3415406646274247e-13   -2.2541905419770159e-15 
  -1.0341561626618462e-14    2.7731584405320360e-12    9.0775304410113368e-16    1.8498261866399127e-14    2.4708202623377773e-17 

   1.2202310129959815e-12    1.0118130327590906e-14    6.2540486032436446e-13    9.8462482904379264e-16    2.2879933933518986e-14 
   6.7855176961008321e-11   -3.6028733592330360e-14    2.1409876033295372e-12   -5.8099288893605351e-16    7.9610837154394476e-14 
  -7.5285263930522998e-13    1.2907094729394498e-14    6.7999202067796824e-13    1.2189491736378991e-15    2.4774501653463967e-14 
   5.4794034265300844e-13   -5.8157771568504063e-15    6.4053223881609078e-13   -7.7860383599812191e-16    2.6412304559124159e-14 
  -3.3800992828190055e-14   -6.1469960020737850e-16   -3.4010994273955561e-14    1.1505957526273406e-17   -1.3855993925981333e-15 
