2    25 5 
   1.1062994544367666e-04   -9.1507315796654173e-04   -4.8921453939754753e-06    9.8493813785045393e-05    1.1952816109585897e-07 
  -7.9958126267920798e-05   -8.4993921032138343e-04   -3.1761331656172219e-07   -8.9594693264651858e-05    1.2036956353609545e-07 
   1.1695488221680335e-04   -9.6229519288185219e-06   -4.4324082788223979e-07    5.1344321692674784e-08    7.8825875198760613e-08 
  -3.4456382744628123e-06    7.8340715870696940e-04    4.4305787460318949e-07   -5.0410827927810104e-05    4.2409835545808302e-08 
  -2.0685847289724990e-05    3.6148074539473683e-04   -4.3937203735188451e-07    1.2570406010856222e-05    3.1652320324540257e-09 
   3.2896811695198739e-06   -2.3503284749757384e-04    7.5067572697259526e-08   -7.7029709450807533e-06   -1.6790202538194989e-08 
  -2.8929949728848930e-05   -2.5884639787405514e-06   -1.3122783702072705e-06   -3.5566686869278521e-05   -1.0573056948751551e-07 
  -3.0375560413320992e-06    6.9062477201677953e-04    3.9058456415321045e-07   -4.4440449845114793e-05    3.7387050500579510e-08 
  -2.9411926882224720e-05    5.1396711500249293e-04   -6.2471592561290445e-07    1.7873082851908490e-05    4.5004476635605584e-09 
  -4.2778826687398583e-06    3.0563537713327796e-04   -9.7617444268267698e-08    1.0016899573455328e-05    2.1833883814722185e-08 
  -7.7412478365775089e-05   -6.9263657086490830e-06   -3.5114724323991034e-06   -9.5171453929791176e-05   -2.8292013984702614e-07 
   5.8188551529240768e-05   -1.4606524325688395e-03    5.6691409097535626e-06   -3.3731170886175859e-04    2.5183303189958698e-07 
  -4.2226381599836425e-06    4.2232506850836086e-04   -6.3721907840604904e-07    3.6221798717845983e-05    1.0138978227274479e-07 
   4.6906705706875769e-06    3.9185533376209130e-04   -6.0959926181966460e-07   -2.2693390306863243e-05    1.7023301249976752e-07 
   2.5814906524866167e-04    2.3304261907646802e-04    2.4772127617720220e-06   -2.2169156450414147e-04   -2.3517679254415819e-07 
  -4.0980820793090894e-05   -8.1353162243943966e-05   -1.0315262375618321e-06    1.1891167250974895e-04   -5.2155008733632481e-07 
   1.7193422123077649e-05   -4.3159029032775005e-04    1.6751049850007024e-06   -9.9668103864082518e-05    7.4411056955219828e-08 
  -6.6108657302717177e-06    6.6118246855595918e-04   -9.9761561576144978e-07    5.6708019669280798e-05    1.5873352431153987e-07 
   6.2121759521225932e-06    5.1896082754560404e-04   -8.0733400856856610e-07   -3.0054409366838791e-05    2.2545122505872873e-07 
  -1.5861511213139905e-04   -1.4318890180990313e-04   -1.5220794218383835e-06    1.3621444775923700e-04    1.4450020682493180e-07 
   3.7038690255129767e-05    7.3527433548543436e-05    9.3229906243199119e-07   -1.0747302080759112e-04    4.7137982508741801e-07 
  -3.9587416825259901e-05    1.9244400345486022e-03    5.5393697290241352e-07    9.5427597175415529e-05    1.9437999044018112e-07 
  -2.7396162336108077e-04    1.9680742805129529e-03   -2.2535729580854003e-05    9.3399215900611743e-04   -1.7169503206240971e-06 
   5.4352836963556787e-05   -1.2780562809856925e-03   -1.9865200341107983e-06    4.3306846321935843e-06   -6.1411437411283318e-07 
   7.4516786884095239e-05   -1.5069772403993411e-04    6.1116533715177286e-07   -6.5490098619602673e-06    2.5506643797433639e-08 
2    25 5 
   8.7644113364917890e-04    3.0185200324914647e-04    7.1614910520828332e-06   -2.7423098810576746e-06   -5.9004392775463442e-07 
  -8.1225532790549465e-04    2.7697096232744600e-04   -1.8370403414525569e-05   -2.8438494084200210e-06    3.1103332146226201e-07 
   1.7986892417990963e-05    1.1596197717285542e-04   -8.8482583626387053e-08    7.3014614985826642e-07    3.9988725798716444e-08 
   7.7214006530069719e-04    1.4115091336473992e-04   -8.6599963931370229e-06   -8.9427114650635397e-06   -1.1269407904250838e-06 
  -2.9623865427636062e-04   -1.9126262770091608e-04   -8.2925742598827709e-05    6.2471456108111560e-06   -5.5479131827888125e-08 
   1.9964674953005938e-04    7.0110802210969234e-05    1.0257231803837738e-04    2.9936488619242962e-07   -3.8837934757155236e-06 
  -4.4906931505234682e-05   -9.3205596186685191e-06    2.5542726198318047e-06   -3.9603921935364739e-07   -4.2204373449640920e-07 
   6.8069209048774956e-04    1.2443378424493895e-04   -7.6343545858680224e-06   -7.8835864570922043e-06   -9.9347219107408036e-07 
  -4.2120342073649728e-04   -2.7194450110998086e-04   -1.1790698460692998e-04    8.8824299703235216e-06   -7.8882346270711812e-08 
   2.5961949674580128e-04    9.1171688140686101e-05    1.3338445855921313e-04    3.8929239408899449e-07   -5.0504629301669495e-06 
  -1.2016463548001615e-04   -2.4940507211375715e-05    6.8348744389915895e-06   -1.0597452739311251e-06   -1.1293297006159070e-06 
   1.4969489861860028e-03   -9.6874606413301458e-05    2.1144017012142633e-05   -3.8312913201371354e-06    3.5064581190901112e-07 
   4.1881275423130026e-04    6.4085306180404808e-05   -1.3280876183838955e-05    9.9154825227357287e-07   -5.6105153859816279e-07 
   3.9075586031830489e-04    1.2562138262158427e-05   -3.5137497958053134e-05   -2.2955788458503638e-06   -3.6387711525032700e-07 
  -3.9799149771236903e-04    1.0808594485583521e-04    4.8145459238963939e-06    3.4860267145927311e-07    1.9686359021010351e-07 
  -8.5186059073067178e-05    1.1647045776236710e-04    4.0077437700274513e-05   -3.2567861431739091e-06    4.9672882530102228e-07 
   4.4231511422440981e-04   -2.8624290471191763e-05    6.2475865151002959e-06   -1.1320613284298519e-06    1.0360803459442256e-07 
   6.5568366965147197e-04    1.0033048970590691e-04   -2.0792236015804607e-05    1.5523452667541781e-06   -8.7836945741265729e-07 
   5.1750471964278743e-04    1.6636899147658650e-05   -4.6534992501248706e-05   -3.0401921191201029e-06   -4.8190735862196221e-07 
  -2.4453881317053561e-04    6.6411490766478371e-05    2.9582123059210102e-06    2.1419272531378857e-07    1.2095933954162262e-07 
  -7.6991626692710471e-05    1.0526663755013877e-04    3.6222207668666084e-05   -2.9435011512642530e-06    4.4894623253180053e-07 
   1.7755008941380958e-03    7.3051207852601057e-04   -1.6738302407998075e-04   -3.8519235185390631e-06   -7.7553242502217259e-06 
  -2.1904580698035307e-03   -1.4676282690071109e-04   -3.9146919488632147e-05    6.7161104478729118e-06    1.8555316818075714e-07 
  -9.9668024710633453e-04    6.4340997690164308e-04    4.7588750789070115e-04    5.0809630454988861e-05    2.5912195485727095e-06 
  -2.1601059104898790e-05   -1.6677102111651966e-04   -3.4413044468620943e-06   -3.7965741812195743e-06    6.1925089148767773e-07 
2    25 5 
  -2.4300409773646971e-06    7.5693952382259249e-04   -2.0407016708130394e-07   -9.6224264492201973e-06   -2.8930276433101724e-08 
  -2.4300409773646971e-06    7.5693952382259249e-04   -2.0407016708130394e-07   -9.6224264492201973e-06   -2.8930276433101724e-08 
  -2.4300409773646971e-06    7.5693952382259249e-04   -2.0407016708130394e-07   -9.6224264492201973e-06   -2.8930276433101724e-08 
   7.3064794259317648e-08   -6.7672003295515533e-04   -2.2031065270724064e-07    2.0655786342399712e-06   -3.3573924891503278e-08 
   7.3064794259317648e-08   -6.7672003295515533e-04   -2.2031065270724064e-07    2.0655786342399712e-06   -3.3573924891503278e-08 
   7.3064794259317648e-08   -6.7672003295515533e-04   -2.2031065270724064e-07    2.0655786342399712e-06   -3.3573924891503278e-08 
   7.3064794259317648e-08   -6.7672003295515533e-04   -2.2031065270724064e-07    2.0655786342399712e-06   -3.3573924891503278e-08 
  -5.0018095533478929e-06    5.8073701065561637e-04   -5.2238417150853268e-07   -4.9399641611843983e-06   -6.4577298062162774e-08 
  -5.0018095533478929e-06    5.8073701065561637e-04   -5.2238417150853268e-07   -4.9399641611843983e-06   -6.4577298062162774e-08 
  -5.0018095533478929e-06    5.8073701065561637e-04   -5.2238417150853268e-07   -4.9399641611843983e-06   -6.4577298062162774e-08 
  -5.0018095533478929e-06    5.8073701065561637e-04   -5.2238417150853268e-07   -4.9399641611843983e-06   -6.4577298062162774e-08 
   3.7578104858479432e-06   -1.4097360914692826e-03    6.4160900248622790e-07   -9.9691492101879297e-05    8.6370784490220950e-08 
   3.7578104858479432e-06   -1.4097360914692826e-03    6.4160900248622790e-07   -9.9691492101879297e-05    8.6370784490220950e-08 
   3.7578104858479432e-06   -1.4097360914692826e-03    6.4160900248622790e-07   -9.9691492101879297e-05    8.6370784490220950e-08 
   3.7578104858479432e-06   -1.4097360914692826e-03    6.4160900248622790e-07   -9.9691492101879297e-05    8.6370784490220950e-08 
   3.7578104858479432e-06   -1.4097360914692826e-03    6.4160900248622790e-07   -9.9691492101879297e-05    8.6370784490220950e-08 
   6.8073381100287498e-07   -7.4160204037136896e-04    1.5568705925085393e-07   -4.9254631121993154e-05    2.4759184336742940e-08 
   6.8073381100287498e-07   -7.4160204037136896e-04    1.5568705925085393e-07   -4.9254631121993154e-05    2.4759184336742940e-08 
   6.8073381100287498e-07   -7.4160204037136896e-04    1.5568705925085393e-07   -4.9254631121993154e-05    2.4759184336742940e-08 
   6.8073381100287498e-07   -7.4160204037136896e-04    1.5568705925085393e-07   -4.9254631121993154e-05    2.4759184336742940e-08 
   6.8073381100287498e-07   -7.4160204037136896e-04    1.5568705925085393e-07   -4.9254631121993154e-05    2.4759184336742940e-08 
   2.3227969399373098e-06   -1.4982748600818245e-03    2.4282754290570384e-07   -1.4373671875111378e-05    4.4435528592241265e-08 
   2.3227969399373098e-06   -1.4982748600818245e-03    2.4282754290570384e-07   -1.4373671875111378e-05    4.4435528592241265e-08 
   2.3227969399373098e-06   -1.4982748600818245e-03    2.4282754290570384e-07   -1.4373671875111378e-05    4.4435528592241265e-08 
   2.3227969399373098e-06   -1.4982748600818245e-03    2.4282754290570384e-07   -1.4373671875111378e-05    4.4435528592241265e-08 
 TENSORSUMACCUMULATOR_IMPL_H - PrettifyOut: Norm of simple tensor is 4.46275e-09 
 As simple full tensor 3    5 5 5 
   5.9380940697492408e-13   -5.9343245440715455e-10    6.9626396453622468e-14   -9.3571219112743295e-12    1.4948332933238395e-14 
   3.2467927611487803e-14   -4.7937147509126041e-11    7.3826446982134804e-15   -2.1061850632549290e-12    1.3628990149060813e-15 
   8.5781652346806674e-14   -6.4265535946364300e-11    8.8731189913768395e-15   -7.5959716769173479e-13    1.7048544022821658e-15 
   2.4090897093714758e-15   -1.0489325248406790e-12    2.5204939733907517e-16    1.0443806349859667e-17    4.1918221546681581e-17 
   8.6038068455612312e-16   -7.3943312001764227e-13    9.7705928176328204e-17   -1.1340608659676728e-14    1.9130540815912240e-17 

  -7.4064699764569175e-12    1.5675988720843845e-09   -1.3200004691343263e-12    1.6186540786034280e-10   -1.7082597733341091e-13 
   2.8888933577698950e-12   -1.2293294435012145e-09    3.2497560314567263e-13   -2.2559620331589551e-11    4.8331023848748694e-14 
  -2.4623945395866420e-12    1.6443061080190624e-09   -2.5938193819230389e-13    2.1496485921974125e-11   -4.6809609837647919e-14 
  -1.2425140326030851e-13    8.6816151386926487e-11   -1.0313468678738292e-14    2.5894894415727954e-13   -2.0700864280809368e-15 
  -3.4995226746379102e-14    2.7689810291377864e-11   -3.9414907018511701e-15    3.9747063040263397e-13   -7.5832647050423366e-16 

   1.5333310523295535e-13   -9.1231719702145162e-11    1.7463295383499285e-14   -1.4211725634589549e-12    2.9743248191914599e-15 
   6.0662402849042359e-15   -3.8992627748677522e-12    3.9030979733732521e-16    3.3869525269603642e-14    8.2733507418202211e-17 
   5.7217397268481363e-17   -3.3188498096198420e-14    3.4342098989038948e-17   -1.4364309975289098e-14    3.2310587067193754e-18 
  -6.7171383964894163e-16    4.2315787787400039e-13   -7.2624512289276133e-17    5.4351387676018199e-15   -1.2832485811735314e-17 
  -4.7429587189946543e-17    1.9655078511162490e-14   -3.9954394933526754e-18   -1.9292660532728817e-16   -6.6664266590769069e-19 

  -6.2518767521878050e-12    3.5811986633623447e-09   -7.4455925144383677e-13    6.9792529530644614e-11   -1.2270348339667032e-13 
  -2.8226316640058992e-14    6.2338290962335808e-11    6.1170565759252312e-15   -1.8568190403848829e-12    8.9753812200481256e-17 
  -1.3196369370707644e-13    8.5030833420187148e-11   -1.4444333998109213e-14    1.2073780924272228e-12   -2.5557297346944374e-15 
   1.5167225174688534e-14   -1.0999812104120334e-11    1.7435215948300410e-15   -2.1287720741371789e-13    3.1080484830632126e-16 
  -2.0663982864478360e-15    9.8226007479882077e-13   -2.7843253768281172e-16    2.3857341433260955e-14   -4.4047440292094412e-17 

   1.3092468360131998e-14   -8.0622476097515330e-12    1.5321957380016198e-15   -1.3930591242453802e-13    2.6258817317480703e-16 
  -5.9622205176516392e-16    1.5804689548805242e-13   -7.8447508155709643e-17    5.6508218467843145e-15   -1.0395217322424059e-17 
  -6.8367368164509265e-16    4.1767381389743724e-13   -7.6569140537413845e-17    5.9011532670037338e-15   -1.3305112904566745e-17 
  -9.9950998678830850e-17    6.5964636013416431e-14   -1.0474971978122479e-17    6.8791445104477908e-16   -1.9267128159251962e-18 
  -9.9528009021704250e-18    5.6135767167964096e-15   -1.1404952368044952e-18    8.2500730810918357e-17   -1.9274233152016322e-19 
