2    16 5 
  -6.4368888839932433e-06    2.3027792049387383e-03   -5.3577749828099378e-06    7.4975720907696840e-05   -1.3107043781276678e-08 
   2.3765975896377077e-06   -4.2032123527872931e-04   -6.0099323691566366e-06   -4.0582961757308552e-04    2.7428374390792929e-07 
   1.0346149573784498e-04    3.5723683918527952e-03    4.7247945473895210e-05   -2.4580068221164071e-03    3.9547838851846554e-06 
  -4.4234181521076135e-05    2.5492892713843522e-04    1.2349010184840311e-05    6.8145915035904426e-04    1.6672430200466746e-07 
   2.4454572882725494e-05   -1.2202118596026099e-03   -9.1015035305498344e-06   -4.7238775987574631e-04   -3.7937342485491339e-07 
   1.1773306679515264e-05   -1.4691063187884370e-04    8.0869203791421355e-06    2.6305833169805291e-04   -3.2730691790597122e-07 
   1.7120621287763327e-04    1.0399822866082754e-05    1.1321525036540360e-04    6.5567065264569225e-05   -7.0869791708697890e-08 
  -1.6795679438407304e-04   -3.5463920741602132e-05    1.7198263051149961e-05   -4.3254260012382701e-05    2.0566866792331566e-06 
  -1.0172828538335426e-04    3.8724245431432858e-05   -5.0248568443845825e-05    1.6500370376673194e-05    1.1785106543569161e-06 
  -1.3559152664072803e-05   -8.1846980517952275e-05   -2.2899841212733374e-05   -3.7654012854593253e-05    3.3847820949731026e-07 
  -1.3619002691524622e-04   -2.2973102909205820e-05   -7.9300802629826266e-05   -2.7359823547291591e-04    1.1870602250020567e-06 
  -3.3266172362263462e-05   -4.5127913247587557e-06    9.9111072375934056e-05   -4.7460316837543013e-06    1.7963870291643483e-05 
   1.2933775149918632e-04    2.4643382817611352e-05    6.1740545466026072e-06    6.7621723838275636e-05    2.9593652837040750e-05 
   2.8844947806340587e-05   -4.8389087271928508e-05    1.0472478951686559e-04   -3.2561364222353844e-05    1.6960121967783557e-05 
   1.2253557631405909e-04    5.7333368505970035e-06    4.3343064888178094e-06   -6.2121026091759162e-05    2.5386085174786590e-05 
   5.4857129439061174e-05    1.1958055066263073e-05   -2.1977955672687163e-04   -4.9092377876880777e-05   -1.7464601811743124e-05 
2    16 5 
   5.5470714908615479e-02    1.5698302249319285e-03    3.1268217165963509e-03    5.8100057425451116e-07    3.0602085689905269e-04 
  -1.3308553616210724e-03   -4.3325994096797243e-02   -7.0639739112113532e-03   -6.9210357397982191e-03    1.2015224496165515e-03 
  -3.0024056688327137e-03    2.0260393398137764e-02   -1.6398735165847323e-03   -3.5238003019156814e-03    2.5634025212607999e-03 
  -8.8000225117041524e-03    1.5963746723314250e-02    1.0024677191113947e-02   -5.6808720235346517e-03    2.2058337042970746e-03 
  -3.6286033060243098e-03    2.9387519199523794e-02    1.1746248984586276e-02   -5.0090302955558110e-03    1.0150574790193871e-03 
  -5.1123153145728295e-02    1.7059223551617675e-01    8.2714020746112907e-02    7.2574274177250833e-02   -1.6454085600132728e-02 
   1.1981751526439250e-03    1.1179980296123519e-03    2.6667431296851490e-03   -3.9001688671827816e-03   -1.6783920411862156e-03 
   8.9899829372253092e-04   -1.4713304973526672e-03    7.0492692193026198e-03    4.3219420566074562e-03    2.2198246036577536e-03 
   2.9599015357601875e-04    2.6244280139443121e-03   -5.5795703398308439e-03   -3.8681153557129054e-03    9.4059003534326308e-04 
   1.1184468183537108e-04    1.1787066848132604e-03   -2.1682063753388599e-02   -2.0114031123654005e-02   -1.2732801127543426e-02 
  -3.1684189131402805e-03   -3.8332856634158332e-03    3.0807485459394832e-03    5.9441786542212679e-03   -5.6856394508866285e-03 
   2.0395318370615510e-03    3.9597293569859003e-04   -1.4937957704269284e-03    2.1705074651239792e-03    2.0172943510510092e-04 
   3.2998631888142972e-03   -3.2341180176718613e-04    2.1879154256760594e-04   -5.5759466355733659e-04   -2.2549507551873232e-03 
  -1.0934730971131547e-03    7.8933540699149541e-05   -9.8576277390627961e-04    2.3850895542587756e-04   -1.8747544180263353e-03 
   1.8141936146836850e-03    1.2396991906216560e-03    5.1930244368536337e-05    6.5329038321199995e-04   -3.1211078754033190e-03 
  -1.7576046796470572e-03    2.9214290187817409e-04   -7.8555384145541531e-05    8.3010941617380808e-05    1.8944916723412448e-03 
2    16 5 
  -6.9754519718935454e-02    3.7071658770505367e-04   -7.7817654093839390e-04   -1.1453048874916190e-04    5.4752921734890243e-05 
  -3.7015635518391240e-03   -1.1150614572432944e-02   -1.3544628822214735e-02    5.1440421464263595e-03   -1.1358171495990704e-03 
   1.9052112621829732e-03   -1.8590345360638767e-03   -1.3856417068639562e-03    1.0487099230083216e-03   -3.0480672431094187e-04 
   3.2140025900934811e-03    7.2657993007153414e-03   -1.1027934736981370e-02    4.9494996243073987e-03   -1.2474763316434130e-03 
   2.4487181550514039e-03    1.6118783419242252e-03   -1.2728872390401932e-02    5.8560580457334551e-03   -1.4879358874237130e-03 
  -5.1539216805304114e-04    1.7028792183957698e-03    2.3948442594791896e-03   -4.6261135595599702e-04    3.7408359792837293e-05 
   6.3874011867703423e-03   -1.5195032260301366e-03    5.4378803421396110e-05   -2.4753189603604411e-03    9.7398198544109001e-04 
   9.2229469257665009e-03    2.5455667104789565e-03    1.3054487545364191e-03    3.5947185363725655e-03   -1.4464305352448763e-03 
   6.6549612867004724e-03   -8.2531025458880223e-03    4.5597476840066624e-03    1.4966202424711885e-02   -5.6938534925589064e-03 
   4.7135266710653990e-04    6.6691599407686295e-04   -3.1217757083384879e-03   -5.3452249051258406e-03    2.0128924159091683e-03 
  -2.3374407369596077e-04   -2.5017782895075973e-04    2.3245112086762495e-03    3.5216140047328319e-03   -1.4947035615756393e-03 
  -9.0926079115062348e-04   -2.2395062349958878e-03    9.5334743199428865e-04    9.7617958717899399e-04    1.1423700123443806e-04 
   1.9990126508565714e-04   -1.6431545842945886e-03    3.3017840642616728e-04   -5.6164675084098233e-04   -9.2550714272139265e-04 
  -5.9012694138479624e-04    6.5990830842241062e-04    1.0832106716395615e-03    6.8881463718629184e-04   -6.6593958703667334e-04 
   3.1791114315981483e-04    4.4109754710181507e-04   -1.0496975368117444e-03    2.4086927244890475e-04    1.0651347648479893e-03 
  -8.4111649773986976e-04    1.2310940814063945e-03   -1.9177955481454523e-03    3.1804820537938968e-05   -1.9005292229161931e-04 
 TENSORSUMACCUMULATOR_IMPL_H - PrettifyOut: Norm of simple tensor is 8.9723e-06 
 As simple full tensor 3    5 5 5 
   2.5603471349721053e-08    9.9337290272953239e-10   -3.1754021562301836e-09    1.1336365786792693e-09   -4.8237799310892947e-10 
   5.1673329471905409e-09   -7.1779936240430394e-10    2.1124381593314708e-09   -1.5382873803647467e-10    9.5266465646531533e-11 
  -4.0874182514195153e-09   -8.8755516093705424e-09    3.2458460914347713e-09   -1.1510473902501831e-09    3.8217886364100747e-10 
  -8.5208677100090060e-09    5.7385127547657632e-10   -5.3860117793626209e-10    2.8230935486670579e-10    8.6957109630355630e-11 
  -5.7605946144651895e-09   -9.0794114293999220e-10    2.5470645125148906e-10   -1.8065634055771402e-10   -1.3424349376858563e-10 

  -8.9331091912770400e-06    6.4364150070985856e-08   -1.0543539044222193e-07   -1.1334822931579584e-08    5.8885957900435628e-09 
  -2.4231938068118516e-07   -4.0797080476070226e-07    2.7998679041380189e-09   -6.5820322613398820e-09    3.8421850131574748e-09 
  -5.4777722143288850e-07   -4.2462588929669874e-08    8.0503156702317169e-08   -7.1258410712160996e-08    2.1752582208396971e-08 
  -2.0885864297632206e-08   -2.5782147447678713e-08   -1.1569716753344342e-07    2.3337921463455260e-08   -2.5776496069454079e-09 
  -3.2534196408432281e-08   -4.5646273406458191e-09    6.1235957478235134e-09   -3.3792752390337304e-09    8.1233540258048504e-10 

   2.0791402548388628e-08   -1.5673183278713029e-09   -1.4438273096926422e-11    2.9011452527752963e-10   -8.1970809401472470e-11 
   3.4272228496450927e-10   -7.5396700915915152e-10    1.4341705913992889e-11   -3.2642432185863906e-12    3.6479774158591835e-11 
   6.0400850454515163e-09   -2.5856405428566213e-10    1.9221996167922590e-10   -2.9387638802822200e-11   -6.1372878305870799e-11 
  -1.5961311723731423e-09   -3.9079843319276871e-10   -4.5138383157471681e-11    6.3914469662780770e-11    5.0192371511023066e-11 
  -1.9794479081016631e-10   -1.1819838760183417e-12    6.1170564159977451e-12    3.7431767898555371e-11    9.8427398164761867e-11 

  -2.8629523522863319e-07   -8.2653498410018235e-08   -6.6104633162339884e-09   -7.0126794281241969e-10    2.2515960075958985e-10 
  -1.8926913056270002e-07    2.9034374001678158e-08   -2.0762083484439224e-09   -5.3879154825849955e-09    1.9969519602820043e-09 
  -2.3883266504173424e-08    3.8828828958857828e-08   -2.4690041931268576e-09   -1.9567937364977313e-11    7.6594714308365938e-11 
  -1.3433692068673501e-08   -3.7816865846452518e-08    1.5743224347726854e-09   -1.3782671625340180e-09    5.2897297526046315e-10 
  -7.4606799111024201e-09    1.9926737844428787e-08   -3.4735081004072154e-09    7.6114440323779076e-10    5.9814814688952023e-11 

   2.5179514530439259e-11   -1.4779638348689597e-10   -4.2969607553921375e-12   -4.2345405890560882e-11   -2.5266986681305740e-11 
   2.0665554355862472e-10   -1.3359222483913745e-10    8.9388212130391000e-12    3.4726238907924038e-11    3.7816925073419634e-11 
   1.2534675228909693e-10    1.1885202813400183e-10   -1.6507737255873629e-11   -5.6769361515777053e-11    6.9742802564536698e-12 
   8.2330795954806689e-12    4.3241973049973266e-12    2.4356513813975356e-11    7.1397940118603076e-11    2.7959239720428634e-11 
   7.0397391664123045e-11   -5.3222978075204636e-12    9.7625194751530429e-11    4.0355640320975469e-11   -9.2913200660395625e-12 
