2    11 5 
  -1.2017975760658726e-03    1.1401326018407121e-06   -9.7091715968283517e-06    1.8436096357380854e-08   -3.0298176389602144e-07 
  -4.6748638385610459e-04    3.9562055652435905e-04   -4.3165423854870931e-05   -1.9124362967230151e-04   -2.7761338261645345e-06 
  -3.6643112358137762e-04    9.4919975134331278e-05   -2.2647627929086008e-05    5.9171884373914192e-06   -2.1524748031851609e-07 
  -8.3175872649387649e-04    1.2939139451540406e-05   -1.0675231967670080e-04   -1.8186986020910620e-05   -3.5699426872412619e-06 
   5.9642658182437064e-04   -4.5549682394014908e-04    9.0035634828184420e-05    9.6932019797897032e-05    2.6892293828938515e-06 
  -1.7533838790435407e-04   -2.2693584776465212e-04    2.1028069123462280e-05   -5.7427134535422634e-06   -8.7480307322015922e-07 
   5.5496991087793728e-05   -2.8907345761331936e-05    3.0948327340038511e-04   -1.9495748796833247e-05   -6.7848017103704444e-05 
  -9.6771536880240689e-05   -2.5643343670453823e-04   -1.0756817239701269e-04   -2.0859770189375255e-04   -1.5856566731223405e-05 
  -6.4398256904344114e-04   -6.7407878287805117e-04    6.2756610628818548e-04   -3.5335320839696610e-06   -6.0582877018585735e-05 
  -1.3523405428518762e-04    2.2769030780586018e-04   -7.1906788920806275e-04   -1.7765920154910788e-04    7.8589839700564834e-05 
  -1.1026949556539248e-04    1.8542050356537595e-04    1.5158148197785701e-04    2.1747270921042557e-04   -1.4463958514307680e-05 
2    11 5 
   1.6773249633956575e-01   -2.1956447671373624e-03    3.1042824630874468e-04   -1.9099682900307542e-05    2.6222063552545388e-06 
   5.4988206052808221e-02   -7.6164841563211797e-03   -1.8631984477525266e-03    5.4560025683244012e-04   -1.1719676448776299e-04 
  -6.7481941271684581e-02   -2.1454795627126304e-02    6.1489467695972676e-03   -1.1340922206833557e-03    1.9973924466193442e-04 
   2.1874148608647837e-01   -3.9458918222964996e-02   -3.9812056562062428e-03    1.4898308419222484e-03   -3.4090467929316702e-04 
   2.0629533967326100e-01   -3.0175246761724370e-02   -5.0019104107823092e-03    1.5880434700577507e-03   -3.4922383814910666e-04 
  -1.6819815630131438e-01    1.2442714552182831e-02    8.1292534383362435e-03   -2.1357879370268685e-03    4.4127366849508335e-04 
  -9.0189938486583338e-04   -1.2212501773665145e-02   -3.6599300051288764e-04    3.4577773624028474e-04   -8.8105500990020042e-05 
  -5.0200397547226329e-03   -3.2494512100394064e-03    1.0682109781787986e-03   -2.0980246687443585e-04    3.8044823899498651e-05 
  -1.1126408891652159e-03    2.5710734506141451e-03    4.2801883601823066e-03   -1.0755930197439776e-03    2.1955235793677413e-04 
   1.8848281271256371e-03   -4.3961380939769009e-03    4.8183586051340549e-03   -1.0758076492065204e-03    2.0964255113317749e-04 
  -7.6440555314914607e-04   -1.6313488153614083e-03   -9.0542948056042821e-03    2.1886404619839979e-03   -4.4078376225582425e-04 
2    11 5 
  -1.2468907682799308e+00   -4.5595223967358209e-05   -3.7983739412266161e-02   -6.3946419700434097e-04    4.0269936155563407e-03 
   1.3917961860939073e-03   -3.9815602893986973e-02    1.6708404878668065e-02   -1.7495487708872889e-01    8.0752668778355796e-03 
  -4.6467180631931150e-04    1.9844870147403108e-02    1.7297873522433428e-02    3.3587576080497464e-02    1.4555867271940089e-02 
   2.3266462719446999e-04   -2.5850423033276781e-02    1.1630050820638546e-02   -4.6706755786094421e-02    2.8050203457100562e-03 
   8.5336069556202589e-04   -4.3777851548692424e-02    1.0678081187507380e-02   -9.6961446832378756e-02    4.1770672591016494e-03 
   1.2527133382800753e-03   -2.2560245965432837e-02    1.9204721216774214e-02   -6.8452813414296071e-02    7.8497932545594420e-03 
  -4.4841204631151542e-03   -7.5251594175924507e-04    1.2071646860301118e-03    1.7123817408417053e-03   -2.9123370698469274e-03 
  -3.2798070516909636e-04    1.7585748317172525e-04   -1.8998158318734772e-03   -1.9888271003742058e-03    9.0378991051424488e-03 
  -1.4043836702029073e-04    1.9390081120223657e-03   -1.0176114100684452e-03   -1.2486375144579410e-03   -5.2892946771972956e-03 
   1.5701305169715900e-03   -1.3348738663607612e-03    2.8366241892402891e-03   -5.8378460887507184e-05   -5.1648946734736065e-03 
  -1.3563499292823950e-04    6.3908583174870134e-03   -2.7787324994792127e-03   -6.9657000515143813e-03    2.4068204741621796e-03 
 TENSORSUMACCUMULATOR_IMPL_H - PrettifyOut: Norm of simple tensor is 0.000251563 
 As simple full tensor 3    5 5 5 
   2.5140076972819724e-04    1.7726959385582351e-07    7.4165705106341289e-06    3.2649355980740530e-09   -4.2204877262591779e-07 
  -3.2952713008316323e-06    5.2226539740424797e-10    2.4433639652762660e-07   -1.2396691648249496e-10    1.6450855325681565e-07 
   4.6323180535418697e-07   -3.1713641614338101e-10   -3.2614536933639937e-08    1.0350593775541221e-09   -2.2154459479728077e-08 
  -2.8108912788645645e-08    1.1743205424986323e-10    5.3118523698707452e-09   -2.2617165686483659e-10    2.6333384468138035e-09 
   3.8228522992231391e-09   -2.2408958535031958e-11   -7.1373995596647986e-10    4.5260935031422508e-11   -3.2541437335272576e-10 

  -2.3686202876259423e-07    2.1862662138913636e-06    6.4316224340654877e-09    2.3423083714758174e-06    3.3025022581224554e-09 
   4.8034556411858237e-09   -4.4932956512811831e-07   -2.6919924278817695e-10   -6.5351364529380970e-07   -5.9000014682060173e-11 
   2.8068472917230440e-10   -3.3703097966142755e-08   -2.6870846939745973e-09    7.2138429729053449e-08    4.8253210286226643e-10 
  -1.4232023294267714e-10    1.3846533391851495e-08    8.7918292985407074e-10   -9.1632919740457205e-09   -6.4347222609728480e-11 
   3.0798377271258656e-11   -3.2448605169568746e-09   -1.8804222235297946e-10    1.1609874812065692e-09    1.1509032225993270e-11 

   2.0316490898595727e-06   -4.7675739752129861e-09   -9.6705199948486635e-08   -3.3810060045064343e-10   -3.0515805193437399e-09 
  -5.7562129563317918e-09    9.3016359875618002e-10    4.0877755112150135e-08   -8.2371491577253739e-11    1.0445826866111853e-09 
  -1.2220636391593776e-09    3.3867938696259888e-11   -6.2000448480435279e-09   -1.8868778575637070e-10   -1.0613835697651550e-09 
   5.2996974073506574e-10    1.4741317945182835e-11    9.0399748056860253e-10    2.4715211756656022e-10    2.4864400172411542e-10 
  -8.9221496453866894e-11   -3.6107129237968058e-12   -1.3435948853988262e-10   -5.9607634037530560e-11   -5.0084487120347446e-11 

  -1.8839068659723044e-09   -3.8401559479923337e-07    6.1576074613233401e-10    6.3471280029536659e-09   -4.8424609015110823e-11 
  -2.9607563944493688e-10    4.7206334638404438e-08    9.4321109440412650e-11   -2.6274895038484274e-09   -2.5815497103249966e-10 
  -1.0172817987382671e-09   -4.5734767372502529e-09    4.8416997102353202e-09   -5.3476300343974956e-11   -1.0541036816967585e-09 
   2.4963121479550904e-10    5.1305382720166443e-10   -1.1709212165432407e-09    1.0036154320350889e-10    2.7647580123530384e-10 
  -5.0502138517015975e-11   -5.7211247184200616e-11    2.3556167350229952e-10   -2.5878521865271438e-11   -5.6675382859325900e-11 

   6.3544811236742725e-08   -1.0797589064224822e-09   -4.5763657234550269e-10   -3.8626650053049370e-10   -4.9780143646173108e-10 
  -5.1085162367068942e-09   -8.9815988455417057e-10    9.8590545620283836e-10   -1.4398335316973177e-10    9.2900213206957567e-10 
   6.1543602766085482e-10   -4.3296299116443311e-11    9.8846690329005406e-10   -3.5646961156389107e-10   -5.4448845218509485e-10 
  -3.8190059609609178e-11    2.8668475090475692e-11   -2.5449229387238083e-10    7.6916860085038485e-11    1.2314694227786743e-10 
   7.2670169902768321e-13   -7.0887472395474975e-12    5.2352171222249432e-11   -1.5050247346743634e-11   -2.3800073497501599e-11 
