2    101 5 
   1.1758005049090419e-02    2.0064305093822749e-06   -1.5920730987738265e-04   -2.4786842906056273e-06   -1.8981372346260981e-05 
  -9.0144662164676290e-05    1.3252490526450916e-05   -2.3429324695523144e-03    8.2415034716333272e-05   -3.1028156192738819e-05 
  -1.9962263564845653e-04    1.8272407851005533e-03    1.9660039405908977e-03   -8.5204755847580129e-05    2.3648047518100939e-05 
  -2.7903531923250682e-04    1.2423150541199331e-03   -7.8786335602496252e-04   -3.5314809408343962e-04   -6.3499318822193767e-06 
   1.0133563201137064e-04    2.1089172240101005e-03    2.3202198846469335e-03    8.9618417028742897e-04    2.5973339685853203e-05 
  -1.8495276964873807e-03   -2.3680266310998309e-04    1.5969371842109993e-04    1.0649630604947736e-04   -1.3397805568420173e-06 
  -1.1573050217752248e-04    8.7307915806705773e-04    4.1201389305134156e-04    1.0710764118417174e-03    4.1941889872292306e-05 
  -5.5017795882777155e-05    2.9785371063126249e-04   -8.0741258872925353e-05   -3.8251383928075141e-04    1.1317456538072356e-05 
   8.6534898440240762e-04    1.2607757286061167e-04   -9.4857633738665038e-05    1.4557134130652438e-04   -6.5074591580088212e-06 
   2.2818452391635909e-04   -7.0909090288911731e-04    2.3025618012488137e-04   -1.9244162064980118e-03    1.3822783903782433e-05 
  -3.8132825892409165e-04    1.0583410675945413e-03   -2.9659236267341120e-04   -8.8480062791897315e-04    3.1828790596235519e-05 
   1.9133443265029385e-04    8.1050542380463192e-05   -7.7550517177148788e-04    2.1701726960689089e-04    1.6033144910678886e-04 
  -3.8614165472787711e-04    1.0140597367616915e-04    4.4183804052003829e-04   -2.7322825639608100e-04   -3.2289666219020667e-04 
   3.8908458998442166e-04    1.9903913767551604e-04    2.1935781218010897e-04   -5.5775653402374457e-05   -2.1588966702763517e-04 
   7.3995181670819074e-04    4.3360981064290785e-05   -5.7572004297525177e-04   -1.0926744077395660e-04    3.3231287136209611e-04 
   3.4691061217717219e-05   -2.6709876337286368e-04    1.5304922494873221e-04    2.3803251402463904e-04    4.7649488808713082e-06 
  -8.4959724384436154e-05    1.0763114169294952e-02   -1.6932913917447496e-07    4.2645899135568140e-05   -7.0591247797643455e-10 
  -9.3351355555391993e-03    1.2139199684547582e-05   -1.2690909008470691e-05    4.8441012616831310e-08   -3.2871940672103073e-08 
  -4.1722600297349147e-03    5.4255128204062941e-06   -5.6720946452273151e-06    2.1650301652145226e-08   -1.4691836379885462e-08 
   4.8760585006700774e-03   -6.3407164749790129e-06    6.6288930014803275e-06   -2.5302386874415747e-08    1.7170131573785432e-08 
  -4.2909886108995028e-03    5.5799047889476339e-06   -5.8335035086873153e-06    2.2266396904748131e-08   -1.5109916958673575e-08 
  -8.7796887348900766e-03    1.1416909169333171e-05   -1.1935791418804880e-05    4.5558739907778091e-08   -3.0916038175962872e-08 
   1.5853027428216426e-02   -2.0614919238268464e-05    2.1551837935647847e-05   -8.2263047718630414e-08    5.5823482582889287e-08 
   1.0441620697010627e-02   -1.3578048001253220e-05    1.4195150930411116e-05   -5.4182681859818305e-08    3.6768221953570915e-08 
   9.3745611707237095e-03   -1.2190467865128733e-05    1.2744507254787821e-05   -4.8645596332966634e-08    3.3010770630767929e-08 
   8.0280054017727143e-02   -2.0326993996391548e-07    1.5767926038034622e-04   -1.0569210423640445e-09    5.3642243442191709e-07 
  -3.9490139934016556e-03    9.9989449082603262e-09   -7.7563177221294998e-06    5.1990448154091107e-11   -2.6386874371546495e-08 
  -1.3365326633683141e-02    3.3841147414113418e-08   -2.6251038867955224e-05    1.7596020742697856e-10   -8.9305633104099090e-08 
  -3.9015208884013736e-06   -5.2373375478093412e-02    3.0654481626328001e-07   -2.8581314042650283e-04    3.0941171356380898e-09 
   1.8112455233072481e-02   -4.5860926887427941e-08    3.5574945480135802e-05   -2.3845817368887019e-10    1.2102542092631499e-07 
   1.8112455233072481e-02   -4.5860926887427941e-08    3.5574945480135802e-05   -2.3845817368887019e-10    1.2102542092631499e-07 
  -2.2607791163200362e-03    5.7243164677563852e-09   -4.4404302327195725e-06    2.9764118240979298e-11   -1.5106275800447682e-08 
  -2.2607791163200362e-03    5.7243164677563852e-09   -4.4404302327195725e-06    2.9764118240979298e-11   -1.5106275800447682e-08 
  -8.6430771411837460e-03    2.1884362100752490e-08   -1.6975997683449421e-05    1.1378978518469362e-10   -5.7752084720152646e-08 
  -8.6430771411837460e-03    2.1884362100752490e-08   -1.6975997683449421e-05    1.1378978518469362e-10   -5.7752084720152646e-08 
  -1.5726289917001635e-07   -2.1110713238753479e-03    1.2356239505065524e-08   -1.1520585015444053e-05    1.2471798691854504e-10 
  -1.5726289917001635e-07   -2.1110713238753479e-03    1.2356239505065524e-08   -1.1520585015444053e-05    1.2471798691854504e-10 
  -1.3681360696453912e-02   -2.0972765830627899e-05   -1.6758350803503578e-02   -3.7657991805998323e-06   -1.4632141630437908e-04 
  -9.1363379897823956e-06    9.9592192833747682e-03   -1.1502595147631036e-05    3.1900917633244479e-03   -1.6471845917556127e-07 
  -5.5056189478317367e-07   -2.8444186564189314e-03   -8.4640633033690719e-07   -4.4216439012317770e-03    8.2908935533859979e-08 
   4.2194578855332931e-04    6.4681945114145602e-07    5.1684300279214251e-04    1.1614072167569727e-07    4.5126874990433949e-06 
   2.8177309429373235e-07   -3.0715151271381035e-04    3.5475064854001357e-07   -9.8385373684526723e-05    5.0800692773296996e-09 
   1.6979836874113938e-08    8.7724496092670526e-05    2.6103952261349479e-08    1.3636757805024705e-04   -2.5569880772910981e-09 
   5.2322019691376318e-03    8.0206749249521466e-06    6.4089441115544382e-03    1.4401653698976210e-06    5.5958118457706604e-05 
   3.4940359136380751e-06   -3.8087327643553047e-03    4.3989704179955732e-06   -1.2199959328696105e-03    6.2993752271663267e-08 
   2.1055296281774852e-07    1.0877991762196855e-03    3.2369359792021038e-07    1.6909819454468933e-03   -3.1707101755734227e-08 
   1.1419806431806041e-05    1.2940006699349367e-02    1.2047702189186429e-05    9.0090263807129038e-03    2.2658451687638877e-06 
  -5.1655990625683540e-03    8.6066308060275540e-06   -6.3041609843651862e-03    6.1612347526193245e-06   -1.9301785724985111e-03 
   8.9846631517199571e-04    6.4742943714506455e-07    3.6655954233050033e-03    5.0119683865936372e-07    2.6582730575736790e-03 
  -1.6124549365520602e-02   -1.2244783940380886e-04   -1.9731797962467833e-02   -2.8795008921151486e-06   -1.5100759537809271e-04 
  -4.8805902073642480e-06    6.6853474603859487e-04   -2.3933055231356688e-05    7.0519045526003208e-06   -2.0045718508764603e-05 
   1.6247356368348255e-03    1.2338042063873370e-05    1.9882078315316210e-03    2.9014316057235785e-07    1.5215769202713454e-05 
   4.9177615193686660e-07   -6.7362640761536451e-05    2.4115332993968552e-06   -7.1056129225336461e-07    2.0198389727896609e-06 
   1.5880738296509787e-03    1.2059636821249949e-05    1.9433443531241259e-03    2.8359614309612517e-07    1.4872428671480617e-05 
   4.8067932975166052e-07   -6.5842617386038070e-05    2.3571175736409104e-06   -6.9452763083897771e-07    1.9742617445415671e-06 
   6.9610027332165115e-05    1.5255260718248785e-02    5.8653311040484421e-05    1.0604229460957685e-02    1.8873359377726522e-06 
  -3.8111563740659123e-04    1.2949850629309143e-05   -3.1343180983638206e-04    2.4611723968909756e-05   -5.2753671210955411e-06 
   5.9695569582818894e-04   -1.5114980917342038e-09    1.1724896520029605e-06   -7.8591755324499689e-12    3.9887918800786644e-09 
   5.9695569582818894e-04   -1.5114980917342038e-09    1.1724896520029605e-06   -7.8591755324499689e-12    3.9887918800786644e-09 
   1.2527833319373894e-03   -3.1720605545989741e-09    2.4606105665187236e-06   -1.6493425188219044e-11    8.3709595483413826e-09 
   1.2527833319373894e-03   -3.1720605545989741e-09    2.4606105665187236e-06   -1.6493425188219044e-11    8.3709595483413826e-09 
  -5.9192480570102951e-03    1.4987598250921939e-08   -1.1626084051102999e-05    7.7929417250332204e-11   -3.9551760291386023e-08 
  -5.9192480570102951e-03    1.4987598250921939e-08   -1.1626084051102999e-05    7.7929417250332204e-11   -3.9551760291386023e-08 
   7.3881866625819686e-04   -1.8706966228667669e-09    1.4511248438505291e-06   -9.7268618514780420e-12    4.9367045451048427e-09 
   7.3881866625819686e-04   -1.8706966228667669e-09    1.4511248438505291e-06   -9.7268618514780420e-12    4.9367045451048427e-09 
   5.1252317914543318e-03   -1.2977140726886227e-08    1.0066544773075324e-05   -6.7475855536732672e-11    3.4246231497819473e-08 
   5.1252317914543318e-03   -1.2977140726886227e-08    1.0066544773075324e-05   -6.7475855536732672e-11    3.4246231497819473e-08 
   5.1394363622894480e-08    6.8990949439269198e-04   -4.0380857118014250e-09    3.7649893176145212e-06   -4.0758510772954066e-11 
   5.1394363622894480e-08    6.8990949439269198e-04   -4.0380857118014250e-09    3.7649893176145212e-06   -4.0758510772954066e-11 
  -1.6540122017709089e-03   -2.5355088107379318e-06   -2.0260058429522024e-03   -4.5526742056770947e-07   -1.7689571477387669e-05 
  -1.1045403194815247e-06    1.2040228000920672e-03   -1.3906096877588945e-06    3.8566709981377223e-04   -1.9913687488986190e-08 
  -6.6560345276000897e-08   -3.4387684595444838e-04   -1.0232654697834567e-07   -5.3455596462849365e-04    1.0023300609594014e-08 
  -3.4711435566837064e-03   -5.3210702205731056e-06   -4.2518169576001305e-03   -9.5543344346530831e-07   -3.7123693518395696e-05 
  -2.3180107190023578e-06    2.5267866707181148e-03   -2.9183616979113424e-06    8.0936879855550588e-04   -4.1791268494391287e-08 
  -1.3968489070882554e-07   -7.2166692413120812e-04   -2.1474456708438068e-07   -1.1218299903231550e-03    2.1035101972310045e-08 
   1.9652659993783090e-02    1.4923987642855388e-04    2.4049187833528159e-02    3.5095462640054402e-06    1.8404861191285835e-04 
   5.9484812716327398e-06   -8.1481260406699374e-04    2.9169695624489097e-05   -8.5948871710617688e-06    2.4431795348416312e-05 
  -1.9802337619911872e-03   -1.5037650986314468e-05   -2.4232350079574569e-03   -3.5362754983051043e-07   -1.8545035393313083e-05 
  -5.9937858032376812e-07    8.2101833989894430e-05   -2.9391856431084938e-06    8.6603471296127342e-07   -2.4617871591071098e-06 
  -1.7016424521606191e-02   -1.2922062935316007e-04   -2.0823195928928590e-02   -3.0387707885561203e-06   -1.5936007206720468e-04 
  -5.1505436215223278e-06    7.0551249452977340e-04   -2.5256831597827699e-05    7.4419569088540642e-06   -2.1154479933259459e-05 
  -8.4840791196106008e-05   -1.8593131461694647e-02   -7.1486731231990472e-05   -1.2924448559683159e-02   -2.3002874779721211e-06 
   4.6450423098516196e-04   -1.5783294668443659e-05    3.8201109454612540e-04   -2.9996800953095154e-05    6.4296242589874709e-06 
   1.6468125596744121e-07    1.3219732671393184e-04    2.5781617526814738e-08    5.5409185025252413e-07    1.9211620390821659e-10 
  -6.9801057137515793e-05    9.1178500230018201e-08   -2.1681888595020032e-05    7.1669140486517430e-10   -1.6230167606075826e-07 
  -9.3984768085803408e-06    5.8089782792085016e-09    3.0255081089363168e-05   -4.4573973502961597e-10    2.2703673694435255e-07 
  -4.6790399934914492e-07   -3.7560836847724561e-04   -7.3252550083001800e-08   -1.5743248447848957e-06   -5.4585410841293751e-10 
   1.9832368657607882e-04   -2.5906278563188286e-07    6.1604111089960597e-05   -2.0363141674233540e-09    4.6114296908758345e-07 
   2.6703615178854152e-05   -1.6504878791496165e-08   -8.5962870268274844e-05    1.2664671729879210e-09   -6.4507278980459749e-07 
   1.1570693464409241e-06    1.5626908797796148e-04    1.7960887883863364e-08    5.2175486284951812e-07    1.2011124944166914e-10 
  -6.4350763491623153e-06    4.7236227933538844e-08   -3.6100002260596608e-08    1.2441808573496889e-07   -2.1843001160523281e-10 
  -3.2875470346852844e-06   -4.4400275435103399e-04   -5.1031741428926192e-08   -1.4824467154623887e-06   -3.4126855330573277e-10 
   1.8283792786262451e-05   -1.3421090235454824e-07    1.0256987253962816e-07   -3.5350544034147061e-07    6.2061875474264758e-10 
  -1.5669696980593658e-03    3.9675837335568828e-09   -3.0777087291677239e-06    2.0629822275157777e-11   -1.0470318068206239e-08 
  -1.5669696980593658e-03    3.9675837335568828e-09   -3.0777087291677239e-06    2.0629822275157777e-11   -1.0470318068206239e-08 
  -1.1160687527049166e-03    2.8258978040527400e-09   -2.1920874071817062e-06    1.4693519628155027e-11   -7.4574478634008486e-09 
  -1.1160687527049166e-03    2.8258978040527400e-09   -2.1920874071817062e-06    1.4693519628155027e-11   -7.4574478634008486e-09 
   2.3516193391094028e-07    3.1567751692645088e-03   -1.8476812987763935e-08    1.7227223116930547e-05   -1.8649613578303049e-10 
   2.3516193391094028e-07    3.1567751692645088e-03   -1.8476812987763935e-08    1.7227223116930547e-05   -1.8649613578303049e-10 
  -7.0694634968906604e-03    1.7899955825549664e-08   -1.3885239479652439e-05    9.3072492532682290e-11   -4.7237372538658024e-08 
  -7.0694634968906604e-03    1.7899955825549664e-08   -1.3885239479652439e-05    9.3072492532682290e-11   -4.7237372538658024e-08 
2    101 5 
   1.1037574857213096e-01   -8.5132520250996001e-03   -9.0776130857512659e-04    4.6584016953368505e-05    1.7255448633102873e-06 
  -3.2175519696554467e-02    3.8392062663094521e-02   -9.2040793338603322e-03    4.0313628368867228e-04    1.5315821596839592e-05 
   8.3488531190902451e-02    2.8528735943203268e-02   -4.4653184362725079e-03   -1.2675675041008547e-04   -9.2081106752681823e-07 
  -7.7261941896885553e-02   -5.5043694354871039e-02   -8.3423363953301338e-03    2.0823882126809671e-03    6.1127872007146490e-05 
   9.6610814598493230e-02    1.5777588098684816e-02    5.5308492819448616e-03   -1.1535829567265962e-03   -3.1952182810447168e-05 
  -6.5795103685408916e-03   -9.4624871975654279e-02   -6.3506668271993541e-02    3.3312541302159041e-03    9.8089246819152399e-05 
   7.0711332709744411e-03   -7.1754126008998055e-03   -2.3260264474401771e-02    1.5669237155706795e-03    1.2279309028910101e-04 
  -1.7583629666742887e-03    2.8293187934858720e-03    2.2553058638478993e-02   -1.9387151697760831e-03   -1.0931783504083736e-04 
   1.4257218425785965e-03    9.2589808546584829e-03   -1.5050569134003605e-02    1.2934160305964357e-03    6.5232549558617473e-05 
  -2.0762072510012689e-03   -6.5785368990517448e-03    1.0926960574047080e-02   -1.7535723718501250e-03   -6.5490513405424319e-05 
   2.5677756115656523e-03   -3.3392757618355899e-03   -6.9621459966286298e-03    2.8539328937363861e-03    5.8930728556587570e-05 
  -4.1575361571310473e-04    3.4970500451307748e-04    3.8908980622538434e-03    4.3140306063604627e-03    2.9892621213486569e-04 
  -1.9021538633272209e-03   -8.8983023049783623e-03    5.0199556424037547e-03    5.5549528975351896e-04    9.9288294971209634e-04 
   1.4915278617587890e-04    5.4496616255103438e-03   -1.4839675162280869e-04   -6.0677282726873888e-03    3.0075982812442510e-04 
  -8.1927976932112514e-06   -1.9364973623865317e-03   -2.9876655839848121e-04   -2.6570249102120923e-03    1.3087685994630425e-04 
  -2.3239654667022917e-03    3.3673440692292846e-03   -5.9361398292679247e-04    5.4550120244863838e-03    9.8152434623942038e-05 
   1.0763469493857496e-02    3.7250064848895816e-05   -6.0402641654240206e-07   -7.1425968657506012e-09    4.4734335338634700e-11 
  -9.3273149335585358e-03    3.8241950095866414e-04    3.9643056421255805e-06   -5.3303261313370828e-08   -1.2991123103123935e-09 
  -4.1687646687620112e-03    1.7091916758447625e-04    1.7718129402501003e-06   -2.3823442660168945e-08   -5.8062728004380932e-10 
  -4.8719735240714554e-03    1.9975069964196118e-04    2.0706915406355095e-06   -2.7842104583717299e-08   -6.7857050241387786e-10 
  -4.2873937836311118e-03    1.7578295606278607e-04    1.8222328170041187e-06   -2.4501378245520630e-08   -5.9714999259138636e-10 
  -8.7723334451575430e-03    3.5966528440787459e-04    3.7284268000991833e-06   -5.0131681548878477e-08   -1.2218142573665006e-09 
  -1.5839746364001820e-02    6.4942890242072849e-04    6.7322264046994808e-06   -9.0520170659208686e-08   -2.2061664734472531e-09 
  -1.0432873103807404e-02    4.2774733718580924e-04    4.4341911904570677e-06   -5.9621248479632911e-08   -1.4530949129121317e-09 
  -9.3667075194601955e-03    3.8403459524349241e-04    3.9810483222709678e-06   -5.3528380044225612e-08   -1.3045989260902914e-09 
   7.3049142700718925e-02    3.0191959226563876e-04   -5.9948953706162435e-06   -7.9346416870263105e-08    6.0898930127092968e-10 
   3.5933220307429554e-03    1.4851568167553225e-05   -2.9489175109815901e-07   -3.9030879386025275e-09    2.9956473024043503e-11 
   1.1446351258766320e-02    1.4696202946807824e-01    1.4892636847091327e-03   -2.9759862676669646e-05   -7.3015819122360089e-07 
   3.5987996642691924e-03    1.4874207788220612e-05   -2.9534128190241369e-07   -3.9090377769875724e-09    3.0002138449953127e-11 
  -8.9554988792186329e-03   -1.3093695723624472e-02   -1.0551717360102252e-02   -1.6409011107271579e-04    2.9614542486931944e-06 
  -1.2109108527331158e-03    1.0285594850202972e-03   -1.5060058010386121e-03    2.5404120350529718e-04    6.8148584404789579e-06 
  -2.7654824386917257e-04   -4.0433688920762592e-04   -3.2583990519071342e-04   -5.0671473097673286e-06    9.1450513569430442e-08 
  -3.7393256849436772e-05    3.1762196962293811e-05   -4.6505869204056315e-05    7.8448615367289001e-06    2.1044468424922620e-07 
  -2.3596102518689030e-02   -2.6315834860222546e-02   -1.9459896628268841e-02   -1.7843864847760148e-02   -4.2248124037079943e-04 
   1.6545497022883765e-03   -3.6043565654903876e-03    1.9067301728489777e-03   -2.5122339084831810e-03    4.6040442471008294e-04 
  -1.0438089001490534e-03   -1.5261367698764423e-03   -1.2298562749965946e-03   -1.9125536240264880e-05    3.4517254078869262e-07 
  -1.4113781291435844e-04    1.1988383442135907e-04   -1.7553262861190412e-04    2.9609793133773722e-05    7.9430637972995649e-07 
   1.7653478538494267e-02    7.2963635784871947e-05   -1.4487611059212464e-06   -1.9175314254739685e-08    1.4717187858322626e-10 
   1.7653478538494267e-02    7.2963635784871947e-05   -1.4487611059212464e-06   -1.9175314254739685e-08    1.4717187858322626e-10 
   1.7653478538494267e-02    7.2963635784871947e-05   -1.4487611059212464e-06   -1.9175314254739685e-08    1.4717187858322626e-10 
   2.2091164844569699e-03    9.1305048025975745e-06   -1.8129469691494113e-07   -2.3995555732780384e-09    1.8416756919479937e-11 
   2.2091164844569699e-03    9.1305048025975745e-06   -1.8129469691494113e-07   -2.3995555732780384e-09    1.8416756919479937e-11 
   2.2091164844569699e-03    9.1305048025975745e-06   -1.8129469691494113e-07   -2.3995555732780384e-09    1.8416756919479937e-11 
   5.2422251196125569e-04    6.7305993420110587e-03    6.8205625716141174e-05   -1.3629487349549696e-06   -3.3439945400869790e-08 
   5.2422251196125569e-04    6.7305993420110587e-03    6.8205625716141174e-05   -1.3629487349549696e-06   -3.3439945400869790e-08 
   5.2422251196125569e-04    6.7305993420110587e-03    6.8205625716141174e-05   -1.3629487349549696e-06   -3.3439945400869790e-08 
   2.5599116192630382e-03    1.0580377041390810e-05   -2.1008326378833310e-07   -2.7805913523893586e-09    2.1341233184862403e-11 
   2.5599116192630382e-03    1.0580377041390810e-05   -2.1008326378833310e-07   -2.7805913523893586e-09    2.1341233184862403e-11 
   2.5599116192630382e-03    1.0580377041390810e-05   -2.1008326378833310e-07   -2.7805913523893586e-09    2.1341233184862403e-11 
   1.0225400248391856e-03   -1.4631707197360041e-02    1.7295875244081639e-03    3.0243807571095633e-05   -4.3212355595591650e-07 
   5.0124632031732595e-04    4.8103795519898422e-04    6.1890494280718072e-04    4.9044678335022894e-04    1.0540719102067036e-05 
   1.0303278440752590e-04   -1.4743144488810920e-03    1.7427603241674465e-04    3.0474148976471255e-06   -4.3541467421015125e-08 
   5.0506388798270137e-05    4.8470161290408894e-05    6.2361861630827676e-05    4.9418210011129743e-05    1.0620998810431541e-06 
  -2.6085680218665083e-02    3.3849120364053378e-03   -2.1260854847887641e-02    2.7857139907152949e-03    7.9332010642492684e-05 
   6.2549694223346770e-04    1.5134907926138304e-03    1.5344619382201541e-03    1.0620441098371342e-03    9.2974744840941960e-04 
   2.9388524592475264e-05   -4.2052562868347327e-04    4.9709570541164641e-05    8.6922845168140778e-07   -1.2419537076991732e-08 
   1.4406174285305054e-05    1.3825371557952150e-05    1.7787766434818874e-05    1.4095787943416099e-05    3.0294773312388352e-07 
  -1.0834501166764713e-03   -1.5840955764515610e-03   -1.2765630992896064e-03   -1.9851875633610786e-05    3.5828131905909216e-07 
  -1.4649786933957704e-04    1.2443671861094163e-04   -1.8219891296475616e-04    3.0734298031921618e-05    8.2447212288800795e-07 
  -2.2737503916011857e-03   -3.3244151085969989e-03   -2.6790212140242963e-03   -4.1661548880906403e-05    7.5189644356950140e-07 
  -3.0744340016446679e-04    2.6114542175612054e-04   -3.8236633447761317e-04    6.4499621265477059e-05    1.7302539207171048e-06 
  -1.3419421720977649e-03   -8.9419082314402267e-04   -7.6726360580488096e-06    1.3539410574404728e-07    2.9411198027895862e-09 
   8.5992263445930787e-05   -1.2921809197368112e-04    1.9423648730342503e-05    3.2029431707802932e-07   -4.4696075736173923e-09 
  -4.1439992364624856e-05   -2.7613157745597937e-05   -2.3693567895332827e-07    4.1810525258906379e-09    9.0823572509477752e-11 
   2.6554935188045998e-06   -3.9903334555690703e-06    5.9981411406147227e-07    9.8908837728808539e-09   -1.3802420668696312e-10 
  -1.1619321603836585e-03   -7.7424280757701857e-04   -6.6434178581852613e-06    1.1723214983583745e-07    2.5465938528933094e-09 
   7.4457140195406102e-05   -1.1188459524520792e-04    1.6818133151370955e-05    2.7732958657921218e-07   -3.8700481228352536e-09 
  -1.5641017899867277e-04   -1.0422248410920186e-04   -8.9428471970225533e-07    1.5780871005556896e-08    3.4280245779275373e-10 
   1.0022835259028717e-05   -1.5061025218304253e-05    2.2639249573407709e-06    3.7331930174098785e-08   -5.2095547422172265e-10 
   5.8265906874421401e-04    2.4081896372946562e-06   -4.7816853486877185e-08   -6.3288777462083332e-10    4.8574579527572929e-12 
   5.8265906874421401e-04    2.4081896372946562e-06   -4.7816853486877185e-08   -6.3288777462083332e-10    4.8574579527572929e-12 
   5.8265906874421401e-04    2.4081896372946562e-06   -4.7816853486877185e-08   -6.3288777462083332e-10    4.8574579527572929e-12 
   1.2227801403456244e-03    5.0538756206380243e-06   -1.0034941864646034e-07   -1.3281911213393046e-09    1.0193959788520865e-11 
   1.2227801403456244e-03    5.0538756206380243e-06   -1.0034941864646034e-07   -1.3281911213393046e-09    1.0193959788520865e-11 
   1.2227801403456244e-03    5.0538756206380243e-06   -1.0034941864646034e-07   -1.3281911213393046e-09    1.0193959788520865e-11 
  -1.4802438429005900e-03    1.4856572312334836e-04    1.2785101885561098e-06   -1.9442364813374313e-08   -4.2114018588246947e-10 
   5.0714706905206540e-06    5.0231198995708828e-05    3.4718576267320133e-05    4.7292483357648431e-07   -7.6718482216757803e-09 
  -1.4915176035297972e-04    1.4969722210456735e-05    1.2882475152113857e-07   -1.9590440799653840e-09   -4.2434765313169998e-11 
   5.1100957771083701e-07    5.0613767392335981e-06    3.4982998186790955e-06    4.7652670052220412e-08   -7.7302781762063128e-10 
  -1.2816818504089668e-03    1.2863690792116816e-04    1.1070090323931576e-06   -1.6834338632682474e-08   -3.6464784860427165e-10 
   4.3911764741303351e-06    4.3493115263310546e-05    3.0061377581323333e-05    4.0948603077105853e-07   -6.6427357032921694e-09 
  -4.2543173380802936e-05    4.2698757691812541e-06    3.6745216595046130e-08   -5.5878624400652518e-10   -1.2103843587360030e-11 
   1.4575737498741974e-07    1.4436774172372429e-06    9.9783452352074736e-07    1.3592168133262717e-08   -2.2049392105992139e-10 
   4.9761262949613646e-04    2.0566839890131561e-06   -4.0837380681501215e-08   -5.4050982229418600e-10    4.1484507050547454e-12 
   4.9761262949613646e-04    2.0566839890131561e-06   -4.0837380681501215e-08   -5.4050982229418600e-10    4.1484507050547454e-12 
   4.9761262949613646e-04    2.0566839890131561e-06   -4.0837380681501215e-08   -5.4050982229418600e-10    4.1484507050547454e-12 
   1.4138520993179685e-03    5.8435956065750979e-06   -1.1603004623425829e-07   -1.5357346290153804e-09    1.1786870731552239e-11 
   1.4138520993179685e-03    5.8435956065750979e-06   -1.1603004623425829e-07   -1.5357346290153804e-09    1.1786870731552239e-11 
   1.4138520993179685e-03    5.8435956065750979e-06   -1.1603004623425829e-07   -1.5357346290153804e-09    1.1786870731552239e-11 
   1.3091566383607631e-04   -1.8732955329535765e-03    2.2143886148231822e-04    3.8721106743212586e-06   -5.5324721588352197e-08 
   6.4174499946888100e-05    6.1587225639532170e-05    7.9238317787876867e-05    6.2791836660536929e-05    1.3495268693993075e-06 
   3.7196681751357972e-04   -5.3225393909138129e-03    6.2916771122624264e-04    1.1001713946094957e-05   -1.5719250100440067e-07 
   1.8233711544753524e-04    1.7498596920618962e-04    2.2513749714160716e-04    1.7840859499973849e-04    3.8343709228566335e-06 
  -2.8439857665409443e-03   -4.1581473876143313e-03   -3.3508947284142895e-03   -5.2109876469734232e-05    9.4046505338633904e-07 
  -3.8454733523716458e-04    3.2663825599112053e-04   -4.7826024214249057e-04    8.0675524236907054e-05    2.1641854537761494e-06 
  -1.1184454938057680e-02   -1.2473596811948377e-02   -9.2239104642704243e-03   -8.4579180884849347e-03   -2.0025435943751144e-04 
   7.8424971129720396e-04   -1.7084500949040339e-03    9.0378221065845552e-04   -1.1907884753863897e-03    2.1822979186388050e-04 
  -5.7294918036552948e-03   -8.3770009175198872e-03   -6.7507102557381963e-03   -1.0498052192643907e-04    1.8946602611007455e-06 
  -7.7470880173868817e-04    6.5804520981748793e-04   -9.6350276067042561e-04    1.6252885661701094e-04    4.3599665528853302e-06 
  -1.6027054634664068e-03   -1.0679480438371982e-03   -9.1635660500937794e-06    1.6170359461758092e-07    3.5126318217359807e-09 
   1.0270209350764423e-04   -1.5432747125100079e-04    2.3198010009558233e-05    3.8253321385357054e-07   -5.3381320199433621e-09 
2    101 5 
  -2.2746478162716896e-01    2.5173903247293272e-04    4.9418953030271433e-03   -2.8739429878537909e-04    5.7914631206450792e-04 
  -3.2826056177004161e-02    3.1372351203051055e-02    2.0006950893614150e-02    6.3489867839446896e-03    2.5692304209754078e-04 
   1.6271898532460589e-02    4.4088453832445397e-02    2.2339513204612148e-02   -7.4107173035925338e-04    4.5227927775739942e-04 
   1.1970158613022351e-02    5.6473591090381733e-02    2.4963107468553496e-02    1.9888325526719135e-02    9.2817645470015617e-04 
  -3.8360233136531799e-03   -5.8153844952509609e-02   -5.1777406926804288e-03   -7.2173120137457190e-03   -1.8612456924551463e-05 
   9.5306845152427777e-04   -2.2312025403885168e-03    3.1389622895306356e-02   -1.1724095570720394e-03    2.5543335117539489e-03 
  -4.5851913199182436e-03   -2.3898021883340835e-03    4.7146517788067472e-04    5.6884289270844853e-03    2.1970336321404252e-04 
   2.3156296479502413e-02   -1.3778597350409398e-02   -1.5872887743847784e-02    1.7744434433522100e-02    2.5369783616507931e-03 
  -2.9310686817064957e-03   -2.3404395196641565e-03   -3.7037689643907271e-03   -1.3142163400460281e-02    1.6049413585930063e-02 
  -2.2796633054919819e-03    5.2809821527432087e-03   -5.7253513784164718e-03   -1.5728731392954474e-02   -2.5571378328612671e-03 
  -1.6715093216562050e-03    6.3407462188131754e-03   -1.2617415615139255e-02   -1.4899113627828441e-02    4.1420793299883542e-03 
  -1.2745304162503710e-03    2.2574308122364521e-03   -7.4981497135041446e-03    3.6579626466689747e-03    2.0840271836033773e-03 
   1.7314559355405929e-04    9.2937233323905108e-04   -2.6972788210011594e-03    1.3524866832883768e-03    1.1897357445454409e-03 
   3.8899696977652055e-04   -6.1549191816813549e-03    2.1281108809237970e-04    5.9733515453854109e-04   -4.7224045112904370e-04 
  -4.4931908015934552e-04   -7.3059046503533955e-03   -5.0700743158745660e-03    3.0744643966691197e-03    2.2439130385244976e-03 
   1.0163006013068775e-03   -1.0669914392355368e-03    6.6486248314673443e-03   -1.6502606196133487e-03    8.4981943095986823e-03 
  -1.3048404089133152e-06    1.0762311353502713e-02    9.7463100659065493e-08    1.6222236462245723e-04    2.5483058946938769e-09 
   9.3351160670949954e-03   -6.2237891449038206e-06    2.5169771235045786e-05   -5.4613630847822134e-08    1.4493649295847260e-07 
   4.1722513195392979e-03   -2.7816700173541698e-06    1.1249416771376218e-05   -2.4409101261508637e-08    6.4778141980142118e-08 
   4.8760483211934685e-03   -3.2508965494752843e-06    1.3147026763606254e-05   -2.8526555116809888e-08    7.5705255091675938e-08 
   4.2909796528408191e-03   -2.8608270526479451e-06    1.1569537589032801e-05   -2.5103702734002626e-08    6.6621511480836727e-08 
   8.7796704060213605e-03   -5.8534695204741491e-06    2.3672152981320875e-05   -5.1364083218004614e-08    1.3631267451139621e-07 
   1.5852994332731237e-02   -1.0569305548332443e-05    4.2743575749614950e-05   -9.2745454271553171e-08    2.4613270847007515e-07 
   1.0441598898618825e-02   -6.9614892212997081e-06    2.8153121366398478e-05   -6.1086934925240037e-08    1.6211568387234947e-07 
   9.3745415999728372e-03   -6.2500744317490564e-06    2.5276072178303780e-05   -5.4844283737737320e-08    1.4554861158959226e-07 
   5.2345195027096746e-02    2.2737432245130589e-07    2.9264203310956161e-04    3.0246746662783647e-09    2.5984571805602541e-06 
  -2.6829306614898691e-06    2.2128786724853178e-02    2.0039748871653139e-07    3.3355140831930948e-04    5.2396660718251674e-09 
   8.7146257909406603e-03    3.7854136059787046e-08    4.8720151065054564e-05    5.0355926350660181e-10    4.3260096653844286e-07 
   2.5788101451294267e-03    1.1201700732528125e-08    1.4417144562811951e-05    1.4901199071045337e-10    1.2801418994512147e-07 
  -1.0907109677243332e-02   -1.4757696938030138e-04   -1.3317103360847038e-02   -1.4007992517368038e-05   -2.5803041398122698e-04 
  -1.3381079380761324e-05    1.1305961330200956e-03   -6.4213153902789225e-05    9.4980411608217632e-05   -5.3713697085124730e-05 
  -5.7365917994543856e-05   -7.1215477921205399e-03   -5.1953144005996698e-05   -4.9712785049854727e-03   -6.2518023375480806e-06 
   4.4130288741979073e-04   -2.4175715924732835e-05    3.9582219674980372e-04   -4.5019452325426460e-05    4.2646025030398101e-05 
  -1.0725610696057074e-03   -1.4512122533979128e-05   -1.3095501051539674e-03   -1.3774893516294306e-06   -2.5373667726834029e-05 
  -1.3158412483054429e-06    1.1117825286511575e-04   -6.3144619492025114e-06    9.3399896838524771e-06   -5.2819878137192277e-06 
  -1.2712790554222921e-03   -1.7200845667418929e-05   -1.5521760652009405e-03   -1.6327027070239376e-06   -3.0074755885207471e-05 
  -1.5596327954047269e-06    1.3177672422682999e-04   -7.4843693751006710e-06    1.1070449599020901e-05   -6.2606043318778560e-06 
  -8.8407777190443061e-03    1.9528721262396823e-05   -1.0797324758822531e-02    2.6252200224370612e-06   -2.1263461662278656e-04 
  -8.0837532223652325e-06   -7.2553528474437095e-03   -1.0057381700601972e-05   -3.6205107546778154e-03   -2.6993162646212922e-07 
   1.6253928865413146e-06   -1.0790519629379236e-03    2.2193878956047634e-06   -2.5334476795552414e-03   -7.4066110463389977e-09 
   7.5426359846285667e-06   -5.7660350118812313e-03    7.4273309751268214e-06   -4.0268815057950616e-03    1.1320595774609862e-06 
  -2.4832263145607705e-03   -5.1853068124047325e-06   -3.6295614079364671e-03   -3.6987917544509731e-06   -1.5239426258778378e-03 
  -1.4065598790259746e-04    1.1543225521861876e-06   -1.2637977275186845e-03    8.6924664754862535e-07   -1.0553055972903006e-03 
  -3.3810039525002111e-03    7.4684248234414485e-06   -4.1292518425577688e-03    1.0039704146075834e-06   -8.1318465647129060e-05 
  -3.0914929053105625e-06   -2.7746853765080967e-03   -3.8462732988172473e-06   -1.3846023009114260e-03   -1.0323072527966762e-07 
   6.2160365845686865e-07   -4.1266493374076275e-04    8.4876687160753462e-07   -9.6887365458552725e-04   -2.8325314828762492e-09 
  -2.5386741117718173e-04    5.6077712482306320e-07   -3.1005065066355697e-04    7.5384522951069527e-08   -6.1059107427162787e-06 
  -2.3212906922615252e-07   -2.0834113277045930e-04   -2.8880281087177824e-07   -1.0396480056831017e-04   -7.7512234084530938e-09 
   4.6673980204612156e-08   -3.0985523792393182e-05    6.3730847823652989e-08   -7.2749233630890707e-05   -2.1268458858319306e-10 
   1.9399526009651235e-02    8.4266647206827353e-08    1.0845535545119988e-04    1.1209673558160540e-09    9.6300792523839656e-07 
   1.9399526009651235e-02    8.4266647206827353e-08    1.0845535545119988e-04    1.1209673558160540e-09    9.6300792523839656e-07 
  -2.3697118396869222e-07    1.9545360844574100e-03    1.7700207779182074e-08    2.9461093899444384e-05    4.6279610966594687e-10 
  -2.3697118396869222e-07    1.9545360844574100e-03    1.7700207779182074e-08    2.9461093899444384e-05    4.6279610966594687e-10 
   9.2287031349265140e-03    4.0087158359462159e-08    5.1594161545705308e-05    5.3326431509838152e-10    4.5812017542002021e-07 
   9.2287031349265140e-03    4.0087158359462159e-08    5.1594161545705308e-05    5.3326431509838152e-10    4.5812017542002021e-07 
   2.8081727986043296e-03    1.2197994239553811e-08    1.5699423732801746e-05    1.6226530664512133e-10    1.3939993477930728e-07 
   2.8081727986043296e-03    1.2197994239553811e-08    1.5699423732801746e-05    1.6226530664512133e-10    1.3939993477930728e-07 
  -1.9462186448864983e-06   -1.5457145437781239e-04   -1.3041765463284480e-07   -1.2992902725728387e-06   -2.2107901352525683e-09 
   1.4960526336973404e-05   -1.8493106988543760e-07    8.7865099826262454e-07   -4.9720626862573199e-07    1.4837843155248599e-08 
  -4.0843739253328412e-06   -3.2438678949061776e-04   -2.7369713540922343e-07   -2.7267169208753472e-06   -4.6396090215933885e-09 
   3.1396464030665464e-05   -3.8810009441053158e-07    1.8439548075446722e-06   -1.0434471606890857e-06    3.1138998616987399e-08 
  -1.3764911876776701e-02   -1.8624402235542891e-04   -1.6806354720943439e-02   -1.7678265670548531e-05   -3.2563768175818651e-04 
  -1.6887093276106626e-05    1.4268267762738234e-03   -8.1037821288800684e-05    1.1986649391954468e-04   -6.7787372533278389e-05 
  -7.2397312896162761e-05   -8.9875825548571420e-03   -6.5566248288736266e-05   -6.2738855752928540e-03   -7.8899406794026874e-06 
   5.5693597068470866e-04   -3.0510395919369705e-05    4.9953813049880230e-04   -5.6815745138564272e-05    5.3820416823051142e-05 
  -1.1918467223868289e-02   -1.6126098706302540e-04   -1.4551926644166333e-02   -1.5306878231799277e-05   -2.8195618480052545e-04 
  -1.4621834815902502e-05    1.2354302242826545e-03   -7.0167293882482674e-05    1.0378743371618581e-04   -5.8694278972690174e-05 
  -1.6043704231919387e-03   -2.1707687171428423e-05   -1.9588660412309064e-03   -2.0604916928679275e-06   -3.7954726478929188e-05 
  -1.9682765300937963e-06    1.6630391094142412e-04   -9.4453698504978080e-06    1.3971048946610961e-05   -7.9009627182409969e-06 
   2.3549946236215594e-07   -1.2519849208050975e-04    2.5626436640885401e-08   -1.0847394432485235e-06    4.3511273359671326e-10 
  -5.9037099909166522e-05   -1.1843548054128658e-07   -3.6140515872675513e-05   -1.5527593119862690e-09   -6.2049129042998853e-07 
   1.5667728852041533e-05    2.4233834232821330e-08   -2.5586422633191724e-05   -1.6455641425716242e-10   -4.4098955515368376e-07 
   4.9422394859339551e-07   -2.6274409501119859e-04    5.3780159742191051e-08   -2.2764561984980446e-06    9.1313640856952808e-10 
  -1.2389645538018782e-04   -2.4855110181379803e-07   -7.5845219686014324e-05   -3.2586521883641409e-09   -1.3021756081656342e-06 
   3.2880613573710520e-05    5.0857616081026842e-08   -5.3696185533999421e-05   -3.4534142882873296e-10   -9.2546962549466142e-07 
   6.7973610030355198e-03    2.9526021475745216e-08    3.8001454434896035e-05    3.9277350314173341e-10    3.3742641512854698e-07 
   6.7973610030355198e-03    2.9526021475745216e-08    3.8001454434896035e-05    3.9277350314173341e-10    3.3742641512854698e-07 
  -8.3031857786143067e-08    6.8484597782991861e-04    6.2019402970970418e-09    1.0322813592415766e-05    1.6215820049597244e-10 
  -8.3031857786143067e-08    6.8484597782991861e-04    6.2019402970970418e-09    1.0322813592415766e-05    1.6215820049597244e-10 
   5.8855534309784638e-03    2.5565359397876898e-08    3.2903885850934463e-05    3.4008631261175047e-10    2.9216356088424828e-07 
   5.8855534309784638e-03    2.5565359397876898e-08    3.2903885850934463e-05    3.4008631261175047e-10    2.9216356088424828e-07 
   9.8395387949471239e-04    4.2740474375466811e-09    5.5009110890181316e-06    5.6856037513153944e-11    4.8844254418951627e-08 
   9.8395387949471239e-04    4.2740474375466811e-09    5.5009110890181316e-06    5.6856037513153944e-11    4.8844254418951627e-08 
  -1.1285233384417503e-03    2.4928369895630452e-06   -1.3782761393059183e-03    3.3510876056558739e-07   -2.7142762214518036e-05 
  -1.0318893273372605e-06   -9.2614420101664349e-04   -1.2838225700773807e-06   -4.6215740442515606e-04   -3.4456712964273414e-08 
   2.0748104577357993e-07   -1.3774074660237779e-04    2.8330437851070089e-07   -3.2339404110798655e-04   -9.4545227695845658e-10 
  -3.2064401034210071e-03    7.0828242734111748e-06   -3.9160553761882922e-03    9.5213464558816407e-07   -7.7119930370623198e-05 
  -2.9318767355178626e-06   -2.6314262244598254e-03   -3.6476872335286811e-06   -1.3131142132053214e-03   -9.7900843090464360e-08 
   5.8950978079615066e-07   -3.9135872403919407e-04    8.0494438155420007e-07   -9.1884995843136716e-04   -2.6862856916155622e-09 
   5.4358789214930332e-04    2.3612086764831100e-09    3.0389927069708387e-06    3.1410266509247653e-11    2.6984136001208672e-08 
   5.4358789214930332e-04    2.3612086764831100e-09    3.0389927069708387e-06    3.1410266509247653e-11    2.6984136001208672e-08 
   1.5444802581826135e-03    6.7088326266031131e-09    8.6346004178257627e-06    8.9245064557955472e-11    7.6669230385533594e-08 
   1.5444802581826135e-03    6.7088326266031131e-09    8.6346004178257627e-06    8.9245064557955472e-11    7.6669230385533594e-08 
  -5.1086967821026276e-06   -4.0573996845606498e-04   -3.4233782227024244e-07   -3.4105520733500170e-06   -5.8031796579195241e-09 
   3.9270404153750615e-05   -4.8543197554744861e-07    2.3064014617316092e-06   -1.3051339690138806e-06    3.8948368817514197e-08 
  -7.4982409311056453e-07   -5.9552096525302503e-05   -5.0246307046546003e-08   -5.0058052463890752e-07   -8.5175615421165345e-10 
   5.7638760796744950e-06   -7.1248814787149232e-08    3.3851987271008143e-07   -1.9155979233922078e-07    5.7166096506335356e-09 
  -1.0291977085390870e-05   -8.1740346630209272e-04   -6.8967354543555832e-07   -6.8708959025365686e-06   -1.1691081817764916e-08 
   7.9114129674005083e-05   -9.7795092994227309e-07    4.6464748264201981e-06   -2.6293220121252946e-06    7.8465357503215319e-08 
  -1.6439679687953370e-02   -2.2243455669955592e-04   -2.0072129106803376e-02   -2.1113467900414563e-05   -3.8891488956526989e-04 
  -2.0168556602833357e-05    1.7040846597580642e-03   -9.6784914899829968e-05    1.4315869095246021e-04   -8.0959667690660297e-05 
 TENSORSUMACCUMULATOR_IMPL_H - PrettifyOut: Norm of simple tensor is 3.02835e-05 
 As simple full tensor 3    5 5 5 
   8.5706776341640939e-06   -4.7160454420127468e-08    1.2884801853593897e-05   -5.9800518728333675e-09    9.1162700149143548e-07 
   1.4155334606603058e-05    2.3370580191960780e-08    7.6211849261639277e-06    3.1533585362998673e-09    5.8571867775575779e-07 
   3.3909725085751621e-06   -4.1014013487364421e-08    6.0655852469208375e-06   -6.6741420633973213e-09    1.3474728761612975e-07 
  -2.3217907910109436e-07    1.0695296719325475e-08   -3.5212273539564419e-07    1.3351515535758932e-10   -4.9757138512754521e-09 
  -8.0655377670428107e-09   -2.8366954841850769e-09   -1.1277443473724411e-08   -2.4154235245033666e-10    1.5755005028895482e-10 

  -1.6920521205531962e-08   -1.0498574522034529e-05   -3.8852859202738377e-08   -4.0268591385527239e-06   -3.9151945608667799e-09 
  -3.0020440811338610e-08   -3.4466671720333912e-06   -1.2022073746147745e-08   -1.6912634277973096e-06    3.2566238614069573e-10 
   2.1732613766418630e-10   -1.7684900642519926e-06   -1.0265739491444336e-08   -4.0388930623466637e-08   -1.2119222719520144e-09 
   1.1218024207870912e-08    3.2022670236283578e-07   -8.3482256249310349e-10    3.6512086009221056e-09   -1.6291957058769082e-10 
  -8.0542458928774401e-10    8.7659147518455812e-09    3.2138451622049433e-10    6.1177612512394912e-10    1.5619725046256500e-10 

   6.3096250592424175e-06   -2.0787372886095852e-08    8.6052222559250491e-06   -7.1224047479314380e-09    1.8929396687356915e-07 
   9.4423141234685192e-06   -1.0046167420961147e-08   -2.3706620664891127e-07   -4.1923704372114508e-10   -5.1293792186065387e-09 
  -1.9132621862125979e-06    3.0233399687651977e-09    5.7885174408244095e-09    1.0062810348922143e-08   -4.1038778976962489e-09 
   6.5019077502643972e-08   -8.9613421879656271e-10   -1.7714086730028588e-09   -2.0956672869059381e-09    9.3988680532529370e-11 
   3.0294475412350265e-09   -5.5696237801183410e-11    1.7711604393875270e-10   -1.1596597159624100e-10   -1.4698677968214921e-10 

  -4.9331869938158500e-09   -4.2276443987859639e-06   -1.5767814598945881e-08   -7.4353251563768826e-08    5.4739382994192748e-10 
  -1.7761035167883565e-08    4.2457295531227592e-07    5.6976741112549868e-10   -2.5000586290839050e-09   -6.9330294980027774e-10 
  -1.1709283206248199e-09   -1.4651295375980620e-09    1.1395755997989860e-09    1.8642965837502484e-10    1.1055951369868923e-09 
   2.5948966533347875e-10    2.8386984989021424e-09    5.2239571743600111e-10   -4.3013010376630157e-10   -2.6373443814096648e-10 
  -1.5116041506077230e-10   -3.4864841938292132e-11   -2.6674812450849120e-10   -2.8920421705210684e-10   -2.5651306501628055e-10 

   4.8783562884082015e-07    9.4881978158541747e-10    7.9407082970698484e-08   -1.6401604899776140e-09    1.6985900745776282e-09 
   6.0978487342368849e-08    1.9868208879586758e-09   -2.1777927306273087e-09   -2.1982163257405172e-10    2.3309768545951153e-09 
  -1.3945372052720219e-08   -2.8279242154609445e-09    3.8838564703324642e-09    2.3015680640591155e-10    1.0963215981216868e-10 
  -2.2430347655907481e-10    8.4920831067647908e-10   -1.0078758009717382e-09   -6.8297934159005725e-10   -9.1723072350129108e-10 
  -1.6693559463262719e-10   -8.4762951594168775e-11    2.5975349131787660e-10   -1.6948527598573226e-10   -1.4888258732118318e-10 
