2    5 5 
   1.0067097864338619e-06    1.0584807560719415e-03    2.2838454959279142e-07    4.9652618457401168e-05    2.3063244726604547e-08 
   1.0067097864338619e-06    1.0584807560719415e-03    2.2838454959279142e-07    4.9652618457401168e-05    2.3063244726604547e-08 
   1.0067097864338619e-06    1.0584807560719415e-03    2.2838454959279142e-07    4.9652618457401168e-05    2.3063244726604547e-08 
   1.7771297616334348e-05   -4.9088234686072904e-04    6.8878332912606059e-07   -8.7696803827807453e-06    3.5971965445019852e-08 
   1.7771297616334348e-05   -4.9088234686072904e-04    6.8878332912606059e-07   -8.7696803827807453e-06    3.5971965445019852e-08 
2    5 5 
   1.1593863371495064e-06    3.1226159863375686e-04    6.7058466638624400e-07    1.4020043311805503e-05    3.9019448395633450e-08 
   1.4490648037057916e-08    1.5662162392455782e-05    1.6549669767038034e-08    1.4883432842953768e-06    1.7528490874645217e-09 
  -4.4977522957814284e-06   -7.0352434122860648e-07    5.2485711969387174e-07    3.9831340431318964e-05    6.3418599044744074e-08 
   2.4044284705598301e-07   -1.3224330274513318e-04   -2.6087791570253680e-07   -1.4036506718186766e-05   -2.5954588926063865e-08 
   4.6708248998396985e-07   -5.4221450807821230e-05   -8.8209050558704205e-08    8.6845564346713915e-07   -3.4442993757523787e-09 
2    5 5 
   6.7402034438010516e-04    3.5020210987348954e-03   -3.8407583348913757e-04    1.2148379912206019e-04   -1.8505013099269722e-05 
   1.7747466135105256e-04    7.0170676091913940e-05    2.0750924500691122e-04   -2.2227285849284356e-05   -2.2195457016829561e-06 
   7.2000501858990795e-05   -3.6044491692665794e-04    2.2809298229177610e-04   -3.2692221861258523e-05    2.5634039345057062e-06 
  -4.7709548409314586e-04   -1.5309195344076550e-03   -6.2644804786755214e-05   -3.6985695900308935e-06   -3.6097977603886137e-06 
   1.7077960064998475e-05   -5.4710688570461935e-04    2.2157156357756799e-04   -4.2743602309227254e-05    8.0602057041725955e-06 
 TENSORSUMACCUMULATOR_IMPL_H - PrettifyOut: Norm of simple tensor is 1.07248e-09 
 As simple full tensor 3    5 5 5 
  -1.4335927572555914e-15   -5.3624080871706563e-15    9.3468246050647196e-17   -8.1108519891867109e-17    1.8242734609435812e-17 
   1.3194129407399544e-12    5.2272978562976185e-12   -1.8390594849046837e-13    8.7741205374548335e-14   -5.1371737651089400e-15 
   2.6811306342304300e-15    1.0130071343587482e-14   -1.9220994014771185e-16    1.4851908364897282e-16   -7.0745395587778138e-18 
   1.3193981737760756e-13    4.0851910088616958e-13    2.3082434209028704e-14    6.3333004628099037e-16    8.6313227774005182e-16 
   2.5039974431792452e-16    8.5429518906338365e-16    1.5173975653749229e-17    6.9678828623821461e-18    6.0448627179878137e-19 

   5.3948852344401694e-13    6.3208506696959988e-12   -1.5974605684930619e-12    3.1462006822199575e-13   -3.6368992142084955e-14 
   1.9515119895527545e-10    1.0449868389722437e-09   -1.2184481754214632e-10    3.8431260653849788e-11   -6.1748351922323524e-12 
   4.6117162575841069e-13    2.0669815918916883e-12   -1.4069324026315774e-13    6.5353299863676625e-14   -1.1862917989430410e-14 
   1.0023009344792132e-11    2.6568519974702891e-11    3.7177054034602505e-12    3.8220719423183386e-13   -1.9834374280672164e-13 
   2.6950791286252247e-14    1.0014269308481024e-13   -5.9007408449775868e-16    2.6622700553883063e-15   -6.2868865300280457e-16 

   3.1579365818297136e-17    8.6821862683630025e-16   -2.7440325029932108e-16    5.1311706233745074e-17   -5.5450960980794341e-18 
   9.1510886977698187e-14    4.0993763563724603e-13   -2.9253904865263970e-14    1.0522680690757162e-14   -1.3002671543121770e-15 
   1.9721935515757570e-16    8.0172656264208888e-16   -3.2901473632107507e-17    1.7864141933186912e-17   -2.3762550684824414e-18 
   7.4963201042256860e-15    2.2432104131274282e-14    1.6538661924155227e-15    9.4224298004292284e-17    3.0335066492550440e-18 
   1.5608944175305875e-17    5.4681843382540544e-17    5.5831764518905437e-19    7.6771240136251686e-19   -8.3256098312897642e-20 

   2.3785258156327702e-14    2.8761539407537224e-13   -7.3675031004312949e-14    1.4461292742695960e-14   -1.6647439674385710e-15 
   1.0040739022555805e-11    5.2329010288091419e-11   -5.7688318259294659e-12    1.8428008712477471e-12   -2.8908227979290870e-13 
   2.3386285765686556e-14    1.0334288214986815e-13   -6.6454764187101043e-15    3.1331909740251136e-15   -5.5319185196254580e-16 
   5.6586155813130726e-13    1.5459084688219519e-12    1.8967514005208163e-13    1.8140004982637946e-14   -8.4819698551532947e-15 
   1.4399500932877354e-15    5.2909968780885679e-15   -1.5379347569584456e-17    1.2835290020489609e-16   -2.8551391772695432e-17 

   6.7737200863960185e-18    1.0862102478485371e-16   -3.0680259640372897e-17    5.8820446485294366e-18   -6.5725549082903054e-19 
   7.1533338274743395e-15    3.3601699704786016e-14   -2.8289287080989953e-15    9.6836299394552024e-16   -1.3266115727584587e-16 
   1.5786616486480715e-17    6.5927986799439659e-17   -3.2149949767001854e-18    1.6449671293643450e-18   -2.4771338222398017e-19 
   5.3160637742532557e-16    1.5595613777149632e-15    1.3102082941635892e-16    9.0183222383674613e-18   -1.6304331352115699e-18 
   1.1623647973190974e-18    4.1242672677488996e-18    2.7406049889952344e-20    6.9358606646951664e-20   -1.0621737268222650e-20 
