2    3 5 
   1.4358424032846467e-03   -1.9855449470576502e-04    3.6439767779292558e-06   -1.2227781619631542e-06   -2.2085045247277953e-06 
   1.3135675585972909e-03    3.6307240311162490e-04   -3.3295965731806155e-05   -1.4329079617818470e-05   -1.0731543385887759e-06 
   2.4020623304797978e-04    1.8782544419161662e-04   -1.2844764320467102e-05   -1.0347196038630500e-06   -5.7207888355460144e-07 
2    3 5 
   6.0065639233434869e-04   -6.9212947619027058e-05    7.4700776818201111e-04   -2.1375937394879939e-04    4.0528544174612837e-05 
   6.0065639233434869e-04   -6.9212947619027058e-05    7.4700776818201111e-04   -2.1375937394879939e-04    4.0528544174612837e-05 
   6.0065639233434869e-04   -6.9212947619027058e-05    7.4700776818201111e-04   -2.1375937394879939e-04    4.0528544174612837e-05 
2    3 5 
   1.4027817126492299e-03    2.1396699608272981e-04    2.6902041183844466e-04   -1.1893983491248597e-04    3.1462209283663178e-05 
  -1.2193892457098576e-03   -5.0057958931858690e-04   -3.2322429224673462e-04    1.2473157978547489e-04   -3.2778476597247423e-05 
   1.3694334917405988e-04   -7.9642880647696375e-05   -2.3387065216327798e-04    1.1127656831513776e-04   -3.1135058215655535e-05 
 TENSORSUMACCUMULATOR_IMPL_H - PrettifyOut: Norm of simple tensor is 9.56721e-10 
 As simple full tensor 3    5 5 5 
   2.6748307758534803e-10   -2.2191426977456749e-10   -5.6751948953576858e-11    1.1889286694051459e-11   -3.2200013934316104e-12 
  -3.0821768442257132e-11    2.5570926948983801e-11    6.5394620290915855e-12   -1.3699888783085238e-12    3.7103706981398502e-13 
   3.3265597330439067e-10   -2.7598421578066791e-10   -7.0579697925186861e-11    1.4786140016063828e-11   -4.0045624838891077e-12 
  -9.5190887729228067e-11    7.8974029050059063e-11    2.0196673561642676e-11   -4.2311153478968743e-12    1.1459221790668374e-12 
   1.8048088498232144e-11   -1.4973389778775844e-11   -3.8292672807852228e-12    8.0221485550474525e-13   -2.1726559540777397e-13 

  -4.1777679453435353e-10   -1.4367082388796624e-10   -1.2895845969394617e-10    5.3940868600757944e-11   -1.4413278396002709e-11 
   4.8139941180307485e-11    1.6555024361757094e-11    1.4859735498925938e-11   -6.2155444620839428e-12    1.6608255491364105e-12 
  -5.1956911616387960e-10   -1.7867656596199205e-10   -1.6037949881759002e-10    6.7083691077780072e-11   -1.7925108371760645e-11 
   1.4867685949854956e-10    5.1129041097268386e-11    4.5893259376543960e-11   -1.9196276689142800e-11    5.1293441738056211e-12 
  -2.8188970413868089e-11   -9.6940104306844385e-12   -8.7013119265812350e-12    3.6395931247925716e-12   -9.7251806128823904e-13 

   2.6400915589388849e-11    1.1094102933078341e-11    8.8575089126570642e-12   -3.6134249390685487e-12    9.6463078759247495e-13 
  -3.0421472427543683e-12   -1.2783607649676476e-12   -1.0206405995685281e-12    4.1637081403742799e-13   -1.1115329999880335e-13 
   3.2833562223064076e-11    1.3797207817622416e-11    1.1015662280362701e-11   -4.4938446234403938e-12    1.1996654009768761e-12 
  -9.3954601334226665e-12   -3.9481282939186864e-12   -3.1521774912894931e-12    1.2859322944761435e-12   -3.4328923470896226e-13 
   1.7813689946034439e-12    7.4856081869630219e-13    5.9764941458214835e-13   -2.4381136059427697e-13    6.5087264509409155e-14 

   9.3796921147042946e-12    4.2007617597590568e-12    2.7297099335393652e-12   -1.0553483268593255e-12    2.7836228414635549e-13 
  -1.0808111714163886e-12   -4.8404896268276849e-13   -3.1454134686047164e-13    1.2160657806848635e-13   -3.2075366944584296e-14 
   1.1665076676549310e-11    5.2242874742856592e-12    3.3948103296009821e-12   -1.3124864870546091e-12    3.4618592473160426e-13 
  -3.3380101166985017e-12   -1.4949515485624232e-12   -9.7143906882854582e-13    3.7557345684883652e-13   -9.9062539497559072e-14 
   6.3288307769054276e-13    2.8344118321253314e-13    1.8418378799796078e-13   -7.1208317817940603e-14    1.8782149451082361e-14 

  -1.1219055882025499e-12    6.6200797286846915e-14   -6.8156951537584344e-14    3.9141144679729231e-14   -9.9086427897239163e-15 
   1.2927589500543198e-13   -7.6282419923067609e-15    7.8536474044840154e-15   -4.5101892380409122e-15    1.1417615514180112e-15 
  -1.3952605853357999e-12    8.2330780899423244e-14   -8.4763556842061862e-14    4.8677978798597896e-14   -1.2322907456788186e-14 
   3.9925960869545642e-13   -2.3559294737465721e-14    2.4255443672732820e-14   -1.3929405712078101e-14    3.5262511253433445e-15 
  -7.5699186375930746e-14    4.4668165884449470e-15   -4.5988056673512089e-15    2.6410001315932112e-15   -6.6857336763386705e-16 
