2    11 5 
   1.3657633300980109e-06   -4.4755736024749694e-04    9.9648753725195482e-09    3.5138635282382331e-05    1.7857973735708633e-08 
  -5.4383862283514800e-03    1.7403284393213432e-03    1.7567170401749487e-04    6.9182272385238453e-04    4.2234301342217898e-05 
   7.5680373972305290e-04   -6.4928800374398270e-04   -1.9683239515769788e-05   -1.8713648020681701e-03   -5.4849366231063138e-06 
  -6.0777111695833825e-03    3.2015292057037334e-03    1.4130152971225695e-04   -6.2124642831087283e-03    3.2804852829136256e-05 
  -9.9396205990930405e-03    6.7189516097291291e-03    2.7127941275487621e-04   -5.1033503404576842e-03    6.2991744173954793e-05 
   2.4165138831634502e-04   -1.9685596555384186e-03   -1.0808825115331253e-05    2.9322480502263775e-03   -8.4171430460506563e-07 
   3.2794942822994382e-04    6.8437268953835712e-04   -2.3183487370178653e-04    2.2711821089151701e-04   -2.1468455847229669e-05 
  -1.5356974212543006e-04    4.6548196690699865e-04    5.4778476317157276e-04    1.9870787849983579e-04    2.9381137979652882e-05 
  -7.1924537808700981e-04   -3.5305332039829598e-04    1.4289729380284624e-04   -1.5525906103661376e-04    1.8560727222229635e-05 
   2.5928989641943760e-04   -4.0545940321613539e-04    2.0000571672334482e-04   -1.9911666951130742e-04    5.4337242828012076e-06 
  -9.8439229629931576e-04   -1.1839959789574309e-03    1.5157858946023944e-04   -2.4386469409177347e-04    6.4725980079737136e-05 
2    11 5 
   5.8692534052518092e-03    3.7341169497717686e-01    2.1941797097404275e-04   -2.1735738111693118e-02    3.3712011225416526e-06 
  -5.2143362838746295e-03    1.3672942694869098e-02   -1.7591022468948955e-04    6.7905993698333833e-02   -7.7365381171834068e-06 
  -8.2254340992909316e-03    3.0973289210329998e-02    1.0658520524437116e-04    2.9813068785505062e-02   -3.7818036992590048e-06 
   5.4280711740703038e-03   -3.0633383129653708e-02    6.0845122640258860e-05   -1.7191117498613705e-02    4.5254848640314133e-07 
  -1.9825348692272454e-02    3.3208326661406808e-02   -8.6259290348454212e-05    5.1174696074738762e-02   -3.5221408900716272e-06 
   1.5918359757777341e-02   -3.2323025853165013e-03   -1.9073991902076610e-05   -5.4168256112418427e-02    8.5334519259420977e-06 
  -1.0519998965542225e-02   -1.5539131321457743e-04   -1.3261356872023133e-03   -2.9596278833394791e-03    7.7606647091146060e-06 
   8.0180058897811636e-03    1.2162534678951218e-05   -4.4342135945458702e-04    3.2626559382461178e-05   -6.8356286153494659e-06 
   9.9901406301727076e-04   -5.5953658791005685e-06    2.1843072168105794e-03   -5.8970791987002435e-05    6.0132490935553135e-06 
  -2.2251966887105821e-03   -4.2731796061681930e-04   -2.3017519820835919e-03    2.2798786069767082e-04   -1.8536163352302645e-05 
   6.8729810215069466e-03    1.2047992853627835e-04   -1.0224371745912648e-03    2.4253476267511384e-03    1.0205071418534303e-05 
2    11 5 
   9.3640453901394482e-03    4.1151649532396195e-02    5.2885954478123956e-02   -3.0447956409804876e-02    9.4695260320381038e-03 
  -1.7671817999949776e-03    2.0922277323234288e-03    5.2425884287948961e-04   -1.9262414765302600e-04    5.8151341499236861e-05 
  -2.9624856781683737e-02   -1.2565553843313376e-02    6.8829537162249281e-03   -5.1897571969079254e-03    1.6667952363349271e-03 
   4.3252725326717026e-03   -2.6693995889681709e-03   -1.3535407339404237e-03    6.7172317625029002e-04   -2.1982162645745886e-04 
   5.5201295480729264e-04   -2.8064573824691063e-03   -2.8549223545660342e-04   -9.2748717549823013e-06    3.1480198820156888e-06 
   1.1690713132134420e-02    7.6087645366963962e-03   -2.9742030918814824e-03    2.3854328336454914e-03   -7.6726539684076125e-04 
  -1.7669665251658455e-03   -4.2612153755649486e-03    1.7532717613593807e-03   -7.6394959038220828e-04    5.7474732967392793e-05 
  -1.7494658745685183e-03    3.9703482264776783e-04   -2.6700303209422427e-03    1.5803728403868545e-03   -4.1488804454222004e-04 
   3.9756612748315899e-03    1.3260423610368846e-03    1.8162167886393191e-03   -1.8902157703536205e-03    7.3960209754245839e-04 
   6.5944151833925474e-04   -3.2097937294451278e-03    2.9242862589637700e-03   -4.5406006629744528e-03    2.2600052324423230e-03 
   2.8885538314880779e-03   -2.8823522247841756e-03   -1.9481105833912832e-04   -3.5052317426077870e-04    2.3417346098860803e-05 


 TENSORSUMACCUMULATOR_IMPL_H - PrettifyOut2: Norm of simple tensor is 1.29889e-05 
 As simple full tensor 3    5 5 5 
   1.3090444528466021e-07   -2.6320358755923250e-07   -5.5036678253815826e-08    1.8827278377262218e-08   -5.4113058250941860e-09 
   5.5391267954306572e-08   -4.7984873508350868e-09   -6.4940050127411904e-09    3.9767565126130584e-09   -2.0425581788108565e-09 
  -8.3404829413499339e-09   -1.6422084289818679e-09   -4.3969800329115585e-09    4.8872450863584985e-09   -2.2600067111800922e-09 
  -2.9383684739386685e-09    2.5116761559682162e-09    1.8739773050421615e-09   -1.5676683898524404e-10    1.3808829581311261e-09 
  -1.3700134322290858e-11    7.7182790445248841e-11   -2.8096823475814166e-11    4.2589947928784888e-11   -1.7733006634131608e-11 

  -5.4960805260371255e-07   -5.2924021910834455e-08   -1.8217606645325717e-08    2.9918831377987121e-09    2.9284481454389501e-09 
  -1.2379779387011068e-06   -6.8905732398680349e-06   -8.9139548191770564e-06    5.1349243452770842e-06   -1.5969532857214842e-06 
   5.6442133423172541e-09   -6.1419231482375618e-09   -5.9876486611160361e-09    7.9688367734742502e-10    4.6411018933503202e-10 
   1.6493572980988982e-06    9.0134644236500796e-07    9.9112947190986079e-08   -1.3360123774425293e-09   -2.2915987308614227e-09 
  -3.0846674441797101e-10   -2.0239099897243340e-10    2.3088834808386497e-11   -3.8052426860894987e-11    1.8275845031321219e-11 

  -1.3549931438491063e-08   -2.2452118626540975e-09   -7.0499741379072145e-09    5.9528943494045555e-09   -2.3942846228049951e-09 
   4.2824646564616751e-10   -5.5322516012154727e-10    2.3326835781068060e-10    4.6377056385680359e-11   -8.2206864329913936e-11 
   5.1484140622792388e-10    9.3783819288055385e-10    4.0234332204299971e-10    9.5916890305011102e-10   -7.0214862269929543e-10 
   1.1779388648892273e-10    1.6758107386444241e-10    9.8833383321491101e-10   -4.2552813064183050e-10   -2.0560008420641251e-11 
   1.4037233435632870e-11    1.2792195258084110e-11   -2.4765276983265151e-12    9.8302184138761599e-12   -6.1576735831252393e-12 

   4.2428238878968071e-09   -1.7239868478083149e-08   -1.4205682111696041e-08    5.4964085749980983e-09   -6.3319711342582165e-10 
   2.4420915991274425e-06    1.1835371225443285e-06    1.1910284498056548e-07    5.9261156725626053e-09   -6.7161286070855166e-09 
   4.5109431148772965e-09    5.2598681045519472e-10   -9.3685787337019586e-11   -1.0041277822087602e-09    6.7092552241364466e-10 
   2.2985341877317151e-08    1.1951468007002826e-08    1.4418386337991359e-09   -5.9819608388391787e-11   -7.4482873737239644e-11 
   8.1993459701005615e-11    3.8234241004658105e-11   -7.2776246905121561e-12    7.1428077843534652e-13    2.3400040648611512e-12 

  -4.8267520651691532e-10   -1.8353623141122340e-10    3.4609592135368502e-11   -3.1996588874525885e-11   -5.7361137391489268e-11 
   9.2884577742825429e-10    4.2064500219190056e-10    2.3738780218579682e-10   -1.1452285418677755e-10    3.3864159168958862e-11 
  -2.9431281168901781e-11    1.6017157853592121e-10    1.2574339511880291e-10   -3.3210974865701755e-11    5.3734113491761675e-12 
  -1.8292432411521945e-11    1.1641155100713561e-10    1.4481813326597930e-10   -9.7540359078498239e-11   -1.4043994705711333e-12 
   2.7522914806314527e-12   -1.2158019025955336e-12    6.2893293740517746e-14   -2.2693554193454312e-13   -3.8171074738029787e-14 
