2    104 5 
  -6.4315369324140115e-05    6.2737586315997178e-04   -5.2443466035368678e-06    1.2848784056555964e-04   -6.1709515691785485e-07 
  -3.1365180146418058e-04    1.2452060443217229e-04   -1.1084343580808113e-04    7.4813209658106843e-04   -2.4672273842248929e-05 
  -1.1678326130086437e-04    1.5663695810960290e-04   -1.7145356105639401e-05    1.0303834503589510e-04   -4.0985733297114045e-06 
  -1.0819840875959050e-06   -2.8704953879102525e-04   -2.5812971369650331e-05    2.3576994423972958e-04   -6.1595376174930761e-06 
   2.1935958306898060e-04   -1.8492001880236644e-04   -1.1626135734868945e-06    7.4288590251923853e-05   -2.7342711788862968e-07 
  -2.2877726693698914e-05    7.7657117497802807e-05   -1.4458637071631628e-06   -3.6808761582974436e-06   -2.2232680346778019e-07 
   6.0902142113260714e-07   -9.3761011205701269e-05    3.6486329558667043e-06   -3.3816720247639968e-05   -2.9906435471175575e-07 
  -2.0307781914620477e-04   -1.2092965533620739e-04    1.8550695453373868e-05   -9.3298735517222920e-05    2.7372696334155513e-06 
  -1.4569396615489845e-04   -8.8197972680766101e-05   -6.0754549800139126e-05    5.5019003083255004e-04   -1.5766024689462949e-05 
   4.9345904333379870e-04    1.7839125072400199e-04   -1.3836019912489559e-05    7.2630940101110281e-05   -4.1491478883254435e-06 
   1.4120736838729429e-05   -3.1603337742168748e-05    2.1050728076511583e-05    5.1178208968153088e-05    1.4597826572329155e-06 
  -4.7448491677562776e-05    3.2782061070068632e-07    5.6899784020836267e-07   -1.2415007485328367e-05   -1.6193819773601993e-06 
   3.1282793583583067e-05    3.0864545183455727e-05   -2.5405628763104003e-04    5.8024232312206661e-05   -4.8463802135867453e-05 
   1.6961607856558374e-05    3.1187086062500801e-06    1.5526671375398944e-04    6.4946628283743212e-05    3.2622380366914371e-05 
  -6.9507169667605022e-05   -1.1252137769734218e-05    8.2006238400842132e-05    1.6205370687140981e-05    1.0460675998359427e-05 
  -2.9319312152059760e-05   -8.2021652440635094e-05   -1.2068310946015257e-04   -5.6779787072062967e-05   -3.2511148297594746e-05 
  -2.7134592240394417e-07   -1.1205661436333408e-03    3.5804173757035253e-08   -3.5632360466690250e-05    1.8647522171054731e-09 
   1.2186231903049131e-06   -4.0737558582117604e-06    2.2283963598056555e-07    1.2810238057655410e-04   -5.0976326909879044e-10 
  -8.2092881317449886e-05   -6.0667411503691434e-09   -1.2806917734311072e-05    8.0302186849071276e-07   -8.8352255647200400e-07 
   8.5566916825812756e-07   -4.0771359684991698e-10   -5.1942442937528207e-06    8.6600397915400109e-10   -4.2119923186138320e-06 
  -1.9452037743134898e-07    1.0469180521055401e-10    1.3657713552400894e-06   -5.2889872172210669e-10   -1.7237912867787387e-06 
  -3.4366058036425806e-06   -4.2620274917314488e-03   -1.1908926858314799e-06   -1.9621776783295718e-04   -1.0982021445712224e-07 
  -3.4366058036425806e-06   -4.2620274917314488e-03   -1.1908926858314799e-06   -1.9621776783295718e-04   -1.0982021445712224e-07 
  -3.4366058036425806e-06   -4.2620274917314488e-03   -1.1908926858314799e-06   -1.9621776783295718e-04   -1.0982021445712224e-07 
  -3.4366058036425806e-06   -4.2620274917314488e-03   -1.1908926858314799e-06   -1.9621776783295718e-04   -1.0982021445712224e-07 
   1.1718815416899479e-06   -7.4378871226963433e-04   -1.4121637972473474e-07   -2.6365378044617792e-05   -2.1000543712375974e-08 
   1.1718815416899479e-06   -7.4378871226963433e-04   -1.4121637972473474e-07   -2.6365378044617792e-05   -2.1000543712375974e-08 
   1.1718815416899479e-06   -7.4378871226963433e-04   -1.4121637972473474e-07   -2.6365378044617792e-05   -2.1000543712375974e-08 
   1.1718815416899479e-06   -7.4378871226963433e-04   -1.4121637972473474e-07   -2.6365378044617792e-05   -2.1000543712375974e-08 
   4.0031375180486481e-05    1.2010163080984505e-03    2.1732952911998951e-06    9.1591324861261302e-05    1.7342088441966481e-07 
   4.0031375180486481e-05    1.2010163080984505e-03    2.1732952911998951e-06    9.1591324861261302e-05    1.7342088441966481e-07 
   4.0031375180486481e-05    1.2010163080984505e-03    2.1732952911998951e-06    9.1591324861261302e-05    1.7342088441966481e-07 
   4.0031375180486481e-05    1.2010163080984505e-03    2.1732952911998951e-06    9.1591324861261302e-05    1.7342088441966481e-07 
   2.1586532004977794e-05    2.1210160854855989e-03    1.3123139365157222e-06    7.0964813129536367e-05    1.1724557557017033e-07 
  -6.4461325129305252e-06   -5.8622617591377230e-06    1.8336315772897575e-06    1.7713934823873823e-04    2.9074302814525254e-07 
   2.5802362063180572e-05   -2.9394005764570872e-07    9.0990157311187627e-07    9.1953784559135892e-07    1.6348643394792359e-07 
   7.1409896248593988e-08   -2.7539482922867070e-10   -1.9746523920579845e-06    2.3709372358719810e-08   -4.1402392317303325e-07 
  -3.7484640301810943e-07   -1.5479878398892294e-03    4.9461092420178454e-08   -4.9223743749868780e-05    2.5760315648357464e-09 
   1.6834471492084231e-06   -5.6276236499009710e-06    3.0783818403149042e-07    1.7696494626403221e-04   -7.0420416168249987e-10 
  -1.1340587322122721e-04   -8.3808007067541084e-09   -1.7691907819822693e-05    1.1093214752662510e-06   -1.2205278389474749e-06 
   1.1820502296606260e-06   -5.6322930481797987e-10   -7.1755041412123451e-06    1.1963270857706046e-09   -5.8185881556086813e-06 
  -2.6871700576107988e-07    1.4462478839180194e-10    1.8867225839302848e-06   -7.3063852090347809e-10   -2.3813033845448946e-06 
   2.9095524955470004e-07    1.2015459789295416e-03   -3.8391630205041218e-08    3.8207400501767020e-05   -1.9995120688709371e-09 
  -1.3066893038491333e-06    4.3681535430867240e-06   -2.3894356444717125e-07   -1.3735994180047678e-04    5.4660227749308675e-10 
   8.8025478911843110e-05    6.5051656931173569e-09    1.3732433907246467e-05   -8.6105376515214120e-07    9.4737198785995798e-07 
  -9.1750572177821428e-07    4.3717779234477141e-10    5.5696161982014766e-06   -9.2858739736290622e-10    4.5163799231904500e-06 
   2.0857776102770696e-07   -1.1225755685402562e-10   -1.4644714096973841e-06    5.6712058985258064e-10    1.8483643298619001e-06 
  -2.2705650055288271e-05   -2.2309766565360317e-03   -1.3803486821474002e-06   -7.4643866499103111e-05   -1.2332397852574289e-07 
   6.7803215919474912e-06    6.1661810245752202e-06   -1.9286931738116553e-06   -1.8632284478132746e-04   -3.0581611958598276e-07 
  -2.7140042850390527e-05    3.0917889379339371e-07   -9.5707391530378481e-07   -9.6720976439274851e-07   -1.7196211772935835e-07 
  -7.5112024216355150e-08    2.8967221868061726e-10    2.0770249794903362e-06   -2.4938545556251357e-08    4.3548830872493452e-07 
   2.6843517684662887e-07    1.1085457569057189e-03   -3.5420100030135858e-08    3.5250129792257355e-05   -1.8447488974191230e-09 
  -1.2055509391879754e-06    4.0300564111707806e-06   -2.2044922054819877e-07   -1.2672821791421775e-04    5.0429500498165746e-10 
   8.1212265579925518e-05    6.0016628190112432e-09    1.2669537085404344e-05   -7.9440780008891537e-07    8.7404495189532518e-07 
  -8.4649034880886638e-07    4.0334002627928107e-10    5.1385252935640352e-06   -8.5671429750849111e-10    4.1668099999696613e-06 
   1.9243374454812948e-07   -1.0356876932999156e-10   -1.3511206360792704e-06    5.2322519034605529e-10    1.7053000642636619e-06 
   1.4344442284165248e-07    5.9237655869430678e-04   -1.8927533512939601e-08    1.8836706062680833e-05   -9.8578339838541968e-10 
  -6.4421347719578127e-07    2.1535520147196902e-06   -1.1780203913250894e-07   -6.7720096486618210e-05    2.6948146953501848e-10 
   4.3397615396850007e-05    3.2071245999742919e-09    6.7702543915289454e-06   -4.2450981917980473e-07    4.6706573682002652e-07 
  -4.5234130992933551e-07    2.1553388776473621e-10    2.7458874937753254e-06   -4.5780470871934678e-10    2.2266293954386419e-06 
   1.0283133435129399e-07   -5.5344320053288325e-11   -7.2200194515702984e-07    2.7959724327890833e-10    9.1126575273663091e-07 
   2.8547429901057071e-07    1.9250358552012504e-03    1.7200370436441623e-07    1.4024834879869106e-03   -4.3745720274181690e-08 
   2.8547429901057071e-07    1.9250358552012504e-03    1.7200370436441623e-07    1.4024834879869106e-03   -4.3745720274181690e-08 
   2.8547429901057071e-07    1.9250358552012504e-03    1.7200370436441623e-07    1.4024834879869106e-03   -4.3745720274181690e-08 
   2.8547429901057071e-07    1.9250358552012504e-03    1.7200370436441623e-07    1.4024834879869106e-03   -4.3745720274181690e-08 
   8.3507038607104654e-06    1.3082994391007536e-03    7.5995611795229369e-06    9.5593326441429174e-04    9.1327278478287884e-07 
   8.3507038607104654e-06    1.3082994391007536e-03    7.5995611795229369e-06    9.5593326441429174e-04    9.1327278478287884e-07 
   8.3507038607104654e-06    1.3082994391007536e-03    7.5995611795229369e-06    9.5593326441429174e-04    9.1327278478287884e-07 
   8.3507038607104654e-06    1.3082994391007536e-03    7.5995611795229369e-06    9.5593326441429174e-04    9.1327278478287884e-07 
   2.2101884402203988e-06    3.7625744238360399e-04    2.1172439642797471e-06    2.8480014830416803e-04    3.5512244583834058e-07 
   2.2101884402203988e-06    3.7625744238360399e-04    2.1172439642797471e-06    2.8480014830416803e-04    3.5512244583834058e-07 
   2.2101884402203988e-06    3.7625744238360399e-04    2.1172439642797471e-06    2.8480014830416803e-04    3.5512244583834058e-07 
   2.2101884402203988e-06    3.7625744238360399e-04    2.1172439642797471e-06    2.8480014830416803e-04    3.5512244583834058e-07 
  -1.1868734282496706e-05   -1.1661797421524166e-03   -7.2153810552481002e-07   -3.9017963156253039e-05   -6.4464110396234551e-08 
   3.5442207172552203e-06    3.2231961621997890e-06   -1.0081696289996463e-06   -9.7394980107755287e-05   -1.5985669883187952e-07 
  -1.4186687288075975e-05    1.6161449362844376e-07   -5.0028323178546249e-07   -5.0558145928705190e-07   -8.9888317533979446e-08 
  -3.9262679318742759e-08    1.5141793272466936e-10    1.0857058714307748e-06   -1.3035917046125217e-08    2.2763915619259367e-07 
   1.6485479382817682e-07    6.8079409096299872e-04   -2.1752638221397019e-08    2.1648253956817578e-05   -1.1329204418038823e-09 
  -7.4036813603885358e-07    2.4749890330471593e-06   -1.3538505359087028e-07   -7.7827930310330330e-05    3.0970400396640337e-10 
   4.9875100036338242e-05    3.6858168079052876e-09    7.7807757859772590e-06   -4.8787172991853858e-07    5.3677950123351021e-07 
  -5.1985732112210559e-07    2.4770426013470278e-10    3.1557359128657328e-06   -5.2613618134745338e-10    2.5589738704724854e-06 
   1.1817983639749013e-07   -6.3604957872898036e-11   -8.2976723287315504e-07    3.2132964797490088e-10    1.0472803669467853e-06 
  -1.8864402815084426e-07   -7.7903551773210022e-04    2.4891634642237399e-08   -2.4772187292915226e-05    1.2964055867193710e-09 
   8.4720634598270333e-07   -2.8321402731533941e-06    1.5492168148545822e-07    8.9058825257373302e-05   -3.5439558344636773e-10 
  -5.7072284989707409e-05   -4.2176955460211726e-09   -8.9035741838065200e-06    5.5827365535198354e-07   -6.1423902205131482e-07 
   5.9487490077112516e-07   -2.8344901799239178e-10   -3.6111217669760212e-06    6.0205982671474224e-10   -2.9282444729015693e-06 
  -1.3523367969187830e-07    7.2783418576314609e-11    9.4950610535425966e-07   -3.6769885637330795e-10   -1.1984072918743876e-06 
   1.2313842732386183e-05    1.2099145200122152e-03    7.4859766386035806e-07    4.0481238404055714e-05    6.6881682444695316e-08 
  -3.6771382257253638e-06   -3.3440744136880060e-06    1.0459786160498883e-06    1.0104754554488967e-04    1.6585174141417408e-07 
   1.4718725013208524e-05   -1.6767545809410850e-07    5.1904515605687533e-07    5.2454208088997994e-07    9.3259363572117401e-08 
   4.0735132060046943e-08   -1.5709649959762906e-10   -1.1264226695295522e-06    1.3524797889792400e-08   -2.3617621747776039e-07 
  -1.1542157315349308e-07   -4.7665174392472567e-04    1.5229910307426650e-08   -1.5156826621168871e-05    7.9320386513628055e-10 
   5.1836196564226366e-07   -1.7328408904486454e-06    9.4788604589898026e-08    5.4490512184082969e-05   -2.1683642021957494e-10 
  -3.4919594230192635e-05   -2.5805908608725074e-09   -5.4476388627687255e-06    3.4157892079865748e-07   -3.7582124868927948e-07 
   3.6397333936077779e-07   -1.7342786774746995e-10   -2.2094595799232496e-06    3.6836942580747150e-10   -1.7916421047267996e-06 
  -8.2742529442230450e-08    4.4532428372712352e-11    5.8095392402881370e-07   -2.2497600833359628e-10   -7.3324375153902850e-07 
  -3.3565843652934103e-07   -1.3004467158704248e-03    3.8570502989066491e-08   -4.0388297699137938e-05    1.8487533759691038e-09 
  -3.3565843652934103e-07   -1.3004467158704248e-03    3.8570502989066491e-08   -4.0388297699137938e-05    1.8487533759691038e-09 
  -3.3565843652934103e-07   -1.3004467158704248e-03    3.8570502989066491e-08   -4.0388297699137938e-05    1.8487533759691038e-09 
  -3.3565843652934103e-07   -1.3004467158704248e-03    3.8570502989066491e-08   -4.0388297699137938e-05    1.8487533759691038e-09 
  -9.0197009429916270e-06   -8.8401428795261327e-04   -5.4092579317548124e-07   -2.8989915749824457e-05   -4.7912283760789641e-08 
  -9.0197009429916270e-06   -8.8401428795261327e-04   -5.4092579317548124e-07   -2.8989915749824457e-05   -4.7912283760789641e-08 
  -9.0197009429916270e-06   -8.8401428795261327e-04   -5.4092579317548124e-07   -2.8989915749824457e-05   -4.7912283760789641e-08 
  -9.0197009429916270e-06   -8.8401428795261327e-04   -5.4092579317548124e-07   -2.8989915749824457e-05   -4.7912283760789641e-08 
2    104 5 
   5.3908303415885664e-02    5.3424163389477449e-03    1.0420456958433267e-03   -2.8822099265569536e-05   -1.6204027632436997e-05 
  -9.2605693825599002e-03    6.4884708746975077e-03   -3.0560585523668709e-03    1.0142341642688029e-03   -2.2870639662814888e-04 
   1.8307806355271121e-02    9.7382020144697982e-03   -9.3688919854409605e-03    2.4060923644710782e-03   -4.6926283371127311e-04 
  -1.0065735218939437e-02   -8.0338603465035640e-03    7.6943920586775520e-03   -1.9439365939524676e-03    3.7879085828506232e-04 
  -2.5177347733229452e-02    3.7017777828888383e-02   -8.9523241051716971e-03    2.9722966913059909e-03   -5.4162835156948159e-04 
   1.8806726005068017e-01   -1.1134948265865882e-01   -3.6250077876728432e-02    5.3052296847908402e-03   -8.9331793186470413e-04 
   9.4046602864077053e-03    8.5881943891509341e-03    1.4158846171720292e-02   -6.4200404709361756e-03    1.2407756870436034e-03 
  -9.4473239914986303e-03   -1.1449921276829349e-02   -1.2603911105808557e-02    2.8499429520179361e-03   -5.8047660738626511e-04 
  -3.1665321353910010e-04   -2.5980023479262805e-03   -3.4716039847805095e-03    3.8606531960490016e-04    5.5700136535483100e-05 
  -4.2008299603922836e-03   -6.1901488810844158e-03   -8.4230716454511342e-03    2.2762905619822240e-03   -4.5888542581208483e-04 
   6.5315286616898609e-03   -1.0956014320717919e-02   -9.1535138529061262e-03   -9.8788935885889750e-04    1.0148508272639337e-03 
  -1.2660162228189593e-03    7.4500487882673779e-04   -1.7442244671907095e-03   -4.5562061293361582e-03    1.6523895328571310e-03 
   1.0347020897680060e-04   -4.8146006214836541e-04    7.5323229370559701e-04    6.8962072636691405e-04   -3.9216378526210985e-05 
  -7.1329189635906321e-06   -1.7520355996299211e-03    1.3493698536587216e-03    2.0714255376928733e-03   -4.9193786348649456e-04 
  -6.8376553312909038e-04    9.2409807322382017e-04   -1.8518470846243932e-03   -2.2587712182363020e-03    2.1845136212460311e-03 
  -7.6166509498204102e-04    1.3955074297005359e-04   -1.2930287128669045e-03   -3.4312127911652018e-03    1.4341862814484193e-03 
   9.1898042065968418e-05   -1.1117023481985175e-03    1.0915522958102599e-04   -2.8211925276524841e-05    5.1384560759772202e-06 
   9.1898042065968418e-05   -1.1117023481985175e-03    1.0915522958102599e-04   -2.8211925276524841e-05    5.1384560759772202e-06 
   9.1898042065968418e-05   -1.1117023481985175e-03    1.0915522958102599e-04   -2.8211925276524841e-05    5.1384560759772202e-06 
   9.1898042065968418e-05   -1.1117023481985175e-03    1.0915522958102599e-04   -2.8211925276524841e-05    5.1384560759772202e-06 
   9.1898042065968418e-05   -1.1117023481985175e-03    1.0915522958102599e-04   -2.8211925276524841e-05    5.1384560759772202e-06 
  -4.1044348202852431e-03    1.1506494202892955e-03   -1.7390844942251089e-04    3.5224473656458273e-05   -7.5842536865316270e-06 
  -1.2597609875405485e-04   -4.1902713482411800e-04    1.8656772344603588e-04   -6.5914337094819824e-05    1.8440199575645279e-05 
  -9.2941769658378249e-06   -5.0085086022374207e-05   -1.0335281777503771e-04    4.0226033988125917e-05   -1.2151818609065367e-05 
   2.9315666090519786e-08   -1.1409006801018658e-07   -3.0684935256975762e-06   -7.9760926908071522e-06    1.4258132632367190e-07 
  -7.1597852866414722e-04    2.0071954240212053e-04   -3.0336628839714234e-05    6.1445650682223075e-06   -1.3229989105104544e-06 
  -2.1975298861368984e-05   -7.3095187181185500e-05    3.2544915433650154e-05   -1.1498111715108675e-05    3.2167125410767748e-06 
  -1.6212783100505701e-06   -8.7368536152864531e-06   -1.8028888664072536e-05    7.0170383718776687e-06   -2.1197659578639813e-06 
   5.1138313539697303e-09   -1.9901896998195967e-08   -5.3526869738224536e-07   -1.3913513941137678e-06    2.4871918475029096e-08 
  -1.1593798659090050e-03    3.2502398722720295e-04   -4.9123926581906685e-05    9.9498584659462915e-06   -2.1423244385934314e-06 
  -3.5584473594117268e-05   -1.1836261133533079e-04    5.2699792215674935e-05   -1.8618825404361586e-05    5.2088039029600517e-06 
  -2.6253265348817901e-06   -1.4147536228295057e-05   -2.9194074521815316e-05    1.1362649410513330e-05   -3.4325246827892498e-06 
   8.2807973592568713e-09   -3.2227026020115202e-08   -8.6675748748244694e-07   -2.2530072176181220e-06    4.0274952882009386e-08 
  -2.1202705169042521e-03   -9.2991956692921530e-05   -4.2224909659868230e-06    5.7082172570090858e-07   -4.7931112688987675e-07 
   7.7695925364895276e-06   -1.7641116415002684e-04   -1.6544534461735061e-05   -1.6364192236320683e-06    2.2197891734614575e-07 
  -5.3847632337870221e-08    2.4000098451776020e-06   -2.5707342310607146e-05    9.4426418500054305e-07    1.6265602661946882e-07 
   1.2571391081395432e-09   -2.3585567426656873e-08    7.2043519738680303e-08    1.9088283862560226e-06    6.5341833887595911e-07 
   6.4786492236483276e-05   -1.4217650755153574e-03    5.9575899417899200e-04   -1.3214623997892470e-04    3.0428733136481723e-05 
   6.4786492236483276e-05   -1.4217650755153574e-03    5.9575899417899200e-04   -1.3214623997892470e-04    3.0428733136481723e-05 
   6.4786492236483276e-05   -1.4217650755153574e-03    5.9575899417899200e-04   -1.3214623997892470e-04    3.0428733136481723e-05 
   6.4786492236483276e-05   -1.4217650755153574e-03    5.9575899417899200e-04   -1.3214623997892470e-04    3.0428733136481723e-05 
   6.4786492236483276e-05   -1.4217650755153574e-03    5.9575899417899200e-04   -1.3214623997892470e-04    3.0428733136481723e-05 
  -9.0929949881455641e-04    1.1898684759135686e-04   -6.6766364183158428e-04    3.8144866809210692e-04   -1.1426545491912408e-04 
  -9.0929949881455641e-04    1.1898684759135686e-04   -6.6766364183158428e-04    3.8144866809210692e-04   -1.1426545491912408e-04 
  -9.0929949881455641e-04    1.1898684759135686e-04   -6.6766364183158428e-04    3.8144866809210692e-04   -1.1426545491912408e-04 
  -9.0929949881455641e-04    1.1898684759135686e-04   -6.6766364183158428e-04    3.8144866809210692e-04   -1.1426545491912408e-04 
  -9.0929949881455641e-04    1.1898684759135686e-04   -6.6766364183158428e-04    3.8144866809210692e-04   -1.1426545491912408e-04 
  -2.2301924351846645e-03   -9.7812970890326676e-05   -4.4413990266340406e-06    6.0041503400045169e-07   -5.0416021954141624e-07 
   8.1723942115866620e-06   -1.8555690919286438e-04   -1.7402258488264278e-05   -1.7212566718437312e-06    2.3348704718993744e-07 
  -5.6639273779019569e-08    2.5244343862776611e-06   -2.7040096955896001e-05    9.9321799997425607e-07    1.7108865930635213e-07 
   1.3223134060464860e-09   -2.4808322162243853e-08    7.5778496868349132e-08    2.0077884369724379e-06    6.8729373198085197e-07 
   2.9713830235320266e-04    1.0685715849773345e-03   -8.0705798586089225e-06    6.1574877640168475e-06   -7.1565729013939193e-07 
   2.9713830235320266e-04    1.0685715849773345e-03   -8.0705798586089225e-06    6.1574877640168475e-06   -7.1565729013939193e-07 
   2.9713830235320266e-04    1.0685715849773345e-03   -8.0705798586089225e-06    6.1574877640168475e-06   -7.1565729013939193e-07 
   2.9713830235320266e-04    1.0685715849773345e-03   -8.0705798586089225e-06    6.1574877640168475e-06   -7.1565729013939193e-07 
   2.9713830235320266e-04    1.0685715849773345e-03   -8.0705798586089225e-06    6.1574877640168475e-06   -7.1565729013939193e-07 
   4.4408471285837376e-04    1.8126824206274219e-04    3.4713999408487431e-04   -2.6269091909754532e-05    5.8721872728581671e-06 
   4.4408471285837376e-04    1.8126824206274219e-04    3.4713999408487431e-04   -2.6269091909754532e-05    5.8721872728581671e-06 
   4.4408471285837376e-04    1.8126824206274219e-04    3.4713999408487431e-04   -2.6269091909754532e-05    5.8721872728581671e-06 
   4.4408471285837376e-04    1.8126824206274219e-04    3.4713999408487431e-04   -2.6269091909754532e-05    5.8721872728581671e-06 
   4.4408471285837376e-04    1.8126824206274219e-04    3.4713999408487431e-04   -2.6269091909754532e-05    5.8721872728581671e-06 
  -2.2912526640126861e-03    6.4233656155350516e-04   -9.7082354935764715e-05    1.9663649841611028e-05   -4.2338207876830069e-06 
  -7.0324681596988756e-05   -2.3391699003582673e-04    1.0414924638389166e-04   -3.6795906641938191e-05    1.0294025426791052e-05 
  -5.1883654303715598e-06   -2.7959412635548744e-05   -5.7695499972348355e-05    2.2455712314504006e-05   -6.7836104067270774e-06 
   1.6365127226588969e-08   -6.3689444152888658e-08   -1.7129505700791334e-06   -4.4525603222891341e-06    7.9594355394069024e-08 
  -1.5587991551236793e-03    4.3699837437444184e-04   -6.6047666950120917e-05    1.3377695633999022e-05   -2.8803790915085218e-06 
  -4.7843721462715500e-05   -1.5913985051231434e-04    7.0855458160453381e-05   -2.5033218329144280e-05    7.0032949181612902e-06 
  -3.5297807947431648e-06   -1.9021520183514074e-05   -3.9251758666296493e-05    1.5277208809545521e-05   -4.6150677036968721e-06 
   1.1133624368437250e-08   -4.3329595768784194e-08   -1.1653651050127896e-06   -3.0291933218601551e-06    5.4150123157347998e-08 
  -4.5397069881461820e-04    1.2726749096799269e-04   -1.9235130723459087e-05    3.8960002098627952e-06   -8.3885579789103079e-07 
  -1.3933576750365642e-05   -4.6346464141236404e-05    2.0635308756873687e-05   -7.2904502039962029e-06    2.0395768611706053e-06 
  -1.0279817311838566e-06   -5.5396571019703362e-06   -1.1431330491084045e-05    4.4491974071258379e-06   -1.3440509661796762e-06 
   3.2424570017667832e-09   -1.2618923230651344e-08   -3.3939049130088310e-07   -8.8219512093610289e-07    1.5770196673405600e-08 
  -1.1657698126936531e-03   -5.1128955042116878e-05   -2.3216153143072686e-06    3.1384992195402321e-07   -2.6353544897291443e-07 
   4.2718871784314036e-06   -9.6994609012682461e-05   -9.0965368271597487e-06   -8.9973808370792781e-07    1.2204872860958719e-07 
  -2.9606573200937654e-08    1.3195764433685057e-06   -1.4134443407742512e-05    5.1917652644090322e-07    8.9431741928162123e-08 
   6.9120181172234942e-10   -1.2967846462060176e-08    3.9611058986085742e-08    1.0495144334502389e-06    3.5926329609780800e-07 
  -6.5536622756476532e-04    1.8355303386306584e-04   -2.7686288720503118e-05    5.5954232408232155e-06   -1.2028611643699604e-06 
  -6.5536622756476532e-04    1.8355303386306584e-04   -2.7686288720503118e-05    5.5954232408232155e-06   -1.2028611643699604e-06 
  -6.5536622756476532e-04    1.8355303386306584e-04   -2.7686288720503118e-05    5.5954232408232155e-06   -1.2028611643699604e-06 
  -6.5536622756476532e-04    1.8355303386306584e-04   -2.7686288720503118e-05    5.5954232408232155e-06   -1.2028611643699604e-06 
  -6.5536622756476532e-04    1.8355303386306584e-04   -2.7686288720503118e-05    5.5954232408232155e-06   -1.2028611643699604e-06 
  -7.4993830759144918e-04    2.1004050220903430e-04   -3.1681535656321975e-05    6.4028661517596131e-06   -1.3764390472591791e-06 
  -7.4993830759144918e-04    2.1004050220903430e-04   -3.1681535656321975e-05    6.4028661517596131e-06   -1.3764390472591791e-06 
  -7.4993830759144918e-04    2.1004050220903430e-04   -3.1681535656321975e-05    6.4028661517596131e-06   -1.3764390472591791e-06 
  -7.4993830759144918e-04    2.1004050220903430e-04   -3.1681535656321975e-05    6.4028661517596131e-06   -1.3764390472591791e-06 
  -7.4993830759144918e-04    2.1004050220903430e-04   -3.1681535656321975e-05    6.4028661517596131e-06   -1.3764390472591791e-06 
  -1.2094892171310117e-03   -5.3046424030939667e-05   -2.4086819356667959e-06    3.2562011150699899e-07   -2.7341871473582315e-07 
   4.4320940745364486e-06   -1.0063215949091164e-04   -9.4376806517772362e-06   -9.3348060537987807e-07    1.2662587383075118e-07 
  -3.0716896811724276e-08    1.3690639970737578e-06   -1.4664521851283785e-05    5.3864699847294713e-07    9.2785665191847004e-08 
   7.1712368002386246e-10   -1.3454174481522595e-08    4.1096576872334038e-08    1.0888739583575062e-06    3.7273660546864010e-07 
   4.7646113937658456e-04    2.0817143091396287e-05    9.4061292128303745e-07   -1.2898296180863292e-07    1.0781378491683960e-07 
   4.7646113937658456e-04    2.0817143091396287e-05    9.4061292128303745e-07   -1.2898296180863292e-07    1.0781378491683960e-07 
   4.7646113937658456e-04    2.0817143091396287e-05    9.4061292128303745e-07   -1.2898296180863292e-07    1.0781378491683960e-07 
   4.7646113937658456e-04    2.0817143091396287e-05    9.4061292128303745e-07   -1.2898296180863292e-07    1.0781378491683960e-07 
   4.7646113937658456e-04    2.0817143091396287e-05    9.4061292128303745e-07   -1.2898296180863292e-07    1.0781378491683960e-07 
  -1.2516390856085172e-03    3.5088821027173139e-04   -5.3033029429289191e-05    1.0741631900332323e-05   -2.3128028010866938e-06 
  -3.8416156171800419e-05   -1.2778147609613329e-04    5.6893449403547991e-05   -2.0100443598740922e-05    5.6233015130924205e-06 
  -2.8342404419511650e-06   -1.5273345543665317e-05   -3.1517232456872548e-05    1.2266847593661147e-05   -3.7056724733843187e-06 
   8.9397530003881992e-09   -3.4791535169599659e-08   -9.3573088594761960e-07   -2.4322933118369867e-06    4.3479886688079498e-08 
  -8.5092745212436011e-04    2.3855152350235086e-04   -3.6054531317837089e-05    7.3027037663686506e-06   -1.5723601295480283e-06 
  -2.6117242795904581e-05   -8.6872299797436609e-05    3.8679039748898888e-05   -1.3665296533729169e-05    3.8230043181628737e-06 
  -1.9268597678897170e-06   -1.0383591530754638e-05   -2.1427006092174759e-05    8.3396224107184334e-06   -2.5193032659660471e-06 
   6.0776955040062942e-09   -2.3653042412756886e-08   -6.3615710615681649e-07   -1.6535958124496629e-06    2.9559822494801457e-08 
2    104 5 
  -1.1148721034383951e-02   -4.8850440418332725e-02   -1.5690102830556853e-03   -6.4203342817737499e-03   -2.8174580504513756e-04 
  -4.1387146168331296e-03    1.1624332641633102e-03    7.0648236886760392e-04    6.9514042575448695e-03    1.7460966481976778e-04 
   1.4710502981516120e-02   -8.3040617553930378e-03    3.0903239534923284e-03    1.4582713112474884e-02    4.7637007265397653e-04 
   2.5499033806554196e-03   -6.1790301984483041e-03    3.4943007302676932e-03    2.2069941538453441e-02    5.8607092834860746e-04 
   4.0634799166579753e-03   -6.0754321515765390e-03    1.4393192823828054e-03    5.4582014378673259e-03    1.7665245088794901e-04 
  -6.9017324229161863e-03    5.5934260445936980e-03   -1.4062885035002733e-03   -7.8212417288546828e-03   -1.7977270217739064e-04 
  -8.9444869360325377e-04    2.7801116030536813e-05   -3.8308568217922238e-03    2.3894379493162835e-03   -6.3278570287893016e-04 
  -1.9290754682579233e-03    2.3737021045747014e-03   -4.6641141220509870e-03    4.3892173133305151e-03   -3.2814007830939292e-04 
  -2.9263736532339516e-03   -5.3539854344931822e-03   -4.9096974876259821e-04    1.4378778527859265e-03    1.4752337742051920e-04 
  -1.3164030316344391e-03    2.7875265830207933e-03   -2.8666718211058121e-03    3.8308564131864062e-03   -1.3701045079068101e-04 
  -2.1210463638838132e-04    8.1248049832435701e-04    2.2286951732214304e-03   -2.5935665324748241e-03    2.3374557220209543e-04 
  -3.8699688479977188e-04    2.5919013615163227e-05    2.3715412828373282e-03    1.6332002405772928e-04    7.4384867345722160e-04 
  -2.0336242321942473e-03    2.2874382680666900e-04   -5.3575458133771163e-04   -2.9201863791683866e-04   -4.3159438766252956e-04 
  -1.8862616553392994e-04    1.1838113237912053e-03    1.4212536891940614e-04   -1.3739900030018424e-04   -1.7972531604360420e-04 
   3.2590855767736330e-04   -1.2418720015838273e-04   -5.9564136491106485e-04    4.0424718073470503e-04   -3.7842089281500273e-04 
   5.7699441052323037e-04   -2.3515156466713050e-04   -4.0731183682661602e-04    7.1668275721241227e-05   -2.1293428740881774e-04 
  -3.4926613941453415e-06    1.1182436579835276e-03   -6.5794378380491856e-07    8.0353589390670500e-05   -1.1296800353208542e-07 
  -2.8295704011656882e-06    9.1757131676416724e-06    8.1262892067125714e-07   -1.2781016658791407e-04    2.2553632243060174e-07 
   8.2274605310724022e-05    3.8732874085180968e-07    1.1434710857992627e-05   -1.7186432916786836e-06    1.3102473544717961e-06 
  -8.9967202553512344e-07   -3.4728325433373479e-09    6.1966938682598550e-06    6.3475827064608616e-08    2.4981508812118083e-06 
  -8.0529405973893395e-08   -2.1849330968821427e-10    8.1487449981888441e-07    3.3300275597216792e-09   -2.0503925698739880e-06 
   4.5442981855198717e-05    4.2628684669259783e-03    5.7149378956079003e-06    1.6666159536873860e-04    5.8035610869065648e-07 
   8.3180365451062898e-05    1.7597621830004166e-05    4.9373950553278982e-06   -4.7296187759761279e-04    9.1552392943705761e-08 
   1.2001862234269066e-04   -2.1254155015359667e-06    1.3486704638042804e-05    2.1169888278291990e-05    1.8602536122346799e-06 
  -9.4958989763903180e-07    1.7758737239608605e-09    8.4027746851485397e-06   -7.8979010841341950e-08    1.2463259185125475e-06 
   7.9270839254149918e-06    7.4361572944319279e-04    9.9691504557013765e-07    2.9072485996655733e-05    1.0123744948950338e-07 
   1.4510001565881659e-05    3.0697330905498070e-06    8.6128029848982488e-07   -8.2503575781729132e-05    1.5970419915441818e-08 
   2.0936075342827772e-05   -3.7075795577719419e-07    2.3526237755196582e-06    3.6928800492981173e-06    3.2450305646159319e-07 
  -1.6564667427187519e-07    3.0978380986604467e-10    1.4657818967023798e-06   -1.3777116327456729e-08    2.1740937216554244e-07 
   1.2836280880719207e-05    1.2041326243375197e-03    1.6142987332486648e-06    4.7076907430914116e-05    1.6393321295975275e-07 
   2.3495961116569342e-05    4.9708009338468972e-06    1.3946661764232923e-06   -1.3359756025826808e-04    2.5860808053310858e-08 
   3.3901664996736869e-05   -6.0036620072345052e-07    3.8095899921543311e-06    5.9798591786844535e-06    5.2546591137229946e-07 
  -2.6823069591753816e-07    5.0163112099657632e-10    2.3735320974238452e-06   -2.2309204313907787e-08    3.5204973146182773e-07 
  -1.2571744462813028e-05   -1.7121040436495621e-03   -1.2511618015644148e-05   -1.2540737554307094e-03   -2.6502199966280200e-06 
  -1.2571744462813028e-05   -1.7121040436495621e-03   -1.2511618015644148e-05   -1.2540737554307094e-03   -2.6502199966280200e-06 
  -1.2571744462813028e-05   -1.7121040436495621e-03   -1.2511618015644148e-05   -1.2540737554307094e-03   -2.6502199966280200e-06 
  -1.2571744462813028e-05   -1.7121040436495621e-03   -1.2511618015644148e-05   -1.2540737554307094e-03   -2.6502199966280200e-06 
  -4.8248801712472925e-06    1.5447794799323857e-03   -9.0890571917366503e-07    1.1100315673013092e-04   -1.5605780770532700e-07 
  -3.9088639238311617e-06    1.2675639440404538e-05    1.1225929809575117e-06   -1.7656127201095013e-04    3.1156347758633117e-07 
   1.1365691287060692e-04    5.3506897766348714e-07    1.5796294990163277e-05   -2.3741917705987016e-06    1.8100198578130821e-06 
  -1.2428372598347761e-06   -4.7974879284027724e-09    8.5603217713501849e-06    8.7687646982021673e-08    3.4510298283559367e-06 
  -1.1124603568415452e-07   -3.0183402239678721e-10    1.1256950996800753e-06    4.6002123107441254e-09   -2.8324814052232472e-06 
  -3.7450651866838343e-06    1.1990556544542667e-03   -7.0549133782428681e-07    8.6160493758864756e-05   -1.2113185032662346e-07 
  -3.0340546668623485e-06    9.8388134632043534e-06    8.7135508915919271e-07   -1.3704661041434463e-04    2.4183513205242543e-07 
   8.8220335533769571e-05    4.1531978610859688e-07    1.2261061901347824e-05   -1.8428443051429987e-06    1.4049348618226579e-06 
  -9.6468852890029432e-07   -3.7238033664061958e-09    6.6445096903634863e-06    6.8063027963178751e-08    2.6786844874205866e-06 
  -8.6349016060560969e-08   -2.3428314265113384e-10    8.7376294933820105e-07    3.5706783101037181e-09   -2.1985680734302323e-06 
  -3.8239683694407062e-06    1.7658619347976311e-03   -4.2586632013722992e-06    1.3657103949399800e-03   -1.2614855390921496e-06 
  -3.8239683694407062e-06    1.7658619347976311e-03   -4.2586632013722992e-06    1.3657103949399800e-03   -1.2614855390921496e-06 
  -3.8239683694407062e-06    1.7658619347976311e-03   -4.2586632013722992e-06    1.3657103949399800e-03   -1.2614855390921496e-06 
  -3.8239683694407062e-06    1.7658619347976311e-03   -4.2586632013722992e-06    1.3657103949399800e-03   -1.2614855390921496e-06 
  -3.4551953856416974e-06    1.1062481847122321e-03   -6.5088597756000868e-07    7.9491631152046034e-05   -1.1175618832776371e-07 
  -2.7992174133583277e-06    9.0772846889628840e-06    8.0391179678881834e-07   -1.2643913852425413e-04    2.2311697946531175e-07 
   8.1392040207970968e-05    3.8317383997227260e-07    1.1312049962504619e-05   -1.7002072920456530e-06    1.2961922449192912e-06 
  -8.9002118454157860e-07   -3.4355792402205575e-09    6.1302215255495442e-06    6.2794917692585043e-08    2.4713530523940022e-06 
  -7.9665561739216429e-08   -2.1614951758386370e-10    8.0613328746122685e-07    3.2943061350570844e-09   -2.0283978739130572e-06 
  -1.8463619921978142e-06    5.9114879890103614e-04   -3.4781567931450767e-07    4.2478155379247075e-05   -5.9719453023916937e-08 
  -1.4958252900546827e-06    4.8506528781866771e-06    4.2958849529566073e-07   -6.7565620360441803e-05    1.1922761659460357e-07 
   4.3493682045284412e-05    2.0475762889394437e-07    6.0448503697953023e-06   -9.0854431443611449e-07    6.9264971397733792e-07 
  -4.7560299895551465e-07   -1.8358796601451820e-09    3.2758228595589224e-06    3.3555887986127986e-08    1.3206235352722021e-06 
  -4.2571099131940932e-08   -1.1550439536854734e-10    4.3077559920318554e-07    1.7603871733881249e-09   -1.0839203927543953e-06 
   2.5368012356246453e-05    2.3796963915487471e-03    3.1902971423160883e-06    9.3036883541176225e-05    3.2397700008331251e-07 
   4.6434464738327014e-05    9.8236662692289301e-06    2.7562429589311672e-06   -2.6402542846244080e-04    5.1108051026237001e-08 
   6.6998990169056093e-05   -1.1864883091722982e-06    7.5287948971547540e-06    1.1817842172754130e-05    1.0384647902572171e-06 
  -5.3009743800335450e-07    9.9136070595285345e-10    4.6907505479906613e-06   -4.4089107737063655e-08    6.9574684604724121e-07 
   1.7258522750097319e-05    1.6189697377593608e-03    2.1704426439494026e-06    6.3295426880307886e-05    2.2041003244266192e-07 
   3.1590581667218380e-05    6.6832972727997053e-06    1.8751442227122731e-06   -1.7962340918685404e-04    3.4770144738291082e-08 
   4.5581166542655063e-05   -8.0719905008767767e-07    5.1220362158711802e-06    8.0399873325241138e-06    7.0649477602513595e-07 
  -3.6063916104552353e-07    6.7444863464152898e-10    3.1912403664370793e-06   -2.9994973915417642e-08    4.7333478879586339e-07 
   5.0262175262393094e-06    4.7149424016208302e-04    6.3210026806345047e-07    1.8433592986097743e-05    6.4190242934670363e-08 
   9.2001579474101796e-06    1.9463836141725306e-06    5.4610020178984725e-07   -5.2311912233202573e-05    1.0126145406766677e-08 
   1.3274650528350340e-05   -2.3508141869741026e-07    1.4916959331353565e-06    2.3414938709772752e-06    2.0575320824802521e-07 
  -1.0502931787050140e-07    1.9642037717071181e-10    9.2938825022772935e-07   -8.7354674427110493e-09    1.3784978272321339e-07 
  -1.3050816837255930e-05   -1.1660630220836411e-03   -1.6030046211533209e-06   -4.2382973950652206e-05   -1.6023587484084611e-07 
  -1.3050816837255930e-05   -1.1660630220836411e-03   -1.6030046211533209e-06   -4.2382973950652206e-05   -1.6023587484084611e-07 
  -1.3050816837255930e-05   -1.1660630220836411e-03   -1.6030046211533209e-06   -4.2382973950652206e-05   -1.6023587484084611e-07 
  -1.3050816837255930e-05   -1.1660630220836411e-03   -1.6030046211533209e-06   -4.2382973950652206e-05   -1.6023587484084611e-07 
  -2.1219481352158085e-06    6.7938307697179210e-04   -3.9973029949652851e-07    4.8818402336752462e-05   -6.8633118811856497e-08 
  -1.7190906757466008e-06    5.5746564719929898e-06    4.9370844414843761e-07   -7.7650397232168779e-05    1.3702341131816329e-07 
   4.9985505496569343e-05    2.3531954765031057e-07    6.9470986859826448e-06   -1.0441527294892941e-06    7.9603391704485906e-07 
  -5.4659102657079458e-07   -2.1099012207722773e-09    3.7647689009586420e-06    3.8564406242416982e-08    1.5177384823965376e-06 
  -4.8925218780950348e-08   -1.3274446581830407e-10    4.9507273399708273e-07    2.0231408009987643e-09   -1.2457052657316388e-06 
  -2.4281541013086687e-06    7.7742088853693188e-04   -4.5741304890146356e-07    5.5863101404816588e-05   -7.8537164110123491e-08 
  -1.9671626302077680e-06    6.3791026515735387e-06    5.6495263178891452e-07   -8.8855673415581425e-05    1.5679646106603109e-07 
   5.7198622418326871e-05    2.6927713984257674e-07    7.9495940011979751e-06   -1.1948283232870892e-06    9.1090493135766382e-07 
  -6.2546639141649387e-07   -2.4143687668658920e-09    4.3080407553940251e-06    4.4129410906895190e-08    1.7367544755613645e-06 
  -5.5985331907420240e-08   -1.5190004588399707e-10    5.6651379435287346e-07    2.3150884566603409e-09   -1.4254657311407168e-06 
  -3.7793959028288475e-06    1.2075752845127411e-03   -7.0818149329819408e-07    8.6411606625751540e-05   -1.2135244267607925e-07 
  -3.7793959028288475e-06    1.2075752845127411e-03   -7.0818149329819408e-07    8.6411606625751540e-05   -1.2135244267607925e-07 
  -3.7793959028288475e-06    1.2075752845127411e-03   -7.0818149329819408e-07    8.6411606625751540e-05   -1.2135244267607925e-07 
  -3.7793959028288475e-06    1.2075752845127411e-03   -7.0818149329819408e-07    8.6411606625751540e-05   -1.2135244267607925e-07 
  -1.4856625411330225e-06    4.7566383540945123e-04   -2.7986750602529636e-07    3.4179757019507768e-05   -4.8052849175570046e-08 
  -1.2036055827104518e-06    3.9030446421738032e-06    3.4566544277850653e-07   -5.4366214026338482e-05    9.5935685738593263e-08 
   3.4996893601407105e-05    1.6475682479622801e-07    4.8639474811052234e-06   -7.3105396483513886e-07    5.5733585208700730e-07 
  -3.8269069824041017e-07   -1.4772280043844752e-09    2.6358684452991820e-06    2.7000515622672590e-08    1.0626306897474156e-06 
  -3.4254543574036671e-08   -9.2939821259538009e-11    3.4662063781355100e-07    1.4164834915609441e-09   -8.7216912603824397e-07 
   1.3857745279680807e-05    1.2999531052710956e-03    1.7427587366269898e-06    5.0823115962866653e-05    1.7697841993222556e-07 
   2.5365683976561548e-05    5.3663591360576601e-06    1.5056486222649161e-06   -1.4422876666922519e-04    2.7918716804319460e-08 
   3.6599435806014228e-05   -6.4814115252432428e-07    4.1127432643354562e-06    6.4557145544424569e-06    5.6728057142238726e-07 
  -2.8957551605153858e-07    5.4154909539045640e-10    2.5624091218392904e-06   -2.4084489397459228e-08    3.8006456462837183e-07 
   9.4211949903227961e-06    8.8377376231558947e-04    1.1848153900567053e-06    3.4552120553408141e-05    1.2031886642522647e-07 
   1.7244872811776588e-05    3.6483219159057826e-06    1.0236159613979700e-06   -9.8053998437748594e-05    1.8980553443911607e-08 
   2.4882144555640454e-05   -4.4063908348334544e-07    2.7960505447631889e-06    4.3889207365101860e-06    3.8566597738150587e-07 
  -1.9686805797658106e-07    3.6817242065975740e-10    1.7420551103091001e-06   -1.6373852042765487e-08    2.5838708245895154e-07 
 TENSORSUMACCUMULATOR_IMPL_H - PrettifyOut: Norm of simple tensor is 1.70005e-06 
 As simple full tensor 3    5 5 5 
   1.3230691957444738e-09    1.9863862801852269e-07   -3.7177934478415869e-09    1.5493895774150695e-08   -3.0507052541052678e-11 
   9.4772006005960933e-09   -1.6446139357393709e-08    1.0477008009120275e-09   -4.4943587902447710e-09   -1.3557886964007755e-10 
  -1.8093830310197514e-09    3.6106161272879399e-09   -3.5772118805023537e-10    2.1148704025036556e-09   -3.4591116717719096e-11 
   4.4360255033357499e-10   -7.2386445080896971e-10   -1.1632966859160614e-10    3.7050195181148296e-11    3.9662440048173450e-11 
  -7.7151837168972314e-11    1.3628200998387001e-10    7.0488295490950446e-11    9.6744137340834431e-13    1.7554239595461397e-11 

  -4.0431436306424999e-07   -1.5671790231735944e-06   -4.8946983447361271e-08   -1.9336751955621572e-07   -8.2358201523433115e-09 
   1.8192940690669934e-08   -2.0779807347297596e-07    1.0845954849826055e-08    8.6461074791530570e-08    1.9530758233458712e-09 
  -7.4649668135592723e-09   -3.4134369235800792e-08   -4.4894203074671444e-09   -4.8198068820049920e-08   -8.2751104310234652e-10 
   1.3744598978258188e-09    9.4280465951902525e-10   -6.0234736328428355e-11    1.3883344960544294e-08   -3.9997721083206046e-11 
  -2.1559005597524252e-10    5.8754148365168528e-10   -2.0853212011569530e-11   -2.7182246184617109e-09    1.8558446090787715e-11 

  -2.8224674102514417e-09    1.4045673232345881e-08    2.3555445265542547e-09    1.1599570519891070e-08    3.9112661442062299e-10 
  -2.4579511066469070e-10    2.0496399018752787e-10   -6.5079648288018582e-10   -3.8434447183290729e-09   -1.3323208610780352e-10 
   2.5968136854127576e-10   -5.4395646750642645e-10    1.7359000665057624e-10    3.1928146466632503e-10    9.5739113797887338e-11 
   5.3300460379294420e-10    2.8450599667478584e-10   -5.2164563595382343e-11   -1.9846112990093098e-10   -1.7849281843184868e-11 
  -5.2964712091525968e-11   -1.9597967317975680e-11    2.1313091396853947e-11    6.5902907461874588e-11   -1.4138800737792339e-11 

  -3.0320214267281860e-08   -3.4380920612208094e-07   -2.1116699381870097e-08   -1.2132030948626588e-07   -3.8497335601307258e-09 
  -6.2862562951897038e-09   -2.8418787490296180e-08   -9.4040823798640259e-10    1.6017949121364649e-08    8.8328809736990210e-12 
  -6.5797496078704552e-10    3.0667786365106645e-09   -1.5893022079551682e-09    4.5735131508587322e-09   -3.8824740648740128e-10 
  -1.2614865811594463e-10   -7.4293498622618774e-10   -1.5633163705003543e-10    5.8534219364069888e-10   -5.4720024480493980e-11 
  -7.9155551844074974e-11   -1.1594007391599660e-10    4.6977218199306285e-11   -2.3382392025770431e-10    1.7730846917769049e-11 

  -1.1697298053270231e-09    1.8171200004050602e-09    3.6896499193120098e-10    2.3709176824248625e-09    7.0593098467284956e-11 
  -9.6490866563284074e-11   -9.6772849132607149e-11   -1.0830339256755991e-10   -7.7076773203214768e-10   -1.5925424455721996e-11 
   4.3102292942790125e-11   -1.2887328547060140e-10    4.6676401336929344e-11    7.8544760445901819e-11    2.5317893062067537e-11 
   1.1653235652587307e-10    4.9197906969322581e-11   -9.0723142937830016e-12   -5.1060079744320215e-11   -1.2740083450099544e-11 
  -1.8016022730047333e-11    1.6524668964667468e-12    4.5308757274678790e-12    1.6407265119397546e-11    2.5867762941491184e-12 
