2    101 5 
   7.9207827206479248e-06    1.2285142199920651e-04    3.6882238027687509e-05    1.6732345445640805e-03   -3.0439941998708415e-05 
   3.7073339503125370e-05    2.0761947705561374e-04   -9.4015030433251927e-06    2.5441797605583262e-04    5.9672922329479665e-06 
  -1.0246500927895841e-04   -1.1253342462672106e-03    6.7839311216252366e-05    2.5510504083951695e-05   -1.1403952115940904e-05 
  -3.2491613560271923e-05   -6.0135597865298735e-04    5.9530672068276445e-05    7.6648631525649187e-05    7.5295396146555294e-06 
  -1.1247766794257237e-04    1.8386530054439311e-03    2.7734658995545764e-05   -1.5905637371817327e-04   -2.7295569500137846e-06 
   2.6570240124213656e-04   -5.4204463411134253e-05   -5.1124304366015512e-06   -1.6676786161899123e-04   -1.4996720485091621e-06 
  -2.3293831385654779e-04    3.6559620605923192e-05   -9.1724229390442640e-05   -5.7779401387358914e-05    7.6889815221484816e-06 
  -3.0054644591201755e-04    5.5367040848197505e-05    2.3175082687293058e-04   -2.1509168473613109e-05   -1.8053693112935344e-05 
   5.3419429249942040e-06    4.9072427696232384e-04    2.9302001994465287e-04   -4.8234385331317559e-04    2.1905763073258580e-05 
   7.0758221927744885e-04   -6.4293121400774540e-05    5.8760286642223225e-04   -1.0527897866980181e-04    7.1546227052481643e-07 
  -2.3765882017717975e-04    1.5262383009493729e-04   -4.2239261317522756e-04   -1.8613132264275382e-04   -1.1527383239317288e-05 
  -5.4202757357217602e-04    1.5066155492594112e-04    2.6656504112939619e-04    3.7490097712961133e-04    5.3199017542513832e-05 
  -3.6937233475179662e-05    1.3277230567151950e-04   -5.0309223653637001e-05    1.1774456951553829e-04   -4.6176148546747527e-07 
  -1.5356665721516880e-05    7.0850022697637116e-06    2.4538777850077298e-04   -8.7579005815700999e-05    4.6428064465576726e-06 
  -4.0408102127029601e-05    7.1755994125694545e-05    5.5693114810091308e-05    1.1698382072119225e-04    1.4487440225459146e-05 
  -1.2382606620765424e-04    5.6661796312262148e-05    7.6607592894467361e-05    2.3427048126962774e-04    6.8660697905901022e-05 
   1.6951622955628252e-05   -1.3573412637265716e-05    1.1485778856974916e-05   -9.4592909230856575e-06    1.7549230616284705e-04 
   1.5877517691606296e-05   -6.1109191345310230e-05   -5.8000712665247400e-05   -4.1551447706629015e-05    7.4850351589005265e-04 
   3.1666932473375768e-06    2.3954284796988508e-05    1.5398494128704350e-04    6.1791849927768429e-05   -3.8780832067680050e-04 
   5.7095679446002988e-05    4.1442513953272018e-05    1.4330971604670200e-05    2.2182496847739006e-05    7.6835727516643017e-05 
   6.8516717704204531e-05    2.8093993275520482e-05   -3.4836498527252143e-05    1.6089129885668852e-05   -1.5399011548748570e-05 
  -2.3765330275812326e-03    1.0561400009787364e-04   -3.6493782782789311e-03    1.3830830056083205e-05   -8.6414023722716847e-04 
   1.7202043423380667e-03   -2.0305695738661669e-05    2.2954424421043613e-03   -3.0368568784690408e-06    2.3972004293628800e-04 
  -1.2979029885852385e-03   -1.3072403023255200e-05   -1.4731380788873829e-03    1.8759609226752267e-06    1.0758990582699976e-04 
   5.5462668706976622e-04    6.2320556497519471e-04   -6.1280014771372774e-05    9.7669198353384918e-06   -8.1597138615579329e-04 
  -2.7635220791431700e-04   -1.4419901626550711e-04    2.2840938012185869e-04   -8.2174352880208340e-06    6.2713991052513161e-04 
  -1.6015252812842692e-03    7.0926473560177242e-02   -1.5410450288575852e-03    6.6937206747618799e-02   -2.4450806310802293e-04 
   3.0247777127136009e-04   -4.6933375820287664e-02    3.0161139190579083e-04   -3.7219520275041919e-02    3.8636227004366870e-05 
   2.1861487818053315e-04    3.2117414972822694e-02    1.3899758939797056e-04    1.9683884658380162e-02   -1.2736678374373812e-05 
  -9.7611564937011390e-03   -4.9316297243532474e-03   -8.0541036218473392e-03    1.4006850959841144e-02   -1.9162578947315063e-04 
   2.2448906787486114e-03   -6.1496481115218651e-05    1.9501497044168128e-03   -1.3400919341867263e-02    1.9707417487707383e-04 
  -3.0132546149498096e-05    7.5638894036810346e-04   -2.9357261110944472e-06    1.7467457716206233e-04   -1.3041002493194974e-07 
   5.4777091651924080e-06   -5.4785037476848860e-04    8.2661612332745933e-07   -4.6987800351159651e-05   -1.3152529735449279e-07 
   4.9512092649706149e-06    4.1362055378078345e-04   -6.4345885466826632e-07   -2.3953872404317128e-05    1.7968843814353769e-07 
  -1.9657285496288429e-04   -1.7745504100804307e-04   -1.8863240293470028e-06    1.6881154969044940e-04    1.7908015079151563e-07 
   4.4642933574035132e-05    8.8623013102421758e-05    1.1237050994135051e-06   -1.2953781291577087e-04    5.6815665118189186e-07 
   2.1037682307208368e-05   -5.2808913489095196e-04    2.0496400456756622e-06   -1.2195279626387064e-04    9.1048551309998702e-08 
  -3.8243799450887392e-06    3.8249346998698550e-04   -5.7711974641309617e-07    3.2805538941112538e-05    9.1827202632560166e-08 
  -3.4567927660734182e-06   -2.8877804626930453e-04    4.4924457744493068e-07    1.6723908931201388e-05   -1.2545333066735130e-07 
   1.3724154780723663e-04    1.2389403663460501e-04    1.3169775119888577e-06   -1.1785939809252884e-04   -1.2502864182758838e-07 
  -3.1168419991219385e-05   -6.1874054237111598e-05   -7.8453877648321717e-07    9.0439597814669654e-05   -3.9667073167300640e-07 
   1.7978342089965823e-03   -7.9620373140612710e-02    1.7299405153708110e-03   -7.5142117050467805e-02    2.7447893915142821e-04 
  -3.3955435546831678e-04    5.2686291986438580e-02   -3.3858177858826901e-04    4.1781748671025180e-02   -4.3372109967135100e-05 
  -2.4541186528969939e-04   -3.6054246547001942e-02   -1.5603538958020111e-04   -2.2096660988330324e-02    1.4297892364255327e-05 
   1.0957642235702005e-02    5.5361302928897699e-03    9.0413452621546497e-03   -1.5723757913909096e-02    2.1511455589670264e-04 
  -2.5200609099816228e-03    6.9034487793532377e-05   -2.1891916988370035e-03    1.5043553483896899e-02   -2.2123078383106027e-04 
  -1.8689984162683468e-03    8.2772010098503407e-02   -1.7984172663346178e-03    7.8116489862966043e-02   -2.8534372079801185e-04 
   3.5299503671225887e-04   -5.4771789183310951e-02    3.5198396203172804e-04   -4.3435608080153412e-02    4.5088921121394789e-05 
   2.5512607628926315e-04    3.7481392532687785e-02    1.6221178490644951e-04    2.2971319705312413e-02   -1.4863850098660180e-05 
  -1.1391381853832067e-02   -5.7552685881092107e-03   -9.3992315261003500e-03    1.6346156109291642e-02   -2.2362949946958671e-04 
   2.6198132319910574e-03   -7.1767100497003520e-05    2.2758471262585424e-03   -1.5639026944616854e-02    2.2998782787698235e-04 
   3.3826160445842130e-05   -8.4910626302245448e-04    3.2955841821744954e-06   -1.9608599431256385e-04    1.4639554205637151e-07 
  -6.1491607173907745e-06    6.1500526989294291e-04   -9.2794181666790211e-07    5.2747513130482585e-05    1.4764752334326959e-07 
  -5.5581230396829826e-06   -4.6432170539029936e-04    7.2233333188370899e-07    2.6890111682817669e-05   -2.0171444884710898e-07 
   2.2066853887096866e-04    1.9920728435228973e-04    2.1175475498475904e-06   -1.8950428339543107e-04   -2.0103159830190149e-07 
  -5.0115215168218953e-05   -9.9486324372440071e-05   -1.2614476320052140e-06    1.4541641525256011e-04   -6.3780066728848761e-07 
   2.4551251749664283e-05   -6.1628696106546675e-04    2.3919568716148206e-06   -1.4232051605912442e-04    1.0625485602508979e-07 
  -4.4631016595430395e-06    4.4637490656637148e-04   -6.7350632911855769e-07    3.8284495105751280e-05    1.0716355235229241e-07 
  -4.0341225904531991e-06   -3.3700777539095262e-04    5.2427432627608810e-07    1.9517021524167532e-05   -1.4640568571532590e-07 
   1.6016269004948998e-04    1.4458596908539152e-04    1.5369300654571726e-06   -1.3754346659385167e-04   -1.4591006825765950e-07 
  -3.6373955774657714e-05   -7.2207834502149913e-05   -9.1556706330779221e-07    1.0554419929259702e-04   -4.6291995728496260e-07 
  -4.2109729005291036e-05    1.0570408867367025e-03   -4.1026281137547759e-06    2.4410479857609911e-04   -1.8224582755842295e-07 
   7.6550068942611871e-06   -7.6561173099978655e-04    1.1551821997393120e-06   -6.5664664695950665e-05   -1.8380440210593574e-07 
   6.9192320941611373e-06    5.7802780237398935e-04   -8.9922298174550264e-07   -3.3475135840451200e-05    2.5111158539566053e-07 
  -2.7470727535652720e-04   -2.4799045027251937e-04   -2.6361062652282379e-06    2.3591131579653952e-04    2.5026151400030250e-07 
   6.2387752613966900e-05    1.2384917779135294e-04    1.5703590723266674e-06   -1.8102692586142638e-04    7.9398941248188018e-07 
  -7.0360182841743328e-06    1.7661854354999039e-04   -6.8549874585797634e-07    4.0786912350357818e-05   -3.0451038399093686e-08 
   1.2790575894405479e-06   -1.2792431262656680e-04    1.9301675101963413e-07   -1.0971758601600920e-05   -3.0711457054653556e-08 
   1.1561186613394390e-06    9.6581343132212533e-05   -1.5024911084837770e-07   -5.5932838658030759e-06    4.1957660330463593e-08 
  -4.5900210185664667e-05   -4.1436157003024921e-05   -4.4046096518079942e-07    3.9417882057125459e-05    4.1815623845739565e-08 
   1.0424226858483491e-05    2.0693675784767602e-05    2.6238770485132242e-07   -3.0247374903049777e-05    1.3266587450518633e-07 
   2.9443937030970539e-05   -7.3910343389590810e-04    2.8686369325175897e-06   -1.7068279677908446e-04    1.2742980773191594e-07 
  -5.3525288879904994e-06    5.3533053121518814e-04   -8.0772573825275928e-07    4.5914003678922585e-05    1.2851959320237750e-07 
  -4.8380609159833969e-06   -4.0416821996435922e-04    6.2875410212184904e-07    2.3406462474873341e-05   -1.7558207765260133e-07 
   1.9208064047457454e-04    1.7339971960371976e-04    1.8432164897231857e-06   -1.6495375513658468e-04   -1.7498769129039971e-07 
  -4.3622723367291194e-05   -8.6597740673369789e-05   -1.0980254381544468e-06    1.2657752808868192e-04   -5.5517275500481936e-07 
  -8.5313025962997595e-06    2.1415325803399822e-04   -8.3117993644961953e-07    4.9454887292194075e-05   -3.6922448530091802e-08 
   1.5508810370994609e-06   -1.5511060039392170e-04    2.3403638856467030e-07   -1.3303460688035489e-05   -3.7238210977341263e-08 
   1.4018153078567776e-06    1.1710666887709118e-04   -1.8217983207286604e-07   -6.7819603700428671e-06    5.0874440920238859e-08 
  -5.5654855702754618e-05   -5.0242108468607290e-05   -5.3406708511085314e-07    4.7794912683922176e-05    5.0702219049579300e-08 
   1.2639568299904437e-05    2.5091465487897110e-05    3.1814995601562847e-07   -3.6675502765826384e-05    1.6085983206612585e-07 
   2.7259646094727578e-03   -1.2114286786271694e-04    4.1859616162338211e-03   -1.5864434794279850e-05    9.9119838729955830e-04 
  -1.9731331750299638e-03    2.3291327034764505e-05   -2.6329509363590478e-03    3.4833786354595714e-06   -2.7496708257014737e-04 
   1.4887390885592693e-03    1.4994493065567261e-05    1.6897397264454520e-03   -2.1517912962359339e-06   -1.2340929926793676e-04 
  -6.3617576649463447e-04   -7.1483808338985435e-04    7.0290271414719549e-05   -1.1202990871870042e-05    9.3594706877141967e-04 
   3.1698542784015061e-04    1.6540120019313428e-04   -2.6199336573811397e-04    9.4256791367111358e-06   -7.1935091220649405e-04 
   1.6898342894829403e-03   -7.4837399355932296e-02    1.6260191217915261e-03   -7.0628162119070345e-02    2.5799037575208726e-04 
  -3.1915656635207105e-04    4.9521308660649375e-02   -3.1824241433914410e-04    3.9271825636393171e-02   -4.0766650374616950e-05 
  -2.3066942598892921e-04   -3.3888387367264516e-02   -1.4666199495259142e-04   -2.0769265171564862e-02    1.3438986010806788e-05 
   1.0299392173714587e-02    5.2035625716520956e-03    8.4982114427393750e-03   -1.4779196629750441e-02    2.0219214369273012e-04 
  -2.3686752181945065e-03    6.4887431803576420e-05   -2.0576820601332832e-03    1.4139853600264792e-02   -2.0794095614387343e-04 
   4.8245902204072968e-05   -1.2110714661877234e-03    4.7004575767044938e-06   -2.7967542223241646e-04    2.0880244497368382e-07 
  -8.7704842257622830e-06    8.7717564497899166e-04   -1.3235137996140028e-06    7.5233231512509063e-05    2.1058813291263044e-07 
  -7.9274933092121429e-06   -6.6225723801420510e-04    1.0302565478751309e-06    3.8353087711002337e-05   -2.8770322862411455e-07 
   3.1473725086031943e-04    2.8412728587943797e-04    3.0202361325043299e-06   -2.7028799613799259e-04   -2.8672928596583310e-07 
  -7.1478812199602315e-05   -1.4189631377171011e-04   -1.7991896889013832e-06    2.0740592655718471e-04   -9.0968848412339448e-07 
   7.0360014094420788e-06   -1.7661811995947185e-04    6.8549710180201612e-07   -4.0786814529659011e-05    3.0450965367288036e-08 
  -1.2790545218313567e-06    1.2792400582114970e-04   -1.9301628810071288e-07    1.0971732287643042e-05    3.0711383398276615e-08 
  -1.1561158885790403e-06   -9.6581111497751071e-05    1.5024875050060505e-07    5.5932704512319582e-06   -4.1957559701918369e-08 
   4.5900100101562264e-05    4.1436057625219633e-05    4.4045990880764126e-07   -3.9417787519820574e-05   -4.1815523557845489e-08 
  -1.0424201857690418e-05   -2.0693626154390859e-05   -2.6238707555758166e-07    3.0247302359697521e-05   -1.3266555632791317e-07 
2    101 5 
   9.3783406904801268e-03   -1.0864033256220356e-02    4.9483620913762438e-03   -1.0684057137119029e-03    2.4848020706416500e-04 
   8.9998436044655874e-03    2.9745655167736315e-03   -1.0351485136565792e-02    4.9709104184944754e-03   -6.5278290782785681e-04 
   6.2755826752319360e-05    1.4476084748867461e-02   -2.3118116373149543e-03   -7.3510104669112042e-04   -2.4415654284045741e-04 
  -2.8308175803604022e-02   -8.8632805912600820e-03    6.2226139950997605e-03    1.2668649551700797e-02   -4.5519439445936604e-03 
   7.0023898195241858e-03    3.1311594523381553e-03   -1.9328463526781345e-03    2.5608955239738622e-03   -9.4154291648724554e-04 
   3.0956719974219332e-03    6.4605325502971513e-03    6.4169960291834294e-03   -4.4018234059666319e-04    4.3621070873096793e-04 
   6.0962491466959642e-03   -3.7456718437855839e-05    8.3264986245182163e-04   -4.1308273269118996e-03   -2.0250773494430549e-03 
  -1.4371144179070468e-03    4.7460071897616049e-03   -5.8449584024864625e-04   -4.8068820011565603e-03   -9.8619682474890172e-05 
   1.9582918411535142e-04   -1.0008045104503297e-03   -5.1116098231628396e-03   -8.0898060121766219e-04   -8.1743744103120067e-04 
   1.7743275694229932e-03   -2.4061053217590469e-03    2.1499276907597908e-03    5.2626557773970822e-04    7.5446444235205607e-04 
   6.0049177566848669e-03    3.6115664652548092e-03    4.9677317939591870e-03   -6.2749477088503314e-04   -6.4666192972084521e-04 
  -7.9429558135312014e-04    4.4345922925242981e-04    3.1516786516167379e-04    6.8661769714955959e-04   -1.6719255400112190e-03 
  -1.9779413912572401e-03    1.7153784613089442e-03   -1.5627603794792604e-03    5.2890967692924848e-03    8.0111008320658643e-03 
   2.2709268965493746e-03   -2.0091389771087426e-03   -6.2764946623845429e-04   -2.0431223257341737e-03   -2.0860903836980573e-03 
   1.4716226295032775e-03   -1.9352835663366374e-03    7.6702628816505613e-04   -3.7766267733674265e-03    5.9384357743506866e-04 
   1.2296801711917222e-03   -6.8234048312046109e-04   -2.6868721101848067e-04   -2.3771652995492011e-03    2.3489364386208838e-03 
   1.2905698988245509e-03   -2.0630506889814055e-04   -1.0978964199959930e-03    9.0367249834369823e-04    1.1756610093208834e-04 
   1.0418302318793436e-04    1.8737183361920825e-05   -2.4848759739703162e-04    5.8330680994404468e-04    3.6196550826059226e-04 
   3.4825016655563884e-05    6.4343312703068480e-04    1.4861821693281231e-03   -2.9723141215109837e-04   -1.2864628917454225e-04 
  -3.3119824679575293e-03   -2.6226268430390959e-03    2.3075907393217183e-04   -2.3359042676488711e-03   -6.4582846364257831e-04 
   2.2247511292917774e-03    1.4306135387587714e-03    5.6041979056422784e-04    1.7184652584004653e-03   -2.4350910079328102e-04 
   1.7895436976813183e-04   -1.1580978575227203e-05    2.5276841587068518e-06   -4.5801582413314279e-07    4.1918329122148882e-08 
   1.2542150970879212e-04    1.9191573728572608e-05   -3.9772130251618205e-06    2.9693813641736402e-07   -1.6801764102093152e-07 
   9.5217959960384844e-05    3.0610959413088716e-06   -8.5621770866152204e-06   -5.5937826358390007e-07   -8.8668245595043530e-08 
  -6.9962256133708866e-05    1.9000246492509076e-05    8.4634093198286684e-07    6.1280277417270177e-08    3.4606319483826283e-08 
  -2.1422868556843133e-05    2.9290371388801727e-05    1.0078805021507340e-05   -8.1902722372822470e-07    1.2491898848955343e-07 
   1.3700280006701820e-04   -8.8660952754494844e-06    1.9351290939504793e-06   -3.5064497426101941e-07    3.2091579944687834e-08 
   9.6019438033287936e-05    1.4692568512933276e-05   -3.0448506041858016e-06    2.2732809591948636e-07   -1.2862992566399974e-07 
   7.2896387767140325e-05    2.3434952484059611e-06   -6.5549795573913091e-06   -4.2824541533641992e-07   -6.7882097203274295e-08 
  -5.3561279345920362e-05    1.4546093368997141e-05    6.4793655300632459e-07    4.6914582784022966e-08    2.6493695993235897e-08 
  -1.6400789662515711e-05    2.2423944721037617e-05    7.7160703651167640e-06   -6.2702589004823015e-07    9.5634720888811404e-08 
  -3.1777358532628563e-04    9.5085116934294570e-03   -7.2792963515148619e-04    1.8438925236412019e-04   -3.6657076618964128e-05 
   1.2050027729361562e-03    6.3218024376411478e-03    1.2847367555349222e-03   -3.0279291620896370e-04    2.2620126498680844e-05 
   3.1100428253356542e-04    4.4327365916415262e-03    1.7765405482374826e-04   -6.4120430153638802e-04   -5.0464652239805266e-05 
   8.8218778874771589e-04   -3.5859608030896282e-03    1.2044053267320279e-03    7.3500060617790339e-05    5.2806651220281109e-06 
   1.5012364552357568e-03   -4.4633739279591373e-04    1.8147694470137562e-03    7.6836087973392085e-04   -6.3319352703370167e-05 
   5.4121191151584739e-04   -3.5024367161549755e-05    7.6444781818659876e-06   -1.3851777970260411e-06    1.2677365219493320e-07 
   3.7931241971151237e-04    5.8041099058357629e-05   -1.2028290041995244e-05    8.9803035612161744e-07   -5.0813594986890992e-07 
   2.8796778859085627e-04    9.2576760649976700e-06   -2.5894602259717642e-05   -1.6917283421853072e-06   -2.6815947971221807e-07 
  -2.1158693372587756e-04    5.7462467872714306e-05    2.5595898786156413e-06    1.8533001525581264e-07    1.0465993282330598e-07 
  -6.4789206638677610e-05    8.8582904730865326e-05    3.0481341911645757e-05   -2.4769849985323303e-06    3.7779264419558706e-07 
   1.5379608649779728e-04   -9.9528677896635503e-06    2.1723299186003958e-06   -3.9362571250431052e-07    3.6025244758573106e-08 
   1.0778913854325314e-04    1.6493528137998144e-05   -3.4180769054731470e-06    2.5519311639112702e-07   -1.4439689673458145e-07 
   8.1831752000162522e-05    2.6307520558317916e-06   -7.3584642248676351e-06   -4.8073812292264791e-07   -7.6202828613865406e-08 
  -6.0126618924491126e-05    1.6329098623451293e-05    7.2735817153006412e-07    5.2665195370679579e-08    2.9741193308668520e-08 
  -1.8411136592351139e-05    2.5172587277424288e-05    8.6618771639417917e-06   -7.0388435838568899e-07    1.0735726422243522e-07 
   1.5988384282279459e-04   -1.0346835121460736e-05    2.2583179011498080e-06   -4.0920671638774817e-07    3.7451242757824675e-08 
   1.1205578813672054e-04    1.7146396377561946e-05   -3.5533756622521072e-06    2.6529450156797359e-07   -1.5011260213010545e-07 
   8.5070922626469307e-05    2.7348858984547577e-06   -7.6497365071948322e-06   -4.9976732330826114e-07   -7.9219187888282902e-08 
  -6.2506628799862806e-05    1.6975458200538739e-05    7.5614940679556005e-07    5.4749857493923303e-08    3.0918447826652686e-08 
  -1.9139910098834871e-05    2.6169001301372041e-05    9.0047428290696996e-06   -7.3174642271000151e-07    1.1160681880595773e-07 
  -3.5672592118062626e-04    1.0674054576979989e-02   -8.1715844753887912e-04    2.0699148369383627e-04   -4.1150460669227656e-05 
   1.3527106847458364e-03    7.0967220128567597e-03    1.4422183710525501e-03   -3.3990893815388513e-04    2.5392876674059891e-05 
   3.4912684471237850e-04    4.9760965574931725e-03    1.9943069306218046e-04   -7.1980241811378661e-04   -5.6650553691617344e-05 
   9.9032539558692304e-04   -4.0255239260566459e-03    1.3520400042444831e-03    8.2509617040042602e-05    5.9279632325879851e-06 
   1.6852563653270251e-03   -5.0104893847295801e-04    2.0372218856759970e-03    8.6254570952083080e-04   -7.1080969170165620e-05 
   6.3160141385868276e-04   -4.0873896800944120e-05    8.9212065092123012e-06   -1.6165206944483250e-06    1.4794651829093037e-07 
   4.4266257908651786e-04    6.7734725432215694e-05   -1.4037172566191864e-05    1.0480132283596676e-06   -5.9300133190108237e-07 
   3.3606219403102951e-04    1.0803829641001911e-05   -3.0219341168486101e-05   -1.9742692096268809e-06   -3.1294563723009693e-07 
  -2.4692473253404100e-04    6.7059455233650699e-05    2.9870750288996106e-06    2.1628256358617672e-07    1.2213951714479076e-07 
  -7.5609855668472140e-05    1.0337741406137785e-04    3.5572126625564225e-05   -2.8906740481707919e-06    4.4088898108510334e-07 
  -4.4408326786392403e-04    1.3287985975941987e-02   -1.0172694839350651e-03    2.5768089460540499e-04   -5.1227651154745876e-05 
   1.6839712106376705e-03    8.8346131174345238e-03    1.7953981170493797e-03   -4.2314803345928459e-04    3.1611248256255267e-05 
   4.3462328048874652e-04    6.1946752093158652e-03    2.4826856874966618e-04   -8.9607228147144027e-04   -7.0523507028623570e-05 
   1.2328426722267550e-03   -5.0113202147776433e-03    1.6831362895650781e-03    1.0271510476187120e-04    7.3796411412780577e-06 
   2.0979528244709725e-03   -6.2374903741339264e-04    2.5361099338133439e-03    1.0737714716617585e-03   -8.8487735815639750e-05 
   4.0012560656088866e-02   -2.8662781030507354e-03    3.3615119049667165e-02   -2.8804727012639096e-03    8.2267402439069174e-04 
   2.7235306956248394e-02    8.1928922875791847e-03    2.0702428345927868e-02    5.3623837921928210e-03   -1.3929615367814128e-03 
   1.9575025511925550e-02    1.7336291969533677e-03    1.2784149539722758e-02    5.8548815741875598e-04   -2.8957069367305586e-03 
  -1.5189005456761872e-02    6.4459701135351133e-03   -1.2080953107176953e-02    4.7573178249266466e-03    3.7517591990481297e-04 
  -2.6780759758225016e-03    1.0490429731693781e-02    1.5701898264803172e-03    6.9377505023723142e-03    3.5337857292824107e-03 
   7.5746982060013752e-04   -4.9019433138835514e-05    1.0699065179074764e-05   -1.9386683018004608e-06    1.7742997436247018e-07 
   5.3087839420524346e-04    8.1233210052660920e-05   -1.6834564255464979e-05    1.2568660782792125e-06   -7.1117733848400969e-07 
   4.0303419884384268e-04    1.2956866024044707e-05   -3.6241589127710659e-05   -2.3677105706527873e-06   -3.7531086930612090e-07 
  -2.9613301799249244e-04    8.0423368933023887e-05    3.5823529469900570e-06    2.5938433803951964e-07    1.4648003647527021e-07 
  -9.0677732114156123e-05    1.2397893602673026e-04    4.2661102052979664e-05   -3.4667407397085298e-06    5.2875134551524668e-07 
   2.1947486982829136e-04   -1.4203250630736221e-05    3.1000257351525856e-06   -5.6172399428505164e-07    5.1409864086713348e-08 
   1.5382060551341124e-04    2.3537106980600897e-05   -4.8777703059599783e-06    3.6417360985203470e-07   -2.0606174601774014e-07 
   1.1677808926766107e-04    3.7542175366891529e-06   -1.0500904247079745e-05   -6.8603785279969679e-07   -1.0874532812520716e-07 
  -8.5803755883326531e-05    2.3302457665895377e-05    1.0379772570961436e-06    7.5155923415690948e-08    4.2442201739974460e-08 
  -2.6273632177597909e-05    3.5922567613793782e-05    1.2360941076689895e-05   -1.0044789269269349e-06    1.5320429880169881e-07 
   2.0526677855385058e-04   -1.3283778248712986e-05    2.8993401230247701e-06   -5.2535980467150047e-07    4.8081756217588823e-08 
   1.4386275838160000e-04    2.2013391009937421e-05   -4.5619992758777783e-06    3.4059819143365998e-07   -1.9272197687751358e-07 
   1.0921825450175911e-04    3.5111816689967968e-06   -9.8211097625294247e-06   -6.4162598715910959e-07   -1.0170550826391392e-07 
  -8.0249099005143070e-05    2.1793932130854118e-05    9.7078197582702288e-07    7.0290572678540769e-08    3.9694631247363767e-08 
  -2.4572762440746261e-05    3.3597057090113497e-05    1.1560733840239558e-05   -9.3945221891158963e-07    1.4328634936760539e-07 
   1.4455721181171280e-04   -9.3549767745551454e-06    2.0418332047255043e-06   -3.6997973610880501e-07    3.3861127781092371e-08 
   1.0131400405706856e-04    1.5502725035862279e-05   -3.2127453855614350e-06    2.3986309547331411e-07   -1.3572265238695701e-07 
   7.6915935744440881e-05    2.4727168994929004e-06   -6.9164248309942321e-06   -4.5185910931673650e-07   -7.1625154367916646e-08 
  -5.6514678528665222e-05    1.5348173169792616e-05    6.8366414035091554e-07    4.9501479365754880e-08    2.7954573348105753e-08 
  -1.7305138464059670e-05    2.3660413693059525e-05    8.1415388413859638e-06   -6.6160045163157603e-07    1.0090807339204211e-07 
  -5.0879448569084748e-04    1.5224293459685715e-02   -1.1655046279436326e-03    2.9522980875579442e-04   -5.8692475732762157e-05 
   1.9293572355379230e-03    1.0121981084727723e-02    2.0570211212154166e-03   -4.8480859702415324e-04    3.6217596929401636e-05 
   4.9795600165079986e-04    7.0973549674731009e-03    2.8444593140783560e-04   -1.0266467317854176e-03   -8.0800097829261943e-05 
   1.4124908519308321e-03   -5.7415630712103916e-03    1.9284006508871088e-03    1.1768261198260582e-04    8.4549925447993005e-06 
   2.4036636945696638e-03   -7.1464091006498756e-04    2.9056684698721890e-03    1.2302400094953701e-03   -1.0138204992686569e-04 
   4.0012464692545192e-02   -2.8662712287542795e-03    3.3615038429334651e-02   -2.8804657929240455e-03    8.2267205134239462e-04 
   2.7235241636845549e-02    8.1928726382749680e-03    2.0702378694559546e-02    5.3623709313975407e-03   -1.3929581959923438e-03 
   1.9574978564447440e-02    1.7336250391289641e-03    1.2784118879043398e-02    5.8548675322173777e-04   -2.8956999918538866e-03 
  -1.5188969028431254e-02    6.4459546539363186e-03   -1.2080924132998544e-02    4.7573064152825412e-03    3.7517502010709492e-04 
  -2.6780695528978841e-03    1.0490404572124006e-02    1.5701860606383538e-03    6.9377338633191676e-03    3.5337772540787347e-03 
2    101 5 
   6.4051256921485349e-03    7.4557782221480011e-03    4.7529632563607059e-03   -4.0032544182287012e-03    5.6755692251681620e-03 
   5.9250785774978216e-03    4.8335449885183431e-03   -4.1169100815873104e-03    2.6227367864193100e-03   -7.3848666325447626e-03 
   3.4175056856327432e-03   -3.4084334960054804e-03   -3.5605866402277399e-03   -9.8042724580822802e-04    3.2586378367308153e-03 
  -1.0613844956977024e-03   -1.3067525973197407e-04   -1.1063873750390618e-04   -1.8375438842956242e-03    4.2544761261164550e-03 
  -4.9211335127042153e-03   -6.3221195265171269e-03   -4.2019059224028699e-03    1.1343629571262627e-03   -1.9252131945814940e-03 
  -1.1032791913748456e-03   -7.7564480514402071e-03    9.7832814886549893e-03   -5.3058323741382897e-03   -8.4379937029559638e-03 
   1.9412365937088605e-03   -5.4906552024676083e-03   -5.3440774185728492e-03    2.4412734554233786e-03   -3.7005986817586212e-03 
  -3.6718802143069873e-03   -2.3863158687025543e-03   -1.9262508458754322e-03   -2.8494565045372169e-04    2.4685552045812537e-03 
   6.3745845097766367e-04   -8.8554774351923314e-05    2.6204946120590043e-03    2.9325712337082291e-03    2.2974456757640180e-03 
  -2.8299777656730879e-03   -1.3840768347259307e-03    2.4701175859682656e-03   -2.8996154727630428e-04    2.4066674805730964e-03 
   9.9430802915798002e-04    2.2160381971350388e-03    8.0570935170972736e-04   -3.6901343724860146e-03    1.3704186575284579e-03 
  -4.5219885393198514e-04    8.8470930956329667e-04   -1.1941718755374001e-03    1.3897363410488930e-03    7.4752188894438676e-04 
  -6.3327686915576570e-04    4.2232332225378101e-04   -1.0912963687912769e-03   -1.9047927629979539e-03   -8.0764825647682578e-04 
   8.1339389488747525e-04   -2.3081836802468117e-03    9.1290520647261287e-04   -9.7820460883684302e-04   -6.5836438585638139e-04 
  -2.0763309896034755e-03    1.3714431875894698e-03   -8.6223227036330455e-04   -1.7989868885911729e-03   -3.0820712219169480e-03 
   1.4196445441345394e-03   -9.1664921532469380e-04   -2.0315820601582782e-03    5.7169701286200326e-04    3.3982412410899876e-03 
   1.0126900859709020e-03   -2.0353641383883785e-03    3.2673114625181971e-04    2.0633413791795114e-03    1.5571550683868181e-03 
  -1.8298477806532907e-04    3.4995239012453375e-04    1.1474634647873713e-04    5.3015610075523025e-05   -1.5303131487810434e-03 
  -6.3181789438480722e-04   -4.3814040124275219e-04   -6.5669821379878124e-04   -3.9630267103655040e-04    2.4657565087913582e-04 
  -8.3115902221720598e-04   -1.4047241164290286e-04   -1.3722887167337032e-04   -3.7293464615548313e-04    1.5100904361723408e-04 
  -3.8708162613322421e-04   -8.3107634135149312e-04    7.2679706340721410e-04   -1.9843881124563577e-04    8.1748978014754988e-04 
   1.4830101869592267e-04    8.1122631752892133e-05    5.1858837388302793e-05   -2.8296987998991046e-05    1.0062513248267421e-05 
   1.9762271144695338e-05    5.3116479765234835e-05    8.8609849367463127e-05   -6.6540242868696396e-05    2.4971766378197538e-05 
  -3.1088799460855295e-05   -8.4707452988265957e-05    6.7251018160192082e-06   -2.8661241190789717e-05    1.1870217573087854e-05 
   7.0941826544614243e-05    7.6258921594338360e-06    1.1536500591102205e-05   -5.2531068448576662e-06    2.2056594959878133e-06 
   3.5754737233496361e-05   -1.0198215084950702e-05    1.4803296027785606e-07    1.2091058964513029e-07    6.0574347394638460e-06 
   1.1353539363390716e-04    6.2105371963546257e-05    3.9701773919369689e-05   -2.1663436295786716e-05    7.7035978082587354e-06 
   1.5129479576357612e-05    4.0664592135800376e-05    6.7837390573856807e-05   -5.0941475203777104e-05    1.9117733313052253e-05 
  -2.3800774367107233e-05   -6.4849817643315184e-05    5.1485626236688627e-06   -2.1942299043169897e-05    9.0875291116102399e-06 
   5.4311212914632447e-05    5.8381842265447036e-06    8.8320440903660690e-06   -4.0216416493724653e-06    1.6885954075123734e-06 
   2.7372894682573983e-05   -7.8074875966105656e-06    1.1333017509744871e-07    9.2565995234428629e-08    4.6374141162635177e-06 
   6.4240233515095618e-04    3.5140263047351406e-04    2.2463930814101249e-04   -1.2257536278670358e-04    4.3588250876608099e-05 
   8.5605137731853528e-05    2.3008709539716407e-04    3.8383535495294487e-04   -2.8823542667638842e-04    1.0817134754206031e-04 
  -1.3466878074278743e-04   -3.6693116529379577e-04    2.9131432465726237e-05   -1.2415321507022327e-04    5.1418766740482305e-05 
   3.0730196887978126e-04    3.3033427375670159e-05    4.9973189559743740e-05   -2.2755124230490649e-05    9.5543565595844993e-06 
   1.5488043773052249e-04   -4.4176076756269497e-05    6.4124117418768637e-07    5.2375395540453056e-07    2.6239268319760264e-05 
   7.0362136144865766e-04    4.3794870982870587e-03    2.9619946231470764e-03   -1.9418289275453316e-03    1.1438664179522237e-03 
   1.4253994659678708e-03    2.7545840668285336e-03    2.4628945804450377e-03   -2.8379622708556490e-03    2.4491783788368510e-03 
  -1.8876618403986399e-03    8.6483076610202657e-04   -1.8498732009778304e-03    2.5046094537269889e-04    8.5622661877082361e-04 
  -5.2294347090378081e-04    2.1433086703589515e-03    3.6723268479683702e-04   -4.3871429693137162e-04    2.0837675943853858e-04 
  -6.4928194272394332e-04    1.1182282515115451e-03   -2.3667698467488794e-04   -2.4183125021588192e-04   -1.6722653747625301e-04 
   1.2745213390777586e-04    6.9718014185192259e-05    4.4568267603526988e-05   -2.4318858598193092e-05    8.6478757681130366e-06 
   1.6983994111462799e-05    4.5649104444988577e-05    7.6152642014456096e-05   -5.7185689073019065e-05    2.1461112946726048e-05 
  -2.6718183507837619e-05   -7.2798863663799809e-05    5.7796540086900446e-06   -2.4631903289225517e-05    1.0201444150169023e-05 
   6.0968476521159408e-05    6.5538068262584457e-06    9.9146427387603575e-06   -4.5145993123313644e-06    1.8955770628521318e-06 
   3.0728160856835753e-05   -8.7644999748283752e-06    1.2722176045724292e-07    1.0391238575317332e-07    5.2058508453993878e-06 
   1.3249710970657540e-04    7.2477683117523869e-05    4.6332426621977901e-05   -2.5281479225409024e-05    8.9901872118172650e-06 
   1.7656276611819243e-05    4.7456046550237936e-05    7.9167014737752938e-05   -5.9449287245646092e-05    2.2310614576176057e-05 
  -2.7775777327980806e-05   -7.5680482779174785e-05    6.0084317757251175e-06   -2.5606915257737816e-05    1.0605250954122958e-05 
   6.3381809896664092e-05    6.8132281149785386e-06    1.0307096996976099e-05   -4.6933020423183684e-06    1.9706102546366519e-06 
   3.1944482805407678e-05   -9.1114277892624858e-06    1.3225761731509584e-07    1.0802558068563021e-07    5.4119155908214159e-06 
   7.2114730536841274e-04    3.9447717761766532e-04    2.5217534694615994e-04   -1.3760051566035365e-04    4.8931250628162500e-05 
   9.6098521165106514e-05    2.5829091795987819e-04    4.3088546971797604e-04   -3.2356700759898045e-04    1.2143087210244359e-04 
  -1.5117633146070328e-04   -4.1190918312140353e-04    3.2702331350093474e-05   -1.3937177933775330e-04    5.7721622496207676e-05 
   3.4497070553142777e-04    3.7082628495504834e-05    5.6098848057900696e-05   -2.5544422279046852e-05    1.0725519056300281e-05 
   1.7386551108566637e-04   -4.9591131556279027e-05    7.1984381057404172e-07    5.8795513800128000e-07    2.9455648910720976e-05 
   8.2113537646913122e-04    5.1109190030695986e-03    3.4566866545521885e-03   -2.2661398798008692e-03    1.3349071435264164e-03 
   1.6634599107347198e-03    3.2146358093424160e-03    2.8742303450732978e-03   -3.3119392692774101e-03    2.8582233575252273e-03 
  -2.2029261771855024e-03    1.0092688704663394e-03   -2.1588263383273175e-03    2.9229121504497203e-04    9.9922771744696977e-04 
  -6.1028190356324685e-04    2.5012693877020271e-03    4.2856536967777103e-04   -5.1198535051784181e-04    2.4317841694956456e-04 
  -7.5772056063726722e-04    1.3049870663290712e-03   -2.7620515174875616e-04   -2.8222024737733706e-04   -1.9515556708437430e-04 
   8.9774651339988060e-04    4.9107929570805879e-04    3.1392967400837012e-04   -1.7129701831583515e-04    6.0913851193394074e-05 
   1.1963174746217091e-04    3.2154286553546054e-04    5.3640348543820045e-04   -4.0280418544283290e-04    1.5116764804852664e-04 
  -1.8819736753796336e-04   -5.1278016326458881e-04    4.0710689384876362e-05   -1.7350204047824209e-04    7.1856866077148513e-05 
   4.2944935911217412e-04    4.6163661975461790e-05    6.9836696157383950e-05   -3.1799905327404716e-05    1.3352053409224746e-05 
   2.1644281995604906e-04   -6.1735328023530800e-05    8.9612381038460194e-07    7.3193738816862078e-07    3.6668938388421826e-05 
   1.5000241113025564e-04    8.2053316067344154e-05    5.2453791046488209e-05   -2.8621626910572699e-05    1.0177956041995503e-05 
   1.9988994999369348e-05    5.3725861801890096e-05    8.9626431240243831e-05   -6.7303629841968703e-05    2.5258256482995210e-05 
  -3.1445467598810910e-05   -8.5679264381830004e-05    6.8022559546118426e-06   -2.8990059019213330e-05    1.2006399364354898e-05 
   7.1755710953650260e-05    7.7133806698917662e-06    1.1668853794046988e-05   -5.3133734318384971e-06    2.2309640583717231e-06 
   3.6164935625628563e-05   -1.0315214726233090e-05    1.4973127739572482e-07    1.2229774372041531e-07    6.1269290270136924e-06 
   9.8477497461977649e-04    6.1294462225873975e-03    4.1455509165157977e-03   -2.7177465574699396e-03    1.6009335196818231e-03 
   1.9949617789197533e-03    3.8552630763144446e-03    3.4470200605555730e-03   -3.9719576129692083e-03    3.4278231276159989e-03 
  -2.6419353402546380e-03    1.2104005682616983e-03   -2.5890470846310076e-03    3.5054033978563668e-04    1.1983583685304890e-03 
  -7.3190166118119776e-04    2.9997337447366518e-03    5.1397182869176723e-04   -6.1401612329737318e-04    2.9164011957361752e-04 
  -9.0872256543010935e-04    1.5650508332125900e-03   -3.3124857252263089e-04   -3.3846238380724796e-04   -2.3404705743992210e-04 
   2.2843627885141181e-02    7.2944843291283760e-03    2.1289022553238900e-02   -1.6750479501637574e-02    1.1955002733404826e-02 
   9.8255923904412897e-03    1.1216518773487482e-02    2.0961795353631133e-02   -1.8160592478205534e-02    1.6784223160703955e-02 
   3.4345818940523572e-03   -1.6799694225881810e-02    7.6614517563904829e-03    3.1505079704434221e-03   -1.5757372721037636e-03 
   1.1859046871409066e-02   -4.4689280264271040e-03    1.0494849202592636e-02   -2.4288997492849973e-03    2.7732944028753038e-03 
   6.4791730591472335e-03   -5.5528914290509422e-03    6.5400949058141379e-03    2.4021391506942355e-03    3.4973685756268451e-03 
   1.7010633718197920e-04    9.3050431287606511e-05    5.9483858952633066e-05   -3.2457612389436203e-05    1.1542046619501552e-05 
   2.2668000451932620e-05    6.0926417743570285e-05    1.0163852579497137e-04   -7.6323932830169115e-05    2.8643469538595088e-05 
  -3.5659915556713443e-05   -9.7162343769151616e-05    7.7139216382898393e-06   -3.2875423250134091e-05    1.3615545265075459e-05 
   8.1372699746906163e-05    8.7471589500398260e-06    1.3232760480721420e-05   -6.0254930954758769e-06    2.5299668284979400e-06 
   4.1011905657674469e-05   -1.1697701264291221e-05    1.6979886501456540e-07    1.3868857889114376e-07    6.9480846814803492e-06 
   1.1979579933865882e-04    6.5529897237048211e-05    4.1890952148099189e-05   -2.2857970403872673e-05    8.1283785407010303e-06 
   1.5963727621994950e-05    4.2906860704571477e-05    7.1577982589712621e-05   -5.3750416907035958e-05    2.0171895921418017e-05 
  -2.5113162503143484e-05   -6.8425673201057924e-05    5.4324572735118844e-06   -2.3152209800586807e-05    9.5886205974588514e-06 
   5.7305963857753357e-05    6.1601050009166540e-06    9.3190479879016214e-06   -4.2433972404560824e-06    1.7817055116292875e-06 
   2.8882251549551672e-05   -8.2379968706366474e-06    1.1957926493623784e-07    9.7670136472536471e-08    4.8931237488241401e-06 
   1.0285649305436268e-03    5.6263871164307635e-04    3.5967508480667915e-04   -1.9625818994172746e-04    6.9790135842020772e-05 
   1.3706432515481255e-04    3.6839766038608340e-04    6.1456748147497209e-04   -4.6150027077648424e-04    1.7319559485297453e-04 
  -2.1562123537198957e-04   -5.8750180049706386e-04    4.6642996407702988e-05   -1.9878452497446849e-04    8.2327752168950699e-05 
   4.9202814339471108e-04    5.2890568846219962e-05    8.0013205799575469e-05   -3.6433744855778444e-05    1.5297696713367011e-05 
   2.4798257721063058e-04   -7.0731317173411163e-05    1.0267057694226526e-06    8.3859432210192649e-07    4.2012286880133754e-05 
   1.5000205137415170e-04    8.2053119275965388e-05    5.2453665244700344e-05   -2.8621558266309526e-05    1.0177931631842465e-05 
   1.9988947059053531e-05    5.3725732949249814e-05    8.9626216285994294e-05   -6.7303468425285650e-05    2.5258195905222648e-05 
  -3.1445392182030437e-05   -8.5679058894210774e-05    6.8022396405200762e-06   -2.8989989491326359e-05    1.2006370568981376e-05 
   7.1755538859383147e-05    7.7133621706172731e-06    1.1668825808220980e-05   -5.3133606885865038e-06    2.2309587077714782e-06 
   3.6164848889980500e-05   -1.0315189986887679e-05    1.4973091828989051e-07    1.2229745040939801e-07    6.1269143325824534e-06 
 TENSORSUMACCUMULATOR_IMPL_H - PrettifyOut: Norm of simple tensor is 3.87233e-07 
 As simple full tensor 3    5 5 5 
  -4.9082940123064427e-09    2.8412694314236856e-09    1.8981562070317188e-08   -4.4683862055093320e-09    3.8975345651794865e-09 
   3.9142225301952440e-09   -2.5103121072202110e-09    2.0707163245041374e-08   -4.1953559322585283e-09   -2.7601763447459880e-08 
  -1.0270001958330738e-08   -2.1230224187247480e-08    2.0282213936231841e-08   -6.8491472453449489e-09   -8.6654761940121419e-09 
  -5.6462745145442708e-10   -6.2078729834581150e-09   -7.7805254079498240e-09    2.5335524891283199e-09    1.9664239118192749e-10 
  -1.9262675483299474e-09   -3.9812610098757448e-09   -5.7874047418205057e-10    1.2363536331325196e-09   -5.1231826474154222e-10 

  -5.8509448027796903e-08   -6.8328137742025779e-08   -6.0290945943944838e-08   -1.7743970822561090e-08    4.1801328433392292e-08 
  -1.0270417800846898e-07    1.3404836911446381e-08    1.9664490874749494e-08    1.7672115735885487e-08   -4.9584850944272080e-08 
   2.2296892873695125e-08    1.3541921754410847e-08    8.7038608872394487e-09   -1.5973618083980774e-08    1.6557954001299614e-08 
  -6.9158307918035123e-09   -2.6569623444104186e-08   -2.6907728634334072e-08    1.9821120489926316e-08   -4.8629424075583325e-08 
   5.2182035629552427e-09    9.9180995274594021e-09    4.4548735477974284e-09   -1.0960950446980405e-08    1.5643911603645103e-08 

  -2.1459781435438118e-09   -3.2705542972150104e-09    5.8601041347825057e-09    8.6780994708226352e-09   -4.9679103368604326e-09 
  -1.1830925735450640e-09   -9.6126518645073240e-09   -1.3934541743838273e-08    7.6392593676021641e-09   -3.8520151630832446e-09 
  -5.6376423462853038e-09   -2.1260918568568151e-09   -1.4269974380478286e-09    1.8636942608412652e-09   -1.6678524380460030e-09 
   2.1643251572504910e-09    9.7102307863803936e-10    4.5637227595897359e-10   -1.6564256308657011e-10    1.3642968092132468e-10 
   1.5083861515718319e-11   -8.9906296138345580e-11    6.3074861427091642e-11   -1.9938984246752085e-10   -1.1008655025785512e-10 

   1.2117666125979481e-07    1.3813672441763448e-07    6.4283146635882133e-08   -4.7967875013004496e-08    6.9085766883264635e-08 
  -1.0839255176736375e-07   -1.2441874037777630e-07   -9.7763271636261216e-08    8.4753871270057027e-08   -9.9868070558840317e-08 
   3.7415897274289768e-08    5.3850684762843433e-08    4.4149829469856405e-08   -2.4056639623014741e-08    8.0534702503789896e-08 
  -2.7347877215286976e-09   -6.5681325953738309e-09   -1.1108250676217282e-08    8.6309104461359681e-09   -1.5881821839707659e-08 
   2.6831035221135916e-09    6.9970265225942481e-10    3.9737422103994561e-10   -2.5288347184757561e-09    3.1779615403833667e-09 

  -7.0046666892971878e-10   -2.6219524822577447e-09   -1.8840606459998265e-09    2.5694520690591523e-09   -2.6952157302276868e-09 
   2.3165406585154461e-09    3.6521830667766251e-09    2.3560053680552776e-09   -6.6631228652110128e-10    4.6410296290243473e-10 
  -1.3331464996372116e-09   -1.0173191622558044e-09   -7.7723127203995435e-10    9.1459014912607690e-11   -6.1706325770551470e-10 
  -1.3997222254960361e-11    3.2267621449321137e-10    3.5151326040092783e-10    1.8312714012304892e-11   -8.3600496563288661e-11 
   1.4552195490900310e-10   -1.5193320753698883e-10   -2.2209210295062250e-10   -7.4391698023190715e-12   -2.8123480779813822e-11 
