2    103 5 
   5.1154062653615679e-05    1.3850162830761903e-03   -4.4915668968047335e-06    9.0083684755133740e-04    1.4669762812851828e-07 
  -6.5931097204551580e-05   -6.4396986030494294e-04    1.3474910616499479e-05    1.0000769355741624e-04    2.5989651435767641e-06 
  -3.9925639930856598e-05   -2.4296719450196376e-04   -1.2522951034475508e-07   -2.4873292040478603e-05   -7.2987088808578967e-08 
   2.3337019865900583e-04   -2.9777216543804262e-03   -2.0296035723870548e-05    1.7646068922348042e-03   -2.3881868204545957e-06 
  -5.1655540541434637e-05   -6.8781517823573372e-04    1.2268782220645780e-05   -3.0884596766708185e-04    2.3413032401898059e-06 
   1.1842121340037914e-04   -6.3295057644562297e-04    2.7562968157822512e-06   -4.2209074858532369e-04    7.1069416250244600e-07 
   3.3506325572826303e-04   -7.6306440954381479e-06    4.0243852442229096e-05   -3.9549421344563979e-05    1.0315795679432147e-05 
   2.3165120811114191e-04   -3.4810029255402748e-05    5.6491151721070947e-05    1.0387469019934146e-04    1.4688496573305583e-05 
   4.8415853811298718e-05   -5.3152439567241041e-05   -1.5100171798650760e-05    9.3784624602741404e-05   -4.4338868931487549e-06 
   3.4838604295056521e-06   -8.2563352673963088e-05   -4.4284050804796898e-05   -1.3741586571977931e-04   -8.7830888019799775e-06 
   2.7243565139562864e-04    2.2017927807214094e-06   -6.1009133400924223e-05    1.6629623162815301e-05   -1.3883911125273389e-05 
   7.3104191318326092e-06    1.1109863472434883e-03    9.9185919448001717e-08    8.3499825781500144e-06   -2.8836113929935868e-09 
   7.3104191318326092e-06    1.1109863472434883e-03    9.9185919448001717e-08    8.3499825781500144e-06   -2.8836113929935868e-09 
   7.3104191318326092e-06    1.1109863472434883e-03    9.9185919448001717e-08    8.3499825781500144e-06   -2.8836113929935868e-09 
   7.3104191318326092e-06    1.1109863472434883e-03    9.9185919448001717e-08    8.3499825781500144e-06   -2.8836113929935868e-09 
  -5.0880648039766933e-06   -7.7324848673774454e-04   -6.9033577513487025e-08   -5.8116028237977731e-06    2.0069986922020474e-09 
  -5.0880648039766933e-06   -7.7324848673774454e-04   -6.9033577513487025e-08   -5.8116028237977731e-06    2.0069986922020474e-09 
  -5.0880648039766933e-06   -7.7324848673774454e-04   -6.9033577513487025e-08   -5.8116028237977731e-06    2.0069986922020474e-09 
  -5.0880648039766933e-06   -7.7324848673774454e-04   -6.9033577513487025e-08   -5.8116028237977731e-06    2.0069986922020474e-09 
   8.9508080208063540e-06   -9.6137612876496734e-03    8.8645621963104658e-06   -6.9544067634467197e-03    1.7474603496524687e-06 
   2.0685449957210654e-05    7.5746274799260523e-04    1.6934568446560389e-05    1.9933482999912630e-03   -2.2678740185014749e-07 
   2.0027247545454708e-04   -5.9063316075465028e-06    1.7179615285503461e-04   -1.6505765036145842e-05    8.9099677984954852e-06 
   1.3796883662737111e-06   -7.1286916681429912e-04    1.3844148283138178e-07   -1.5525455300247758e-05    4.0631535699176512e-09 
   1.3796883662737111e-06   -7.1286916681429912e-04    1.3844148283138178e-07   -1.5525455300247758e-05    4.0631535699176512e-09 
   1.3796883662737111e-06   -7.1286916681429912e-04    1.3844148283138178e-07   -1.5525455300247758e-05    4.0631535699176512e-09 
   1.3796883662737111e-06   -7.1286916681429912e-04    1.3844148283138178e-07   -1.5525455300247758e-05    4.0631535699176512e-09 
  -3.4556189218360917e-06   -2.3229317430275659e-04   -4.2872551440470253e-07   -5.0987445721783262e-06   -7.2551560679279978e-09 
   1.1878909867891895e-05   -2.9402809203848527e-07    2.6178964185720105e-06    5.1246575531363358e-06    7.4776464571204020e-09 
  -1.8105650894945471e-06   -6.7474215361271912e-08   -2.5339841022670306e-07    4.3224298234969227e-06    1.3151326759267032e-08 
   5.6710834352197137e-07   -3.8374283893104758e-04    7.0326685922469583e-08   -9.7835830114661672e-06    2.6727319650322808e-09 
   1.3764383625007137e-06   -1.1763487522547054e-06    1.4032948052809592e-08    4.6219973675272305e-05   -1.3878629362842512e-08 
   1.3130637635307035e-05    2.9426302607986451e-08    3.7198286988913081e-07   -3.9039820230673360e-07   -5.5370183307850678e-09 
  -1.1902358308727517e-05    1.2783921996114007e-02   -1.1787672717952303e-05    9.2476389763662958e-03   -2.3236895667419572e-06 
  -2.7506526404729377e-05   -1.0072378953011184e-03   -2.2518782772024503e-05   -2.6506596550209000e-03    3.0157108838120919e-07 
  -2.6631280178223657e-04    7.8539585386893356e-06   -2.2844634390419371e-04    2.1948580414550803e-05   -1.1848050925726774e-05 
  -1.3167983361407455e-06    6.8037460900129284e-04   -1.3213093529053895e-07    1.4817761899673784e-05   -3.8779437379777523e-09 
  -1.3167983361407455e-06    6.8037460900129284e-04   -1.3213093529053895e-07    1.4817761899673784e-05   -3.8779437379777523e-09 
  -1.3167983361407455e-06    6.8037460900129284e-04   -1.3213093529053895e-07    1.4817761899673784e-05   -3.8779437379777523e-09 
  -1.3167983361407455e-06    6.8037460900129284e-04   -1.3213093529053895e-07    1.4817761899673784e-05   -3.8779437379777523e-09 
   9.0615309139409731e-07   -4.6819891727648325e-04    9.0925734181302841e-08   -1.0196823905688710e-05    2.6686020250600677e-09 
   9.0615309139409731e-07   -4.6819891727648325e-04    9.0925734181302841e-08   -1.0196823905688710e-05    2.6686020250600677e-09 
   9.0615309139409731e-07   -4.6819891727648325e-04    9.0925734181302841e-08   -1.0196823905688710e-05    2.6686020250600677e-09 
   9.0615309139409731e-07   -4.6819891727648325e-04    9.0925734181302841e-08   -1.0196823905688710e-05    2.6686020250600677e-09 
  -2.7751696152358670e-06   -1.8655209782482974e-04   -3.4430475343621584e-07   -4.0947457843643716e-06   -5.8265361803291248e-09 
   9.5398220906786530e-06   -2.3613073244124434e-07    2.1024038706199801e-06    4.1155562148607547e-06    6.0052157690612911e-09 
  -1.4540449443141480e-06   -5.4187801524998381e-08   -2.0350148107088513e-07    3.4712959332287642e-06    1.0561686125669212e-08 
  -5.1715062695882853e-07    3.4993815910321449e-04   -6.4131466468774863e-08    8.9217274724991762e-06   -2.4372856213422919e-09 
  -1.2551851339669970e-06    1.0727218206183691e-06   -1.2796757385936767e-08   -4.2148363072463889e-05    1.2656032940282675e-08 
  -1.1973933311043128e-05   -2.6834080324566452e-08   -3.3921414942761346e-07    3.5600723811023404e-07    5.0492512303111353e-09 
   8.7328277835534447e-06    1.3696074049789008e-03   -1.2259873414741050e-06    7.3333080585388442e-06   -3.5829542117751023e-08 
   8.7328277835534447e-06    1.3696074049789008e-03   -1.2259873414741050e-06    7.3333080585388442e-06   -3.5829542117751023e-08 
   8.7328277835534447e-06    1.3696074049789008e-03   -1.2259873414741050e-06    7.3333080585388442e-06   -3.5829542117751023e-08 
   8.7328277835534447e-06    1.3696074049789008e-03   -1.2259873414741050e-06    7.3333080585388442e-06   -3.5829542117751023e-08 
   7.1300547344047759e-06   -7.3887852387842816e-04    5.1095496028648343e-06   -4.3874012746690788e-06    1.1284433480576716e-07 
   7.1300547344047759e-06   -7.3887852387842816e-04    5.1095496028648343e-06   -4.3874012746690788e-06    1.1284433480576716e-07 
   7.1300547344047759e-06   -7.3887852387842816e-04    5.1095496028648343e-06   -4.3874012746690788e-06    1.1284433480576716e-07 
   7.1300547344047759e-06   -7.3887852387842816e-04    5.1095496028648343e-06   -4.3874012746690788e-06    1.1284433480576716e-07 
   1.7716400796742970e-06   -9.1538612513145101e-04    1.7777092687680108e-07   -1.9936037396182522e-05    5.2174432214569670e-09 
   4.7723648499514731e-06   -2.4658262238646941e-03    4.7887137602244183e-07   -5.3702806347861984e-05    1.4054515317398105e-08 
  -1.3975625573389720e-05   -9.0295124241523191e-04   -1.7861307297216521e-06   -2.0051400572669627e-05   -2.8536661130528347e-08 
   1.0713369099010874e-06   -7.2493708116486448e-04    1.3285569722330107e-07   -1.8482382971427493e-05    5.0491170463631320e-09 
   2.6002601421675185e-06   -2.2222664356863400e-06    2.6509952419906596e-08    8.7315174143717025e-05   -2.6218425570870014e-08 
   2.4805377861092517e-05    5.5589878840555479e-08    7.0272106364754941e-07   -7.3750987526077790e-07   -1.0460103746188540e-08 
   4.9329031959483168e-07   -4.0711379340537912e-04    4.7245256596610292e-07   -2.9260600611318499e-04    7.7716023690529498e-08 
   4.9329031959483168e-07   -4.0711379340537912e-04    4.7245256596610292e-07   -2.9260600611318499e-04    7.7716023690529498e-08 
   4.9329031959483168e-07   -4.0711379340537912e-04    4.7245256596610292e-07   -2.9260600611318499e-04    7.7716023690529498e-08 
   4.9329031959483168e-07   -4.0711379340537912e-04    4.7245256596610292e-07   -2.9260600611318499e-04    7.7716023690529498e-08 
   9.0974755878959552e-06    6.1154934333191094e-04    1.1286892419064948e-06    1.3423269557067644e-05    1.9100371512979255e-08 
  -3.1273151055829531e-05    7.7407649685355637e-07   -6.8920356376983573e-06   -1.3491489669587994e-05   -1.9686113439390488e-08 
   4.7666053678226112e-06    1.7763678256960350e-07    6.6711228963412332e-07   -1.1379495450488760e-05   -3.4622994273136941e-08 
  -2.1596164589477128e-06    1.4613386673382699e-03   -2.6781243858657404e-07    3.7257055270647724e-05   -1.0178083267462543e-08 
  -5.2416420536553315e-06    4.4796768657194731e-06   -5.3439146026656398e-08   -1.7601119260799740e-04    5.2851481982240442e-08 
  -5.0003039943969209e-05   -1.1205888286445470e-07   -1.4165552974765018e-06    1.4866830877662025e-06    2.1085628623263841e-08 
   2.7550198938468855e-06   -1.8642278278089863e-03    3.4164797784749729e-07   -4.7528776710102196e-05    1.2984167520538571e-08 
   6.6867559165025394e-06   -5.7147179222167702e-06    6.8172248735946333e-08    2.2453724834595230e-04   -6.7422566482620032e-08 
   6.3788812697593433e-05    1.4295337039812085e-07    1.8070977414126308e-06   -1.8965596718212312e-06   -2.6898908873691660e-08 
   5.8962986016518798e-07   -6.9434190464981937e-04    2.1289367517525935e-06   -4.8198281933195736e-04    8.0400589542381521e-07 
   5.8962986016518798e-07   -6.9434190464981937e-04    2.1289367517525935e-06   -4.8198281933195736e-04    8.0400589542381521e-07 
   5.8962986016518798e-07   -6.9434190464981937e-04    2.1289367517525935e-06   -4.8198281933195736e-04    8.0400589542381521e-07 
   5.8962986016518798e-07   -6.9434190464981937e-04    2.1289367517525935e-06   -4.8198281933195736e-04    8.0400589542381521e-07 
   9.2656423569047872e-07   -6.2697435916328579e-04    1.1490254505111649e-07   -1.5984808227358221e-05    4.3668161096094006e-09 
   2.2488799078585884e-06   -1.9219655203258373e-06    2.2927590354755481e-08    7.5516036875947554e-05   -2.2675458322745334e-08 
   2.1453359598147997e-05    4.8077867124713468e-08    6.0776045259404626e-07   -6.3784815735348299e-07   -9.0466014409277852e-09 
   1.2236056238340090e-06   -8.2797211711956834e-04    1.5173842773309134e-07   -2.1109277143994393e-05    5.7667461619487131e-09 
   2.9698341427267258e-06   -2.5381163322510892e-06    3.0277802032942717e-08    9.9725247156995728e-05   -2.9944840581990088e-08 
   2.8330956930217885e-05    6.3490847509244225e-08    8.0259854534942255e-07   -8.4233187773351675e-07   -1.1946794375734869e-08 
   7.8963121565997152e-07   -5.3431646327769481e-04    9.7921582591114132e-08   -1.3622480845328931e-05    3.7214627765389924e-09 
   1.9165274323288988e-06   -1.6379263431644188e-06    1.9539218487629185e-08    6.4355840322005695e-05   -1.9324347985105819e-08 
   1.8282858076053624e-05    4.0972641940723447e-08    5.1794209891369622e-07   -5.4358326870038417e-07   -7.7096423736533638e-09 
  -1.6096819679429124e-06   -5.9233678069301929e-04    1.1352629596073999e-06   -4.1788196489569573e-06    2.7740371121273937e-08 
  -1.6096819679429124e-06   -5.9233678069301929e-04    1.1352629596073999e-06   -4.1788196489569573e-06    2.7740371121273937e-08 
  -1.6096819679429124e-06   -5.9233678069301929e-04    1.1352629596073999e-06   -4.1788196489569573e-06    2.7740371121273937e-08 
  -1.6096819679429124e-06   -5.9233678069301929e-04    1.1352629596073999e-06   -4.1788196489569573e-06    2.7740371121273937e-08 
  -1.8777822755856113e-06   -4.6931441158903046e-04    6.9965285251451726e-07   -3.7084691878873660e-06    1.8031443415714215e-08 
  -1.8777822755856113e-06   -4.6931441158903046e-04    6.9965285251451726e-07   -3.7084691878873660e-06    1.8031443415714215e-08 
  -1.8777822755856113e-06   -4.6931441158903046e-04    6.9965285251451726e-07   -3.7084691878873660e-06    1.8031443415714215e-08 
  -1.8777822755856113e-06   -4.6931441158903046e-04    6.9965285251451726e-07   -3.7084691878873660e-06    1.8031443415714215e-08 
  -1.0225023961128690e-06    6.9189243427688891e-04   -1.2679976531436158e-07    1.7639904589775697e-05   -4.8189642589998063e-09 
  -2.4817330583042751e-06    2.1209693554759338e-06   -2.5301555112756540e-08   -8.3335105841920434e-05    2.5023316867703767e-08 
  -2.3674679799647656e-05   -5.3055937668888828e-08   -6.7068908458025864e-07    7.0389212547589018e-07    9.9833031469572498e-09 
   7.0442238357708097e-07   -4.7665855804847909e-04    8.7354898393702533e-08   -1.2152483636654920e-05    3.3198810121151964e-09 
   1.7097156182505049e-06   -1.4611782765087825e-06    1.7430748161070764e-08    5.7411223793683871e-05   -1.7239064260350843e-08 
   1.6309961168101831e-05    3.6551298283226903e-08    4.6205114569433732e-07   -4.8492538569477473e-07   -6.8776975247067491e-09 
2    103 5 
  -1.2391305463744588e-02   -1.1602463696518846e-02    1.2612696933136029e-03   -4.7930152917712238e-04    9.2231239235339782e-05 
  -3.4621850625536410e-02   -1.9214435673122515e-02    3.1534218179766614e-04    7.6160280070584549e-03   -1.8713032958252724e-03 
   9.2072661591821314e-02   -5.4015980615284592e-02    9.9783270098204504e-03   -3.1951423748341944e-02    7.9252543322595320e-03 
   8.7142946328820584e-03   -2.8691644986735057e-03   -5.8205691051487125e-04    7.8843504308882307e-04   -1.9028883932035203e-04 
   1.9817240380434437e-02    1.7762677454168662e-02    2.4428357322453793e-03   -4.2319380890246035e-04    1.0962387514774590e-04 
   1.2578215116087511e-03   -2.7626842712443232e-02    3.4344244843389517e-04    2.2072099314267982e-04   -3.8886766539850630e-05 
  -2.2201931315875660e-03   -9.2885071745871521e-04    4.0034813499333381e-03   -6.5043825374157555e-03    1.3287617035421747e-03 
  -1.6538186316629008e-03   -4.1091482215636181e-03    9.4109128174860569e-04    1.3027177834900244e-04    5.7068944496516089e-05 
  -2.3632963788587790e-03    1.7634308456944878e-03   -1.5375379203809113e-02    1.1081752898957263e-02   -2.8937513190710812e-03 
   2.0564945343749448e-03   -6.9314933632761916e-05    1.7321117715226200e-03    7.6988156816822162e-03   -2.0385046855293477e-03 
  -6.4128693653286886e-04    1.9098909744651280e-03    1.3292281727094628e-03   -6.7425753769093317e-03    1.7184463386142577e-03 
  -2.7784179409125025e-03   -2.3496729416291220e-03   -2.5932055747803400e-03    6.5858162447663565e-04   -1.3604177701323671e-04 
  -6.8028641676732464e-04    9.2842872567203442e-04   -1.2477403545469127e-03    2.0770170564092901e-04   -6.2201679832751694e-05 
  -7.2589578410145318e-06   -1.0614123959651706e-04    7.8018776314515124e-05   -8.1407233141904587e-05    1.3399254178762359e-04 
  -2.6060408884428176e-06   -5.4411185026392677e-05   -7.8036867008284485e-05   -6.6864666255856531e-05   -3.9257289351946111e-05 
  -1.5868490497902957e-04   -1.9430826032857887e-04    2.9639037610237673e-05   -4.3095834071004529e-06    5.4939522363734668e-07 
   1.0063872523970078e-04   -8.0986717077760005e-05    7.4932685550670379e-06   -2.5547013627144786e-06    6.4703809723513575e-07 
  -1.4292931555868448e-07   -1.0214226671661568e-06   -6.2947376310538203e-06    7.7587815966639661e-06   -2.0832080521581993e-06 
  -1.2349109678420196e-07   -4.0093199585975746e-07   -3.7165107246082949e-06   -2.8147354684660467e-06    9.5175980461741917e-07 
   3.2206990441913477e-04    3.8895283275005703e-04   -5.9468983877569281e-05    8.6229126815570798e-06   -1.0931450075453938e-06 
   3.2206990441913477e-04    3.8895283275005703e-04   -5.9468983877569281e-05    8.6229126815570798e-06   -1.0931450075453938e-06 
   3.2206990441913477e-04    3.8895283275005703e-04   -5.9468983877569281e-05    8.6229126815570798e-06   -1.0931450075453938e-06 
  -1.7831209731967747e-03   -1.5079628736473782e-03   -1.6642561869878306e-03    4.2266164851376229e-04   -8.7308299536675247e-05 
  -4.3659125564108182e-04    5.9584294662323235e-04   -8.0076937401501059e-04    1.3329789663517962e-04   -3.9919523353431747e-05 
  -4.6586223689633920e-06   -6.8118862773933474e-05    5.0070550690394036e-05   -5.2245179764990923e-05    8.5993150272772824e-05 
  -1.6724935787250891e-06   -3.4919773504337041e-05   -5.0082160857102519e-05   -4.2912114484641946e-05   -2.5194372294946956e-05 
  -1.0086368824054422e-03   -2.7264386889944586e-03   -3.2047241196219090e-04    1.1022572893507855e-05    3.7693703916842020e-06 
  -1.4029864336695543e-04   -3.7873244985031584e-05   -1.7958890467379101e-04    9.6110109890862516e-06    5.5474440196044217e-07 
   4.1905410055130575e-06   -6.3465942641569012e-05   -1.0784864247169044e-05   -6.8347278506765950e-05    2.1264401466329187e-05 
  -7.3534057825364659e-04    8.0441881671824977e-04   -1.4795069604356628e-04    1.6860380472424102e-05   -1.5575989558145251e-06 
  -7.3534057825364659e-04    8.0441881671824977e-04   -1.4795069604356628e-04    1.6860380472424102e-05   -1.5575989558145251e-06 
  -7.3534057825364659e-04    8.0441881671824977e-04   -1.4795069604356628e-04    1.6860380472424102e-05   -1.5575989558145251e-06 
   4.2827322337194156e-04    5.1721095680127096e-04   -7.9079023114049960e-05    1.1466338699499538e-05   -1.4536121803704817e-06 
   4.2827322337194156e-04    5.1721095680127096e-04   -7.9079023114049960e-05    1.1466338699499538e-05   -1.4536121803704817e-06 
   4.2827322337194156e-04    5.1721095680127096e-04   -7.9079023114049960e-05    1.1466338699499538e-05   -1.4536121803704817e-06 
  -1.7018413636296233e-03   -1.4392257349707569e-03   -1.5883947647223659e-03    4.0339555592296188e-04   -8.3328544598573376e-05 
  -4.1669021284457410e-04    5.6868276916311735e-04   -7.6426808046755940e-04    1.2722180804809627e-04   -3.8099880535560152e-05 
  -4.4462694142497819e-06   -6.5013815694319160e-05    4.7788195835001743e-05   -4.9863699272699342e-05    8.2073343493152241e-05 
  -1.5962566732510702e-06   -3.3328033179777099e-05   -4.7799276778044942e-05   -4.0956061046069274e-05   -2.4045942786122619e-05 
  -3.7003401367728859e-03   -6.8373436401515022e-03   -3.1403735690100701e-03   -3.2369618675196668e-03    1.2231267711059364e-03 
   1.4534456722352664e-03   -1.8815989669806728e-03    8.0611342307571488e-04   -1.7981254243365356e-03    4.5322244669829313e-04 
  -1.1321463887618499e-04    5.4837531583270746e-05   -2.1639206961212497e-04    2.8100908064301980e-04   -1.2610488890262055e-04 
  -5.0926025685868038e-05   -1.1340873909328042e-04   -1.9731893687817474e-04   -2.1462294996167582e-04   -8.8927961413477202e-05 
  -8.1002520595370941e-04   -2.1895729762588163e-03   -2.5736787542715291e-04    8.8521072686834946e-06    3.0271399758436356e-06 
  -1.1267230008218360e-04   -3.0415587219032253e-05   -1.4422587755115760e-04    7.7184974014548780e-06    4.4550913841067172e-07 
   3.3653774715762506e-06   -5.0968801712545693e-05   -8.6612060647255660e-06   -5.4888948951367356e-05    1.7077207345588459e-05 
   9.0650153816517596e-05   -9.8115782154126587e-04    1.8635765830469724e-04   -2.3893667514861192e-05    3.4497902868632923e-06 
   9.0650153816517596e-05   -9.8115782154126587e-04    1.8635765830469724e-04   -2.3893667514861192e-05    3.4497902868632923e-06 
   9.0650153816517596e-05   -9.8115782154126587e-04    1.8635765830469724e-04   -2.3893667514861192e-05    3.4497902868632923e-06 
  -3.4251414096737286e-03   -2.8965988064850439e-03   -3.1968177527171458e-03    8.1187756544081257e-04   -1.6770778687838549e-04 
  -8.3863451289947679e-04    1.1445361143851179e-03   -1.5381728911079604e-03    2.5604776818312841e-04   -7.6680166151120603e-05 
  -8.9486022697395409e-06   -1.3084739688109447e-04    9.6178957655000642e-05   -1.0035613475405566e-04    1.6518155771535884e-04 
  -3.2126407013398661e-06   -6.7076302754548651e-05   -9.6201259261769994e-05   -8.2428541028543598e-05   -4.8395083191383910e-05 
  -1.5163734612682218e-04   -1.8567858694964806e-04    2.8322700294419622e-05   -4.1181849707208192e-06    5.2499532767863829e-07 
   9.6169129728825630e-05   -7.7389912108011868e-05    7.1604753940274995e-06   -2.4412412437074180e-06    6.1830165837545006e-07 
  -1.3658149839712984e-07   -9.7605895496691864e-07   -6.0151739641762494e-06    7.4141963953737794e-06   -1.9906880273271200e-06 
  -1.1800657528907097e-07   -3.8312569073622966e-07   -3.5514519998354606e-06   -2.6897266412557233e-06    9.0948997915989939e-07 
   9.1438498868390348e-04   -4.6932237537726262e-05    5.4185034849080619e-06   -6.5294098157181482e-07    2.1224002695035211e-07 
   2.4631294072555553e-03   -1.2642396349251398e-04    1.4596122467193673e-05   -1.7588632280880711e-06    5.7172269694690208e-07 
  -6.0383956252359531e-04    6.6056453395578322e-04   -1.2149266097374582e-04    1.3845237254047121e-05   -1.2790534071979696e-06 
   4.4536608483427404e-04    3.7981407724200193e-04    4.1439470491395837e-04   -1.0547907336156988e-04    2.1767837612516094e-05 
   4.4536608483427404e-04    3.7981407724200193e-04    4.1439470491395837e-04   -1.0547907336156988e-04    2.1767837612516094e-05 
   4.4536608483427404e-04    3.7981407724200193e-04    4.1439470491395837e-04   -1.0547907336156988e-04    2.1767837612516094e-05 
  -3.0969077660895455e-04   -3.7921361235112292e-04    5.7843791611240685e-05   -8.4106187187897785e-06    1.0722042748551585e-06 
   1.9640737082419322e-04   -1.5805434871159069e-04    1.4623925057426473e-05   -4.9857763668671261e-06    1.2627649167689272e-06 
  -2.7894203762736513e-07   -1.9934169484014846e-06   -1.2284862166116474e-05    1.5142102511437141e-05   -4.0656061116598187e-06 
  -2.4100624865638648e-07   -7.8246220824592601e-07   -7.2531731529949438e-06   -5.4932610842424829e-06    1.8574623281030235e-06 
  -6.0469404892845051e-04   -9.2734545353665191e-05   -1.1294158878555629e-06    9.5070807992688141e-07   -2.3178451027689971e-07 
   5.2694526019793111e-06   -3.4350243221364986e-05   -5.6819054897034955e-07    3.0892371119667343e-07   -7.3438491018423026e-08 
  -7.3812639518720038e-09    2.2273877802571725e-07   -1.2074648709769196e-05    2.5760743802681393e-06   -4.5636400185158617e-07 
   7.4213807625078286e-04   -4.1718826373745194e-04    1.1826359767682100e-03   -1.1280589724183312e-04   -3.1020020406418591e-05 
   7.4213807625078286e-04   -4.1718826373745194e-04    1.1826359767682100e-03   -1.1280589724183312e-04   -3.1020020406418591e-05 
   7.4213807625078286e-04   -4.1718826373745194e-04    1.1826359767682100e-03   -1.1280589724183312e-04   -3.1020020406418591e-05 
   1.0897739562226998e-03   -3.2070868045845825e-04    1.4184327564911400e-03   -4.1182038213090935e-04    7.7279973255763067e-05 
   1.0897739562226998e-03   -3.2070868045845825e-04    1.4184327564911400e-03   -4.1182038213090935e-04    7.7279973255763067e-05 
   1.0897739562226998e-03   -3.2070868045845825e-04    1.4184327564911400e-03   -4.1182038213090935e-04    7.7279973255763067e-05 
  -5.2210489130107745e-04   -6.3931281397660840e-04    9.7518327353233032e-05   -1.4179386354451652e-05    1.8076195310222766e-06 
   3.3112141768554943e-04   -2.6646240310193852e-04    2.4654343555551610e-05   -8.4054754764671757e-06    2.1288840010916608e-06 
  -4.7026586916610648e-07   -3.3606836811839013e-06   -2.0710938492003847e-05    2.5527934258714599e-05   -6.8541687299955889e-06 
  -4.0631026417848048e-07   -1.3191459902575215e-06   -1.2228059298692144e-05   -9.2610393912323312e-06    3.1314790111900104e-06 
  -4.1928736006911066e-04    4.5867541113088321e-04   -8.4360714747740362e-05    9.6137009531452851e-06   -8.8813479569000916e-07 
  -4.1928736006911066e-04    4.5867541113088321e-04   -8.4360714747740362e-05    9.6137009531452851e-06   -8.8813479569000916e-07 
  -4.1928736006911066e-04    4.5867541113088321e-04   -8.4360714747740362e-05    9.6137009531452851e-06   -8.8813479569000916e-07 
  -2.4308672369889061e-04    7.7788483939219752e-04   -1.4672998347219445e-04    1.8073805527521833e-05   -2.3234434059193389e-06 
  -2.4308672369889061e-04    7.7788483939219752e-04   -1.4672998347219445e-04    1.8073805527521833e-05   -2.3234434059193389e-06 
  -2.4308672369889061e-04    7.7788483939219752e-04   -1.4672998347219445e-04    1.8073805527521833e-05   -2.3234434059193389e-06 
  -3.4099716760692031e-04    4.0355574515153352e-04   -8.0550473098656177e-05    9.2055967988447003e-06   -1.0805161917865841e-06 
  -3.4099716760692031e-04    4.0355574515153352e-04   -8.0550473098656177e-05    9.2055967988447003e-06   -1.0805161917865841e-06 
  -3.4099716760692031e-04    4.0355574515153352e-04   -8.0550473098656177e-05    9.2055967988447003e-06   -1.0805161917865841e-06 
  -3.6589945397659204e-04   -4.4804063982496696e-04    6.8342402696783340e-05   -9.9371406230039503e-06    1.2668086631984201e-06 
   2.3205518268403085e-04   -1.8674111165157872e-04    1.7278158077867117e-05   -5.8906915803618090e-06    1.4919559394239555e-06 
  -3.2956983858724238e-07   -2.3552208462726869e-06   -1.4514556771690889e-05    1.7890384407503316e-05   -4.8035110138866494e-06 
  -2.8474872824407127e-07   -9.2447859729453916e-07   -8.5696194292206412e-06   -6.4902844485200239e-06    2.1945905495699355e-06 
  -2.8990870749604153e-04   -3.5499064397528528e-04    5.4148912816541007e-05   -7.8733749474405721e-06    1.0037152507369884e-06 
   1.8386148803597012e-04   -1.4795833589504776e-04    1.3689794892635166e-05   -4.6673007126973142e-06    1.1821034804471504e-06 
  -2.6112410088652077e-07   -1.8660837669747630e-06   -1.1500143954377198e-05    1.4174872806775017e-05   -3.8059080284059869e-06 
  -2.2561153035134451e-07   -7.3248099262416286e-07   -6.7898633503215297e-06   -5.1423689084610421e-06    1.7388134986108768e-06 
   4.2506506093633689e-04    3.6250109603075403e-04    3.9550544258773674e-04   -1.0067104405273216e-04    2.0775599077463422e-05 
   4.2506506093633689e-04    3.6250109603075403e-04    3.9550544258773674e-04   -1.0067104405273216e-04    2.0775599077463422e-05 
   4.2506506093633689e-04    3.6250109603075403e-04    3.9550544258773674e-04   -1.0067104405273216e-04    2.0775599077463422e-05 
   1.9587746828627617e-04    3.5877832790250937e-04    1.6593483956822363e-04    1.6923940909150840e-04   -6.4105136982948514e-05 
   1.9587746828627617e-04    3.5877832790250937e-04    1.6593483956822363e-04    1.6923940909150840e-04   -6.4105136982948514e-05 
   1.9587746828627617e-04    3.5877832790250937e-04    1.6593483956822363e-04    1.6923940909150840e-04   -6.4105136982948514e-05 
2    103 5 
  -2.5262922158101374e-03    1.9342132709430870e-02    2.0029599669248555e-02   -8.7237087886594279e-03    4.1474789193824595e-03 
   1.0965999232657845e-02    1.0273090382857713e-02   -3.2882504033040481e-03    3.2599778308649721e-03   -9.2612667772808696e-04 
  -2.5735347917826361e-03    3.3502960013165545e-03   -2.6540455718033493e-03    3.5351383519682403e-03   -1.6483254418599965e-03 
  -1.0195764128459538e-02   -3.2567415493346377e-03    6.3195260866585352e-03   -4.1466942199731710e-03    1.0424165538189052e-03 
   8.1715222062549320e-03    1.1268000700511422e-02   -6.5031054679476671e-03    3.9078760926150218e-03   -1.8540001570251465e-03 
  -9.5935263520260713e-03    1.6049662730548051e-03   -1.0809579706041092e-03    3.6251626211706712e-03   -2.1812994663207158e-03 
  -2.5352606304031647e-03    1.5770800707805058e-03    3.5309249290526435e-04    9.0660650397653446e-04    3.8469485953457192e-04 
  -1.5602575956933443e-03    8.0599193205472988e-05   -3.2629410335534080e-03   -2.2344616014207414e-03    1.5550140458976615e-03 
   1.9411627086441448e-03   -7.6642550563390903e-04    2.3504864517711198e-03    9.8069791258096099e-05    2.9194742892971751e-04 
  -1.1634635358547174e-03   -8.8231280017490724e-05   -1.5624893035750809e-03    2.9658302226966884e-03   -2.2693566228669092e-03 
  -3.0380794384095309e-03   -3.3478158101934823e-03   -4.0717382103788193e-04    7.0423451131093574e-04   -1.7065299457436722e-03 
  -2.6666178236715447e-04   -2.8449973317916496e-05    2.3050862681272027e-06   -5.5074329805922266e-07    1.5417325154917884e-07 
   1.3683843593491153e-05   -1.3140255335146149e-04   -3.6723058895875983e-05    8.1792359866758665e-06   -1.8585344160793678e-06 
   3.6624511621404237e-07   -2.6436746626602257e-06    8.0571347712965695e-06   -6.3354828058079923e-06    2.5262906374420560e-06 
  -8.3820258508586760e-08    6.1282466420408167e-07   -3.0542690640134248e-06   -3.1747421246563355e-06    2.4327925851297010e-06 
   6.5075000393482855e-04   -2.0281182676904598e-03   -4.8489850314872363e-04    3.1306405128573356e-05   -3.3998452905051045e-07 
  -1.1568326291420787e-03    3.9726068195604570e-04   -1.1737940946306888e-03    5.1096669935687077e-04   -1.5234069896670832e-04 
  -1.6532663883190582e-05    1.0433698426996364e-04   -3.2774304990485722e-06   -7.4214694262622250e-05    6.9714265132464910e-05 
   3.5446523636238747e-06   -3.1296507240858481e-05    6.6170933060624083e-05    2.8720953846289733e-05    1.7942162426520542e-05 
   1.9628601270123706e-05    9.3348684496881079e-06    1.5198608487545225e-06   -3.5999637803021746e-07    7.4522354871695553e-08 
   7.3836583589960854e-07   -1.1930817703591975e-06   -1.9536151162804467e-06    1.0171971624523019e-06   -2.7396860138062343e-07 
   2.4557017790469964e-07   -5.8205923241642504e-07    3.6725360924500833e-07   -1.4423095911884555e-07    4.2272596949053560e-08 
  -1.7113703805581677e-04   -1.8258500048917987e-05    1.4793482323885334e-06   -3.5345363674639790e-07    9.8944638348036177e-08 
   8.7819575832010483e-06   -8.4330958767004971e-05   -2.3567964902958776e-05    5.2492344718223393e-06   -1.1927621283753816e-06 
   2.3504719662070275e-07   -1.6966460185432588e-06    5.1708728852555123e-06   -4.0659585802464195e-06    1.6213118097467106e-06 
  -5.3793800682250662e-08    3.9329594570487304e-07   -1.9601555063525733e-06   -2.0374721828591426e-06    1.5613070366791805e-06 
  -7.9928720245544811e-04   -2.0180281201631679e-04   -6.0164753886818818e-06   -2.1494843853014865e-06    1.0071574583795645e-06 
  -7.9928720245544811e-04   -2.0180281201631679e-04   -6.0164753886818818e-06   -2.1494843853014865e-06    1.0071574583795645e-06 
  -7.9928720245544811e-04   -2.0180281201631679e-04   -6.0164753886818818e-06   -2.1494843853014865e-06    1.0071574583795645e-06 
   2.4496821409196711e-04    2.4340658877359559e-03    1.9169665389713161e-03   -5.0157368172374403e-04    1.4119799942212570e-04 
  -2.5812530963802605e-04   -1.6208468717892211e-04   -2.0105876407603947e-04    3.6204065077091480e-04   -2.4770559846337556e-04 
  -9.9813688144289233e-05    1.6501615247133412e-04   -1.2017171902578680e-04   -5.9297748937655387e-05    3.4225287810656619e-05 
   2.6101179343036515e-05    1.2413063579819050e-05    2.0210385877155003e-06   -4.7870604209135575e-07    9.9096279088014607e-08 
   9.8184373090917095e-07   -1.5865033290197688e-06   -2.5978243592382940e-06    1.3526203522615065e-06   -3.6431040095968423e-07 
   3.2654752962698258e-07   -7.7399465221678199e-07    4.8835636260397700e-07   -1.9179146180472747e-07    5.6212086591343322e-08 
  -1.6333613624110828e-04   -1.7426226873084449e-05    1.4119154285856439e-06   -3.3734223767327027e-07    9.4434466747466997e-08 
   8.3816515499439903e-06   -8.0486919295741745e-05   -2.2493671563135318e-05    5.0099597760448319e-06   -1.1383927156669276e-06 
   2.2433309216096235e-07   -1.6193081777384220e-06    4.9351701283744418e-06   -3.8806208881401146e-06    1.5474079115459227e-06 
  -5.1341729744658706e-08    3.7536842346058836e-07   -1.8708061707538732e-06   -1.9445985382685420e-06    1.4901383227986975e-06 
  -2.3675997145070903e-05   -2.5259768425492281e-06    2.0466080823002847e-07   -4.8898633455332340e-08    1.3688521208857949e-08 
   1.2149421599793473e-06   -1.1666787982841561e-05   -3.2605161109285520e-06    7.2620668080125920e-07   -1.6501298063224477e-07 
   3.2517664319594259e-08   -2.3472292583516977e-07    7.1536572713677945e-07   -5.6250607601665693e-07    2.2430079551986352e-07 
  -7.4421170650393345e-09    5.4410627842229622e-08   -2.7117821308302786e-07   -2.8187460839892013e-07    2.1599941989728139e-07 
   6.5033571220642419e-04    1.2309516383540535e-04    1.5139522516365284e-05   -2.7553572300989631e-06    7.2823659169454185e-07 
   6.5033571220642419e-04    1.2309516383540535e-04    1.5139522516365284e-05   -2.7553572300989631e-06    7.2823659169454185e-07 
   6.5033571220642419e-04    1.2309516383540535e-04    1.5139522516365284e-05   -2.7553572300989631e-06    7.2823659169454185e-07 
   2.2338847056256928e-04    2.2196441196477980e-03    1.7480970943424387e-03   -4.5738904555445441e-04    1.2875958317417276e-04 
  -2.3538653105370009e-04   -1.4780632052499094e-04   -1.8334709246516776e-04    3.3014776042262036e-04   -2.2588471322955157e-04 
  -9.1020899255897332e-05    1.5047954713362077e-04   -1.0958555018067388e-04   -5.4074090763518471e-05    3.1210313251971557e-05 
  -3.2873179362755481e-04   -3.5072182726874063e-05    2.8416338354192183e-06   -6.7893805626067614e-07    1.9005966682309387e-07 
   1.6868988155242086e-05   -1.6198870594433934e-04   -4.5270968007369742e-05    1.0083090619640982e-05   -2.2911395352300939e-06 
   4.5149482198617441e-07   -3.2590343689649829e-06    9.9325682943965071e-06   -7.8101729005255600e-06    3.1143272391669030e-06 
  -1.0333083232720114e-07    7.5546990369110180e-07   -3.7652015175233307e-06   -3.9137167076543898e-06    2.9990659438868596e-06 
   6.2184871082562583e-04   -1.9380449059382861e-03   -4.6336305377035010e-04    2.9916016215249652e-05   -3.2488504004971268e-07 
  -1.1054550514379483e-03    3.7961742826330623e-04   -1.1216632195271210e-03    4.8827350188032691e-04   -1.4557490078510957e-04 
  -1.5798410541853880e-05    9.9703140633723760e-05   -3.1318723293592956e-06   -7.0918650284251849e-05    6.6618095484669086e-05 
   3.3872262609548360e-06   -2.9906557915321602e-05    6.3232130878325437e-05    2.7445390726092457e-05    1.7145310037482791e-05 
   8.2480339714086721e-04    3.9210167626053868e-04    6.3660809107495654e-05   -1.5022523465560711e-05    3.1033400710396782e-06 
  -2.3912999283040482e-03   -6.0375175334184325e-04   -1.8000034432429175e-05   -6.4308071500101621e-06    3.0132042032140303e-06 
   9.0048467391192280e-04    6.9608077469271559e-05    1.3643258542275003e-05   -3.9851418851881103e-06    1.2497091271917666e-06 
   6.5319869315760956e-04    3.1064484871957683e-04    5.0577782213088505e-05   -1.1979924622990154e-05    2.4799477121841992e-06 
   2.4571266818484342e-05   -3.9703259672148993e-05   -6.5012214743475545e-05    3.3850188714607515e-05   -9.1171005985243830e-06 
   8.1720606108588280e-06   -1.9369710797143007e-05    1.2221430060907386e-05   -4.7997038970217332e-06    1.4067433895826500e-06 
  -4.9027949265081558e-04   -5.2307602388378145e-05    4.2380895980727117e-06   -1.0125865894856165e-06    2.8346013020262618e-07 
   2.5158865417365153e-05   -2.4159433953484127e-04   -6.7518346739565526e-05    1.5038194203237554e-05   -3.4170675021397731e-06 
   6.7337159516930067e-07   -4.8606120488547403e-06    1.4813701134164065e-05   -1.1648303210741994e-05    4.6447919196318891e-06 
  -1.5411039951299736e-07    1.1267282577306119e-06   -5.6155234313322739e-06   -5.8370230047836082e-06    4.4728881048271667e-06 
   1.0915166804511060e-04   -5.5752583845458431e-04   -2.2280925684189945e-04    4.2915308341442099e-05   -4.8956273195363488e-06 
   1.0915166804511060e-04   -5.5752583845458431e-04   -2.2280925684189945e-04    4.2915308341442099e-05   -4.8956273195363488e-06 
   1.0915166804511060e-04   -5.5752583845458431e-04   -2.2280925684189945e-04    4.2915308341442099e-05   -4.8956273195363488e-06 
   1.3167273858197897e-03    6.2620238505929919e-04    1.0195542589356274e-04   -2.4149305557997794e-05    4.9991145148328715e-06 
   4.9531115513693863e-05   -8.0034405861891146e-05   -1.3105256403946327e-04    6.8235700656763416e-05   -1.8378383427742775e-05 
   1.6473358133771801e-05   -3.9045743552725518e-05    2.4636135717428763e-05   -9.6753126288168532e-06    2.8357336983181840e-06 
   1.6797474049971358e-03    7.9884556411157924e-04    1.3006440354657340e-04   -3.0807237534802427e-05    6.3773638522342528e-06 
   6.3186779318743166e-05   -1.0209978694511534e-04   -1.6718358464645587e-04    8.7048194137010745e-05   -2.3445279716403174e-05 
   2.1015041438941232e-05   -4.9810604013556015e-05    3.1428286132853256e-05   -1.2342783673989310e-05    3.6175417723595663e-06 
  -8.2655778134724093e-04   -8.8184915799699321e-05    7.1449570864035881e-06   -1.7071106121570883e-06    4.7788288075012757e-07 
   4.2415104633800904e-05   -4.0730172129429414e-04   -1.1382857271788066e-04    2.5352756177688547e-05   -5.7608033287535275e-06 
   1.1352311081095831e-06   -8.1944620799230934e-06    2.4974285334256041e-05   -1.9637769481800552e-05    7.8306128676788336e-06 
  -2.5981333466607544e-07    1.8995410227250663e-06   -9.4671603811323073e-06   -9.8405845172539641e-06    7.5408017744146978e-06 
   5.6493017489286229e-04    2.6866656433186231e-04    4.3743068763976946e-05   -1.0361044783713516e-05    2.1448256241861901e-06 
   2.1250884618282914e-05   -3.4338050068621086e-05   -5.6226937117190562e-05    2.9275920529261463e-05   -7.8850819660128056e-06 
   7.0677478055113078e-06   -1.6752229027521725e-05    1.0569914934112361e-05   -4.1511068383662346e-06    1.2166463243589948e-06 
   7.4603757888120248e-04    3.5479668477345099e-04    5.7766383464470229e-05   -1.3682626824788159e-05    2.8324217521106715e-06 
   2.8063571772766851e-05   -4.5346269105830436e-05   -7.4252376486651106e-05    3.8661303364280014e-05   -1.0412910693466925e-05 
   9.3335525261446036e-06   -2.2122720541394141e-05    1.3958457340185321e-05   -5.4818840150630389e-06    1.6066833009081786e-06 
   4.8144152729057805e-04    2.2896146605795050e-04    3.7278465145006223e-05   -8.8298296792928789e-06    1.8278508923266462e-06 
   1.8110306019398371e-05   -2.9263374491108545e-05   -4.7917395252794336e-05    2.4949355723684332e-05   -6.7197789625037120e-06 
   6.0232351699664665e-06   -1.4276487762511826e-05    9.0078317912043266e-06   -3.5376322686045519e-06    1.0368432960461839e-06 
  -5.7926490617889116e-04   -6.1801398680011056e-05    5.0073001424797410e-06   -1.1963704061636998e-06    3.3490796206772038e-07 
   2.9725183357683174e-05   -2.8544355723985677e-04   -7.9772883377163229e-05    1.7767616807995926e-05   -4.0372630626092347e-06 
   7.9558810789804371e-07   -5.7428100188908551e-06    1.7502378390840098e-05   -1.3762462774104595e-05    5.4878186746070956e-06 
  -1.8208133820246857e-07    1.3312287140026735e-06   -6.6347373332067988e-06   -6.8964389372046100e-06    5.2847144276473478e-06 
  -4.5896198647752415e-04   -4.8966357883430395e-05    3.9673738142389103e-06   -9.4790575489522602e-07    2.6535359197173741e-07 
   2.3551796521292630e-05   -2.2616205584109238e-04   -6.3205487905935382e-05    1.4077601833263656e-05   -3.1987960178192308e-06 
   6.3035874351072008e-07   -4.5501314961745605e-06    1.3867448672715725e-05   -1.0904246375449076e-05    4.3480972754601679e-06 
  -1.4426631372017367e-07    1.0547564137191151e-06   -5.2568215228021844e-06   -5.4641724027778081e-06    4.1871741336431153e-06 
   6.2342408136868449e-04    2.9648479317791182e-04    4.8272306335205596e-05   -1.1433846364342982e-05    2.3669048032491373e-06 
   2.3451240188997594e-05   -3.7893474753905322e-05   -6.2048777315014330e-05    3.2307203037328914e-05   -8.7015178152071169e-06 
   7.7995553766127806e-06   -1.8486785547153990e-05    1.1664343313213582e-05   -4.5809200541686821e-06    1.3426201162965636e-06 
   4.2948933816347240e-04    2.0425431324044401e-04    3.3255758831155843e-05   -7.8770058046255715e-06    1.6306081330891609e-06 
   1.6156029144354989e-05   -2.6105573844755485e-05   -4.2746645661122868e-05    2.2257079354317534e-05   -5.9946499327812054e-06 
   5.3732699406100328e-06   -1.2735916893017288e-05    8.0357997700460202e-06   -3.1558875908759750e-06    9.2495789364953618e-07 
 TENSORSUMACCUMULATOR_IMPL_H - PrettifyOut: Norm of simple tensor is 1.07758e-06 
 As simple full tensor 3    5 5 5 
   8.3475384774312834e-09   -1.9579578044465466e-08    9.6834569534332320e-09   -1.1849154075112261e-08    4.3757996590000597e-09 
   4.1417451655952096e-08   -7.0213265339457969e-09   -1.3521797939041850e-08    6.4803009532295157e-09   -1.5122649489345236e-09 
  -5.6747512069133055e-09    2.7911952248871783e-10    1.9383119989521699e-10   -8.9268132851519901e-10    9.5323459371548542e-10 
   1.3877326520165666e-09    6.3143363941644749e-10   -1.3471277743204312e-10   -7.0075366427221080e-10    7.9389253957191343e-10 
  -2.2804064678075755e-10   -3.8400175315641116e-10   -1.0482350231721567e-10    5.6726501164065378e-11   -2.3075872113735956e-10 

   5.2125848212398090e-07   -2.4457935747550167e-07   -4.3099922987042259e-07    1.9397328350531773e-07   -5.4427826161789586e-08 
  -2.1349183974088700e-07   -2.8003666302255509e-07   -2.8520597555829393e-07    2.0725868971634145e-07   -1.0626400688932475e-07 
  -2.7585289099074477e-08   -1.8607322784141956e-09    6.6675462928122457e-08   -3.9367456755911695e-08    1.7338486252703200e-08 
  -4.4494179077932115e-08   -2.5603218223553754e-08   -3.4684709400964432e-08    2.5713795622595109e-08   -1.2383412824665419e-08 
   1.1182445238103562e-08    5.4939593621723090e-09    7.8447221157237961e-09   -6.0363750790223621e-09    2.9146685622718445e-09 

  -1.0438999736739605e-09   -7.3148727469132896e-10    4.6016877574567039e-10   -4.6210167349879427e-10    9.7903053634988778e-12 
  -3.1604465761883038e-10    8.4954989091864554e-10    1.6357457891853511e-09   -5.3174781204081258e-10    7.6397696169863804e-11 
   4.7374806379496029e-10    5.8870058351919891e-10    3.3646220347189305e-10   -1.0409638305830556e-10    4.5419336760963681e-10 
   6.9889683725851968e-10   -5.2705404408354538e-10   -5.1751186420866747e-10   -6.1344690108216920e-10   -1.6748976798650577e-10 
  -1.4257796747053927e-10    1.2613785358266076e-10    1.0573143268150375e-10    1.4622247056989787e-10    3.7429159603792914e-11 

  -2.0550501695991885e-07   -3.7854069587397175e-07   -6.8013879748313296e-08   -1.2029977300093225e-08   -1.0409432274266912e-08 
  -1.0270890689696508e-07   -2.4435929142268180e-07   -2.1381792078505919e-07    1.3258895054881102e-07   -6.5026490168968746e-08 
   1.4834793524444187e-09    1.6870335153887416e-08    1.8464224874823040e-08   -1.1087987337896324e-08    5.9094711960282392e-09 
  -1.8982189400216774e-09   -9.7732153063475491e-10   -1.0185195021174247e-09    5.4552949484238198e-10    6.2189899894568550e-10 
   4.1475884176006708e-10   -2.3698186269787837e-10   -2.4554881311665377e-10    5.2960295568441599e-11   -2.5533574926946454e-10 

  -2.7157950806741905e-10   -4.6441373941464896e-10   -3.6548066956768111e-11   -4.3119095564360552e-11   -4.0530647292397108e-11 
   8.8384087662059500e-11   -4.3017116279805597e-11    9.8811888525965866e-11    3.7442439585833803e-11   -5.0388714943877380e-11 
   1.2035652921747989e-10    1.4696738137631795e-10    1.3527167134660003e-10   -2.8922232401100539e-11    1.1482492552040180e-10 
   8.6858758187987022e-11   -1.7042261759241140e-10   -1.5620087596456056e-10   -1.2665729738640849e-10   -6.6418270474320470e-11 
  -1.3650315210412833e-11    3.9875096736290073e-11    3.3033629054184255e-11    2.9111917190894459e-11    1.5978692016429681e-11 
