2    16 5 
  -1.1556150773122292e-06   -9.7384975804634525e-04    4.2315255819393342e-07    1.8899589110133976e-04    1.0317040194914210e-07 
   1.5258376028396973e-05    4.2791718828110071e-04   -1.8869136761773373e-05    1.9297360793003365e-03   -8.3143222911326452e-06 
  -1.9928917354515352e-04   -6.4180149277492564e-03   -6.6769437665092316e-05   -6.5489838349612288e-04   -1.2688327956236052e-05 
   1.4429714217058516e-04    5.0236144759020199e-04    4.1334315863570848e-05    3.4755412163880539e-04    5.2083033323208040e-06 
  -2.3016045729407184e-05    1.9071671305554559e-05   -1.2593330138269988e-05   -6.5655212103739823e-04   -3.2575722319598536e-06 
   4.2873754602445048e-04    1.2799956069224627e-03    1.1770743383034130e-04   -1.2597491495562195e-03    1.4373265400775581e-05 
   1.7574600105592868e-04    5.9720038816904290e-04   -2.6449970839540610e-04   -2.3018590214439688e-04   -9.2978495955684903e-05 
   5.2063110447838463e-04    4.8349872259890000e-04   -6.3811182441632835e-05   -2.8420275488101279e-04   -3.8135304388211210e-05 
  -4.2965049316108473e-04    6.1382226677891936e-04    1.6710637115846926e-04    8.6827663208621787e-06    7.5592889779222528e-05 
  -4.7777868677795224e-05    3.9770937900078565e-05   -5.9111905744520811e-05   -6.0951763795458189e-05   -1.6353493503593131e-05 
   8.1485925050652245e-05   -4.3156371697463904e-04   -1.4005048685892130e-04    3.2504618441464590e-05   -5.4092857462856289e-05 
   2.4703088516407298e-04    1.1660721556699917e-05   -5.1290074469573471e-05   -7.7080919640932431e-06   -1.0341852529899813e-05 
   2.7617068406935114e-04   -5.3545697283064509e-05   -1.8047333790828594e-05   -1.1995328589841277e-04   -8.3922424059925630e-05 
   2.8323718746024214e-04   -4.8016287028405535e-05   -1.4954475919824766e-04   -6.5502652735204616e-05   -1.4829698344662117e-04 
   1.6205428289598202e-05   -1.5130222177563838e-05   -7.6969505131736638e-05   -2.8456571248974237e-05   -6.4978124455366409e-05 
  -2.1254696372306330e-04    1.5639557479239011e-05    1.8761348046124947e-04    5.8366876268090671e-05    7.4559920062626647e-05 
2    16 5 
   9.1848083765865063e-02    8.8272484299730669e-02    4.0444028495973110e-02   -2.7525043005048894e-02    1.7324775268750436e-02 
  -1.2203628149606457e-02    4.7708472237251902e-03   -1.7301365582271914e-02    1.4351305566213189e-02   -8.5060925388068982e-03 
  -1.3116178851630507e-02    5.7477776885048737e-03    1.4636144338667808e-02   -6.3590494261024748e-03    1.2944765590093569e-03 
   2.0211817643538826e-02    6.8612807864745018e-03   -3.1469054040369079e-02    1.7239362715967880e-02   -7.6151456876423522e-03 
  -4.2453569499684436e-02    1.7146998745149074e-02    2.5471366601382685e-03    1.9464130429766850e-02   -2.0466271524574395e-02 
   2.8948449338911868e-03    2.1143538759011487e-03   -7.2784835410804084e-03    3.5032027876480605e-03   -1.0724187991968722e-03 
   3.2638848028266826e-03    1.6511940569476228e-03    2.6024725081921643e-03    3.7099839472080880e-03   -6.0941860731205388e-03 
  -1.2351485070852456e-02    1.2521403588839843e-03   -8.3490359199631832e-03   -4.4184775847307626e-03    1.0261465285016404e-02 
  -3.9501385761781310e-03   -7.6087933200734226e-03    8.0119250605118816e-03    5.1532068498616771e-03   -1.1014227863898151e-02 
  -1.7893954816454068e-02    9.9803922429699057e-03   -9.0648858684828377e-03    2.0115402443278726e-03    1.9579579427626381e-03 
   7.3336883726766609e-04    7.0401166172570587e-03   -9.1222728264490731e-03   -6.1276992318448388e-03    1.2658074257874571e-02 
   1.5373468929821079e-03   -4.2812468821355936e-03   -3.0268622809739494e-03    7.3321012656999275e-04    1.0966919205926530e-03 
   4.6709977324549531e-04    3.5529968138012205e-03    1.3302763767618464e-03    4.0996258953102192e-05    3.7262841795972206e-03 
   1.7952947639901283e-03   -2.2134236341266452e-03   -1.4027050176888172e-04   -7.8844942964084123e-04    4.3121275027992543e-03 
  -4.0885669403473027e-05   -7.2381848579383653e-03   -3.3124025274562773e-03   -5.8783296049159939e-04    7.0031997626911506e-03 
   1.0990202752536845e-03    3.9307583285577759e-03    4.6420994977306720e-04   -1.5926448070262950e-05    1.6420527156108299e-03 
2    16 5 
  -3.8795131294536650e-03    2.6823006447018780e-02   -6.1691572484316764e-05    6.1109422244136388e-02   -2.3655188642892732e-05 
  -7.8137469284948798e-03   -1.3657333866332895e-02   -1.0674556484671263e-03    2.9605406153444965e-04   -1.2345987665852661e-04 
   3.9238222371879026e-03   -1.8371614396936766e-02    3.7535931809585187e-04    7.6885539458111038e-03   -5.9099011483829625e-05 
   7.5666468392989270e-03   -1.9564133951978948e-02    2.4229349740522298e-03   -2.5362279229938636e-02    5.3770706699754760e-04 
  -6.9312390712642355e-03    1.9760159068140930e-02   -9.1890595970713822e-04   -1.3428982318824386e-02   -1.2435115368747442e-04 
  -1.5756511787062898e-02    5.3070960089520586e-02   -1.0999359895050452e-03    2.8655263200577524e-02    1.0995593293653606e-04 
   6.1098518496527678e-03   -6.5762613050685437e-04   -8.0061621896941569e-03   -3.5335963048572990e-04   -1.6711094204343339e-03 
  -3.7263708263506694e-03   -1.4389102367681449e-03   -8.7953653651113607e-03   -3.9735514954565126e-04   -2.0030344345496336e-03 
   7.0755248554093420e-03   -1.2566261394597916e-03    1.3267664530975958e-02    1.6219001927868601e-04    2.9361727103419727e-03 
   1.0543402520693775e-03    6.2064469412675630e-03    1.4464985271195234e-02   -2.3814680587457275e-04    3.3860093364478155e-03 
  -2.9007871678732654e-03    3.5393176801595629e-03   -1.9294855719443973e-02   -5.3980361375581781e-04   -4.4253427466450970e-03 
   3.2295343079822023e-03    2.8860859032325808e-03    2.6652729733656175e-04   -6.0751258605570477e-04    1.2444130630546953e-03 
  -1.5036187329110283e-03    7.1740395035208937e-04    3.3925591166771374e-03   -5.2181252227143776e-04   -4.7615773983878984e-04 
   3.8163004917424935e-04    1.2756166020432772e-03   -2.9892547951535222e-03   -3.4211942578827913e-03    4.7144460642956754e-04 
  -4.9452363578742170e-04   -2.9682890743032114e-03    4.1528106886308241e-03    3.2548771703693122e-03    1.0657788092583685e-04 
  -1.7344496492178250e-03    2.6608265585712039e-03    2.4801784073261966e-03   -4.1960620754157739e-03   -3.0539447626307554e-04 
 TENSORSUMACCUMULATOR_IMPL_H - PrettifyOut: Norm of simple tensor is 9.73603e-06 
 As simple full tensor 3    5 5 5 
   4.9698916184633529e-08   -6.7305117690426836e-09    9.0124591744326662e-08   -3.6637920668141297e-08    2.1712023467271327e-08 
   7.9604822700380952e-09    2.7065543002635810e-08    2.0975027936096231e-08   -3.4817781726988123e-09    2.5607125033108432e-09 
   4.7917567071038409e-10   -1.3703958998166465e-08    1.8773595740903376e-09    3.1169884034149729e-09   -1.0800211886227270e-09 
   1.1916595597980917e-10    3.5379049196358903e-10   -3.6887577650505246e-10   -1.0639489357695207e-09    4.6996052684403701e-10 
   2.8439859719858384e-11    4.3326990249391247e-09    8.8960122495451694e-11    5.6523348264228062e-10   -2.4454498573102228e-11 

   7.5938320743374858e-07   -3.8876245718814531e-06    6.4745327168403037e-08   -4.9589418987016883e-06    4.3181241721873912e-09 
   1.3393089947078913e-07   -1.5775721273750312e-06   -1.6838933222740050e-08   -5.5504361950061092e-06    4.3589291758486332e-09 
  -8.3603564362767276e-08    5.9623167932575642e-07   -4.5937780156464786e-08   -2.9979840967895849e-06   -8.5175421219031617e-10 
   3.6800988357664105e-08   -3.1246051534045942e-08    1.5889551443012897e-08    1.8565499701902702e-06   -2.3776356330236205e-10 
  -1.5678001360954018e-08   -2.7101606811236864e-07   -3.6930479506044671e-09   -1.0315433795706333e-06   -9.4258189367825519e-11 

  -1.3439425219956006e-08    5.3949427987887595e-10    1.1019700301543359e-08   -9.6233483326986148e-09    2.0176432160780757e-09 
  -1.0977793194653013e-08    8.8417972445734534e-09    1.3760015483988508e-09    2.8289568699804488e-10    5.5882280591838412e-11 
  -2.1633836178195031e-09   -9.1562777297910231e-10   -3.5344908098877597e-11    2.2420649509643440e-09   -3.8261014745046901e-10 
   7.6016282404765141e-10    4.0980205528022071e-11    2.8604183536406223e-10   -7.7316025287587840e-10   -1.1439116066835002e-10 
  -1.0921732587883803e-10    7.3322025444907566e-10    1.1055514142517485e-10    3.4068028191815979e-10   -5.6630347468472993e-11 

   5.0848525359861569e-08    8.5152438083364257e-07    1.3034797212545802e-08    4.6166210779735180e-07   -4.5256893053873902e-10 
  -1.5852005870560403e-08   -2.1705719258483505e-08   -1.5815077944388717e-09    1.0073581863984003e-06   -5.7374340963448524e-10 
  -3.2367640592382729e-08    1.5036734527490331e-06   -5.0202687412247603e-09    9.4565611538965003e-07   -4.1059220719130766e-10 
   1.4445209314833168e-08   -1.2009990541049313e-06    1.7864118306133310e-09   -3.8465514472272125e-07    3.1459163695748667e-10 
  -4.3081985754721502e-09    7.2082900794759929e-07   -1.0235359386163114e-09    1.1471234897374939e-07    6.3927939359552599e-11 

  -6.5301976945743079e-09    6.1764521829576200e-11    2.3199562800800686e-10   -1.0169431170587205e-09   -2.7668416082687801e-10 
  -3.7542660873153140e-09    1.8377474451260421e-10   -1.7710531684848370e-10    2.2983195268701828e-10    1.4696008739100885e-10 
  -9.4745166960952718e-10    1.4610980862614764e-10   -1.5518605905830886e-10    4.1922101683895899e-10   -1.2804038966086839e-10 
   6.1850179145126656e-10    2.0596982881290383e-10   -2.5261405756964959e-10    1.1132072279855373e-10   -7.2030824910101637e-11 
   4.0503464418803171e-11   -1.2258776002115368e-10   -3.5371987372342085e-10    2.3322001418245616e-10    2.2261561652455005e-11 
