2    21 5 
   2.4239743224235564e-03   -2.6897478245411144e-04    8.0137203529880783e-05   -1.3241273156878365e-05    2.5454732409650381e-06 
  -9.9231543217520135e-04    1.2839413473131676e-03    2.2093062062382581e-04    1.5229312284170707e-05    1.7218518404514577e-05 
   9.9459686156317512e-04   -1.0663333059637331e-04   -4.4538121511511031e-05   -2.3011209464912914e-05   -4.7254515450176172e-06 
  -5.5367447329393951e-04    4.7334323959371989e-03    1.1521077539102366e-03   -6.2634042378107815e-05    7.2325114289482375e-05 
   1.3551779850870142e-04    1.4229634474253066e-03   -7.6350322647149055e-04    2.0203091253680623e-04   -4.6744522278701595e-05 
  -1.8247744221984953e-03    3.3729928837426137e-04    1.7068361057651477e-03   -2.4122739406228099e-04    6.1635984375812703e-05 
   1.2307823319913401e-04   -2.5671349503530690e-04    6.2327290150324881e-04    1.9415253892056763e-03   -6.3596237867272312e-05 
  -2.5153614901494504e-04   -3.0203442040149014e-06   -5.1685667569519522e-04    4.2543463918041349e-04   -2.1663373033776998e-04 
  -1.5302232824447210e-04   -2.9874830775219427e-04   -5.2925498886119112e-04    9.3451744603850187e-05   -2.8972150740058910e-04 
  -2.2319843708709297e-04   -4.2897473349710419e-04    7.4288642328916240e-04   -6.0145587721265720e-04    2.5517406822410333e-04 
   1.0071821558382498e-05   -1.3218505746629105e-04   -7.2730670641979217e-04   -1.0580984957760664e-03    1.0177413181281629e-03 
  -6.3612260683529472e-04    1.7529222150083117e-04    3.7260642814520022e-04   -2.2092410154731911e-04   -1.9050237760380329e-04 
   1.2015117029783959e-04   -2.7302300186634441e-05   -1.6873441918224797e-04    1.4626922744876968e-04    5.3966058906681472e-04 
  -3.5994192495090299e-04   -4.1468160616007756e-04    4.4945863008196641e-05    4.5421461340017862e-04    7.3645084365927150e-04 
  -2.9799548137868454e-04    5.0572771101967324e-04   -8.7394702314854615e-04   -2.0765174518283243e-03   -1.5486867281359700e-03 
  -5.9376179324882047e-05   -1.7133760120126006e-04    3.3083454682613210e-05   -1.8340881698420919e-05   -9.6897993816356077e-06 
  -9.1290263401786373e-05   -4.9985236621927144e-04   -7.0280620022689284e-06    1.8795976978467756e-04    2.0336900981685360e-05 
  -1.3546766490708779e-04   -1.6932383610001621e-04    3.6217722621727178e-06    1.3719526921016838e-04    6.8817912693540796e-06 
   6.7344915132195674e-05   -2.0549586818214183e-04    1.9521527600341066e-04   -2.7707934660909842e-04   -3.3617857893595838e-04 
   1.6877182550496415e-04   -5.1198059354548085e-05   -1.8781153403922322e-06    8.5945473298862252e-05   -1.5653874069546629e-04 
   1.0990533882561006e-04   -3.9838198008230167e-04   -1.8331848592679148e-04   -3.3667650521483188e-04    2.6104695567619358e-04 
2    21 5 
   3.9390000431582661e-01    4.0858870618670856e-02    2.9144775327734178e-03    9.3959142000625464e-05    1.4821091017383221e-04 
   6.7941956427780392e-02    1.3814327611166720e-03    4.0197278198064255e-02   -7.5855273022971030e-03    1.5051553447993386e-03 
   8.6156363928043544e-02    1.5943406328121984e-01    5.1089622223148154e-02   -1.1057048260374975e-02    2.4491143720895849e-03 
  -4.9729481512078871e-02    5.5196073393480654e-03   -1.6539759591501071e-02    3.8411033281414188e-03   -9.3632978422250655e-04 
   1.3748022109213626e-01    2.4055523240426844e-02    1.9116069941090955e-02   -4.6302134200849913e-03    1.8841188841720049e-03 
   6.1188275215258735e-02   -5.0237178693426261e-02    2.4924670055575193e-02   -5.1777747920961261e-03    1.1399571770040957e-03 
  -1.5700500381027820e-02    6.6188910561023771e-03    3.3500058982809207e-03    8.5319568092871115e-04   -2.9458784282084655e-04 
   2.3195930569645242e-03   -3.2599988489984879e-03   -1.1060107528694869e-02    1.2890926494067060e-02   -4.1776810835043726e-03 
   5.8554678680186054e-03    1.2136722372302991e-02   -1.3900259506404706e-02   -2.9609510492251221e-03    3.1668375580715855e-03 
  -1.8698386358188917e-05   -2.5565530706860413e-03   -1.4897645117215514e-02    2.8702786002206054e-03   -3.2928490680652836e-04 
  -3.2702448309030563e-03    7.3687734140911931e-03    7.3931236620424622e-03   -5.1049414104616326e-03    1.0044689048148763e-03 
   1.6403110035090258e-04   -2.6720941712035014e-05    9.4225013002960519e-04    7.5785427800565720e-03    1.6160959673730965e-03 
   7.4856924971095280e-04    4.0404035632713815e-03    3.1870259161546519e-04    1.2716257232872358e-03   -7.6746119069378063e-04 
   9.9922115096349475e-04    6.0308554935903358e-04   -4.3703031044254291e-03   -2.7230050922511595e-03    2.2072944303839835e-03 
   2.2880719066832202e-05    1.6256418241502790e-03    1.3714691655406926e-03   -5.7028251941315658e-03    2.7436998721579410e-03 
   9.1407529042578290e-04    3.4880933807497263e-03    2.2298108151117867e-03    1.0625896859060617e-02    2.2375001824296555e-03 
  -1.8606597324371213e-03   -1.9491092875312994e-03    9.3469793000357411e-04    2.3247354297077274e-03   -2.0057875222704502e-03 
   2.5827386423758866e-03    1.4687180604940778e-03    2.9096619568434461e-03    5.4024876754894010e-04    6.0046471307141740e-03 
   2.2416692378547788e-03   -4.2915576425663575e-04    1.4672208886532844e-03    5.9716820712351465e-04    3.9253211228088194e-03 
  -1.7162213126718530e-05    1.5894079327286259e-04    1.4458302214068975e-04    3.9921672004572984e-04    2.7496390120939854e-03 
   1.9920964518129402e-04    5.8503783538352359e-04   -8.8579889235401634e-04   -1.5186498629063145e-03    3.3044034636671138e-03 
2    21 5 
  -6.5538471396591455e-02   -7.0310406926541585e-02   -1.1498608990600054e-02    3.9556620123609608e-03   -1.1563851698909607e-03 
  -1.5239163011600726e-01    5.7657522876719526e-02    1.8827259676589068e-02   -1.8893190314184787e-02    8.0767202111351882e-03 
  -6.1380201543329148e-02    3.7921689222510054e-02   -1.8184990641375751e-03   -1.8266868794713580e-03    1.0362578710635098e-03 
  -6.4673608053928272e-02    5.7565118136482678e-02    1.9273999786542994e-02   -1.6081237929233719e-02    6.3922676659457570e-03 
   2.8997501355494740e-02    2.1540322513279950e-03    1.2068435269197457e-02   -1.0703637775656027e-02    4.0483129033586649e-03 
   1.8607463957470462e-02    2.0841627763415638e-02    7.7239732385863021e-03   -1.8563141601143293e-03    7.3750227518986191e-04 
   1.2555296212156934e-04    9.1627216873623298e-04   -5.7727816741557575e-03   -4.6564739767269514e-03    1.3239868433556714e-03 
  -9.6219007030373619e-03    9.1736052620873683e-04    9.9281392644744795e-03   -1.5576266607349322e-03    2.6490672839460768e-04 
   1.8033202957535067e-03   -3.5732935415215173e-03    1.0708447121616343e-02   -1.0923299895385774e-04   -1.3176615066260431e-03 
  -2.7073872725500046e-03    8.8795638459917355e-04    8.3715725153632858e-03    1.0903602346112653e-02   -4.7199104335584642e-03 
   9.6336796258648745e-05   -1.5697027123099815e-03   -4.3099901474447401e-03    3.7117350791795300e-03   -1.6189992442807272e-03 
   4.2329249689817434e-05   -1.4726447556231916e-03    1.2642406112270466e-03   -2.1621238313227200e-03    1.5361627962751762e-03 
   8.8668187262901869e-04    1.1865695165975587e-03   -4.9483639590738870e-03    6.8454750953497456e-03   -4.1181428775779825e-03 
   1.8045565535287915e-03   -3.8160155547425950e-03   -5.1446479893330188e-05   -6.6548429783618598e-04   -1.5120929187976439e-03 
  -7.6231942382936301e-04   -1.6858997334885384e-03   -8.5960795977873834e-05    2.4050550977758016e-04   -1.2844397079735088e-04 
  -2.9295133175341846e-03   -2.7776180072295888e-03    6.3797970462356416e-03    4.7983251346389987e-03   -2.2827925679179948e-03 
  -7.4447051338726630e-04   -1.6287800786813618e-03    1.8114036775382664e-03   -1.2905646653996879e-03    7.0674409430761568e-04 
  -2.1572100077592017e-04   -5.7240369788884792e-04    1.6470203130003369e-03   -2.5167543004770074e-03    1.8163861934083942e-03 
  -3.3790790588305583e-04   -1.6768100541648723e-04   -5.8031147457678935e-05   -1.3830505382846055e-03   -6.3519851497404866e-04 
   9.9078564321335269e-04    9.4639985552552673e-04   -3.2345068846929182e-03    2.6036028644089168e-05    5.4459230758927279e-03 
  -3.0299315543338686e-04   -1.0582060804324553e-03    1.3630629647437260e-04    1.4833417039013252e-05    2.5283351373114756e-03 
 TENSORSUMACCUMULATOR_IMPL_H - PrettifyOut: Norm of simple tensor is 9.51471e-05 
 As simple full tensor 3    5 5 5 
  -6.0876721220975429e-05   -6.8469664645113887e-05   -1.2516178678476335e-05    4.4703919191412949e-06   -1.3927037953215508e-06 
  -1.4029084481714250e-05    7.2346664651173894e-07   -7.8021973948505139e-07   -2.3647566247416602e-08    9.9902175959490709e-08 
   1.1051020719015112e-06   -1.2901993015167530e-06   -9.9536539820868889e-07    6.2896646552799644e-07   -2.6358754479781348e-07 
  -1.5555223203423134e-07    7.2156323172015499e-08    1.3860340991236496e-07   -9.1910211784261061e-08    3.3100901103756458e-08 
  -2.1715030084249959e-08   -2.2891138271705251e-08   -3.7704598368636266e-08    2.0154524215939944e-08   -4.2958747379713710e-09 

   1.5491099413200231e-05   -5.5808376980019149e-07    8.1703759685774588e-07   -4.1432539678487355e-07    1.2803739998543497e-07 
   4.7110277430101987e-07    1.4686246915162563e-06    9.5893979627859950e-07   -7.8837921594217500e-07    3.0306528141767444e-07 
  -1.4768491424123311e-06   -1.4636200131095964e-06   -2.1558791401726992e-08    5.2520939950196195e-08   -9.0533670786916864e-09 
   2.9722927847488582e-08    4.8034433555224333e-07    5.7669338563192538e-08   -5.8184036518198278e-08    1.9614511740015364e-08 
   9.1911610019831765e-08   -1.3105303669195739e-07   -2.3266960177694803e-08    7.4405591859129598e-09   -3.2022538619772942e-09 

  -1.5110371226715749e-06   -2.8502873556662139e-06   -1.6358266143048411e-06    1.7542035457207354e-06   -6.4623413648394847e-07 
  -2.3870439252436111e-06   -1.9062100080342766e-06   -8.4481270503175058e-07    2.0755242381823960e-07   -7.1138371743249104e-08 
   3.5991039942438068e-07    1.4886290598295272e-07    9.1418228337583044e-09    5.9576423635739873e-08   -2.3607440731494585e-08 
  -6.7117455616088568e-08   -2.9083623341535605e-08   -1.6966733882794642e-08   -2.1793188110744650e-08    8.4283412233100976e-09 
  -1.8958306662434518e-09    1.4850364176196563e-09   -1.0406546226373930e-08    1.3547883941165529e-08   -5.4667745370706165e-09 

   6.2453908053196200e-07    2.4741539594805243e-07    5.4036625519291676e-07   -2.0238114016908530e-07    8.6792650016117187e-08 
   6.6235416162074000e-07    1.6951758151168462e-07    1.2609102616090008e-07   -1.3223793823427873e-07    4.1262528419324745e-08 
  -6.8168137363093457e-08   -2.5307225853668976e-08    4.5388954328119403e-08   -1.0014104518206460e-08    5.9211949697804153e-09 
  -4.5122504440306163e-08   -2.4833390606598455e-09   -9.0653158321041553e-09    5.3920471459486461e-09   -2.1736787658386636e-09 
   2.6347110400199201e-08    4.4309775174137090e-09   -6.7765892596052087e-10   -3.5547180852024301e-09    6.2819444277654092e-10 

  -9.8966902005706531e-08   -1.5110698345042821e-07   -1.2325470736356102e-07    8.9484533198102038e-08   -3.1692606460159289e-08 
  -8.6278089219445132e-08   -7.2939268727003794e-08   -1.0593483384594360e-07    4.8349194457854171e-08   -1.8885684728699992e-08 
  -1.9690262597958506e-08   -1.9457533757671836e-08   -5.4308807338140458e-09    3.3772859562304994e-10   -1.3264521384727309e-10 
   1.5566731406513872e-08    3.6737110338057161e-09    6.9604617222208116e-09    3.7547572066343808e-10    3.4229651028923560e-10 
  -4.5294873098332934e-09    7.7832844751311061e-10   -3.9941091562972641e-09    3.1389149578239372e-10   -2.3444132916568599e-10 
