2    11 5 
   6.0396318149085751e-06    2.0449478855918391e-03   -4.9598494475246067e-07   -1.6344098151387212e-04   -1.0601827736819298e-07 
   1.2369382867153285e-03   -2.6607070963426830e-03   -1.0049422906507826e-05    4.0628842447672608e-05    2.8768235928218424e-06 
   1.1887799705900314e-03   -1.4911451323457669e-03   -1.3168103015098015e-05   -1.2892758052621353e-04    2.2860268541081022e-06 
  -3.2773782965909526e-04    3.8485721329567301e-04    4.6468347385817123e-06    1.2190236328606591e-03    3.2417172218137254e-07 
   3.0274123407228724e-03   -1.5381640399210639e-03   -4.1198338484221677e-05   -7.6411059014353731e-05    1.6070370769600240e-06 
   5.0805771335335429e-03   -2.9213089702535174e-03   -7.1644008459164081e-05   -5.3429302075160776e-05    2.9242987116520673e-06 
  -2.4997937515158032e-04    1.4986560887464600e-05    1.2030760307694835e-04   -1.5879111768974889e-05    8.2407657564994604e-06 
  -4.6950843145331756e-04   -1.5070507873546455e-04    3.4815661512302908e-04   -1.4301097750815366e-04    2.2797682840295787e-06 
   3.6550820347806714e-04    9.6601970637952045e-05   -1.2574276110910519e-04    2.7508824628166113e-04   -1.2591772017381581e-05 
  -8.8439183653763568e-05    4.3999477868514050e-05    2.1392854849177799e-04    2.7522741607559646e-04    8.5253510075146331e-06 
   5.7884218161038222e-05   -1.1634484677656459e-04    8.6726154399856869e-05   -2.4421375375584419e-05   -3.7546841663104517e-06 
2    11 5 
  -4.9735210326348409e-04   -4.9144775305365332e-02   -6.4804125378366311e-05    3.1208589952635493e-03   -9.7157476827414062e-07 
  -9.3996496423332968e-05   -4.9681395000807302e-03    2.1010742188569816e-04    2.8366838168757035e-02   -1.2446879547669573e-06 
  -1.4354163416160035e-02   -8.1854047104125346e-03    1.4443077178707422e-03    3.7982987123847282e-02    1.8665446591293092e-05 
   3.2375148350100597e-03   -2.6893924744693740e-02   -2.3534044043810930e-04   -4.8436531459311594e-03   -3.2365894988301468e-06 
   5.6109371823435179e-02   -3.8809807006586431e-03   -2.1295828734306304e-03   -3.3203769375044802e-02   -2.6904057656258184e-05 
  -4.0413030550302029e-02    2.8656180882522181e-04    1.6406312757073574e-03    2.3904485205029101e-02    2.1125223756515119e-05 
   3.1380229823622353e-03    2.3482322997827069e-03   -1.8049469468243769e-03   -6.0919846300297809e-03   -3.7339393541701860e-05 
  -8.5297424696072425e-05    2.3148468016746972e-04    1.5662741421829704e-03   -8.4114385919676141e-03   -1.2304319009785211e-05 
   4.6258164374575261e-04    2.1635703216746167e-03   -1.4823271769333708e-03   -4.3899653469977040e-03   -8.7754605804162437e-06 
   7.4415366034838318e-03    1.6229836193591147e-03    3.2282293321369882e-04   -9.4068872256406286e-03    1.2629446559386210e-06 
   5.8265658795549164e-03    1.1675887620258733e-04    4.7088931140885438e-03   -3.8186399478108463e-03   -2.4393413398153012e-05 
2    11 5 
   1.5275078803009507e-02    6.9138379474854780e-02    8.7872605451483968e-02   -5.0533883895841063e-02    1.5714872457215954e-02 
  -4.1989199435672725e-02   -8.9258847841457815e-03    1.5389476758313567e-02   -1.0333404935498496e-02    3.2007071618995247e-03 
   4.5652778314138921e-02    5.0897834079084948e-03   -1.7120803472275584e-02    1.1247566789383325e-02   -3.4452312606627010e-03 
  -6.9727423260971616e-02   -1.8945984108425035e-02    1.7337055984377708e-02   -1.2180964850837145e-02    3.9144793039802318e-03 
  -8.2332866685537576e-02   -1.6099288908086748e-02    1.9645278120196619e-02   -1.3625198574821074e-02    4.4386672560344500e-03 
  -7.2162566067745806e-02   -1.2352172768162393e-02    1.7855418126126128e-02   -1.2237367507078907e-02    3.9710979869103120e-03 
   8.4226142687486506e-04   -1.2322877167818208e-03    1.4948661641777153e-03    2.4697074955166904e-03   -3.4099356210810974e-03 
   1.2250541847846261e-03    2.4129410964559565e-03    3.6719590858492988e-03   -2.5894833939662360e-03    9.4385577977660858e-04 
  -1.5157513540002849e-03    7.1837168247315371e-03    5.8514168630150360e-05    1.9668763417092158e-03   -1.9468584678222155e-03 
  -1.6896410430667181e-03   -7.4498394208075396e-04   -6.1208741969359182e-03    2.7182923999771375e-03   -4.0571085098703512e-04 
  -3.1050279587345751e-04   -4.4271296136395672e-03   -2.1766362213815073e-03    5.4180824820324941e-03   -2.6368496688654358e-03 
 TENSORSUMACCUMULATOR_IMPL_H - PrettifyOut: Norm of simple tensor is 1.29899e-05 
 As simple full tensor 3    5 5 5 
   1.3089989395973483e-07   -2.6320206888681561e-07   -5.5054685457229630e-08    1.8814087163085676e-08   -5.3946990808449435e-09 
   5.5390864674574802e-08   -4.7977189676070430e-09   -6.4363121877647877e-09    3.9940722834597254e-09   -2.2764502280147371e-09 
  -8.3386413941293330e-09   -1.6427564502110170e-09   -4.3938041538726610e-09    4.8990849446842325e-09   -2.1888563508878145e-09 
  -2.9422832489673069e-09    2.5123389879513858e-09    1.9169729234639727e-09   -1.4501788075495291e-10    1.2593208770561928e-09 
  -1.5086563601208362e-11    7.7450915362224115e-11   -3.0688289623782768e-11    4.3040534624025925e-11   -2.8993931536936247e-11 

  -5.4977689958173711e-07   -5.2991458856914826e-08   -1.8287748903315951e-08    2.9644796700020250e-09    3.1147338756309445e-09 
  -1.2427754546716011e-06   -6.8924566844512370e-06   -8.9141938215755340e-06    5.1349618091067759e-06   -1.5969594393164948e-06 
   5.6612108283524596e-09   -6.1024393101679870e-09   -5.9821701894950311e-09    7.0607559910228151e-10    2.8744455905588607e-10 
   1.6479378768849852e-06    9.0078253636660188e-07    9.9154541409942036e-08   -1.2922174847836263e-09   -2.7354383430481770e-09 
  -3.0486945313997568e-10   -2.0246238598137444e-10    4.1771197374111193e-11   -3.2663816709040396e-11    6.8099576837792548e-12 

  -1.3546985909395145e-08   -2.2407161522394134e-09   -7.0458086510955851e-09    5.9453314980240502e-09   -2.5286233727180429e-09 
   3.8721227291807915e-10   -5.7610077138067851e-10    2.2783219733370810e-10    1.2222068735157676e-11   -2.1471378374890823e-10 
   5.1485411416792265e-10    1.0473578057108404e-09    2.7885219540177153e-10    8.8122210614040346e-10   -2.3493933344974106e-10 
   1.0337890233557531e-10    2.1750842429142356e-10    1.1659075735613669e-09   -4.1376077269838697e-10    3.1933860476177999e-10 
  -3.2340336636204406e-12    1.2096539447643178e-11   -2.0496731615124950e-11   -7.8749028688468699e-12    1.4340464678578080e-11 

   4.2418878039618277e-09   -1.7237256761000267e-08   -1.4099187873243491e-08    5.5584785002651515e-09   -6.3952818387270435e-10 
   2.4402755196679922e-06    1.1829789544316895e-06    1.1894041914237111e-07    5.9084440190023470e-09   -6.3704126875634712e-09 
   4.4875876934328058e-09    5.4448218385055280e-10   -1.8903907061330370e-10   -9.0053632044922909e-10    8.3838616096963476e-10 
   2.2966433096582546e-08    1.1943290661183496e-08    1.5622013390615413e-09   -1.3534675389263023e-11   -4.1787784797198159e-10 
   8.7529028575400859e-11    3.8055592725463502e-11    9.9883501296274414e-12   -4.3750660040506021e-12    2.4496410454892709e-12 

  -5.2488572940615984e-10   -1.9732440801372324e-10   -6.1366957357112493e-11   -5.7269560017044061e-11    2.9772508405848430e-12 
   9.2138479739017440e-10    4.2114716279807196e-10    2.4507226292552162e-10   -1.1707081021929872e-10    2.5209232868783512e-11 
   3.0727061955848444e-11    2.4641854892756769e-10   -1.5905619229527728e-11   -7.8190693155147646e-11    5.7486116788517952e-11 
  -2.7815696628476330e-11    1.2495963537466911e-10    2.3032029524591719e-10   -6.5121951532588715e-11    3.1652516913184126e-11 
   7.6720458446020316e-13    9.0091963837472457e-13   -1.3628949520413120e-12    4.1316286211235170e-13    4.5423208734849531e-13 
