2    6 5 
  -3.5086503961294200e-05   -8.7226413563093976e-05    1.2849965160725183e-06   -1.2589325780623678e-06    4.4186540226237606e-08 
   1.0026351234568079e-04    8.8643125931992493e-05   -3.6032922975373050e-06    1.7959626588580743e-06   -4.3408980765064009e-08 
   3.5536660141078710e-05   -2.5480256311222019e-05    3.3481699846993827e-07   -1.4413784920390809e-07    4.1227802539642758e-08 
   1.5718168310651702e-04    5.6501176141205361e-05   -4.4084854615625517e-06    1.7782217288027776e-06   -5.0017617086458920e-09 
  -1.2535332405732896e-05    6.6131232887597208e-06   -6.6531248576823737e-07    7.2440555635884237e-08   -2.2778159911724779e-08 
  -1.5342067589709503e-04    1.4980650927919905e-04   -6.7247147894686400e-06    1.5355242444354575e-06   -2.8915830793996980e-07 
2    6 5 
  -8.3067541233845937e-03   -2.5884330590698100e-03   -5.6611359403506228e-04    8.5072659890449956e-05   -1.6486322147174748e-05 
   3.0722706495113850e-03   -3.2108314817948119e-03   -2.5597723874678253e-03    9.6812069372103596e-04   -2.5902752131408072e-04 
   5.8625802726061053e-03   -8.8640422500780719e-03   -3.6597495647875903e-03    1.4707565387816709e-03   -5.6013677617430379e-04 
  -3.4474260028994411e-03    3.1973126738390248e-03    2.4438746939523998e-03   -9.2546554985092097e-04    2.2700912892879727e-04 
   7.0198402679263888e-03   -2.0329707500896122e-02   -1.8351364608605744e-02    7.4056852425543884e-03   -2.3398721540930402e-03 
   1.8452919342485758e-03    1.1374716552751871e-03    1.2775644919995942e-03   -4.9932325660844389e-04    1.4782902019177472e-04 
2    6 5 
  -9.4129969846602109e-05    4.4402924108486877e-03    1.1351327395033369e-05    3.0263130687573025e-03   -1.0416393340062215e-06 
  -2.7816493139308924e-04   -6.5064392263197860e-03   -1.0155861848449588e-04   -1.1886420479737302e-03   -1.2629483487251705e-05 
   1.2993020036095460e-04   -1.8893575982772905e-03    4.6057555526526530e-06   -2.5939607672248051e-03    4.5326865883118579e-06 
  -3.3835208361207103e-04   -3.4152487330203914e-03   -9.8989477112184813e-05   -1.8620198028469607e-03   -1.5248248240110654e-05 
   3.5597914947299819e-04    1.4194902090362217e-03    4.9508756809426862e-05   -1.7312487583728579e-03    1.4772025661911679e-05 
   5.9379814958811591e-05    3.4736636488250342e-03   -1.5691531365096993e-05   -1.6974296392906379e-03    1.3966086813088315e-06 


 TENSORSUMACCUMULATOR_IMPL_H - PrettifyOut2: Norm of simple tensor is 5.28584e-09 
 As simple full tensor 3    5 5 5 
   4.9157631628744330e-11   -3.6139454124892515e-10    2.6709610986652306e-11    1.6173441158463542e-09    3.3177237833271932e-12 
  -4.9613935647113359e-11    1.1322045740587074e-09   -2.1181020932028033e-12    3.9385488314349024e-10   -1.5989609385379863e-12 
  -7.0973850057650024e-12    3.3758528179365113e-10    2.1312405375975072e-12   -7.8278035905222308e-11   -1.0173428535413477e-13 
   7.9235414705204131e-13   -1.1243081756540720e-10   -1.0496480565280714e-12    4.1556632779380615e-11   -3.2127657796813302e-14 
   1.6050089701108129e-12    5.0146250753547253e-11    8.2838548658723536e-13    5.5329731098044035e-12    9.4694205206060558e-14 

  -6.4520960219690730e-11    3.4189721358719273e-09   -2.8790683291090338e-12    2.0696362420424724e-09   -8.2934498024102628e-13 
  -1.1600522032466726e-11    2.2117549834413524e-09    5.2959857609426842e-12    4.2855720443546761e-11   -1.1949291306063084e-13 
  -7.9719024768468405e-12    1.5403912569157125e-09    1.3541231352103601e-12   -1.9461430904324483e-10   -3.9399129121696825e-13 
   2.6426320350475714e-12   -5.3224453230491927e-10   -1.9773411555407336e-13    1.1229467234433173e-10    1.7035449247186262e-13 
  -4.2715746253407184e-13    1.3997096161278283e-10    3.0687913857979241e-14   -4.0062269267015175e-11   -4.0049489314612598e-14 

  -3.2024961923157595e-12   -8.0715967010918770e-11   -5.2878467572851970e-13   -2.3386102290870325e-11   -1.5823563484249644e-13 
   5.8390345678072617e-12   -4.3670556266513568e-11    9.5853625024426822e-13   -3.0605453241770789e-13    2.4794121375667652e-13 
   4.8250561038005478e-12   -3.6644701687864652e-11    8.5513513091906146e-13    3.5199906377981835e-12    2.1135441956571775e-13 
  -1.9109516551625245e-12    1.2988273694348987e-11   -3.4270253549116436e-13   -1.5665102837173593e-12   -8.4129833348496637e-14 
   5.5175146733779770e-13   -3.6380724053891239e-12    9.5842809165728157e-14    1.6870714311828136e-13    2.4252089394116066e-14 

  -2.0552653103946855e-13    4.3631958942100997e-11    1.4199631022908010e-13    3.3006190359281455e-11    2.0536522034937376e-14 
  -8.8093224874521169e-13    3.4134263730186662e-11   -3.4610277371841652e-14    2.4001935466548777e-12   -3.0784593431411484e-14 
  -5.4689109207593904e-13    2.2165230969507227e-11   -4.9371714203447464e-14   -2.8672775949506114e-12   -2.3453381708081518e-14 
   2.0115472212766991e-13   -7.6692368552334440e-12    2.2723449304339231e-14    1.5960616905913377e-12    9.1394244023147898e-15 
  -4.5503728814214661e-14    2.1356943852347787e-12   -4.0601475434322762e-15   -4.3716092181116836e-13   -2.1225399362836601e-15 

   8.6126520416623726e-15   -3.3580769170938812e-12    9.2404392895930677e-15   -4.2880489685641090e-13   -2.0795924682041444e-16 
   7.5238208066630862e-14   -1.1548329668658390e-12    1.2533759139829423e-14    2.2253025970738303e-13    3.3274313568480466e-15 
   8.2844294784516491e-14   -1.1971028737738813e-12    1.5438145594486015e-14    1.0974782800451675e-13    3.7841130749393123e-15 
  -3.3827590288161124e-14    4.2184188746610450e-13   -6.4853835542496275e-15   -5.7617911645069878e-14   -1.5591136473696198e-15 
   1.0759247709561666e-14   -1.0171389120019615e-13    2.1652958519711349e-15    2.6733519030979559e-14    4.9901038947022027e-16 
