2    10 5 
   7.1032612148955971e-06    1.0708785801889287e-03   -6.7630690867876700e-08    1.3443129755771172e-05   -1.2723759111314995e-08 
   7.1032612148955971e-06    1.0708785801889287e-03   -6.7630690867876700e-08    1.3443129755771172e-05   -1.2723759111314995e-08 
   7.1032612148955971e-06    1.0708785801889287e-03   -6.7630690867876700e-08    1.3443129755771172e-05   -1.2723759111314995e-08 
   7.1032612148955971e-06    1.0708785801889287e-03   -6.7630690867876700e-08    1.3443129755771172e-05   -1.2723759111314995e-08 
   7.1032612148955971e-06    1.0708785801889287e-03   -6.7630690867876700e-08    1.3443129755771172e-05   -1.2723759111314995e-08 
   7.1032612148955971e-06    1.0708785801889287e-03   -6.7630690867876700e-08    1.3443129755771172e-05   -1.2723759111314995e-08 
   7.1032612148955971e-06    1.0708785801889287e-03   -6.7630690867876700e-08    1.3443129755771172e-05   -1.2723759111314995e-08 
   5.2608199046937910e-06    1.1521185095723740e-03    2.4918314197120312e-08    2.1689777621407413e-05   -6.8346337304630903e-09 
   5.2608199046937910e-06    1.1521185095723740e-03    2.4918314197120312e-08    2.1689777621407413e-05   -6.8346337304630903e-09 
   5.2608199046937910e-06    1.1521185095723740e-03    2.4918314197120312e-08    2.1689777621407413e-05   -6.8346337304630903e-09 
2    10 5 
   9.2262765035396058e-06    2.9423898760521168e-06    1.2869400830725417e-06   -4.4281090337469540e-08   -2.2218152410490285e-07 
   2.0893569709347728e-04   -4.3857819621731369e-06   -2.7773756449219137e-05    9.9204233082554526e-06   -2.1514817497624642e-06 
   1.1766022105791195e-05   -1.9721200473461516e-06   -3.3912679616277858e-06    2.0294507660809502e-06   -9.7079558182211583e-07 
   1.1293110660700231e-04    1.1759512025296350e-04    2.6137190581103196e-06    1.3155613067267413e-06   -6.4921318543298174e-08 
  -2.3948491035852345e-05   -9.4607362133802719e-06   -7.4840489862759840e-06    2.4088422138433190e-06   -5.6921268509383277e-07 
  -1.2326385085094268e-04   -4.5831035628040064e-05   -1.9755763864718972e-05    4.7774570103915487e-06   -1.0194032089298735e-06 
   4.4581306183249984e-05   -3.3924585986935546e-05    2.3648879921771532e-06   -5.6004189601062433e-06    2.0282486560899424e-06 
  -8.3248104072923741e-05   -2.1562110377068757e-05    4.8690538487132932e-06   -5.3751480763646213e-06    2.6417930211545626e-06 
  -5.4308787107263450e-05   -2.9746197336201609e-05   -5.6222218720335729e-06   -5.8238934852050178e-07    1.0869026513824713e-06 
   2.9711099117353714e-06   -1.3815512234118368e-05    2.2975542051869552e-05   -1.0141344752212972e-05    4.0892820206471056e-06 
2    10 5 
  -8.3367442268781890e-05    6.0010147037392653e-07   -1.0552903473357347e-04   -1.8300798330275669e-07   -6.1373300486007821e-06 
  -5.9352317861092641e-05    1.7097311957894271e-03   -8.6496492121311238e-05    3.5194110225997108e-03   -1.6935924091481429e-05 
  -9.4978746582180868e-05   -1.1313553714607883e-06   -4.6474786621424942e-05   -8.6080203507542601e-07    7.5116758437982371e-05 
   5.2531575947863914e-05    1.7602161998899243e-03    8.0161389978044642e-05    4.5985539875426659e-04    1.9004217923100680e-05 
   2.2651819365274563e-04   -1.9512852616492169e-06    3.2995502490192253e-04   -7.5692693630111205e-07    6.4794317262382019e-05 
   6.0775802366953987e-06   -4.6100345509906139e-04    4.5852792011517538e-06   -1.3521464013091847e-03   -3.1675070077231132e-06 
   5.4853389125664299e-06   -6.3668798165626250e-04    1.8264782019454648e-06   -1.6706361511115614e-04   -5.2734037818332113e-06 
  -2.3793501175055313e-04    3.2395188799880840e-03   -3.3416146367623513e-04   -1.1557676592619746e-02   -1.5040723685509554e-04 
   1.2048493395403040e-04   -9.6836909381141228e-03    1.4319685438797059e-04   -4.3132466566593499e-03    4.8581753394257219e-05 
   1.2212647902637368e-04   -5.2482979483635794e-03    1.5275463199998618e-04   -3.6791939391322870e-03    5.6183049441444774e-05 
 TENSORSUMACCUMULATOR_IMPL_H - PrettifyOut: Norm of simple tensor is 2.69945e-09 
 As simple full tensor 3    5 5 5 
  -2.9776346461834529e-14    5.4176854475534315e-12   -2.6611700520487257e-14    1.2959725253365405e-11    3.8935995835646533e-14 
   2.6053448370118540e-14    3.2500986199775351e-12    4.8387325815833591e-14    3.0084105338682454e-12    1.8544471700552050e-14 
   6.5107812239393255e-15   -5.1545153766031741e-13    6.2224061419870175e-15   -1.1119688366377045e-12    2.4101267991678292e-16 
  -1.3271289459830100e-15    3.6463233867696842e-13    6.0666812984546885e-16    7.4936678584576462e-13    2.3867717683178512e-15 
   7.9791954130112454e-16   -1.5601574771266938e-13   -1.0820492982630817e-16   -3.1104632323751931e-13   -1.1771689033151092e-15 

   4.0313954267031380e-13    9.0315134511137359e-10    3.3459534371739295e-12    2.3793803187711002e-09    9.4777975893477806e-12 
   3.8772269307462838e-12    5.9434678876588736e-10    7.5946806207281999e-12    6.0732010225151600e-10    3.1625630516246465e-12 
   1.3297947787754495e-12   -9.5790138578176373e-11    1.3249037440710952e-12   -2.0948321539319398e-10    1.3877932058373921e-13 
  -2.1076020472258668e-13    6.9852790654949917e-11    1.5020564737745309e-13    1.4957338794379933e-10    4.3535967186590221e-13 
   1.2093593126662647e-13   -3.1931790256318527e-11   -5.3106302133918526e-14   -6.4938760979763194e-11   -2.1867956287697573e-13 

   1.3056304324303316e-15   -3.3533083177682971e-14    1.7906634780500218e-15   -3.4471962388497497e-14    3.8307961767422676e-16 
  -2.5861991130740158e-16   -9.1391537730113869e-15   -3.9804750805662487e-16    3.4852245323640215e-15   -9.9922888016176271e-17 
   1.0767925863231560e-17    1.1299087821671012e-15    2.1574956119332272e-17    1.8445966405165448e-15    1.9109118253512941e-17 
   1.0403491836200949e-17   -3.6253411047625904e-16    6.4975319062377100e-18    5.1204744460165776e-16   -6.9434669062400319e-18 
  -7.4627935431463676e-18   -2.7189035243241242e-16   -6.6570589798528112e-18   -8.0882995230202942e-16    2.5976520212643416e-18 

   1.0354126049723169e-13    1.3076594239779676e-11    1.9011876716048183e-13    3.8436404326896063e-11    1.9160503353555116e-13 
   4.7654511030796195e-14    9.5619594364702048e-12    1.0137521818641625e-13    1.0719448050076673e-11    4.7085003191896589e-14 
   2.3703485175819438e-14   -1.5664687643793873e-12    2.4418789333838566e-14   -3.4720505922493050e-12    3.8043741948580736e-15 
  -2.8608193857438989e-15    1.1764504408125059e-12    3.0681361065421853e-15    2.6144098578824818e-12    6.9857215253710407e-15 
   1.5310885692826167e-15   -5.7016742931728161e-13   -1.4073216412793508e-15   -1.1784653608343889e-12   -3.5747506581008006e-15 

   8.8615456722691670e-17   -9.0815022405000654e-15    1.0072747827498627e-16   -2.0145190075709341e-14   -4.3727444576553230e-17 
  -4.7032975188570023e-17   -5.0691563959350782e-15   -8.4511676628194066e-17   -4.2799276579297558e-15   -3.0572676147728524e-17 
  -9.1512721140141311e-18    7.9291803270531272e-16   -8.3564823202186801e-18    1.6900748079138796e-15    3.0703037173643658e-19 
   2.3001838711942286e-18   -5.4583828166535087e-16   -6.6307637626498135e-19   -1.0783800525288879e-15   -3.7306373266718881e-18 
  -1.4246442369507554e-18    2.1881053495594735e-16   -7.1501441969264049e-20    4.2703203058100295e-16    1.8114304380101383e-18 
