2    67 5 
   2.8613891296685117e-04    1.6995899098924021e-04    1.3601298777794711e-04    5.3439185971409321e-05    6.5753497687595477e-06 
   2.4032287615015192e-04    4.0108471680470669e-04    8.4873384038666813e-06    2.7382504117371689e-04   -7.9905294431278581e-06 
  -1.2569541415283388e-03    4.1533633278449206e-04    3.6048073363761712e-04    7.7849715803188712e-04   -6.1708782330569982e-05 
   6.1086583635802129e-04   -2.6607270394503893e-04    6.8715654167025096e-05   -1.6707759124473553e-04    7.1558647197188726e-06 
  -4.0863726691975507e-04    5.5938166064281234e-04   -9.6947848790026117e-04    6.9910770755755717e-04   -2.0869169677038688e-04 
   1.7867645349099598e-04    4.9909340118845121e-04   -5.1902561542145761e-04    6.2760855170866463e-04   -7.8620593287367127e-05 
   4.0774279206332140e-05    6.7193311887960098e-05    2.0728758296352515e-04   -1.7934912943480595e-04   -6.0906958267689310e-05 
  -3.6487943066599474e-05   -2.3795376830021967e-04    1.1029895610545851e-04    3.1638603394379460e-04   -1.4651183505082064e-04 
  -1.1430294220911137e-04    1.3017927380183333e-04   -1.8239735002874261e-04   -1.7834406918283225e-04   -2.3851047493875390e-04 
   2.2257992188623764e-06   -1.5849896238756417e-05    2.6726418954948588e-04    2.8511661289700862e-04   -2.5336251584750764e-04 
  -4.7095769758219804e-04   -1.1236496171600214e-03   -3.1633907879186177e-04   -1.0625915618084336e-05   -8.6732394304186034e-04 
   1.2334891124773180e-04   -3.7038018015631521e-05    7.0840954193750522e-05    1.1074336984635048e-04   -3.1345180388422163e-04 
   8.7408520555956387e-05    1.2724511453369896e-04   -7.9933277246423107e-05   -9.9558358979614411e-05   -1.0734763911080069e-05 
   1.5050778880936220e-04    5.5076851240676047e-07   -1.9338031844207572e-05    3.6608803587409667e-05   -1.2767869546502082e-04 
   3.0921753894403039e-04   -1.4137392112815913e-04   -9.8122111497483670e-05    2.7003998968349783e-04    2.5649935182749697e-04 
   6.6228318385111708e-05    2.2001334764564392e-06   -2.5880072653224897e-05    1.2296853198850481e-04    3.5143205624417272e-04 
   3.4528017359175985e-05   -6.1512812036716355e-05    3.6208188248323088e-05    4.8410010434385187e-05    4.3321393236266494e-05 
  -1.0075018105878000e-04    2.2714323943219332e-05    1.9464794124958294e-04    8.9384745226877939e-05    1.1965562057604382e-06 
   1.4096261645312153e-05   -8.2626577998858443e-05    8.8285626573065743e-05    2.9551954731119482e-06   -9.0828936188087710e-05 
  -2.6337041426303945e-05    2.7292789534502009e-05    2.0759610239639461e-04    1.2986352172776068e-04   -2.7635083073967575e-05 
  -8.0634837345988609e-05    3.2507793469084266e-05   -1.5796837804283640e-04   -9.1588056846529821e-05   -1.0058430679034101e-04 
  -8.6759968043682802e-04    4.7637278849711467e-05    3.6723174950515033e-05    1.9947981008864400e-05    6.5899587615413377e-07 
  -1.4867567918773277e-06    2.1551322158121301e-06   -1.5063834739113209e-07    1.6296708734598489e-08   -2.1337663313538544e-08 
   2.3408293820030845e-03    5.2751688150942178e-05   -6.8539960964475199e-06   -4.6462287315341118e-05   -1.1234947318098109e-06 
   2.1474208912555990e-03   -4.7860231717578514e-05    2.5240995206594149e-05   -5.2396885741578686e-06    6.2309315972472136e-07 
   2.1474208912555990e-03   -4.7860231717578514e-05    2.5240995206594149e-05   -5.2396885741578686e-06    6.2309315972472136e-07 
   2.1474208912555990e-03   -4.7860231717578514e-05    2.5240995206594149e-05   -5.2396885741578686e-06    6.2309315972472136e-07 
   2.1474208912555990e-03   -4.7860231717578514e-05    2.5240995206594149e-05   -5.2396885741578686e-06    6.2309315972472136e-07 
  -1.7933122269842136e-03    1.4645717409985729e-04    3.9697225446257098e-05    4.1642744631675180e-05   -1.4913078705951956e-06 
   4.3421247072664702e-04    4.8272331837122717e-04    1.2194807391606716e-04    5.9434510805755499e-06   -3.5734992213279146e-06 
   2.1871728193672483e-04   -2.1230558853471991e-04   -1.0197009472965304e-04   -1.6627081733533843e-05    1.3283680945963042e-06 
  -5.4882805340560240e-06    2.5477231505781442e-04   -4.4900935101812647e-05    5.4618711551969324e-06   -7.5248584306357515e-06 
   7.6008656589632707e-04   -6.2075152802390930e-05   -1.6825473730137826e-05   -1.7650072466642660e-05    6.3208350503531401e-07 
  -1.8689824165259649e-04   -2.0777878455979643e-04   -5.2490156603959368e-05   -2.5582419465034156e-06    1.5381426514430211e-06 
   1.0893026060394436e-04   -1.0573697186604277e-04   -5.0785328412792941e-05   -8.2809750115718075e-06    6.6158230132085376e-07 
   2.1461187128260784e-06   -9.9625306954109776e-05    1.7557910250293659e-05   -2.1357916783729537e-06    2.9424952658933477e-06 
   6.7595239512433199e-06   -1.5065159509455517e-07    7.9452105708271758e-08   -1.6493180521014332e-08    1.9613356441514749e-09 
  -1.5781660409580121e-03   -1.0482015812631872e-04   -2.8278908227545484e-05    2.8572390392701148e-05    6.2398093936000867e-07 
   1.6590894276391874e-03   -1.7609316165113570e-04    2.7131604198596995e-05   -2.9474224703191688e-05    1.6008584301620124e-06 
   7.4469980029166088e-04   -6.0818538268074182e-05   -1.6484868288482892e-05   -1.7292774311228813e-05    6.1928796151312949e-07 
   2.5931308434628815e-04    2.8828391861532098e-04    7.2827782040309490e-05    3.5494481049476290e-06   -2.1341052306509285e-06 
   1.8124291921288387e-04   -1.7592978611710247e-04   -8.4498844707494561e-05   -1.3778247446622492e-05    1.1007694916560904e-06 
  -4.3801822087546232e-06    2.0333311221515539e-04   -3.5835317795618731e-05    4.3591049531906900e-06   -6.0055696527796144e-06 
  -2.0411280501940327e-03    1.6669592818763579e-04    4.5182940903433077e-05    4.7397309222454446e-05   -1.6973900475021866e-06 
  -7.1074439664713693e-04   -7.9014979254073863e-04   -1.9961174784480129e-04   -9.7285887372055279e-06    5.8493127655484806e-06 
  -4.9676393918674563e-04    4.8220131275396511e-04    2.3160065582655974e-04    3.7764435192276231e-05   -3.0170700802351645e-06 
   1.2005525941793420e-05   -5.5731036682574501e-04    9.8220077824121637e-05   -1.1947755847675225e-05    1.6460507537240674e-05 
  -1.0128611042958026e-03    8.2718877872308121e-05    2.2420956595267414e-05    2.3519784050364322e-05   -8.4228932024638915e-07 
  -3.5268995220149940e-04   -3.9209298571730127e-04   -9.9052568178307720e-05   -4.8275800877210965e-06    2.9025819259706777e-06 
  -2.4650725463852677e-04    2.3928089865916962e-04    1.1492630067663905e-04    1.8739700102754481e-05   -1.4971490558440558e-06 
   5.9574558597148520e-06   -2.7655197503408113e-04    4.8739370604162968e-05   -5.9287888286002351e-06    8.1681342039535857e-06 
  -1.7464505853926730e-03    1.4263005269963175e-04    3.8659883971053146e-05    4.0554564143941968e-05   -1.4523380058483297e-06 
  -6.0813429489196249e-04   -6.7607594124214363e-04   -1.7079381856599749e-04   -8.3240732954123169e-06    5.0048480312471703e-06 
  -4.2504617596734768e-04    4.1258595454421524e-04    1.9816449090843263e-04    3.2312387232297759e-05   -2.5814959562662067e-06 
   1.0272289289738036e-05   -4.7685152153766292e-04    8.4040054418410752e-05   -1.0222859458679018e-05    1.4084105610885953e-05 
   2.3762847140376322e-03   -1.9406768037259512e-04   -5.2602055904276653e-05   -5.5180027231082667e-05    1.9761043523240140e-06 
   8.2744982372856958e-04    9.1989371937545718e-04    2.3238833305967485e-04    1.1326039394335180e-05   -6.8097797740209023e-06 
   5.7833341473229375e-04   -5.6137958051049317e-04   -2.6962987361298947e-04   -4.3965419059887048e-05    3.5124780692527248e-06 
  -1.3976853523106496e-05    6.4882166777181414e-04   -1.1434798004116383e-04    1.3909597482228249e-05   -1.9163350600334913e-05 
   1.8180541791691003e-03   -1.4847781297366129e-04   -4.0244919728984259e-05   -4.2217280834027988e-05    1.5118831320984656e-06 
   6.3306749447812063e-04    7.0379471408554123e-04    1.7779627904579106e-04    8.6653561051265683e-06   -5.2100442780459879e-06 
   4.4247285495543188e-04   -4.2950177073399946e-04   -2.0628913515923441e-04   -3.3637178823127601e-05    2.6873359893790901e-06 
  -1.0693447973303635e-05    4.9640219358383305e-04   -8.7485654292724824e-05    1.0641991544084217e-05   -1.4661546842433558e-05 
   2.0967988324361395e-03   -1.7124247915875079e-04   -4.6415283805121136e-05   -4.8690047951087480e-05    1.7436855416557410e-06 
   7.3012960696345144e-04    8.1170074669817123e-04    2.0505606190739911e-04    9.9939312986682920e-06   -6.0088499475522604e-06 
   5.1031293582199711e-04   -4.9535312078317342e-04   -2.3791745191214774e-04   -3.8794441931875692e-05    3.0993592102238399e-06 
  -1.2332970866350708e-05    5.7251073804688189e-04   -1.0089898303236160e-04    1.2273625120803169e-05   -1.6909459934231726e-05 
2    67 5 
   3.5635650906606746e-02   -1.6531963763161676e-02    6.6494122168195826e-03   -3.1664170038788277e-03    1.9442806484406131e-03 
  -2.0353851206021917e-02    1.1076288564479977e-02    1.4323868006132320e-02   -3.0433863465094669e-03    2.3993707400931656e-03 
  -2.5266764886123293e-02    5.3331410232646034e-03   -4.8893242299205648e-03    4.9463367054891749e-03   -2.3041445109026103e-03 
   2.8690135268451569e-02    3.6716401784430168e-03   -2.2557035312174068e-03   -3.1211130707530029e-03    2.1605402460088195e-03 
  -1.9785526627989869e-04    1.3827088877980977e-02   -3.8383464543493705e-03    3.0882436068299778e-03   -2.5748417911129035e-04 
  -2.4795506492334463e-02    1.8999287849539713e-02    1.3789823913039437e-02   -6.5176448218647799e-06    1.8513794332469620e-03 
   6.9253889169395401e-03    1.3824180603840160e-03    1.2373521793722794e-02   -5.6076484975884646e-04    1.3012608566081367e-04 
  -2.6364501097868595e-03   -2.8969191414216153e-03    1.2072986795303695e-02    1.5858616471796385e-04   -2.9348676482552163e-04 
  -1.2882910189672167e-03    1.9429781699205537e-03    3.2944413337346809e-03   -2.8556777448647507e-03    1.1349212725274612e-03 
   2.3261621649285813e-03    4.8066599991405529e-03   -5.8208541473118011e-03    1.3873065802670417e-03   -9.2366932073954713e-04 
  -3.9863307298840250e-04   -5.3520390195395517e-03   -1.2038743304508431e-03    3.1949464876712920e-03   -2.1080057859954851e-04 
  -1.6784500931619378e-03    1.6476872202843696e-03   -8.9886868874868421e-04   -1.7320686400066386e-03    2.2632229528430840e-03 
   3.4563980058114062e-04    1.6103823433560975e-03   -6.3335699002154940e-04    1.2709068871812822e-03   -4.1289062851636191e-04 
  -2.5244597446678820e-04    1.2768328674361835e-03    7.2915169303120787e-05    9.7091439090643485e-04    4.3467401527545746e-03 
   8.4958819584835798e-06    1.3163603533628218e-03    9.0248010895561861e-04    1.6106878125890112e-03   -1.2954788003342738e-03 
  -5.2308194427915964e-04    1.0139136092313830e-03    6.5693045134099009e-04    1.6136515168495248e-03   -1.9818274944116373e-03 
  -2.5134194048050378e-03   -5.7905537241312560e-04   -4.7350250717959346e-04    9.7073202452471589e-04    2.0556848716449445e-03 
   9.4946553126472669e-04    1.1701347520872308e-03   -4.4322591461777095e-04   -1.0860070949971843e-03   -1.3311788185559685e-04 
   3.8445438705184923e-04    1.2547121620004706e-03   -5.6767053782869720e-04    6.0682980551104548e-04   -8.1286353821285865e-04 
   8.2039773161632140e-04    4.6886592476429395e-04    4.3338026072437311e-04   -2.9901734822676145e-04    1.0903750920387676e-03 
   4.8175214572112679e-04    3.5379543595788097e-04   -2.5024392346645037e-04   -1.1421951100400252e-03   -2.1284449596898221e-03 
   2.1453624938252806e-04   -1.0069957792294264e-06    3.5966977105285737e-06   -2.3350177486476140e-06    8.4802524106869940e-07 
  -2.8881248020640733e-03   -1.4997026486565214e-03    2.3238307882110222e-04    2.8964640888037243e-05   -2.7619027528759834e-05 
   5.7549166424468109e-04   -2.1892380366687169e-05    5.3968939259585345e-06   -1.0999968559638985e-06    2.8859337519060532e-07 
   2.0798481757447630e-03   -7.6759600403243780e-05    3.5920416464109287e-05   -1.7690973110067408e-05    4.9341848688094745e-06 
  -5.8176079913515645e-04    2.6600088687016901e-04   -1.0927465564751605e-04    3.3658203058293733e-05   -1.0245971306642099e-05 
  -2.7032286938287724e-04   -2.3788812939636446e-04    6.1999051145241824e-05   -1.4604744436279295e-05    4.8884216435251591e-06 
   3.8808762515561135e-05   -8.1452563037829170e-07    7.6650878943583009e-06   -2.6701984538483273e-06    6.7146330676577563e-07 
  -1.8532356734080003e-03    5.2212381040549544e-05   -1.6379898855742123e-05    4.8550382748397093e-06   -1.5664971696261534e-06 
  -1.8532356734080003e-03    5.2212381040549544e-05   -1.6379898855742123e-05    4.8550382748397093e-06   -1.5664971696261534e-06 
  -1.8532356734080003e-03    5.2212381040549544e-05   -1.6379898855742123e-05    4.8550382748397093e-06   -1.5664971696261534e-06 
  -1.8532356734080003e-03    5.2212381040549544e-05   -1.6379898855742123e-05    4.8550382748397093e-06   -1.5664971696261534e-06 
   7.6234484753093506e-04   -2.8135364181086052e-05    1.3166222771416173e-05   -6.4844262939716024e-06    1.8085697097361687e-06 
  -2.5455302289053287e-04    1.1639032733904311e-04   -4.7813799007682721e-05    1.4727354174239488e-05   -4.4831878882741251e-06 
  -1.1848409589885427e-04   -1.0426775951640315e-04    2.7174547008548826e-05   -6.4013449706152859e-06    2.1426238191675445e-06 
  -9.9069231445379554e-05    2.0792837226331205e-06   -1.9567085303244944e-05    6.8163603135586801e-06   -1.7140807754018304e-06 
   1.2191114511742693e-01   -7.2055114109436155e-03    2.9867633551723910e-03   -1.2772194811844309e-03    3.6560226746236213e-04 
   1.4799568122753652e-03   -4.1695759538223887e-05    1.3080658463344883e-05   -3.8771361202503629e-06    1.2509731983169667e-06 
   1.7928505757157942e-03    3.7739196204845799e-05    1.9848513651010235e-05   -2.0794630747257953e-05    8.1529884758604977e-06 
   7.4691236654102178e-04   -2.7565807668340975e-05    1.2899693151275206e-05   -6.3531592094804864e-06    1.7719580401553575e-06 
  -3.5318111562607273e-04    1.6148645649894519e-04   -6.6339541695861889e-05    2.0433555722160898e-05   -6.2202258765666384e-06 
  -1.9713900712204889e-04   -1.7348524652162234e-04    4.5214196687038758e-05   -1.0650836993600435e-05    3.5649909731963163e-06 
  -2.0219817404258018e-04    4.2437734289346184e-06   -3.9936000935193043e-05    1.3912045030628469e-05   -3.4984020557262971e-06 
   2.0471924146973058e-03   -7.5554395524301559e-05    3.5356428885373124e-05   -1.7413206589743163e-05    4.8567130783591333e-06 
  -9.6802480895102168e-04    4.4261397137120527e-04   -1.8182830093335341e-04    5.6005794191660444e-05   -1.7048853122064014e-05 
  -5.4033310747044806e-04   -4.7550113862179772e-04    1.2392639972343274e-04   -2.9192598329108977e-05    9.7711897750337123e-06 
  -5.5419964470876317e-04    1.1631646713311949e-05   -1.0945953213559690e-04    3.8131157462989653e-05   -9.5886779666152315e-06 
   1.0158704005166122e-03   -3.7492066447213460e-05    1.7544784415358348e-05   -8.6408883823538617e-06    2.4100280094269809e-06 
  -4.8035921944566864e-04    2.1963662484437125e-04   -9.0227956868300674e-05    2.7791539363018490e-05   -8.4600866655814008e-06 
  -2.6812741506740601e-04   -2.3595609707710515e-04    6.1495519628642110e-05   -1.4486130538490389e-05    4.8487198365059406e-06 
  -2.7500835338904815e-04    5.7719272113789434e-06   -5.4316681691784774e-05    1.8921677281525484e-05   -4.7581527053530513e-06 
   1.7516394381624778e-03   -6.4646614542317646e-05    3.0252024569641492e-05   -1.4899263590703951e-05    4.1555498676225862e-06 
  -8.2827115824821987e-04    3.7871383391685514e-04   -1.5557776621404179e-04    4.7920242947084503e-05   -1.4587511798915283e-05 
  -4.6232526752013417e-04   -4.0685308392189232e-04    1.0603515704074580e-04   -2.4978065651568983e-05    8.3605240254124738e-06 
  -4.7418989408039465e-04    9.9523869703389383e-06   -9.3656869767111780e-05    3.2626165843249238e-05   -8.2043614296247032e-06 
   2.3833448574069375e-03   -8.7960554530463626e-05    4.1162014061432347e-05   -2.0272484441949892e-05    5.6541935462963066e-06 
  -1.1269761130865072e-03    5.1529193099320828e-04   -2.1168481421157703e-04    6.5202039932050806e-05   -1.9848303521174117e-05 
  -6.2905671383450010e-04   -5.5357922650029466e-04    1.4427532329513407e-04   -3.3986072145697954e-05    1.1375635594330389e-05 
  -6.4520015984363688e-04    1.3541582695559811e-05   -1.2743297168191076e-04    4.4392357745145252e-05   -1.1163155039553352e-05 
   1.8234557722872451e-03   -6.7297093156156362e-05    3.1492342329741224e-05   -1.5510125888578135e-05    4.3259253177656727e-06 
  -8.6222985828129407e-04    3.9424091023272976e-04   -1.6195637621641384e-04    4.9884948755739986e-05   -1.5185592430451458e-05 
  -4.8128037047293065e-04   -4.2353385530557265e-04    1.1038254503687289e-04   -2.6002153754144039e-05    8.7033012966852799e-06 
  -4.9363144074229782e-04    1.0360429820042431e-05   -9.7496754223772890e-05    3.3963822198981235e-05   -8.5407361131773740e-06 
   2.1030285995537494e-03   -7.7615105189365229e-05    3.6320758415384251e-05   -1.7888143393488647e-05    4.9891775830588859e-06 
  -9.9442721831428851e-04    4.5468605377445190e-04   -1.8678758006615976e-04    5.7533325192198988e-05   -1.7513852360865255e-05 
  -5.5507043213821135e-04   -4.8847020263596949e-04    1.2730643245209751e-04   -2.9988812356203761e-05    1.0037694259238165e-05 
  -5.6931517248581841e-04    1.1948894262397539e-05   -1.1244498803448792e-04    3.9171166375492615e-05   -9.8502045293501761e-06 
2    67 5 
  -1.1980444540294966e-03    6.8492820813384300e-02    1.0693528298251413e-03    9.6104996953229563e-02    6.4356422249243052e-04 
  -2.3999580203837999e-03    2.4724248388247813e-02    7.9841434108561223e-04   -3.0036139955277222e-02    7.3459890788996822e-05 
   2.1029642278649775e-03    6.0282840183630160e-03   -3.7511608563343646e-06    6.2871487139949285e-03    2.6259500640868792e-05 
  -4.8726017494641685e-03    5.7236787478648667e-03   -4.1885952172896076e-04   -2.6788333284031351e-02   -2.1975174710290246e-04 
   1.4964925779342888e-03   -2.9610987481790110e-03    8.6320947555871760e-04   -1.7335974027929676e-02    7.7824719947994808e-05 
  -1.1009285332602109e-03   -7.0165628989157045e-03   -7.6776695696530205e-04    1.4337516520126280e-02   -8.6906698817281640e-05 
  -4.2542886941691156e-03   -3.8307580333580313e-04   -3.3711305736231650e-03   -7.9954719790160619e-04   -6.6846701999447240e-04 
   7.3869680777642610e-04    4.2560629830327625e-03   -3.9169835316990332e-04   -9.6979970735092363e-04   -1.3788850666149067e-04 
  -1.3371415405077757e-02    9.6399234127231073e-03    2.0438446417329892e-03   -4.6545842630600224e-03    3.1868238466381624e-04 
  -7.4939474372307758e-03   -2.2258008633678772e-03   -1.4866329746705913e-03    9.9252347164478436e-04   -3.4525083829768053e-04 
  -2.6132503519339947e-03    2.9671769655077290e-04   -1.0954380871890046e-04    8.0529879836647373e-05   -2.6530518268266077e-05 
   1.5169765435125586e-04    2.2222399461986310e-04   -1.7818953773307835e-03    2.3087517043898645e-03   -2.7617050365033466e-04 
  -5.0936277582150781e-04   -1.8410252909461650e-03   -4.2860130218210976e-05    2.9949654518733205e-03    1.0922347880627508e-03 
   3.4135378288445146e-03   -7.3374738182801959e-05   -1.0636547082524697e-03   -9.3133293957235784e-04    5.1170932225759328e-05 
   1.5056859759289820e-03   -4.1252552204406066e-04   -4.0771600646886674e-03    2.1224687430058169e-04   -2.3390752086144078e-04 
  -9.0413725681751133e-04    3.3857058483283240e-03    2.5398355449352565e-03    2.9387410430127712e-03   -1.0736176066601319e-04 
   1.2018839956158171e-04   -1.4881705772202620e-04   -2.6411665732304669e-03   -3.9458984866744035e-04    1.4889929963090402e-03 
   2.8551409508378432e-05   -1.8053273692943765e-04    2.4157060723397697e-03    4.1562024156519174e-04   -8.4229738509267182e-04 
  -1.4820261286215363e-04   -1.1510560750679878e-04   -1.7872884378983794e-03   -3.0072251150463721e-04    7.0053678452221420e-05 
   8.4133870145517787e-04    5.3467563417778830e-06   -1.9715208959633895e-03   -3.9264047465416600e-04    1.3380422152794595e-04 
  -5.8634904059159704e-04   -7.3123092976434099e-05    1.1364558102988167e-03    1.6015015071615661e-04   -1.5002817457079130e-03 
   2.6715795002972282e-06    5.7668039477909759e-03    2.5954532099629968e-06    3.0712732963638224e-04    2.7954543417881585e-07 
  -2.0055869771244380e-06   -6.8203070563990942e-02    3.0522976280282408e-06   -2.1332010655915686e-03    9.1739299038057876e-09 
  -3.3253444328661051e-06   -4.1950665071514431e-03   -2.0646539877769363e-06   -2.3226693496770091e-04   -2.2626092520317134e-07 
   1.0078682410293701e-07   -2.0805126517924382e-03   -4.2826594299220990e-07   -6.8956325195395753e-05   -2.8446150478676457e-08 
   1.0680748004300453e-05    6.1065505302394481e-04    2.7651913622747131e-06    2.2216983302524417e-04    3.8859073900866398e-07 
  -1.0374051970446299e-05   -3.5405348714479608e-04   -1.1887985185070950e-06   -9.1012932268692029e-05   -1.8328251104217400e-07 
   4.1736163224438239e-06    3.3379836443317082e-05    1.2827571767570215e-07   -2.1011160848037793e-05   -2.4786772800035890e-09 
   8.7159844948634639e-08   -1.7992149445913267e-03   -3.7036183568854083e-07   -5.9633019154566066e-05   -2.4600061438335558e-08 
   1.0857567813410358e-05    6.2076444890747456e-04    2.8109691119822153e-06    2.2584785514969519e-04    3.9502385963520840e-07 
  -9.1297786266175882e-06   -3.1158798595019198e-04   -1.0462129297732642e-06   -8.0096757384641427e-05   -1.6129943793540240e-07 
   2.7246083436331350e-05    2.1790929940900249e-04    8.3740589374564100e-07   -1.3716446298173631e-04   -1.6181230560065605e-08 
   2.5513295674579338e-06   -7.8480482293222524e-04    1.1007184691652518e-06    4.2117721997201788e-05    1.0736855875305461e-07 
   2.5513295674579338e-06   -7.8480482293222524e-04    1.1007184691652518e-06    4.2117721997201788e-05    1.0736855875305461e-07 
   2.5513295674579338e-06   -7.8480482293222524e-04    1.1007184691652518e-06    4.2117721997201788e-05    1.0736855875305461e-07 
   2.5513295674579338e-06   -7.8480482293222524e-04    1.1007184691652518e-06    4.2117721997201788e-05    1.0736855875305461e-07 
   8.8228832000347994e-06    1.1973505798728426e-02    5.8285556099638614e-06    6.6140532491843829e-04    6.3869057103489640e-07 
  -2.6546295513453609e-06   -2.7148993057532489e-03   -1.4000967814834024e-06   -1.5349553914838102e-04   -1.5470449149411851e-07 
  -5.0474861130777912e-07    3.3596268441146661e-04   -1.5530740933493581e-07    1.9838421128275006e-07   -1.5179282448906369e-08 
   3.6194432932549074e-08   -7.4715099231335781e-04   -1.5379830735706972e-07   -2.4763505644455221e-05   -1.0215544490598258e-08 
   6.4841744261345553e-06    3.7072252583933532e-04    1.6787197963485900e-06    1.3487706563068805e-04    2.3590951973571408e-07 
  -7.5655097548911280e-06   -2.5820143550253877e-04   -8.6695794603568258e-07   -6.6373219342028491e-05   -1.3366287629373178e-07 
   2.1745027278673789e-05    1.7391283672011976e-04    6.6833143359385682e-07   -1.0947059588114169e-04   -1.2914197402109779e-08 
   9.9204367035627702e-08   -2.0478464577858408e-03   -4.2154172606992915e-07   -6.7873639783762148e-05   -2.7999516583190771e-08 
   1.7772302743132940e-05    1.0161035977626041e-03    4.6011588339370354e-06    3.6968099344035998e-04    6.4659818339118846e-07 
  -2.0736106238617160e-05   -7.0769750763756021e-04   -2.3762221787879964e-06   -1.8192060710589197e-04   -3.6635305389621444e-07 
   5.9600372006750083e-05    4.7667310932435366e-04    1.8318120072014842e-06   -3.0004507029133382e-04   -3.5396183204111902e-08 
   4.9227800645393212e-08   -1.0161949537972588e-03   -2.0918002578689730e-07   -3.3680674633530073e-05   -1.3894092182753226e-08 
   8.8190812823221745e-06    5.0421717148560800e-04    2.2832153118168330e-06    1.8344537434463162e-04    3.2085892406554398e-07 
  -1.0289798066144993e-05   -3.5117800621329291e-04   -1.1791435720216552e-06   -9.0273761604481664e-05   -1.8179396373303744e-07 
   2.9575262855977589e-05    2.3653765958117260e-04    9.0899301114402478e-07   -1.4889020862993014e-04   -1.7564511547702864e-08 
   8.4882241888945520e-08   -1.7521990571117815e-03   -3.6068378668956173e-07   -5.8074728786277976e-05   -2.3957229005194894e-08 
   1.5206517066173171e-05    8.6940881683704625e-04    3.9368899654532298e-06    3.1631018315636154e-04    5.5324886441594470e-07 
  -1.7742436529523460e-05   -6.0552728496238173e-04   -2.0331672061303788e-06   -1.5565674615312499e-04   -3.1346269793147725e-07 
   5.0995871900792751e-05    4.0785585732425054e-04    1.5673534798574942e-06   -2.5672759168866063e-04   -3.0286039561119669e-08 
   1.1549389119910009e-07   -2.3841062954722560e-03   -4.9075958752014024e-07   -7.9018605760142454e-05   -3.2597084367516542e-08 
   2.0690544788574750e-05    1.1829495200031122e-03    5.3566768644938387e-06    4.3038323524046681e-04    7.5277069421044927e-07 
  -2.4141009810140132e-05   -8.2390263041155147e-04   -2.7664018629670695e-06   -2.1179227721312358e-04   -4.2650884241771240e-07 
   6.9386853478954112e-05    5.5494363676623503e-04    2.1325986242213888e-06   -3.4931297621815802e-04   -4.1208296106268756e-08 
   8.8362371025082488e-08   -1.8240383353314181e-03   -3.7547164015640128e-07   -6.0455763396400588e-05   -2.4939463319778219e-08 
   1.5829976601683454e-05    9.0505414013856251e-04    4.0983004698136634e-06    3.2927874124298102e-04    5.7593178901526975e-07 
  -1.8469867484907979e-05   -6.3035359845538036e-04   -2.1165260368496464e-06   -1.6203859429319295e-04   -3.2631451055903112e-07 
   5.3086676946409369e-05    4.2457774191202198e-04    1.6316141825733127e-06   -2.6725329355519367e-04   -3.1527751918726193e-08 
   1.0191011825695919e-07   -2.1037004813517935e-03   -4.3303907315492465e-07   -6.9724860543783474e-05   -2.8763189881609701e-08 
   1.8257033721113323e-05    1.0438173328813224e-03    4.7266532199855269e-06    3.7976386407795061e-04    6.6423383670666313e-07 
  -2.1301673526200861e-05   -7.2699961552698299e-04   -2.4410324916253490e-06   -1.8688240384499478e-04   -3.7634515658925621e-07 
   6.1225943381961414e-05    4.8967413827368466e-04    1.8817737954154553e-06   -3.0822865474083394e-04   -3.6361597013975771e-08 
 TENSORSUMACCUMULATOR_IMPL_H - PrettifyOut: Norm of simple tensor is 1.76064e-06 
 As simple full tensor 3    5 5 5 
  -1.7877689761265872e-08    8.8004512945757531e-07    2.5792628072550032e-09    7.8955023887592857e-07    3.5124324933030473e-09 
  -4.0605559529102249e-08   -2.9222177617228416e-07   -1.4636417665974768e-08   -4.8768584006224548e-07   -4.3283273046374244e-09 
   1.0310034779449926e-08    2.1655775952096788e-07    1.8283778802742026e-09    1.6457963646830658e-07    1.2485546316351336e-09 
  -2.1696155110923589e-09   -1.2199207299424253e-07   -2.2011113189560176e-09   -3.2659463469454426e-08   -4.3911249676894998e-10 
   5.7298174679511608e-10    7.3269264617903346e-08    2.5845534421404726e-10    2.1975209279552805e-08   -2.5446026287501111e-11 

   4.0685033176366180e-08    1.9386664564479611e-07    1.0002850405221545e-08    7.8982189704409914e-07    5.5360215001154448e-09 
  -1.5520249368545322e-08   -1.5679433542272936e-07    7.3655152233346447e-10   -3.6240325896070686e-07   -1.3489125977452581e-09 
  -4.8891829548793937e-08    1.6046007784522465e-07   -2.4228794164960684e-09    4.3166824792369718e-08    1.0946356585640706e-10 
   2.0687090968508454e-08   -5.9833629071653213e-08    3.7362158321929999e-10   -5.2263127453284831e-08   -2.2024191478073746e-10 
  -5.4981018833592131e-09    3.3055445178612276e-08    1.9027010387117488e-10    2.6926031864372181e-08    1.6357432078099454e-10 

  -6.2316510707430798e-08    1.9239545153437460e-07   -1.0197828642308549e-08    5.4024682634973743e-07    1.1748502634307077e-10 
  -1.4760872777549168e-08   -3.6834692254756402e-08   -9.6668970491679862e-09   -1.1959641573386699e-07   -2.6397370432181241e-09 
   1.7789961769027152e-08    9.4989645379688767e-08    1.9422965925995198e-09   -9.2974965318235641e-08    1.9408523453716878e-11 
  -6.1054226717566250e-09   -7.6553474674804460e-09   -1.5664560164482337e-09    2.5447965265854253e-08   -3.5976029110814146e-10 
   2.7784753342388537e-09    1.8966674897539195e-08    2.7077085098887777e-10   -1.0975865728780475e-09   -1.7018467108431751e-10 

   6.7457512703466874e-09   -4.5878187785260872e-08    1.5927448866738049e-08    1.3515669882144711e-07    3.3315770695974511e-09 
   2.1907531782432895e-09   -8.5910676670031619e-08   -1.9868742011305626e-09   -1.2565974858773352e-07   -1.0713543946562699e-09 
  -4.1497520713532435e-10    6.2937939767877250e-08    9.2316759362367979e-10    5.2299754778153644e-08    7.1830791956569814e-10 
   1.4597472254105283e-09   -7.4869433208289980e-09   -2.4079531086011815e-10   -2.0794795756202093e-08   -2.7944796940590436e-10 
  -2.8765485220754863e-10    3.7326966409348331e-10   -3.1645331104259818e-10    8.9086979313164544e-09    6.3456105352127840e-11 

   1.3716753105960421e-09    2.2555215919608194e-08    4.5956258725265176e-10    4.7834089014389907e-08    2.8896259260354934e-10 
   2.9684194532052707e-10    1.0028153922749434e-08   -1.8709606810401389e-10    1.9094047594793249e-08   -3.4936091363109086e-11 
   2.0659836701197889e-09   -9.9252814315599909e-09   -3.1434739227219648e-11   -1.0530782820586317e-08   -6.7481669416577381e-11 
  -1.1976817717050057e-09    7.4216895605959914e-09    5.8251862333914711e-10    6.4780677622334432e-09   -1.1273164982209848e-10 
  -7.7569320694871605e-11   -3.0640062446729549e-09    6.1341979963689147e-10   -2.4989199318675743e-09   -1.1010701275931279e-11 
