2    4 5 
   4.3357484755621477e-04    1.5326796651668039e-06    1.7945458183547412e-04   -1.8716060593068136e-07    6.2853174785782150e-06 
   4.3357484755621477e-04    1.5326796651668039e-06    1.7945458183547412e-04   -1.8716060593068136e-07    6.2853174785782150e-06 
   4.3357484755621477e-04    1.5326796651668039e-06    1.7945458183547412e-04   -1.8716060593068136e-07    6.2853174785782150e-06 
   4.3357484755621477e-04    1.5326796651668039e-06    1.7945458183547412e-04   -1.8716060593068136e-07    6.2853174785782150e-06 
2    4 5 
   4.5391606543502866e-04   -3.7070657982373423e-05   -1.0048003973939861e-05   -1.0540446059921976e-05    3.7747392271519988e-07 
  -1.0990613531170509e-04   -1.2218500831686851e-04   -3.0867011927114089e-05   -1.5043827220970439e-06    9.0450992413524912e-07 
  -5.5360849363258117e-05    5.3737947005252046e-05    2.5810265214975702e-05    4.2085808631576095e-06   -3.3623125403130828e-07 
   1.3891717619144400e-06   -6.4486956087560676e-05    1.1365146285788291e-05   -1.3824871248713629e-06    1.9046622670575550e-06 
2    4 5 
   2.2061553636727457e-08   -4.5541013786217128e-04   -9.3744516271854379e-08   -1.5094072865477991e-05   -6.2266698065888690e-09 
   2.7482244240007749e-06    1.5712543079231744e-04    7.1150133265755935e-07    5.7165711722653834e-05    9.9986869782353454e-08 
  -2.3108932901529566e-06   -7.8867912955227505e-05   -2.6481325981285164e-07   -2.0273772976656651e-05   -4.0827472830900395e-08 
   6.8964203811469914e-06    5.5156336036239354e-05    2.1196085251721819e-07   -3.4718523867359135e-05   -4.0957287856526064e-09 
 TENSORSUMACCUMULATOR_IMPL_H - PrettifyOut: Norm of simple tensor is 1.03353e-10 
 As simple full tensor 3    5 5 5 
  -6.6995683678240183e-14   -9.5188847608912681e-11   -4.5870383422041163e-14   -5.2289826038511632e-12   -5.0125596782567172e-15 
  -3.9261133758657583e-13   -4.3839110763195270e-12   -4.8282399213011542e-14   -2.2874649174688643e-12   -6.0335986410107560e-15 
  -2.8753423433631904e-14   -7.2960743733782867e-13   -1.1032706211752647e-14   -1.0972573886405704e-12   -1.7880829443210301e-15 
  -1.0243948755348265e-14    1.8017958495488837e-12   -6.4593220366395177e-16    1.5510381900409115e-14   -1.0880563862279599e-16 
   7.1134327955529335e-15    4.4132764109668382e-14    4.7733392600569924e-16   -5.7670014142119198e-15    4.0762627238773737e-17 

  -2.3682859512341295e-16   -3.3649094707212329e-13   -1.6215102029241141e-16   -1.8484364006827099e-14   -1.7719312669084294e-17 
  -1.3878743585439766e-15   -1.5497050621007929e-14   -1.7067745483011186e-16   -8.0861493316501242e-15   -2.1328667926605829e-17 
  -1.0164285970242876e-16   -2.5791498032347614e-15   -3.9000427625867678e-17   -3.8787860884974085e-15   -6.3208426038530855e-18 
  -3.6212183517627636e-17    6.3693174891273419e-15   -2.2833592843592311e-18    5.4828934546638127e-17   -3.8462607024505856e-19 
   2.5145863180776563e-17    1.5600856576377415e-16    1.6873672585177262e-18   -2.0386251292874609e-17    1.4409518960747068e-19 

  -2.7729197085634680e-14   -3.9398214493619433e-11   -1.8985535074351821e-14   -2.1642512057330912e-12   -2.0746747788922198e-15 
  -1.6249997851023918e-13   -1.8144800913591358e-12   -1.9983857019429670e-14   -9.4677092673017623e-13   -2.4972779836941222e-15 
  -1.1900906170420158e-14   -3.0198107272478743e-13   -4.5663849988138685e-15   -4.5414965133291759e-13   -7.4007908638812447e-16 
  -4.2399220125348760e-15    7.4575479310239580e-13   -2.6734828866555008e-16    6.4196738204135411e-15   -4.5034139988630174e-17 
   2.9442162407153724e-15    1.8266342646911327e-14    1.9756625775237522e-16   -2.3869346505341419e-15    1.6871458911603543e-17 

   2.8919926565467952e-17    4.1090027469864986e-14    1.9800799801766191e-17    2.2571870994220632e-15    2.1637641388424705e-18 
   1.6947794885272179e-16    1.8923963371371713e-15    2.0841991050513291e-17    9.8742655947803971e-16    2.6045145006888267e-18 
   1.2411947286038691e-17    3.1494855117483475e-16    4.7624717884011859e-18    4.7365145574608093e-16    7.7185909007337162e-19 
   4.4219900369687587e-18   -7.7777851936218048e-16    2.7882858821096907e-19   -6.6953433554986485e-18    4.6967967279690844e-20 
  -3.0706448950322286e-18   -1.9050724272215607e-17   -2.0605002187290085e-19    2.4894328745558867e-18   -1.7595942329994678e-20 

  -9.7120288223717655e-16   -1.3799050637143935e-12   -6.6495998164252167e-16   -7.5801942710493488e-14   -7.2664567918872455e-17 
  -5.6914899845543533e-15   -6.3551363894445550e-14   -6.9992576689284629e-16   -3.3160233598507888e-14   -8.7466058538263781e-17 
  -4.1682398297547774e-16   -1.0576753712184715e-14   -1.5993561798982495e-16   -1.5906390977690400e-14   -2.5920943169175487e-17 
  -1.4850139606703554e-16    2.6119732290353781e-14   -9.3637557449390512e-18    2.2484624052234709e-16   -1.5773008652561583e-18 
   1.0311987361486296e-16    6.3977058447908116e-16    6.9196709291421575e-18   -8.3601332023836580e-17    5.9091539765441491e-19 
