2    103 5 
   3.0880460022552050e-05    3.0340079317806913e-03    1.8789540859541738e-06    1.0146662154232354e-04    1.6936271975609411e-07 
  -9.1649442616659327e-06   -8.4079981466966580e-06    2.6710431560727370e-06    2.5415112996070814e-04    4.4565077556900722e-07 
   3.7330205311704083e-05   -4.2496893039396753e-07    1.7513061870811519e-06    1.3132663679582033e-06    2.4720526483025267e-07 
   1.4789214688502977e-07   -8.5205377404406328e-10   -3.1069790470456152e-06    3.8887504354879526e-08   -5.2994149238065010e-07 
  -1.6118577585101492e-05   -1.5836516750885772e-03   -9.8075181493986321e-07   -5.2962216574288924e-05   -8.8401731593984160e-08 
   4.7837974251973139e-06    4.3886966179890312e-06   -1.3941960810451267e-06   -1.3265847411667982e-04   -2.3261494798405698e-07 
  -1.9485131055205802e-05    2.2181970964196366e-07   -9.1412383854127992e-07   -6.8548155779997238e-07   -1.2903296251746353e-07 
  -7.7194803511757200e-08    4.4474385593925368e-10    1.6217401809596065e-06   -2.0297989588799410e-08    2.7661191103577521e-07 
   8.8577017853716263e-06    8.7026998479100169e-04    5.3895618619777789e-07    2.9104523512107648e-05    4.8579731780659246e-08 
  -2.6288579603446208e-06   -2.4117367468297660e-06    7.6615774878585748e-07    7.2900303815523788e-05    1.2782975601811056e-07 
   1.0707736413132747e-05   -1.2189740861143520e-07    5.0234186695121300e-07    3.7669522551272362e-07    7.0907962965612408e-08 
   4.2421146982567205e-08   -2.4440174239862267e-10   -8.9120090283725620e-07    1.1154429581078392e-08   -1.5200757047578004e-07 
  -2.9536636680440296e-05   -2.9019771694182937e-03   -1.7971877405818099e-06   -9.7051103950480198e-05   -1.6199257125683086e-07 
   8.7661138679805612e-06    8.0421077369776392e-06   -2.5548075126173924e-06   -2.4309124870842581e-04   -4.2625741438842644e-07 
  -3.5705708745686080e-05    4.0647557997371422e-07   -1.6750946885586020e-06   -1.2561170250279582e-06   -2.3644764642271588e-07 
  -1.4145633216743870e-07    8.1497499511853483e-10    2.9717728045277626e-06   -3.7195238888937778e-08    5.0688005654405407e-07 
   6.6774277932695421e-06    4.7567926916458779e-03    1.4617905148508290e-06    2.3996547990573711e-04    1.4414846521529168e-07 
   5.9182733660671154e-06    4.0501428478422452e-05   -3.1266693854963594e-07   -8.0301498852349505e-04   -5.8054267330914362e-07 
   9.6411435318739425e-05   -1.7375068255535420e-07    1.0454295025759326e-05    6.9781720704795283e-07   -1.2800082458391342e-07 
  -1.0046364629832979e-06   -8.7304889156179198e-10    9.2952329992096173e-06   -1.2806438404898737e-08    2.4052960432950379e-06 
  -8.7184760054422872e-08   -8.4189259971154915e-11    7.6720386344358340e-07    1.2242431046546624e-09   -3.0012571936829851e-06 
   5.3313725766876577e-06    3.7979046564592936e-03    1.1671185529842919e-06    1.9159254409469549e-04    1.1509060048467065e-07 
   4.7252506956337702e-06    3.2337033329537615e-05   -2.4963863233393498e-07   -6.4114090350755827e-04   -4.6351520134698865e-07 
   7.6976539208033153e-05   -1.3872551719541830e-07    8.3468879835906020e-06    5.5714919522545759e-07   -1.0219804797708527e-07 
  -8.0211893772752845e-07   -6.9705716971909575e-10    7.4214730342510371e-06   -1.0224879494127197e-08    1.9204295068475115e-06 
  -6.9609803842094625e-08   -6.7218145333484866e-11    6.1254868864545061e-07    9.7745663711010926e-10   -2.3962550840483693e-06 
   2.4465406798759029e-06    1.7428397859394513e-03    5.3558496935661740e-07    8.7920877099873266e-05    5.2814511067623001e-08 
   2.1683943268250052e-06    1.4839305707718808e-05   -1.1455794178485476e-07   -2.9421641038979455e-04   -2.1270484842776247e-07 
   3.5324155620262657e-05   -6.3660458216611864e-08    3.8303458834439919e-06    2.5567302815030042e-07   -4.6898182069126967e-08 
  -3.6808843933178636e-07   -3.1987611021109094e-10    3.4056775101953167e-06   -4.6921469601648293e-09    8.8127566470988270e-07 
  -3.1943596957103782e-08   -3.0846076618857145e-11    2.8109558347670730e-07    4.4855004806104391e-10   -1.0996296841302613e-06 
  -5.4520160609130768e-06   -3.8838473370580418e-03   -1.1935292467992110e-06   -1.9592808653497962e-04   -1.1769498253532317e-07 
  -4.8321782643901866e-06   -3.3068787172337461e-05    2.5528769811743081e-07    6.5564926347789858e-04    4.7400407416118057e-07 
  -7.8718439208471974e-05    1.4186473312990599e-07   -8.5357694834848180e-06   -5.6975690912624613e-07    1.0451068480965352e-07 
   8.2027006523150114e-07    7.1283085734823330e-10   -7.5894133445666437e-06    1.0456258012550486e-08   -1.9638868536344311e-06 
   7.1185002189417007e-08    6.8739222905827514e-11   -6.2641003616767010e-07   -9.9957547661794396e-10    2.4504798748079904e-06 
   4.7369290056404893e-05    4.6540369427461445e-03    2.8822343007594481e-06    1.5564540888871677e-04    2.5979508695819702e-07 
  -1.4058628102191038e-05   -1.2897505500686310e-05    4.0972646754867945e-06    3.8985684100818990e-04    6.8360901477417497e-07 
   5.7262920370482214e-05   -6.5188395879111479e-07    2.6864279448181508e-06    2.0144938080489258e-06    3.7920218431535157e-07 
   2.2686015680288606e-07   -1.3070136370012582e-09   -4.7659714774713132e-06    5.9651749747598558e-08   -8.1290732868520655e-07 
   1.5201781227193781e-05    1.4935763517388517e-03    9.2496837578706014e-07    4.9949818798761397e-05    8.3373596503887161e-08 
  -4.5117034371742652e-06   -4.1390752693252868e-06    1.3148966588372502e-06    1.2511309331160298e-04    2.1938421866065854e-07 
   1.8376851054042494e-05   -2.0920299449832288e-07    8.6213008155952903e-07    6.4649257181247445e-07    1.2169379443879912e-07 
   7.2804098790120002e-08   -4.1944760723652594e-10   -1.5294984503523956e-06    1.9143475623183703e-08   -2.6087871179703521e-07 
  -4.6838194849445587e-05   -4.6018567916321891e-03   -2.8499192540140923e-06   -1.5390034303386463e-04   -2.5688231530148067e-07 
   1.3901005516068125e-05    1.2752901193866654e-05   -4.0513269460379562e-06   -3.8548584242634084e-04   -6.7594452432586088e-07 
  -5.6620899717247973e-05    6.4457516345989150e-07   -2.6563082406039744e-06   -1.9919076978363809e-06   -3.7495064365855526e-07 
  -2.2431664513563114e-07    1.2923596559680771e-09    4.7125363382666566e-06   -5.8982946007032440e-08    8.0379317085314443e-07 
   6.5295545048233807e-06    4.6514523421059941e-03    1.4294188026971943e-06    2.3465138505876788e-04    1.4095626183462206e-07 
   5.7872117399952042e-06    3.9604514337035855e-05   -3.0574285193677418e-07   -7.8523202318102987e-04   -5.6768641235906979e-07 
   9.4276380260747440e-05   -1.6990293075710599e-07    1.0222782079201735e-05    6.8236387257019097e-07   -1.2516621469503948e-07 
  -9.8238854026910559e-07   -8.5371500813146199e-10    9.0893877676293014e-06   -1.2522836662005409e-08    2.3520301680777753e-06 
  -8.5254032000031658e-08   -8.2324868006283095e-11    7.5021394431479069e-07    1.1971319385967838e-09   -2.9347936115308974e-06 
   2.0887465287931780e-06    1.4879583172548454e-03    4.5725838724830832e-07    7.5062895279602292e-05    4.5090657012088612e-08 
   1.8512776674697629e-06    1.2669132600840569e-05   -9.7804424515411524e-08   -2.5118875437903787e-04   -1.8159784444438654e-07 
   3.0158177234198371e-05   -5.4350439465439792e-08    3.2701772481979314e-06    2.1828214607168056e-07   -4.0039561086950006e-08 
  -3.1425737420485710e-07   -2.7309585339949083e-10    2.9076144681028919e-06   -4.0059442936092423e-09    7.5239357379744771e-07 
  -2.7272008109304450e-08   -2.6334994547400847e-11    2.3998678177541974e-07    3.8295188123544378e-10   -9.3881442666284462e-07 
  -6.4556482092095995e-06   -4.5988037867451103e-03   -1.4132395903925882e-06   -2.3199542826760766e-04   -1.3936081529258500e-07 
  -5.7217078252457866e-06   -3.9156241343515237e-05    3.0228222968753068e-07    7.7634419017684020e-04    5.6126092042439902e-07 
  -9.3209290917393143e-05    1.6797984454702739e-07   -1.0107073120224114e-05   -6.7464037687916281e-07    1.2374949150859909e-07 
   9.7126914493959481e-07    8.4405203438428259e-10   -8.9865073982554848e-06    1.2381093995245894e-08   -2.3254081624315891e-06 
   8.4289064223653241e-08    8.1393054660251088e-11   -7.4172247165748277e-07   -1.1835819196977493e-09    2.9015754610339509e-06 
   2.1559422708320090e-05    2.3288881856889372e-03    1.7026163034204853e-06   -7.2269871221189138e-04   -5.5276951943334978e-07 
   2.1559422708320090e-05    2.3288881856889372e-03    1.7026163034204853e-06   -7.2269871221189138e-04   -5.5276951943334978e-07 
   2.1559422708320090e-05    2.3288881856889372e-03    1.7026163034204853e-06   -7.2269871221189138e-04   -5.5276951943334978e-07 
   2.1559422708320090e-05    2.3288881856889372e-03    1.7026163034204853e-06   -7.2269871221189138e-04   -5.5276951943334978e-07 
   2.1559422708320090e-05    2.3288881856889372e-03    1.7026163034204853e-06   -7.2269871221189138e-04   -5.5276951943334978e-07 
  -7.0489103977014838e-06   -3.5911189557765477e-03   -1.3145055256584626e-06   -1.7618303098622992e-04   -1.0250505911365080e-07 
  -7.0489103977014838e-06   -3.5911189557765477e-03   -1.3145055256584626e-06   -1.7618303098622992e-04   -1.0250505911365080e-07 
  -7.0489103977014838e-06   -3.5911189557765477e-03   -1.3145055256584626e-06   -1.7618303098622992e-04   -1.0250505911365080e-07 
  -7.0489103977014838e-06   -3.5911189557765477e-03   -1.3145055256584626e-06   -1.7618303098622992e-04   -1.0250505911365080e-07 
  -7.0489103977014838e-06   -3.5911189557765477e-03   -1.3145055256584626e-06   -1.7618303098622992e-04   -1.0250505911365080e-07 
   8.4847561552933029e-06    9.1648268187876595e-04    7.8964481069569945e-07   -1.7354692355869676e-04   -1.3859224421412306e-07 
   8.4847561552933029e-06    9.1648268187876595e-04    7.8964481069569945e-07   -1.7354692355869676e-04   -1.3859224421412306e-07 
   8.4847561552933029e-06    9.1648268187876595e-04    7.8964481069569945e-07   -1.7354692355869676e-04   -1.3859224421412306e-07 
   8.4847561552933029e-06    9.1648268187876595e-04    7.8964481069569945e-07   -1.7354692355869676e-04   -1.3859224421412306e-07 
   8.4847561552933029e-06    9.1648268187876595e-04    7.8964481069569945e-07   -1.7354692355869676e-04   -1.3859224421412306e-07 
  -2.2315391362933311e-07    3.8375510176144822e-03    9.5710359748853423e-07    5.1928516100409913e-04    3.5587814593570044e-07 
  -2.2315391362933311e-07    3.8375510176144822e-03    9.5710359748853423e-07    5.1928516100409913e-04    3.5587814593570044e-07 
  -2.2315391362933311e-07    3.8375510176144822e-03    9.5710359748853423e-07    5.1928516100409913e-04    3.5587814593570044e-07 
  -2.2315391362933311e-07    3.8375510176144822e-03    9.5710359748853423e-07    5.1928516100409913e-04    3.5587814593570044e-07 
  -2.2315391362933311e-07    3.8375510176144822e-03    9.5710359748853423e-07    5.1928516100409913e-04    3.5587814593570044e-07 
  -1.9847012062874881e-05   -2.1310253106215900e-03   -1.7872835259356973e-06   -1.1669703670895936e-04   -1.9716008020955756e-07 
  -1.9847012062874881e-05   -2.1310253106215900e-03   -1.7872835259356973e-06   -1.1669703670895936e-04   -1.9716008020955756e-07 
  -1.9847012062874881e-05   -2.1310253106215900e-03   -1.7872835259356973e-06   -1.1669703670895936e-04   -1.9716008020955756e-07 
  -1.9847012062874881e-05   -2.1310253106215900e-03   -1.7872835259356973e-06   -1.1669703670895936e-04   -1.9716008020955756e-07 
  -1.9847012062874881e-05   -2.1310253106215900e-03   -1.7872835259356973e-06   -1.1669703670895936e-04   -1.9716008020955756e-07 
   1.7626144938731773e-05    1.7275548697519658e-03    1.1196895101426007e-06    6.1721348180626787e-05    1.0451836183506229e-07 
   1.7626144938731773e-05    1.7275548697519658e-03    1.1196895101426007e-06    6.1721348180626787e-05    1.0451836183506229e-07 
   1.7626144938731773e-05    1.7275548697519658e-03    1.1196895101426007e-06    6.1721348180626787e-05    1.0451836183506229e-07 
   1.7626144938731773e-05    1.7275548697519658e-03    1.1196895101426007e-06    6.1721348180626787e-05    1.0451836183506229e-07 
   1.7626144938731773e-05    1.7275548697519658e-03    1.1196895101426007e-06    6.1721348180626787e-05    1.0451836183506229e-07 
  -5.9474247835242785e-06   -6.2706634444241168e-04   -5.2943830684414033e-07   -3.4146981268544130e-05   -5.8485240412163355e-08 
  -5.9474247835242785e-06   -6.2706634444241168e-04   -5.2943830684414033e-07   -3.4146981268544130e-05   -5.8485240412163355e-08 
  -5.9474247835242785e-06   -6.2706634444241168e-04   -5.2943830684414033e-07   -3.4146981268544130e-05   -5.8485240412163355e-08 
  -5.9474247835242785e-06   -6.2706634444241168e-04   -5.2943830684414033e-07   -3.4146981268544130e-05   -5.8485240412163355e-08 
  -5.9474247835242785e-06   -6.2706634444241168e-04   -5.2943830684414033e-07   -3.4146981268544130e-05   -5.8485240412163355e-08 
   1.3393257146052915e-05    1.6319240955777899e-03    1.7637461452610301e-06    1.2866762137264296e-04    2.1732209840588178e-07 
   1.3393257146052915e-05    1.6319240955777899e-03    1.7637461452610301e-06    1.2866762137264296e-04    2.1732209840588178e-07 
   1.3393257146052915e-05    1.6319240955777899e-03    1.7637461452610301e-06    1.2866762137264296e-04    2.1732209840588178e-07 
   1.3393257146052915e-05    1.6319240955777899e-03    1.7637461452610301e-06    1.2866762137264296e-04    2.1732209840588178e-07 
   1.3393257146052915e-05    1.6319240955777899e-03    1.7637461452610301e-06    1.2866762137264296e-04    2.1732209840588178e-07 
2    103 5 
  -3.0329524136206870e-03   -1.3274464936502328e-04   -5.8502366002719511e-06    7.7204931213337002e-07   -6.7882821911738092e-07 
   1.1121923962294601e-05   -2.5306455069185345e-04   -2.4156125953299609e-05   -2.4276133512175169e-06    2.1174387107637837e-07 
  -8.2630811889437570e-08    3.5348603769306818e-06   -3.7205114389286977e-05    1.3559543096751399e-06    1.2831608447679486e-07 
   2.2003866691962897e-09   -3.9875959603023636e-08    1.1129394408352109e-07    3.1066403846357965e-06    5.4069037344166138e-07 
  -1.5831007295604960e-03   -6.9288311386379224e-05   -3.0536297860789068e-06    4.0298417601479532e-07   -3.5432585229653344e-07 
   5.8052760273300359e-06   -1.3209131571830730e-04   -1.2608697864260817e-05   -1.2671337836175797e-06    1.1052328921336685e-07 
  -4.3130547646866147e-08    1.8450800666974512e-06   -1.9419837735847880e-05    7.0776324984763732e-07    6.6976747158079655e-08 
   1.1485289797743223e-09   -2.0813930497548051e-08    5.8091753528026918e-08    1.6215634103958315e-06    2.8222247102122909e-07 
  -8.6996722164940545e-04   -3.8076263009696080e-05   -1.6780725138560541e-06    2.2145339044445775e-07   -1.9471400115300963e-07 
   3.1901948891188455e-06   -7.2588631155121280e-05   -6.9289045509018593e-06   -6.9633273272378939e-07    6.0736273472124736e-08 
  -2.3701689983415290e-08    1.0139336994627685e-06   -1.0671855532925048e-05    3.8893976647110986e-07    3.6805980536946407e-08 
   6.3115539451206547e-10   -1.1437956504247669e-08    3.1923376999232434e-08    8.9110376145303135e-07    1.5509076233546523e-07 
  -2.9009675841861148e-03   -1.2696800749418058e-04   -5.5956521642052430e-06    7.3845208313650734e-07   -6.4928768748450082e-07 
   1.0637931786698496e-05   -2.4205195405202430e-04   -2.3104925100484309e-05   -2.3219710296780780e-06    2.0252942426134604e-07 
  -7.9034971227945546e-08    3.3810340452582816e-06   -3.5586061398309879e-05    1.2969473178476947e-06    1.2273216022947564e-07 
   2.1046325591351684e-09   -3.8140679582437342e-08    1.0645077141750860e-07    2.9714488796720825e-06    5.1716117911763275e-07 
  -4.5976001891207107e-03   -1.2246162834316859e-03    2.3714335548956128e-04    9.9258668031180659e-07   -8.3155071167265910e-06 
  -4.5976001891207107e-03   -1.2246162834316859e-03    2.3714335548956128e-04    9.9258668031180659e-07   -8.3155071167265910e-06 
  -4.5976001891207107e-03   -1.2246162834316859e-03    2.3714335548956128e-04    9.9258668031180659e-07   -8.3155071167265910e-06 
  -4.5976001891207107e-03   -1.2246162834316859e-03    2.3714335548956128e-04    9.9258668031180659e-07   -8.3155071167265910e-06 
  -4.5976001891207107e-03   -1.2246162834316859e-03    2.3714335548956128e-04    9.9258668031180659e-07   -8.3155071167265910e-06 
   2.7598153401053706e-03    2.5874831042650170e-03   -3.8942772794388076e-04    5.7702736844185457e-05   -7.5530435583927236e-06 
   2.7598153401053706e-03    2.5874831042650170e-03   -3.8942772794388076e-04    5.7702736844185457e-05   -7.5530435583927236e-06 
   2.7598153401053706e-03    2.5874831042650170e-03   -3.8942772794388076e-04    5.7702736844185457e-05   -7.5530435583927236e-06 
   2.7598153401053706e-03    2.5874831042650170e-03   -3.8942772794388076e-04    5.7702736844185457e-05   -7.5530435583927236e-06 
   2.7598153401053706e-03    2.5874831042650170e-03   -3.8942772794388076e-04    5.7702736844185457e-05   -7.5530435583927236e-06 
  -1.6766278747101986e-03   -4.7695378673069601e-04    8.8822230375988818e-05   -1.4877695286694048e-06   -2.4620292930305438e-06 
  -1.6766278747101986e-03   -4.7695378673069601e-04    8.8822230375988818e-05   -1.4877695286694048e-06   -2.4620292930305438e-06 
  -1.6766278747101986e-03   -4.7695378673069601e-04    8.8822230375988818e-05   -1.4877695286694048e-06   -2.4620292930305438e-06 
  -1.6766278747101986e-03   -4.7695378673069601e-04    8.8822230375988818e-05   -1.4877695286694048e-06   -2.4620292930305438e-06 
  -1.6766278747101986e-03   -4.7695378673069601e-04    8.8822230375988818e-05   -1.4877695286694048e-06   -2.4620292930305438e-06 
  -3.4063408521758484e-03    1.8653809976438395e-03   -1.9507709136377740e-04    8.5929733792565837e-05   -2.4238653770142813e-05 
  -3.4063408521758484e-03    1.8653809976438395e-03   -1.9507709136377740e-04    8.5929733792565837e-05   -2.4238653770142813e-05 
  -3.4063408521758484e-03    1.8653809976438395e-03   -1.9507709136377740e-04    8.5929733792565837e-05   -2.4238653770142813e-05 
  -3.4063408521758484e-03    1.8653809976438395e-03   -1.9507709136377740e-04    8.5929733792565837e-05   -2.4238653770142813e-05 
  -3.4063408521758484e-03    1.8653809976438395e-03   -1.9507709136377740e-04    8.5929733792565837e-05   -2.4238653770142813e-05 
  -4.6524178235411665e-03   -2.0362455075524782e-04   -8.9740099148295004e-06    1.1842902527224435e-06   -1.0412931279637901e-06 
   1.7060550321156571e-05   -3.8819007540566767e-04   -3.7054452429958801e-05   -3.7238538834798172e-06    3.2480594004616287e-07 
  -1.2675209155331491e-07    5.4223229311168846e-06   -5.7071036305831886e-05    2.0799752643362912e-06    1.9683132375762857e-07 
   3.3752979810950294e-09   -6.1167997346336391e-08    1.7072009662302732e-07    4.7654519839822206e-06    8.2939564733036248e-07 
  -1.4930567430238907e-03   -6.5347314037871062e-05   -2.8799446918765933e-06    3.8006314449609020e-07   -3.3417242069359444e-07 
   5.4750821320929944e-06   -1.2457819388591210e-04   -1.1891537294794831e-05   -1.1950614415223203e-06    1.0423691881375709e-07 
  -4.0677357916665586e-08    1.7401351560026103e-06   -1.8315271503909368e-05    6.6750692038584910e-07    6.3167227519337501e-08 
   1.0832026704241832e-09   -1.9630070720024380e-08    5.4787596707874584e-08    1.5293317341875399e-06    2.6617015299341917e-07 
  -4.6002558256747744e-03   -2.0134155215432767e-04   -8.8733950724433044e-06    1.1710122222491018e-06   -1.0296183532596999e-06 
   1.6869270770779835e-05   -3.8383776427346308e-04   -3.6639005163203916e-05   -3.6821027627309534e-06    3.2116427943134217e-07 
  -1.2533097191618556e-07    5.3615289079032668e-06   -5.6431167019166708e-05    2.0566549888546968e-06    1.9462448948794342e-07 
   3.3374548008893637e-09   -6.0482193734518355e-08    1.6880601632036381e-07    4.7120226692368659e-06    8.2009662569745321e-07 
   4.6538878057920631e-03    2.0290582225106546e-04    8.8943604028010764e-06   -1.1918770926314424e-06    1.0422958600840758e-06 
   4.6538878057920631e-03    2.0290582225106546e-04    8.8943604028010764e-06   -1.1918770926314424e-06    1.0422958600840758e-06 
   4.6538878057920631e-03    2.0290582225106546e-04    8.8943604028010764e-06   -1.1918770926314424e-06    1.0422958600840758e-06 
   4.6538878057920631e-03    2.0290582225106546e-04    8.8943604028010764e-06   -1.1918770926314424e-06    1.0422958600840758e-06 
   4.6538878057920631e-03    2.0290582225106546e-04    8.8943604028010764e-06   -1.1918770926314424e-06    1.0422958600840758e-06 
   1.4884686529240128e-03    7.0778840838363609e-05    3.4102147485444017e-06   -3.2511436604019710e-07    3.2848817162376034e-07 
   1.4884686529240128e-03    7.0778840838363609e-05    3.4102147485444017e-06   -3.2511436604019710e-07    3.2848817162376034e-07 
   1.4884686529240128e-03    7.0778840838363609e-05    3.4102147485444017e-06   -3.2511436604019710e-07    3.2848817162376034e-07 
   1.4884686529240128e-03    7.0778840838363609e-05    3.4102147485444017e-06   -3.2511436604019710e-07    3.2848817162376034e-07 
   1.4884686529240128e-03    7.0778840838363609e-05    3.4102147485444017e-06   -3.2511436604019710e-07    3.2848817162376034e-07 
   4.6011847295070810e-03    2.0122391306659344e-04    8.8528122327862148e-06   -1.1725064275192588e-06    1.0299822968078664e-06 
   4.6011847295070810e-03    2.0122391306659344e-04    8.8528122327862148e-06   -1.1725064275192588e-06    1.0299822968078664e-06 
   4.6011847295070810e-03    2.0122391306659344e-04    8.8528122327862148e-06   -1.1725064275192588e-06    1.0299822968078664e-06 
   4.6011847295070810e-03    2.0122391306659344e-04    8.8528122327862148e-06   -1.1725064275192588e-06    1.0299822968078664e-06 
   4.6011847295070810e-03    2.0122391306659344e-04    8.8528122327862148e-06   -1.1725064275192588e-06    1.0299822968078664e-06 
  -1.5438777346727713e-03   -1.8093491880276052e-03    2.6697794860277278e-04   -4.0991971084151155e-05    5.7883538079811515e-06 
   9.6301245224456261e-04   -8.0728402166090258e-04    9.2672916515727145e-05   -3.2300279436782421e-05    8.4854643884937587e-06 
  -9.9215463399263291e-07    1.0137429511771563e-06   -1.2154492299622020e-05   -8.2762570605157679e-05    2.6748547395049534e-05 
   9.2113796500481986e-07    8.6166467850230617e-06    6.2328029518736105e-05   -9.1063049566449641e-06   -1.4643059576516161e-07 
  -1.6757657163814190e-10    4.4565162989993343e-09    6.6220136726521279e-08    4.3530417920753081e-07    1.3767880715370972e-06 
  -2.2763317451401518e-03   -2.6677494611474263e-03    3.9363893008386277e-04   -6.0439582085493320e-05    8.5344928742062004e-06 
   1.4198895202502488e-03   -1.1902796475270212e-03    1.3663925390062384e-04   -4.7624335663101931e-05    1.2511179820776822e-05 
  -1.4628574781046553e-06    1.4946878300992718e-06   -1.7920885861829826e-05   -1.2202719331129833e-04    3.9438723808425567e-05 
   1.3581487343871145e-06    1.2704598410161756e-05    9.1897997502764109e-05   -1.3426562601559639e-05   -2.1590091372790697e-07 
  -2.4707906668691384e-10    6.5707985135862058e-09    9.7636617209232004e-08    6.4182331260337969e-07    2.0299705884640204e-06 
  -5.9057539969209201e-04   -6.9212548112072380e-04    1.0212635700616280e-04   -1.5680548506854641e-05    2.2142034222886581e-06 
   3.6837856464931677e-04   -3.0880818671724539e-04    3.5449921637420121e-05   -1.2355739065430069e-05    3.2459218824539068e-06 
  -3.7952624509527776e-07    3.8778436603555538e-07   -4.6494252664542467e-06   -3.1658943656600954e-05    1.0232049931313029e-05 
   3.5236042960978657e-07    3.2961027319622260e-06    2.3842173585623949e-05   -3.4834103560853223e-06   -5.6013702172789459e-08 
  -6.4102615480235777e-11    1.7047392001373050e-09    2.5331010893307118e-08    1.6651573751571350e-07    5.2665904001242930e-07 
  -2.4517556343502758e-03   -2.8733376786433261e-03    4.2397443465486796e-04   -6.5097315552641800e-05    9.1921975060665106e-06 
   1.5293122976739587e-03   -1.2820077031861449e-03    1.4716926095657747e-04   -5.1294471266537615e-05    1.3475345007794747e-05 
  -1.5755915506830934e-06    1.6098748861471641e-06   -1.9301946202742199e-05   -1.3143113229592362e-04    4.2478041047983713e-05 
   1.4628135019987117e-06    1.3683669263398094e-05    9.8980051411195889e-05   -1.4461271112442256e-05   -2.3253916430409311e-07 
  -2.6612003947708922e-10    7.0771724342286144e-09    1.0516091376957763e-07    6.9128497034416660e-07    2.1864088301090656e-06 
  -1.3512652322718601e-03   -1.5836167566334054e-03    2.3367007090535830e-04   -3.5877857478168212e-05    5.0662050997653407e-06 
   8.4286806897876073e-04   -7.0656814755489048e-04    8.1111144521736771e-05   -2.8270531801432262e-05    7.4268271057635834e-06 
  -8.6837450391485452e-07    8.8726948619198851e-07   -1.0638111096197899e-05   -7.2437202558593892e-05    2.3411427794421398e-05 
   8.0621779709808692e-07    7.5416433295714346e-06    5.4552052531888665e-05   -7.9702122817305408e-06   -1.2816207433696573e-07 
  -1.4666990132216034e-10    3.9005261858815713e-09    5.7958584689222692e-08    3.8099610455904935e-07    1.2050214932784295e-06 
  -1.0944965159549965e-03   -1.2826963806573393e-03    1.8926785976642173e-04   -2.9060312566293194e-05    4.1035199444034970e-06 
   6.8270546956644338e-04   -5.7230539002576565e-04    6.5698326993069822e-05   -2.2898538215802584e-05    6.0155742912084189e-06 
  -7.0336514725610878e-07    7.1866968686642994e-07   -8.6166470157416635e-06   -5.8672615806603271e-05    1.8962765815742508e-05 
   6.5301951752373551e-07    6.1085730259731114e-06    4.4186019153295053e-05   -6.4557048945227015e-06   -1.0380859396754822e-07 
  -1.1879954590607773e-10    3.1593444564995007e-09    4.6945238800663754e-08    3.0859885910866791e-07    9.7604215260293295e-07 
  -3.9761151583559096e-04   -4.6598124784799373e-04    6.8757716012482329e-05   -1.0557105264111242e-05    1.4907373039302964e-06 
   2.4801500294106371e-04   -2.0790857744345742e-04    2.3867057594773477e-05   -8.3186399935318206e-06    2.1853533361519975e-06 
  -2.5552030391106730e-07    2.6108017651451360e-07   -3.1302777408659536e-06   -2.1314739123264616e-05    6.8888424499495868e-06 
   2.3723061375511488e-07    2.2191381562601886e-06    1.6052010945829720e-05   -2.3452451163434848e-06   -3.7711853626307381e-08 
  -4.3157805291942737e-11    1.1477347986799709e-09    1.7054387372360735e-08    1.1210858907875835e-07    3.5457910935172184e-07 
  -1.0364379441033509e-03   -1.2146545743156715e-03    1.7922797249837692e-04   -2.7518781624379454e-05    3.8858449641145622e-06 
   6.4649073157456416e-04   -5.4194692554138785e-04    6.2213298961772827e-05   -2.1683864247526113e-05    5.6964726338492858e-06 
  -6.6605449770663943e-07    6.8054719397194370e-07   -8.1595690693151311e-06   -5.5560273071040155e-05    1.7956868505362689e-05 
   6.1837949809379920e-07    5.7845381654052533e-06    4.1842131228159568e-05   -6.1132561055061105e-06   -9.8301971859734196e-08 
  -1.1249771499900293e-10    2.9917541312148869e-09    4.4454985537844721e-08    2.9222894949843650e-07    9.2426710113309129e-07 
2    103 5 
   2.9596018844670361e-03    6.7010046104880045e-04    8.6878453502145834e-05   -2.7951525089981699e-05    8.7896792652370417e-06 
   2.9596018844670361e-03    6.7010046104880045e-04    8.6878453502145834e-05   -2.7951525089981699e-05    8.7896792652370417e-06 
   2.9596018844670361e-03    6.7010046104880045e-04    8.6878453502145834e-05   -2.7951525089981699e-05    8.7896792652370417e-06 
   2.9596018844670361e-03    6.7010046104880045e-04    8.6878453502145834e-05   -2.7951525089981699e-05    8.7896792652370417e-06 
   1.5720630399672162e-03   -1.6886263375189665e-04   -1.0304321927880168e-04    2.3006372230540573e-05   -6.0348703007728209e-06 
   1.5720630399672162e-03   -1.6886263375189665e-04   -1.0304321927880168e-04    2.3006372230540573e-05   -6.0348703007728209e-06 
   1.5720630399672162e-03   -1.6886263375189665e-04   -1.0304321927880168e-04    2.3006372230540573e-05   -6.0348703007728209e-06 
   1.5720630399672162e-03   -1.6886263375189665e-04   -1.0304321927880168e-04    2.3006372230540573e-05   -6.0348703007728209e-06 
   8.4990177042518851e-04    1.8793482422913794e-04    2.4350745251165794e-05   -7.9206013406476348e-06    2.4868030266790754e-06 
   8.4990177042518851e-04    1.8793482422913794e-04    2.4350745251165794e-05   -7.9206013406476348e-06    2.4868030266790754e-06 
   8.4990177042518851e-04    1.8793482422913794e-04    2.4350745251165794e-05   -7.9206013406476348e-06    2.4868030266790754e-06 
   8.4990177042518851e-04    1.8793482422913794e-04    2.4350745251165794e-05   -7.9206013406476348e-06    2.4868030266790754e-06 
   2.7886647867865597e-03    7.9811623064338479e-04    1.2932650976862689e-04   -3.8363707901557135e-05    1.1677196901058975e-05 
   2.7886647867865597e-03    7.9811623064338479e-04    1.2932650976862689e-04   -3.8363707901557135e-05    1.1677196901058975e-05 
   2.7886647867865597e-03    7.9811623064338479e-04    1.2932650976862689e-04   -3.8363707901557135e-05    1.1677196901058975e-05 
   2.7886647867865597e-03    7.9811623064338479e-04    1.2932650976862689e-04   -3.8363707901557135e-05    1.1677196901058975e-05 
  -4.3447155294160439e-03   -1.9074877969955520e-03   -3.9050928046937069e-04    1.2480235792305830e-04   -3.9636278615645954e-05 
  -2.3943394032748409e-04    4.0800618589128304e-04    5.6103202097383871e-04   -3.0537881593954328e-04    1.2123567529115564e-04 
  -2.7107076987515260e-05    7.3900629333674780e-05   -5.1514854082642468e-05    2.1801861634025603e-05   -8.9326740948554104e-06 
  -1.1516812273057625e-07    9.6801652115386855e-08    1.5442416175771238e-06   -7.1541373029413918e-07   -9.5014278674325880e-06 
  -9.4439346471125258e-08    1.1318980887650835e-07    1.3812822998935065e-06    2.7701526896221770e-06    1.8214284117369403e-08 
  -3.4688952009911582e-03   -1.5229708873106393e-03   -3.1178928972244621e-04    9.9644337480908829e-05   -3.1646282879524392e-05 
  -1.9116815380270633e-04    3.2575911831981484e-04    4.4793756276607038e-04   -2.4381967056872510e-04    9.6796637054609897e-05 
  -2.1642753970483304e-05    5.9003526631412460e-05   -4.1130340731665011e-05    1.7406979279287722e-05   -7.1319998029483741e-06 
  -9.1952199296452607e-08    7.7288094973668827e-08    1.2329489238399219e-06   -5.7119856039782586e-07   -7.5861025442856805e-06 
  -7.5401989736819233e-08    9.0372679673598754e-08    1.1028394169591637e-06    2.2117372946473842e-06    1.4542596019565965e-08 
  -1.5918589634048700e-03   -6.9888385710741702e-04   -1.4307857308473902e-04    4.5726296870024368e-05   -1.4522323720192834e-05 
  -8.7726126480110531e-05    1.4948925878766742e-04    2.0555634662331736e-04   -1.1188764882212333e-04    4.4419501136500748e-05 
  -9.9317534559234427e-06    2.7076428458800038e-05   -1.8874511268858666e-05    7.9879772625069936e-06   -3.2728396666700203e-06 
  -4.2196412452306351e-08    3.5467127030291394e-08    5.6579420308638221e-07   -2.6212021279669515e-07   -3.4812251834472268e-06 
  -3.4601602604432110e-08    4.1471578658308958e-08    5.0608758966861625e-07    1.0149553771977011e-06    6.6735258586963211e-09 
  -3.5473927356204902e-03   -1.5574341538665078e-03   -3.1884476103217314e-04    1.0189918646850278e-04   -3.2362405749282845e-05 
  -1.9549409272668006e-04    3.3313071249879835e-04    4.5807392962286136e-04   -2.4933705922558399e-04    9.8987045507141437e-05 
  -2.2132507258154461e-05    6.0338715821814818e-05   -4.2061078087171626e-05    1.7800881337319781e-05   -7.2933896314298935e-06 
  -9.4032983099449632e-08    7.9037045161007198e-08    1.2608492913164799e-06   -5.8412419699885126e-07   -7.7577682512812630e-06 
  -7.7108259300337704e-08    9.2417720570249901e-08    1.1277955399629975e-06    2.2617866373971918e-06    1.4871680027154344e-08 
   4.2497368687776250e-03    1.8622858640721517e-03    3.7799073864048805e-04   -1.1994000421732660e-04    3.7926285721788760e-05 
   4.2497368687776250e-03    1.8622858640721517e-03    3.7799073864048805e-04   -1.1994000421732660e-04    3.7926285721788760e-05 
   4.2497368687776250e-03    1.8622858640721517e-03    3.7799073864048805e-04   -1.1994000421732660e-04    3.7926285721788760e-05 
   4.2497368687776250e-03    1.8622858640721517e-03    3.7799073864048805e-04   -1.1994000421732660e-04    3.7926285721788760e-05 
   1.3565843579211913e-03    6.0967235978873528e-04    1.3792195867352061e-04   -4.7538910647981825e-05    1.5763608325734819e-05 
   1.3565843579211913e-03    6.0967235978873528e-04    1.3792195867352061e-04   -4.7538910647981825e-05    1.5763608325734819e-05 
   1.3565843579211913e-03    6.0967235978873528e-04    1.3792195867352061e-04   -4.7538910647981825e-05    1.5763608325734819e-05 
   1.3565843579211913e-03    6.0967235978873528e-04    1.3792195867352061e-04   -4.7538910647981825e-05    1.5763608325734819e-05 
   4.2013442088149932e-03    1.8426809445079967e-03    3.7550474608835139e-04   -1.1954882967152076e-04    3.7879627043685239e-05 
   4.2013442088149932e-03    1.8426809445079967e-03    3.7550474608835139e-04   -1.1954882967152076e-04    3.7879627043685239e-05 
   4.2013442088149932e-03    1.8426809445079967e-03    3.7550474608835139e-04   -1.1954882967152076e-04    3.7879627043685239e-05 
   4.2013442088149932e-03    1.8426809445079967e-03    3.7550474608835139e-04   -1.1954882967152076e-04    3.7879627043685239e-05 
  -4.2485007304562672e-03   -1.8652460083989064e-03   -3.8186135596018244e-04    1.2203857886871658e-04   -3.8758523431745420e-05 
  -2.3413161655581646e-04    3.9897078808811507e-04    5.4860782824073002e-04   -2.9861612660274638e-04    1.1855088130500962e-04 
  -2.6506784069582491e-05    7.2264081636547130e-05   -5.0374044909879468e-05    2.1319054020992168e-05   -8.7348578197987923e-06 
  -1.1261769619515088e-07    9.4657955610012186e-08    1.5100440053802964e-06   -6.9957071646106398e-07   -9.2910163995455938e-06 
  -9.2347963807958509e-08    1.1068319259021431e-07    1.3506934620533419e-06    2.7088069738174630e-06    1.7810924294917575e-08 
  -1.3590576733467125e-03   -5.9667564188499434e-04   -1.2215405831330327e-04    3.9039058147471467e-05   -1.2398507619379635e-05 
  -7.4896625949050902e-05    1.2762721378515706e-04    1.7549477472928829e-04   -9.5524648338933215e-05    3.7923374654165462e-05 
  -8.4792849456899272e-06    2.3116638288762936e-05   -1.6114209839133345e-05    6.8197761502116655e-06   -2.7942034846526154e-06 
  -3.6025401401357760e-08    3.0280239801508444e-08    4.8304967394530651e-07   -2.2378646270185764e-07   -2.9721136777670991e-06 
  -2.9541293927863297e-08    3.5406570869081125e-08    4.3207484955420719e-07    8.6652330714942459e-07    5.6975565895231720e-09 
  -4.2004130775132494e-03   -1.8441337835469166e-03   -3.7753916855272227e-04    1.2065725656265505e-04   -3.8319825984900584e-05 
  -2.3148154288648356e-04    3.9445494355631406e-04    5.4239828173950351e-04   -2.9523616986734549e-04    1.1720903532263363e-04 
  -2.6206760811063075e-05    7.1446143663023243e-05   -4.9803874456195176e-05    2.1077749302957008e-05   -8.6359902808728940e-06 
  -1.1134300636138145e-07    9.3586547316484359e-08    1.4929522177906508e-06   -6.9165246106778668e-07   -9.1858538491648489e-06 
  -9.1302701698961630e-08    1.0943039888966296e-07    1.3354053209992509e-06    2.6781467061346160e-06    1.7609327166794595e-08 
  -2.3816886371247209e-03   -2.4002397959028510e-04    1.5431582738817926e-05    1.4263716673556323e-06   -1.2539292153352414e-06 
   1.1900828802971916e-04   -1.2025769924873097e-03   -3.4723006917210784e-04    8.5574029824718789e-05   -2.3622540568374685e-05 
  -2.7764453952836330e-06    2.3410049761336183e-05   -6.9877675196095698e-05    4.4701944512467313e-05   -1.6672708139391203e-05 
   8.5719345333359418e-07   -5.9066057905352922e-06    3.3993345753865925e-05    4.6475165157044709e-05   -2.6300442734714052e-05 
   1.3387303698555250e-09   -9.3623920851963727e-09    1.0549210411189652e-07    6.4984478839168249e-07    1.2868270427200167e-06 
  -3.5116209852431666e-03   -3.5389732753160220e-04    2.2752709542490675e-05    2.1030778758256408e-06   -1.8488244340354319e-06 
   1.7546878090981139e-04   -1.7731094389765553e-03   -5.1196465339997243e-04    1.2617247873638435e-04   -3.4829661565168981e-05 
  -4.0936601713942675e-06    3.4516359832299109e-05   -1.0302938293178985e-04    6.5909659215851362e-05   -2.4582655713470042e-05 
   1.2638673553791145e-06   -8.7088465395052229e-06    5.0120634766101540e-05    6.8524139853623457e-05   -3.8778027147959059e-05 
   1.9738573661930883e-09   -1.3804143835585861e-08    1.5554018304593089e-07    9.5814732475781488e-07    1.8973298092606128e-06 
  -9.1106095205794983e-04   -9.1815727695732259e-05    5.9030018628972690e-06    5.4562611963347784e-07   -4.7966217201076530e-07 
   4.5523920509624902e-05   -4.6001854424647051e-04   -1.3282498495898997e-04    3.2734403594276809e-05   -9.0362669430344914e-06 
  -1.0620661935968904e-06    8.9549834058220993e-06   -2.6730119252115042e-05    1.7099714669477775e-05   -6.3777662260655267e-06 
   3.2789990745169355e-07   -2.2594380352977617e-06    1.3003383172512641e-05    1.7778019995990905e-05   -1.0060637660160866e-05 
   5.1210092969242998e-10   -3.5813706769732342e-09    4.0353611008871714e-08    2.4858338003273586e-07    4.9224648948645134e-07 
  -3.7822415623969224e-03   -3.8117017372777057e-04    2.4506130943625804e-05    2.2651500786478996e-06   -1.9913027759456677e-06 
   1.8899115788666241e-04   -1.9097528585679726e-03   -5.5141884579933500e-04    1.3589587119816962e-04   -3.7513784696465092e-05 
  -4.4091351850445089e-06    3.7176338588069269e-05   -1.1096926915241670e-04    7.0988940292013961e-05   -2.6477100616580986e-05 
   1.3612663954793384e-06   -9.3799876127498320e-06    5.3983145886952402e-05    7.3804904023241886e-05   -4.1766428268627843e-05 
   2.1259712822173645e-09   -1.4867950376097530e-08    1.6752677678237762e-07    1.0319862678310895e-06    2.0435461834623910e-06 
  -2.0845517602633935e-03   -2.1007884967045437e-04    1.3506355306245088e-05    1.2484190937592783e-06   -1.0974903739845542e-06 
   1.0416094380740540e-04   -1.0525447984536043e-03   -3.0391002443666331e-04    7.4897907192143331e-05   -2.0675418170171258e-05 
  -2.4300590958022073e-06    2.0489437484473130e-05   -6.1159812648300867e-05    3.9124978667721868e-05   -1.4592639255433343e-05 
   7.5025093296409293e-07   -5.1697040939434627e-06    2.9752373011280662e-05    4.0676974238583566e-05   -2.3019228182799520e-05 
   1.1717118289523339e-09   -8.1943502594164459e-09    9.2331024254211716e-08    5.6877086132268284e-07    1.1262839043036827e-06 
  -1.6884432341237941e-03   -1.7015946503231444e-04    1.0939864708190329e-05    1.0111932993894432e-06   -8.8894419980057065e-07 
   8.4368181296366729e-05   -8.5253922566865296e-04   -2.4616074991471744e-04    6.0665734984017532e-05   -1.6746655366185225e-05 
  -1.9682969341618968e-06    1.6596014908878936e-05   -4.9538166350570457e-05    3.1690412670974273e-05   -1.1819731938789791e-05 
   6.0768753062683657e-07   -4.1873519603744446e-06    2.4098798536754372e-05    3.2947496553928768e-05   -1.8645092350735690e-05 
   9.4906202266112495e-10   -6.6372519585716833e-09    7.4786194410469103e-08    4.6069247637473072e-07    9.1226635585378757e-07 
  -6.1338201075636280e-04   -6.1815969113650145e-05    3.9742622532374483e-06    3.6734890857300908e-07   -3.2293794052652298e-07 
   3.0649490395380720e-05   -3.0971264767493530e-04   -8.9425911810614729e-05    2.2038804596128355e-05   -6.0837681328890874e-06 
  -7.1504798434537698e-07    6.0290430792204991e-06   -1.7996352777038791e-05    1.1512574810315435e-05   -4.2939026889929336e-06 
   2.2076229269318080e-07   -1.5211920148040699e-06    8.7546736570967903e-06    1.1969251483971085e-05   -6.7734372146465808e-06 
   3.4477769819396855e-10   -2.4111980017841772e-09    2.7168521497919956e-08    1.6736155044365687e-07    3.3141047350008163e-07 
  -1.5988782136812513e-03   -1.6113320009423360e-04    1.0359549547795733e-05    9.5755362308834613e-07   -8.4178933914649870e-07 
   7.9892793714603807e-05   -8.0731550026771708e-04   -2.3310292709149134e-04    5.7447665413070355e-05   -1.5858313667807094e-05 
  -1.8638868174447128e-06    1.5715664071766040e-05   -4.6910368866945001e-05    3.0009365655981571e-05   -1.1192743413900201e-05 
   5.7545218803238104e-07   -3.9652300338853474e-06    2.2820455658555556e-05    3.1199766371033627e-05   -1.7656046320761607e-05 
   8.9871815693738554e-10   -6.2851728389794423e-09    7.0819092114211180e-08    4.3625462129597172e-07    8.6387435003459878e-07 
 TENSORSUMACCUMULATOR_IMPL_H - PrettifyOut: Norm of simple tensor is 4.36599e-08 
 As simple full tensor 3    5 5 5 
  -2.6871327838559012e-11   -3.0676126759863740e-11   -5.5093177163034634e-12    1.6701729835947140e-12   -4.8156131870960535e-13 
   5.3734449335452720e-11    1.1026891965479742e-11    5.1757887662440030e-12   -1.3934796510138003e-12    4.6827455259629950e-13 
  -9.1839983659151185e-12   -1.9080606486924026e-12   -7.9280978843417803e-13    2.3947181371816767e-13   -8.4932579456966909e-14 
   1.3068246958072458e-12    3.8228164199331860e-13    1.8951179530649448e-13   -6.7255201591596323e-14    2.3579850226342228e-14 
  -1.8399156192113644e-13   -8.2213119944444026e-14   -4.2183443803146736e-14    1.5402747473070895e-14   -5.2330367034825165e-15 

   1.9891204119344972e-08   -1.5389681235807499e-09   -1.1442825913190523e-09    2.2291831821360654e-10   -5.1464432268876992e-11 
   3.5664737671326181e-08    1.3752488917120926e-08    2.6500988523113447e-09   -8.0189951536591999e-10    2.4732920935975384e-10 
  -5.3937585655061451e-09   -1.9466658745861431e-09   -3.4914374052559171e-10    1.2219370706770579e-10   -4.1123760033828141e-11 
   8.1156987883067950e-10    3.7940921154293905e-10    1.0489796334789715e-10   -4.1155794092151641e-11    1.4026173139927527e-11 
  -1.1340853363919293e-10   -7.2393309639139491e-11   -2.5361892594901660e-11    9.8489414357286948e-12   -3.2827604979934177e-12 

   4.2551694557624358e-12   -1.6349906033191313e-12   -1.7056491293051516e-13   -3.8104428660977958e-14    7.7131312688697115e-14 
   1.0645210017631743e-11    3.4606410740805313e-12    1.3866465047830335e-12   -5.1364403752077880e-13    2.6403252077732085e-13 
  -1.7922280051694174e-12   -5.5663592797070124e-13   -2.0827193856745153e-13    8.2653112616349573e-14   -4.2562485404195160e-14 
   2.4582136430543375e-13    1.0091899747118961e-13    4.5720908694066615e-14   -1.8910539209816758e-14    8.6501959818000583e-15 
  -3.6737022496240408e-14   -2.1112581590360192e-14   -9.9140488667056258e-15    3.9801250729030905e-15   -1.6401315165836450e-15 

   8.7229061882472448e-10    1.6317303356595543e-10    1.9022192240402880e-10   -1.1715924817745381e-10    4.7714311560298798e-11 
   1.4250487817865824e-09    9.0748214176555785e-10    5.1338191847616220e-10   -2.5046591203920291e-10    9.6218488393325827e-11 
  -2.2644385748988502e-10   -1.3617189347620075e-10   -7.6334830698468006e-11    3.8168413850081603e-11   -1.4782325852476931e-11 
   3.2969559949443873e-11    2.3608456746708489e-11    1.3559893024338144e-11   -6.6554763766235210e-12    2.5392003372005486e-12 
  -4.6203358885280350e-12   -4.1031319158949322e-12   -2.3369830966125760e-12    1.0991860209999016e-12   -4.0941297385811232e-13 

   2.4632746660116488e-13    3.4329813285824134e-14    1.2286229132213257e-13   -7.3566700949935432e-14    4.3672819119174197e-14 
   7.3440295055185909e-13    5.5083888345415195e-13    3.4373299896123620e-13   -1.6314624666788718e-13    8.6388452654561059e-14 
  -1.3926862301493943e-13   -9.1778964034086968e-14   -5.3043995750588019e-14    2.5404047027030973e-14   -1.3370071837770411e-14 
   1.7092163628467111e-14    1.4201541534675169e-14    8.8650774608306458e-15   -4.2425035781162837e-15    2.1592900682327205e-15 
  -2.7821079706297793e-15   -2.5869840802695930e-15   -1.5142769409111217e-15    6.9631054199101577e-16   -3.3505566770312346e-16 
