2    3 5 
   5.6545982050079911e-06   -5.4941642979280155e-04   -1.0714919044982045e-07   -9.0848433649550291e-05    1.2454518993319055e-09 
  -1.1803906594317402e-05    2.5795220673741277e-04   -3.2314391679268730e-07   -3.4530289422481386e-05   -1.3563997154543494e-08 
   6.3798368658587539e-06    7.9144267935528825e-05   -3.1516579204240745e-08    3.8241171342402931e-06   -1.3031658731013881e-09 
2    3 5 
  -4.2269363172240570e-04    3.2487447140564375e-04    5.2667637316243632e-06    8.4574753507743392e-07   -2.7641771015861532e-07 
  -4.2269363172240570e-04    3.2487447140564375e-04    5.2667637316243632e-06    8.4574753507743392e-07   -2.7641771015861532e-07 
  -4.2269363172240570e-04    3.2487447140564375e-04    5.2667637316243632e-06    8.4574753507743392e-07   -2.7641771015861532e-07 
2    3 5 
  -5.0887326395767426e-04   -2.1424920661631579e-04   -6.9013896929338199e-05    2.1950836672012581e-05   -6.6602311951793007e-06 
  -5.1519396744059385e-05   -2.3922395341065093e-04   -8.4395728413066729e-05    2.8202474929957847e-05   -8.4114191621579466e-06 
   7.2081817195373656e-05    2.5287462565235441e-05   -1.3404905292366395e-05    1.6564633768076335e-05   -5.4607345102913193e-06 
 TENSORSUMACCUMULATOR_IMPL_H - PrettifyOut: Norm of simple tensor is 1.51542e-10 
 As simple full tensor 3    5 5 5 
   7.6485290970253614e-13   -7.4969530402195079e-13   -2.1998343099197044e-13    4.3578258085750967e-14   -1.1323150573163448e-14 
  -5.8785173490823802e-13    5.7620188082079977e-13    1.6907517761812553e-13   -3.3493439450927538e-14    8.7027631386668800e-15 
  -9.5300692097821182e-15    9.3412054042606853e-15    2.7409941124158810e-15   -5.4298520713018215e-16    1.4108648508247145e-16 
  -1.5303577213638785e-15    1.5000295908221582e-15    4.4015435898859258e-16   -8.7193658936400991e-17    2.2655952131431159e-17 
   5.0017051131485630e-16   -4.9025829513917894e-16   -1.4385671253161918e-16    2.8497714204209370e-17   -7.4046995703747804e-18 

  -1.1497209823788435e-10   -2.4518363218469956e-11   -6.3769180441444251e-12    1.4685492078978742e-12   -4.4691840452353590e-13 
   8.8365418445575641e-11    1.8844358401791798e-11    4.9011807212394240e-12   -1.1286996345436297e-12    3.4349318166777852e-13 
   1.4325526379013703e-12    3.0549886836865117e-13    7.9456415128812446e-14   -1.8298126883874293e-14    5.5686044626425710e-15 
   2.3004218987436666e-13    4.9057624009278418e-14    1.2759271284143356e-14   -2.9383500945082005e-15    8.9421772801807807e-16 
  -7.5185244683123962e-14   -1.6033621774878134e-14   -4.1701434593392838e-15    9.6034806024464990e-16   -2.9225934041813775e-16 

  -2.9124337545584338e-14   -4.2042554232795975e-14   -1.4831992450512410e-14    5.0670539366661676e-15   -1.5233206346592688e-15 
   2.2384424687464994e-14    3.2313126003972163e-14    1.1399593808920174e-14   -3.8944435064008320e-15    1.1707959354619423e-15 
   3.6288932025691197e-16    5.2385033319725528e-16    1.8480666384249293e-16   -6.3135505001750024e-17    1.8980579001311625e-17 
   5.8273498442762214e-17    8.4120942314309627e-17    2.9676626553829993e-17   -1.0138426641483419e-17    3.0479396309943921e-18 
  -1.9045668280907474e-17   -2.7493450807134202e-17   -9.6992835533253933e-18    3.3135664729940541e-18   -9.9616547321539395e-19 

  -2.0409748460105167e-11   -1.1759919897558483e-11   -3.8603558721831992e-12    1.2277955083383515e-12   -3.6970383722965267e-13 
   1.5686553439379268e-11    9.0384559259247329e-12    2.9669977953129217e-12   -9.4366081443025010e-13    2.8414749994506491e-13 
   2.5430551797821231e-13    1.4652863198077285e-13    4.8100044034091126e-14   -1.5298335172019951e-14    4.6065107568079783e-15 
   4.0836892624444569e-14    2.3529863048894742e-14    7.7240020156366523e-15   -2.4566374954005793e-15    7.3972278165522593e-16 
  -1.3346820275637834e-14   -7.6903219868394985e-15   -2.5244542394407744e-15    8.0290876769301098e-16   -2.4176538384894981e-16 

   1.2217023799022717e-17   -1.2448505762535994e-15   -4.5492771808259261e-16    1.5926506127964724e-16   -4.7727906508341860e-17 
  -9.3897774912875922e-18    9.5676902273510653e-16    3.4964899125075662e-16   -1.2240816684598805e-16    3.6682782125230781e-17 
  -1.5222414776132814e-19    1.5510841361835015e-17    5.6684005300594334e-18   -1.9844430706101760e-18    5.9468983708175627e-19 
  -2.4444460452130495e-20    2.4907621676629059e-18    9.1024318166078454e-19   -3.1866586788248080e-19    9.5496492623635330e-20 
   7.9892420657449372e-21   -8.1406181677142385e-19   -2.9749697814860336e-19    1.0415033547537138e-19   -3.1211349397296867e-20 
