2    22 5 
  -3.1608414491895199e-05    8.7234746030934748e-04    2.3950303738282791e-06    6.5981812653320048e-05    4.8530399526276055e-07 
   9.5316512461603365e-05   -8.1361115596566649e-04    1.8324731453410353e-06   -3.5339992735452407e-04   -3.5585146790268246e-07 
   1.2255664166308172e-05   -4.3831607299919177e-04   -2.2669480260632609e-06    8.5455178075551654e-06   -3.9526083839795220e-07 
  -6.1950976922594308e-05    1.4652555533433621e-04    2.6321528693809179e-06    4.3911662826715073e-06    5.3927575673004394e-07 
  -1.2260004102403353e-04    2.7088245934451029e-05   -2.2273088813950736e-05    5.4052806593093244e-05   -3.7459009199672465e-06 
   3.0357142364551833e-05    3.0108587419208731e-05   -2.3402636031679673e-05    2.9437566481476754e-05   -3.8135091434739126e-06 
   2.6321929449604853e-05    1.2046252386178205e-05   -1.5250135687689379e-05   -4.1145567991170143e-06   -2.0824257844047933e-06 
  -3.8194915425516085e-05    5.9244569537907684e-04   -3.8462320831268501e-06   -2.1771921448030342e-04   -4.4991425917232168e-07 
  -1.6915392497542862e-06    4.8732175560914939e-04   -6.9732257455791892e-07    1.9719669885510892e-05   -8.4751086774112301e-08 
  -2.4784382892695006e-06    2.6083658334361696e-05   -5.0808055469197181e-08    2.2625594908455900e-06    4.1660859802146065e-09 
  -9.3781075492191395e-06   -4.3212821444493026e-05   -1.1390064212861850e-06   -5.4204839608533711e-05   -1.1366394970407397e-07 
   3.5899242289480576e-05   -2.0042259651762407e-06    2.8589388417255790e-06    6.9174172589912434e-06   -8.2504227309538977e-09 
   2.0891574008839165e-06    1.4988155341184951e-07   -2.7374823461589982e-05    2.0142827916992853e-06   -5.8339570547823957e-06 
   1.6196067831808684e-07    6.1609532806576801e-04    2.2499148629164975e-08    5.1741134768913306e-05    5.7666192095367669e-09 
  -7.8635147266456738e-07   -4.0501804520053260e-04   -1.0207595123689647e-08    2.3274167695676099e-05   -1.3986059304494191e-09 
   9.9325128715053098e-07    2.3400271756932312e-05   -2.7259780980538808e-07   -2.4572140901979776e-04   -7.8818987889310213e-09 
  -1.3586269821134435e-05   -2.3482629307273728e-05    7.7199853387344053e-07   -2.9822461583877877e-06    2.3021827954131516e-07 
   1.0353191488763475e-07   -1.7545723347334103e-05    2.8794501132206514e-08   -7.6140396704004454e-06    7.1863459733908687e-09 
  -1.0918605028582891e-05    1.7648156973947303e-05   -2.1816570555139639e-06    3.4080654361391675e-06   -4.1421377918809748e-07 
   1.5034971508015186e-05    4.3490188891755668e-07    1.9904168613721855e-06    1.7791683475477955e-05    1.0251428224965085e-06 
  -3.6663384064709221e-06    4.1685748871347556e-06   -4.6108927934849524e-06    5.0702381198684672e-06   -8.1456702103551960e-07 
  -6.0476914442491797e-06    1.1876868389753948e-06    6.9900142096712408e-07    3.4630849193138748e-06    1.1286643916868092e-06 
2    22 5 
  -6.3076499380531356e-04    8.0281936554007686e-06   -7.6705999460396432e-06    5.5346088795491241e-07   -2.8163647377723255e-07 
  -6.3076499380531356e-04    8.0281936554007686e-06   -7.6705999460396432e-06    5.5346088795491241e-07   -2.8163647377723255e-07 
  -6.3076499380531356e-04    8.0281936554007686e-06   -7.6705999460396432e-06    5.5346088795491241e-07   -2.8163647377723255e-07 
  -6.3076499380531356e-04    8.0281936554007686e-06   -7.6705999460396432e-06    5.5346088795491241e-07   -2.8163647377723255e-07 
  -6.3076499380531356e-04    8.0281936554007686e-06   -7.6705999460396432e-06    5.5346088795491241e-07   -2.8163647377723255e-07 
  -6.3076499380531356e-04    8.0281936554007686e-06   -7.6705999460396432e-06    5.5346088795491241e-07   -2.8163647377723255e-07 
  -6.3076499380531356e-04    8.0281936554007686e-06   -7.6705999460396432e-06    5.5346088795491241e-07   -2.8163647377723255e-07 
   6.0873035688408233e-04   -9.7201435638611912e-06    7.4672424439389218e-06    2.3142198027710120e-08    2.9127447322435194e-07 
   6.0873035688408233e-04   -9.7201435638611912e-06    7.4672424439389218e-06    2.3142198027710120e-08    2.9127447322435194e-07 
   6.0873035688408233e-04   -9.7201435638611912e-06    7.4672424439389218e-06    2.3142198027710120e-08    2.9127447322435194e-07 
   6.0873035688408233e-04   -9.7201435638611912e-06    7.4672424439389218e-06    2.3142198027710120e-08    2.9127447322435194e-07 
   6.0873035688408233e-04   -9.7201435638611912e-06    7.4672424439389218e-06    2.3142198027710120e-08    2.9127447322435194e-07 
   6.0873035688408233e-04   -9.7201435638611912e-06    7.4672424439389218e-06    2.3142198027710120e-08    2.9127447322435194e-07 
  -5.0020697383601292e-04   -1.4385726175901590e-05   -5.4224937281400691e-06    6.0382793210605748e-06   -3.0146475705170566e-08 
  -5.0020697383601292e-04   -1.4385726175901590e-05   -5.4224937281400691e-06    6.0382793210605748e-06   -3.0146475705170566e-08 
  -5.0020697383601292e-04   -1.4385726175901590e-05   -5.4224937281400691e-06    6.0382793210605748e-06   -3.0146475705170566e-08 
  -5.0020697383601292e-04   -1.4385726175901590e-05   -5.4224937281400691e-06    6.0382793210605748e-06   -3.0146475705170566e-08 
  -5.0020697383601292e-04   -1.4385726175901590e-05   -5.4224937281400691e-06    6.0382793210605748e-06   -3.0146475705170566e-08 
  -5.0020697383601292e-04   -1.4385726175901590e-05   -5.4224937281400691e-06    6.0382793210605748e-06   -3.0146475705170566e-08 
  -5.0020697383601292e-04   -1.4385726175901590e-05   -5.4224937281400691e-06    6.0382793210605748e-06   -3.0146475705170566e-08 
  -5.0020697383601292e-04   -1.4385726175901590e-05   -5.4224937281400691e-06    6.0382793210605748e-06   -3.0146475705170566e-08 
  -5.0020697383601292e-04   -1.4385726175901590e-05   -5.4224937281400691e-06    6.0382793210605748e-06   -3.0146475705170566e-08 
2    22 5 
   1.4451798967224375e-04    7.1230195956693474e-04    1.3863942981208187e-05    4.8774157382882607e-04    2.2741962379874795e-06 
   2.9291399072740455e-05    8.8583489219197422e-04   -2.4997549112095837e-06    1.0186008981780413e-04   -4.1826450569289902e-07 
   6.0416326997133471e-05   -4.0018090404663902e-04    9.7320444852176753e-06    1.6869168915542457e-04    1.7364047022755399e-06 
  -1.5220375245745700e-04   -1.3445486555887571e-05   -1.7601116371429237e-05   -4.0861735790549007e-05   -2.8141030362207824e-06 
   4.6182168899066553e-05   -1.2328482972971927e-04   -1.3116594600158519e-05   -4.1098232101096167e-05   -1.8219728478860275e-06 
   4.0191091260620475e-05   -3.7550498946099610e-05    1.3781389396175641e-05   -6.0770523602646239e-06    2.1583854134110717e-06 
  -2.4372137987500938e-05   -1.9154874884696563e-05   -1.0010104071469803e-05    5.2705046199823546e-06   -1.7023910814069065e-06 
   1.5261391331053661e-06   -6.3223735786276461e-04    4.1852041498694411e-06   -1.1101515404477912e-05    4.9036676438657083e-07 
  -1.2981472434242937e-04    2.2571369377444777e-04   -1.4177282729278892e-05   -4.1215469889224906e-04   -1.9204788407404173e-06 
   1.1841404517767045e-05   -2.3409776903342646e-05    1.0247751703556937e-06   -1.5222090106677490e-06    1.3365134573852304e-07 
   2.0447081152771784e-06   -6.9438802735665559e-05    1.8452250963437966e-06   -8.0760586455547789e-06    4.6475258411560875e-07 
  -1.1958214474925671e-05    2.8380759605438821e-07   -3.3295234724584440e-05   -8.7809291860382137e-06   -4.4766021342328425e-06 
  -2.6353466769337161e-05   -4.9960571552468040e-07   -1.3283363222466286e-06   -9.7639914947999056e-06   -7.4624606208854113e-08 
   8.9747788746175042e-06   -6.1434734320490179e-04    5.9229149967394177e-07   -6.8898289206062679e-05    3.0860793198227718e-07 
  -3.2297417081130512e-06   -3.8210464589235097e-04   -5.0658233361289326e-07    1.3626164317230943e-04    1.9648175023697342e-07 
   1.4440435764323969e-06   -2.4567165790270572e-04   -3.4362499716391832e-07    2.3893026238283579e-05   -3.0810810615369366e-08 
   2.5586809161860876e-05    6.5577261417864995e-06    6.7386960144413716e-06   -2.2625571526524089e-07    1.5535734026300969e-06 
   1.4155635224968486e-06    4.3367104484285344e-06   -7.3207008244005431e-07    1.8559869240941148e-05   -1.4851620016349908e-07 
  -9.5442894882638070e-06   -6.9628807722612927e-07    1.7009565844436078e-05   -5.9674990256206136e-06    5.5411945614434536e-06 
   1.8703569083044659e-05    1.3645718420327096e-05   -3.3572044497958537e-06    5.2012319315568081e-07   -4.7508775514953478e-07 
   2.3631823909544781e-07    7.1210487615663993e-06    5.1195527010512492e-06   -6.1816820212722914e-07    1.0455078754623905e-06 
   1.9533780395922682e-06    3.9115449934378142e-06    5.4954136100215705e-06   -5.4290410856802686e-07   -1.4595991465861468e-06 
 TENSORSUMACCUMULATOR_IMPL_H - PrettifyOut: Norm of simple tensor is 3.71129e-10 
 As simple full tensor 3    5 5 5 
  -2.3295027477458659e-12   -3.0096564332239108e-11   -2.0825027795536491e-12   -1.9177333377170675e-12   -2.7508936978656942e-13 
   2.9745390369890488e-14    3.3411671076997231e-13    3.7054804035506159e-14    2.2931473157644802e-14    5.5996209621320053e-15 
  -2.8332331789864612e-14   -3.6439554283430010e-13   -2.5663077050187296e-14   -2.3272565780583155e-14   -3.4124135510656398e-15 
   2.0087459877959282e-15    4.0227992097040529e-14   -1.0530882104132446e-15    2.1028876119775743e-15   -3.2934557308681201e-16 
  -1.0414317739471497e-15   -1.2955184785792879e-14   -1.0295558267354692e-15   -8.4155461889307796e-16   -1.4256408017120148e-16 

  -7.5942608324316611e-11   -8.8471587493762058e-11   -7.6154377820016485e-12   -2.4220764986430046e-10   -1.2084125142037991e-12 
   9.6274425936815832e-13    6.4097057445758828e-12    9.0213062811753238e-14    5.5147027920566503e-12    1.3012487322134613e-14 
  -9.2351387093238012e-13   -1.2445116323123647e-12   -9.2404152286349099e-14   -3.0232098240893516e-12   -1.4621091555621466e-14 
   6.6111558681209203e-14   -1.3545870850843128e-12    8.3829735756939783e-15   -4.4886082391337931e-13    1.6828312091375580e-15 
  -3.3941900550984194e-14   -8.8983720965123206e-14   -3.3427063936563645e-15   -1.3101705603590676e-13   -5.1823980031383545e-16 

   1.5236580488447305e-12   -3.7087490692291561e-12   -6.3805317547126180e-14   -8.1161484512315231e-13   -4.2779532857673852e-15 
  -2.2527230292681232e-14    4.1269020328735155e-14    2.1536954908176432e-15    9.0287206302415812e-15    4.4443193413569150e-16 
   1.8630046134419658e-14   -4.4908104846694578e-14   -8.1874108153479976e-16   -9.8273998941327716e-15   -6.4455785048224495e-17 
  -4.7187606082175710e-16    4.9149714647576343e-15   -3.0769054166153215e-16    1.0778404506220321e-15   -1.0176874496816947e-16 
   7.1035137702699678e-16   -1.5980649885880726e-15   -4.1053748290676345e-17   -3.4962354549873902e-16   -5.5539036918013332e-18 

  -3.7956336797127062e-12    2.5365808997567412e-10   -1.9647933369501431e-12    3.0894006415165420e-12   -3.1161393185366415e-13 
   4.9146045114725445e-14   -3.9295570003130733e-12    2.5269027540184093e-14    1.0449993259103784e-13    3.6295772706434105e-15 
  -4.6190214641626059e-14    3.1072603826070765e-12   -2.3904552162145082e-14    3.2982786945318641e-14   -3.7791282225342723e-15 
   3.0267659841613308e-15   -2.9751248901323505e-14    1.6152313787837914e-15   -4.1650944109905753e-14    3.5920208138554003e-16 
  -1.7060028377472905e-15    1.1994747062021413e-13   -8.8141141170878356e-16    3.4526570425359401e-17   -1.3622590351030599e-16 

   2.8722182311623656e-13   -3.5984507438058471e-13    4.1554926852816694e-16   -1.1680792471799050e-13    1.9338528317816391e-15 
  -4.6241852855854846e-15    3.7583025633296003e-15    1.2386548021360599e-16    1.2479812369267780e-15    7.6834572006274477e-17 
   3.5239660844132676e-15   -4.3493446676843309e-15    9.5627174384341941e-19   -1.4127003741760709e-15    2.0289359308101132e-17 
   1.3414398011357458e-17    5.4437711460949730e-16   -3.5034197837444067e-17    1.6935703398045905e-16   -2.9060553492018951e-17 
   1.3744366954971425e-16   -1.5271349496047857e-16   -1.0088886010797783e-18   -4.9823317531674943e-17   -8.0577728530694894e-20 
