2    81 5 
   3.2440404981696114e-04   -5.8917116619370934e-06    3.6046692170618586e-04   -9.7095124523005254e-06    2.0083537739157883e-04 
  -5.3325009608788307e-04    5.1384396678111474e-04    2.5103896314922002e-04    9.9633337612788195e-04    1.5719474567839621e-04 
  -4.4560033973174289e-04   -1.4434671354603577e-03    1.5303739865332315e-04   -1.4428990002585578e-03    7.1029039274327606e-05 
   7.8881751044143508e-05    2.2719616404567313e-04   -5.6896747451168029e-05   -1.2888034147199854e-04   -1.6192369074275600e-05 
   3.4877849186382354e-04   -2.3447375948018140e-05   -1.4232054909386104e-04    7.9939696519408347e-05   -4.6178263242979285e-05 
   1.2561034219628305e-03    9.6069214856547641e-04   -8.9426527916027150e-04    8.7845182860468393e-04   -9.3786188681867466e-05 
  -8.9428790351552350e-05   -2.4595527067160613e-04   -1.7921847892559770e-04    3.0358998551043703e-04    3.0006442693122665e-04 
  -1.5543026576639524e-04   -3.8004424629284458e-04    1.6750201642306629e-04    1.7872227519601653e-04    2.7360030001638817e-05 
   2.8620389422633698e-04   -3.4729922625911075e-04    2.7824586326883312e-05    2.5506049647784964e-05   -1.2006453432246153e-04 
   3.1779507795266787e-04   -2.1531063405829041e-04   -3.1446571507755039e-04    2.4461765031275463e-04   -4.6968775794956747e-05 
  -6.5120101869975956e-05   -1.1096710453978918e-04   -6.9190082770897619e-05    2.1894541012939899e-04    8.8949443004073249e-06 
  -5.6741238296492799e-06   -2.1502252106055439e-04   -6.8152817958938789e-06   -1.0790241256598476e-04   -6.4719626417437492e-04 
  -7.1086767854279214e-05   -8.7841480359888762e-05    3.1290640901743521e-05   -1.0077896593752086e-04   -1.9128546880598727e-04 
   2.2660578406721385e-04    3.6020999011178066e-04    2.3313389177945641e-04    2.2829438339894186e-04   -4.2632856343342504e-05 
   6.4878062617606681e-05    1.2954019719096292e-04   -2.2104424235939849e-04   -2.4825041232430181e-04    2.0416028340172944e-05 
  -5.1699576731602885e-05    2.3589523321235248e-05   -7.9410677356208815e-05    2.6992377388965554e-07   -9.5478734366030114e-05 
  -9.2855538460363650e-05   -7.0795494367587966e-05   -1.6844118733154155e-04    1.0341907254388691e-04   -1.2539960049911888e-04 
  -5.1695194334103719e-05    9.9172970047317841e-05    8.2784157890742499e-05    1.1549782859887316e-04    9.2655374998909203e-05 
   1.0709686983993571e-04   -1.6944852272519284e-05    3.5093376812117009e-05   -2.2867663247355522e-05   -5.8108555581139086e-06 
  -2.4620954163060362e-05   -8.6975531580377752e-05   -5.7572427557215141e-05   -3.6038959285200106e-05    2.3303424976050800e-04 
  -5.3036399939357343e-06    4.3309440755501761e-06    9.0022207766155151e-06    6.1690073048674234e-05    3.7935366699151849e-06 
   3.4719259322390137e-03   -4.6970254052343645e-06   -1.1235902697019800e-05    2.2211936935993330e-08    3.3542614160196686e-06 
   1.4960467317246109e-05   -1.1731737238059984e-03    4.5959360465035120e-06   -2.3238238511495490e-04    4.8882903696499241e-07 
   2.0475733320782915e-03   -3.5405281167326248e-06    3.7913324043955431e-04   -7.8937537134620061e-07    3.0577881185986892e-05 
   1.2893974715481175e-03   -3.0701832455050649e-06    2.1522876313410439e-04   -7.1650003018330221e-07    1.3892086591402267e-06 
  -5.7538815269122860e-06    7.7619412047047031e-04    3.1538725969168633e-06   -2.4755990529102103e-04   -3.7902369174415281e-07 
   2.8347406492404425e-04   -3.2100339363707595e-06   -5.2826926076445522e-04    4.8162414226515444e-07    4.2253325894456437e-05 
   1.5385903894438650e-05   -2.8220486895787699e-04   -2.8787943160432133e-05   -2.3499624603634320e-05   -5.8291159554841600e-06 
  -5.3235523864932142e-04   -5.2852009901755122e-06   -3.0050155849600623e-04    2.3787766426816859e-06    2.0994100470569922e-05 
  -1.0701740202577843e-04    7.4369991779377366e-06    2.5431310697544905e-04    5.8591581870819204e-07    5.3991242364593854e-05 
  -1.0802073065760249e-04    7.6836195960884531e-05    8.4940260174542443e-05   -6.6631078066878638e-05    3.2127711794074270e-05 
  -1.7110390594455096e-05    1.8141985735120101e-05    1.2525823330474540e-04   -2.3819826700032923e-05   -7.8744447270164228e-05 
  -1.3554174539381179e-04   -9.7653297224517671e-06   -5.2090279771913147e-05    2.9990260122978732e-07   -2.5918027441097227e-05 
   3.5239337550831561e-03   -4.7673846438637243e-06   -1.1404211252088479e-05    2.2544661338454138e-08    3.4045066795713576e-06 
   1.5184568104269279e-05   -1.1907473162108796e-03    4.6647810139292479e-06   -2.3586336430432483e-04    4.9615146677822087e-07 
   2.0782450207011086e-03   -3.5935635681401350e-06    3.8481247864564997e-04   -8.0119984435390309e-07    3.1035923511401497e-05 
   1.3087120412090879e-03   -3.1161731512368122e-06    2.1845278910772984e-04   -7.2723286474396491e-07    1.4100183536003617e-06 
  -5.8400719747957345e-06    7.8782114451935608e-04    3.2011161298996274e-06   -2.5126823661748599e-04   -3.8470128896214722e-07 
   2.8772037352544093e-04   -3.2581187398903994e-06   -5.3618248664082818e-04    4.8883864613339645e-07    4.2886260908216238e-05 
   1.5616377521945716e-05   -2.8643216559869289e-04   -2.9219173053337559e-05   -2.3851637963695119e-05   -5.9164333798381059e-06 
  -5.4032967055892445e-04   -5.3643708233336382e-06   -3.0500293096871056e-04    2.4144096016309541e-06    2.1308582253694081e-05 
  -1.0862047253892379e-04    7.5484019391967555e-06    2.5812259809728096e-04    5.9469256299815592e-07    5.4800005864402196e-05 
  -1.0963883056329733e-04    7.7987166155970016e-05    8.6212625452405424e-05   -6.7629180380018037e-05    3.2608969855445510e-05 
  -1.7366696224298021e-05    1.8413744176563757e-05    1.2713454291924295e-04   -2.4176636537388696e-05   -7.9924002175284451e-05 
  -1.3757209719854663e-04   -9.9116097837583712e-06   -5.2870567743244494e-05    3.0439500160343175e-07   -2.6306267341928558e-05 
  -4.1009424322895338e-03    5.5479958863769633e-06    1.3271536039240838e-05   -2.6236122677136492e-08   -3.9619603754264865e-06 
  -1.7670888269384820e-05    1.3857202020725412e-03   -5.4285919449441042e-06    2.7448361578957814e-04   -5.7739127474190660e-07 
  -2.4185367212972769e-03    4.1819734262762571e-06   -4.4782164814423907e-04    9.3238825324545799e-07   -3.6117743549976405e-05 
  -1.5230004632467761e-03    3.6264151344601191e-06   -2.5422223417555310e-04    8.4630992534467365e-07   -1.6408946644487368e-06 
   6.7963249690826280e-06   -9.1681892599541610e-04   -3.7252666707640933e-06    2.9241088086427421e-04    4.4769225226940129e-07 
  -3.3483168822985771e-04    3.7916028842996660e-06    6.2397697111760857e-04   -5.6888105333413338e-07   -4.9908454399022509e-05 
  -1.8173402132211320e-05    3.3333254922340155e-04    3.4003518493501117e-05    2.7757103567520688e-05    6.8851897854758990e-06 
   6.2880321465288991e-04    6.2427325429180042e-06    3.5494409047219592e-04   -2.8097448682096475e-06   -2.4797648085766510e-05 
   1.2640598144266228e-04   -8.7843767675190332e-06   -3.0038757503401996e-04   -6.9206748346170464e-07   -6.3772955156967515e-05 
   1.2759108534178979e-04   -9.0756779522799158e-05   -1.0032907497391680e-04    7.8702777849135315e-05   -3.7948360397112845e-05 
   2.0210317901740917e-05   -2.1428809415633489e-05   -1.4795154446793944e-04    2.8135317385919247e-05    9.3010752942286962e-05 
   1.6009814318636843e-04    1.1534536106383653e-05    6.1527590966985494e-05   -3.5423661879333401e-07    3.0613653795861870e-05 
  -3.6197057267518778e-03    4.8969505945253705e-06    1.1714150051410023e-05   -2.3157370548402498e-08   -3.4970329130147519e-06 
  -1.5597247833048554e-05    1.2231089399412506e-03   -4.7915584468087380e-06    2.4227355842652113e-04   -5.0963566016044216e-07 
  -2.1347266792896514e-03    3.6912279092308900e-06   -3.9527074839872366e-04    8.2297451270110513e-07   -3.1879404630465958e-05 
  -1.3442796600249625e-03    3.2008631787733942e-06   -2.2438980602786915e-04    7.4699729000262836e-07   -1.4483392322543945e-06 
   5.9987909651588867e-06   -8.0923221225696375e-04   -3.2881147015551833e-06    2.5809709780248057e-04    3.9515653684932950e-07 
  -2.9553991537183480e-04    3.3466665042176978e-06    5.5075462604207471e-04   -5.0212409478876118e-07   -4.4051805453074506e-05 
  -1.6040792783283268e-05    2.9421669707836631e-04    3.0013279301734297e-05    2.4499867628062830e-05    6.0772276879650375e-06 
   5.5501452035948992e-04    5.5101614102797603e-06    3.1329217080515101e-04   -2.4800273981149386e-06   -2.1887697832401452e-05 
   1.1157251350837597e-04   -7.7535491941989476e-06   -2.6513774420108344e-04   -6.1085486435041701e-07   -5.6289337098714078e-05 
   1.1261854803368210e-04   -8.0106668163304763e-05   -8.8555675491414751e-05    6.9467177458706344e-05   -3.3495202558497052e-05 
   1.7838680902322570e-05   -1.8914185078169562e-05   -1.3058975141316378e-04    2.4833698874659883e-05    8.2096142687557375e-05 
   1.4131097310003045e-04    1.0180983295684428e-05    5.4307461529545464e-05   -3.1266771939434163e-07    2.7021207878749615e-05 
  -4.0629023822653914e-03    5.4965330715396201e-06    1.3148430215844024e-05   -2.5992758271135642e-08   -3.9252095130665990e-06 
  -1.7506974367925063e-05    1.3728663601382432e-03   -5.3782367125662032e-06    2.7193752531212321e-04   -5.7203543438634632e-07 
  -2.3961025468648375e-03    4.1431817385211159e-06   -4.4366768641993599e-04    9.2373948619227629e-07   -3.5782717932308028e-05 
  -1.5088732193838683e-03    3.5927767658653776e-06   -2.5186408683138559e-04    8.3845961473251847e-07   -1.6256738423692788e-06 
   6.7332827425522992e-06   -9.0831457891330512e-04   -3.6907113623566005e-06    2.8969849835236693e-04    4.4353949081202054e-07 
  -3.3172581332909228e-04    3.7564322458984048e-06    6.1818900515926299e-04   -5.6360415318644320e-07   -4.9445507129385630e-05 
  -1.8004826947937829e-05    3.3024058022932469e-04    3.3688104276928590e-05    2.7499630651071017e-05    6.8213232552356789e-06 
   6.2297048080312857e-04    6.1848254003182560e-06    3.5165165436018786e-04   -2.7836818748595794e-06   -2.4567626867659087e-05 
   1.2523344855861856e-04   -8.7028935140511736e-06   -2.9760120127491659e-04   -6.8564791475874470e-07   -6.3181401765420863e-05 
   1.2640755951835446e-04   -8.9914926097621977e-05   -9.9398429617660714e-05    7.7972736485265533e-05   -3.7596354107906182e-05 
   2.0022848431813038e-05   -2.1230037305176568e-05   -1.4657915647526832e-04    2.7874336185018074e-05    9.2147991820148401e-05 
   1.5861308420879537e-04    1.1427542570693578e-05    6.0956865413800291e-05   -3.5095074513824870e-07    3.0329683722873986e-05 
2    81 5 
  -1.5305480082273700e-02   -1.3584519503991236e-02   -1.1183623580907234e-02   -8.1258359079139485e-03   -4.1779895554355292e-03 
   2.8276543396825449e-03    6.1873237950305117e-03    8.0363421823167070e-03    3.4652714496932065e-03    1.5226726546998153e-03 
  -6.7225121805043302e-03   -7.0638670151339650e-03   -3.6593641851604989e-03   -3.1862838120742310e-03   -1.8602905387104139e-03 
   1.4118845483823786e-02   -9.8158991018217458e-04    1.0396014474188199e-02    4.5494021205004639e-03    4.2149720515505832e-03 
   1.5765184662104914e-02    1.2653730214714056e-03    6.8431835054530623e-03   -1.6323194014007069e-03   -1.2789344926334427e-03 
  -6.5462413357467919e-03   -4.0767957589648149e-03    1.4289270565430467e-03   -1.4873934425022402e-03   -1.0625754969025678e-03 
   3.0519062050469205e-03    1.8271391041188693e-03   -2.6588191096179733e-03   -3.4834705123941378e-03   -4.6208550374563723e-03 
  -8.5907418047225957e-04    5.2123655967754104e-03    6.7266781518948650e-04    1.9614315053455033e-03   -9.3665705329210654e-04 
  -1.5992456460904051e-03    1.9235220020800607e-03    3.6384806156798373e-03   -7.6741112905636397e-04    9.0363539280619758e-04 
  -7.1096108014158724e-04    3.7356814976664391e-03    9.7290825970635264e-04   -1.4408022740014367e-03   -3.1296997883715405e-03 
  -9.0223494112733164e-03    4.8964918562367484e-03    6.0399543816897321e-03    1.1297035232002334e-02    7.1446076908934161e-03 
  -7.4151986342977543e-04    1.1306637102868585e-03   -2.3904530137407063e-03    3.5756596808380406e-03    8.7399979541006342e-04 
   5.3247354657532189e-04    1.1439580111313587e-03   -7.9658809007253329e-04   -4.7054846940691522e-03    1.6427627433336341e-03 
   2.2030704518166173e-04   -8.3944997703309395e-05   -1.6701815306113844e-03    2.6742852494017304e-03    1.5814353702559708e-06 
  -9.0033726068791689e-05    1.6234202180858285e-03   -1.7273728954710532e-03   -2.4061026673762647e-03    3.2811599612355478e-03 
   3.7192828439581663e-03   -4.0546062898918021e-03    2.6188595216418398e-03   -8.9128912359388076e-04   -5.5666738409409222e-03 
  -1.2891569168238109e-03    3.1351733898593317e-03   -2.1601444114415733e-05    1.1088678110135139e-04   -1.4005077715155897e-03 
  -3.1650571603270916e-04   -2.8941545710795182e-03    9.1376573815602174e-04   -6.6111231529050502e-04    2.7078435935022570e-03 
   1.3867658748172845e-03    2.3866529305249830e-03   -1.1748294114207474e-03   -2.7342819652264965e-04    1.3457736273785117e-03 
  -1.1994309119930527e-03   -5.9384794195554340e-04   -1.4762215595280579e-04   -1.4773262675926583e-03   -1.4232159851616073e-03 
   2.3695305877631948e-03   -5.8710967380600854e-03   -4.2616723876293705e-05    6.9957181125097673e-04    3.1973635682030800e-03 
   3.4482533052404350e-03   -4.0490138496152722e-04   -4.4516650172133216e-06   -2.1062726438701815e-06    2.9992870174193301e-06 
   9.8976484023022672e-04    6.5714620828019241e-04    1.3642795943977988e-04    2.2117524400197127e-05    2.4464851060145963e-06 
   1.7846636050863739e-03    1.0603510467703432e-03    1.6667934992536595e-04    9.7857172407974434e-06   -6.6170592181588356e-07 
   2.6561295275952577e-04    1.2784703125560170e-03   -6.0101488098356295e-05   -4.8633480878622145e-06   -1.4446716792868330e-05 
  -6.3676951790509796e-04    5.0705061614077327e-04   -3.2217085290893136e-05    1.3882408601753154e-05   -9.4707512863720403e-08 
   7.6980034984457956e-05   -4.1649065726040392e-04    4.2476977425188458e-04   -3.7070839028789509e-05   -5.2759441153664279e-06 
   1.0020019268772098e-05    2.3960663057577859e-05   -8.9440565266712775e-05   -2.6732377639550288e-04   -3.3987356782142104e-05 
   4.8469615023178210e-04   -3.3570573490881983e-04    1.6134419803360842e-04   -2.0255530660404377e-05   -1.0329360903332614e-05 
  -7.9926814206453595e-05   -1.3686589529961945e-04   -1.6968654480424951e-04    1.5569272753437568e-04   -3.0728966822651372e-05 
  -6.1222404159028948e-05    3.9355277518273849e-05    1.5351379047340375e-04    2.6922019085940880e-05    2.5898221421761184e-05 
  -4.6382520862905010e-05   -8.2729902237568917e-06    1.3592399563838845e-04    2.3965900285889375e-05    4.2545465887440897e-05 
  -2.7501507948461775e-05   -7.3275471842250937e-06    8.8341899386278384e-06    6.7246740223100208e-05   -1.2822622537543457e-04 
   3.4999065232297435e-03   -4.1096661789259003e-04   -4.5183488722537980e-06   -2.1378236206657093e-06    3.0442149308901361e-06 
   1.0045910535402723e-03    6.6698995041350917e-04    1.3847158631547082e-04    2.2448834547131809e-05    2.4831323060032167e-06 
   1.8113970292495628e-03    1.0762346083639136e-03    1.6917612844883663e-04    9.9323026975713039e-06   -6.7161796632039498e-07 
   2.6959171027389429e-04    1.2976211984978808e-03   -6.1001780214805016e-05   -4.9361987623061319e-06   -1.4663121837879893e-05 
  -6.4630802676908213e-04    5.1464599666787355e-04   -3.2699682125348888e-05    1.4090360574606552e-05   -9.6126187008030071e-08 
   7.8133159820685581e-05   -4.2272949205751344e-04    4.3113262634031954e-04   -3.7626142818824477e-05   -5.3549752848794888e-06 
   1.0170114460085447e-05    2.4319582557546303e-05   -9.0780343005136875e-05   -2.7132816124591320e-04   -3.4496471453642710e-05 
   4.9195667133922292e-04   -3.4073444944065351e-04    1.6376105848283200e-04   -2.0558949014009936e-05   -1.0484089887313931e-05 
  -8.1124080413991971e-05   -1.3891608224918871e-04   -1.7222836969724855e-04    1.5802493160490069e-04   -3.1189272340075054e-05 
  -6.2139487072586930e-05    3.9944801125948426e-05    1.5581335508822974e-04    2.7325298310945916e-05    2.6286164637707823e-05 
  -4.7077309281547072e-05   -8.3969157389740321e-06    1.3796007337259014e-04    2.4324898237082739e-05    4.3182777021341896e-05 
  -2.7913467644966014e-05   -7.4373104059288219e-06    8.9665219624862421e-06    6.8254064866720598e-05   -1.3014699411977181e-04 
   4.0729809831005458e-03   -4.7825826440102073e-04   -5.2581830141911714e-06   -2.4878707172325858e-06    3.5426744799299200e-06 
   1.1690827254113730e-03    7.7620284025370562e-04    1.6114491459109649e-04    2.6124605213416569e-05    2.8897202235963297e-06 
   2.1079950575851407e-03    1.2524571911068552e-03    1.9687701639837642e-04    1.1558617276519375e-05   -7.8158864717543965e-07 
   3.1373463887082368e-04    1.5100936066923273e-03   -7.0990207624431004e-05   -5.7444516172746868e-06   -1.7064060426236353e-05 
  -7.5213445981594639e-04    5.9891409771788324e-04   -3.8053925888018988e-05    1.6397515272048580e-05   -1.1186588243516147e-07 
   9.0926678180404145e-05   -4.9194719079443934e-04    5.0172625372230453e-04   -4.3787044925724571e-05   -6.2317985796261990e-06 
   1.1835368321111243e-05    2.8301669377850324e-05   -1.0564471029302286e-04   -3.1575541620878318e-04   -4.0144921380671562e-05 
   5.7250962377847767e-04   -3.9652628538728457e-04    1.9057528323855968e-04   -2.3925269949588167e-05   -1.2200754063780276e-05 
  -9.4407331911481256e-05   -1.6166219225925197e-04   -2.0042903142452199e-04    1.8389992332954518e-04   -3.6296201705593593e-05 
  -7.2314202526961333e-05    4.6485360188873105e-05    1.8132622342205163e-04    3.1799540827544110e-05    3.0590259476197476e-05 
  -5.4785744752502742e-05   -9.7718261600822437e-06    1.6054964655318321e-04    2.8307855446398290e-05    5.0253522040666048e-05 
  -3.2484016968951475e-05   -8.6550951140289755e-06    1.0434699668509560e-05    7.9429980879868080e-05   -1.5145725422642463e-04 
   3.5950254930181020e-03   -4.2213569370987104e-04   -4.6411466347141994e-06   -2.1959244810850584e-06    3.1269493085424278e-06 
   1.0318934015993207e-03    6.8511711938828957e-04    1.4223490814931593e-04    2.3058939417333320e-05    2.5506178188955030e-06 
   1.8606264067075968e-03    1.1054840544616011e-03    1.7377392525970306e-04    1.0202238592701240e-05   -6.8987091354162431e-07 
   2.7691855902672061e-04    1.3328873951112558e-03   -6.2659660632689325e-05   -5.0703526712247760e-06   -1.5061629921979592e-05 
  -6.6387311122610682e-04    5.2863282651142529e-04   -3.3588380167861104e-05    1.4473302396883074e-05   -9.8738663603390488e-08 
   8.0256629581699246e-05   -4.3421825426209971e-04    4.4284976535173440e-04   -3.8648730113165570e-05   -5.5005105238806206e-06 
   1.0446513502074808e-05    2.4980529820909799e-05   -9.3247532527591343e-05   -2.7870220252415416e-04   -3.5434001871734003e-05 
   5.0532686035647558e-04   -3.4999478527736327e-04    1.6821168682703240e-04   -2.1117691379603011e-05   -1.0769022019824028e-05 
  -8.3328836141835267e-05   -1.4269148440432518e-04   -1.7690911902160859e-04    1.6231966593433731e-04   -3.2036921108333815e-05 
  -6.3828287603198567e-05    4.1030403928846966e-05    1.6004798413243157e-04    2.8067933637702652e-05    2.7000558831790083e-05 
  -4.8356756355218178e-05   -8.6251235408652137e-06    1.4170949352539395e-04    2.4985989967722112e-05    4.4356380154913598e-05 
  -2.8672087987534392e-05   -7.6394384625248505e-06    9.2102102798728836e-06    7.0109044790012725e-05   -1.3368407373020108e-04 
   4.0352003014882884e-03   -4.7382197479133763e-04   -5.2094084829222068e-06   -2.4647934055902738e-06    3.5098128836844561e-06 
   1.1582383972864884e-03    7.6900283797138929e-04    1.5965014583650092e-04    2.5882275235469396e-05    2.8629153845437584e-06 
   2.0884414455154352e-03    1.2408394873742517e-03    1.9505079921146090e-04    1.1451400365609646e-05   -7.7433868653157446e-07 
   3.1082445869785066e-04    1.4960860859118800e-03   -7.0331707512848128e-05   -5.6911664930647380e-06   -1.6905775416644880e-05 
  -7.4515771411695674e-04    5.9335861318877384e-04   -3.7700940380834707e-05    1.6245413087850853e-05   -1.1082822247428934e-07 
   9.0083248787375424e-05   -4.8738392367815131e-04    4.9707227671454460e-04   -4.3380879414531567e-05   -6.1739928596914729e-06 
   1.1725584287215924e-05    2.8039145107715883e-05   -1.0466475748200789e-04   -3.1282649144909804e-04   -3.9772539948171560e-05 
   5.6719906526969178e-04   -3.9284813579580191e-04    1.8880752047976555e-04   -2.3703340848960598e-05   -1.2087580737750592e-05 
  -9.3531616222257679e-05   -1.6016262527383560e-04   -1.9856986599911934e-04    1.8219408073399663e-04   -3.5959520722779524e-05 
  -7.1643421132928014e-05    4.6054165297413049e-05    1.7964425428360341e-04    3.1504570550882800e-05    3.0306506407253172e-05 
  -5.4277556084798958e-05   -9.6811833963531196e-06    1.5906039946252560e-04    2.8045273794732430e-05    4.9787373948153309e-05 
  -3.2182697540335617e-05   -8.5748110679743311e-06    1.0337908137311351e-05    7.8693194032460428e-05   -1.5005234751963237e-04 
2    81 5 
  -1.0193332735409878e-02   -9.1295543047472522e-05   -1.6298039580296905e-02   -5.0796758562360528e-04   -1.2775352528254532e-02 
   3.8710803618838812e-03   -3.8614137487642478e-03    3.8725103329827122e-03   -3.8095781878191900e-03    2.9630309778628768e-04 
  -4.1294609008141435e-03   -4.5532464848712460e-03   -3.2089544241755892e-03   -6.7901922092319040e-03    2.2836101197917964e-04 
   3.5810464969725608e-03   -9.0275313189651339e-03    4.0642692466002399e-04   -4.3326384159767962e-03    3.6190194891338144e-04 
   8.4691475955833116e-03    2.1549593129097985e-03   -5.4022501565043511e-03    4.1650240479229974e-04   -5.0988817971724717e-04 
  -4.8794276656262889e-03   -5.5651359897911979e-04   -4.3110824966876588e-03   -1.6811424517045718e-03    3.3404568511352802e-04 
   3.7315605525695726e-03   -8.4624597643683571e-04    4.9912464151353362e-03   -3.3256148257608152e-04    5.7497952254732115e-03 
  -5.4801563228537914e-03   -1.6446295356308848e-03   -2.6756182535608835e-03    2.0183421926171772e-03   -2.7765123300409422e-04 
  -4.0344136697516029e-03   -5.3259871939351638e-03    6.4825274955189840e-04    1.7232924637736024e-03    4.4620306078872280e-03 
  -2.9701404600010833e-03   -2.7577795122044058e-03   -4.8287937150031050e-03   -8.1576522341444014e-04   -6.1654559091777802e-03 
   3.3949448221522200e-03   -3.0237742771897242e-03    6.0039677195639703e-04    2.7889443678462389e-03    2.2322565068559116e-03 
  -3.0000100784372192e-04    1.0164376213938090e-04    2.8162490123471058e-03    1.2702973009857776e-03   -1.3807172903531348e-03 
  -2.7638219265497519e-03   -8.5684898269461091e-04    2.1343848548413327e-03    2.5301388409000674e-03   -2.7452289286455391e-03 
   9.3335236764229110e-04   -1.8097025762184847e-03   -1.0037090081632030e-03    3.3809353149020262e-03   -1.5895389419440524e-03 
  -1.9163152933816313e-03   -6.9806311459978513e-04   -2.4476254583947305e-04    7.5355004197628396e-06    2.3466127276270581e-03 
  -2.2213384744813858e-03    6.1016663129240603e-04    2.0820695011297720e-03    5.6085609341737820e-03    6.7810695429223675e-04 
   1.7848627718585039e-03   -6.2741367397773392e-06   -1.8901242171612668e-03    1.2434555759147331e-03    7.7133257920901409e-04 
  -2.5723291625426451e-03   -8.9050683177253724e-04    2.4837051325987780e-03    2.4052519257307078e-04    1.2593327201123618e-04 
   1.5550213915621687e-03   -1.4644713307263076e-03   -1.7044155701813335e-03   -8.5866992632809881e-04    1.6446338049429907e-03 
  -2.2303307075617843e-03   -1.3168094246528545e-03    1.4197358712372181e-03    1.2927905608897798e-03    2.4219205427597197e-04 
   1.7874638244038349e-03    1.8461971868976342e-04   -1.8514982428133211e-03    2.9088458393337884e-03    2.7614494998642733e-03 
   3.4683686590121711e-03   -1.0536658064437563e-06   -1.5340243392862526e-04   -9.0882233776942516e-07   -3.6246935747090787e-05 
  -2.6174222200269749e-06    1.1658476240339886e-03    5.8935165118681976e-08    2.6716249126249692e-04    5.2241348384213188e-08 
   1.7529285801286792e-03   -9.1387193946023769e-06    1.0952236978911001e-03    2.2619739310587126e-06    2.5472444198113556e-04 
   4.2009933912632620e-04    4.8337621039167849e-06   -1.1753243005597582e-03   -5.5573060132613019e-06   -3.8853084084304704e-04 
   4.0495483225753882e-07   -8.1472308459917234e-04    2.4691994022545306e-06    3.4369531516518379e-06   -3.8260847752382026e-06 
   5.8169819627690506e-04   -3.0692270680178818e-06    9.6791181427944895e-05    3.8559493658029360e-07   -1.1606439587463244e-04 
   9.9471655110330573e-06    7.3843506954407575e-05    1.4254738193832353e-07   -2.7520449936412961e-04   -1.3871956881075601e-06 
  -2.3855932296720453e-05    2.7162051522865203e-05   -1.8503109334557909e-04    8.2371211757527011e-06    5.8186458281948589e-04 
  -1.6381952846189000e-04   -1.6752803752013392e-05    2.2353225503536316e-04    4.0976719109983199e-05    1.8312081607569749e-05 
   6.5195222224505135e-06   -4.1324382661873596e-05    1.2738075125501190e-05    1.5840874160336297e-04    5.7037012043763098e-05 
  -2.2351219371785816e-05   -4.5789995597379515e-06   -6.8682572086092356e-05    2.8259423861192555e-05   -1.3054945137202161e-04 
  -7.8352750529308093e-05   -3.0131841747038567e-05    1.0455423891823336e-04   -1.3118273528219087e-06   -6.2223521070104752e-05 
   3.5203231955710066e-03   -1.0694492262712404e-06   -1.5570033047461384e-04   -9.2243607033803172e-07   -3.6789897852207475e-05 
  -2.6566299778490717e-06    1.1833114748987224e-03    5.9817986263661321e-08    2.7116446013722439e-04    5.3023899292536616e-08 
   1.7791866284952162e-03   -9.2756131269494563e-06    1.1116296354503423e-03    2.2958572401443719e-06    2.5854009470852100e-04 
   4.2639223028605595e-04    4.9061695941909544e-06   -1.1929301075962317e-03   -5.6405518521038353e-06   -3.9435085069764082e-04 
   4.1102086580404009e-07   -8.2692725446852826e-04    2.5061868517524813e-06    3.4884370986378417e-06   -3.8833977315226518e-06 
   5.9041176256004765e-04   -3.1152026506591224e-06    9.8241067950533679e-05    3.9137096796536801e-07   -1.1780298611445002e-04 
   1.0096169387208938e-05    7.4949648071133071e-05    1.4468267489428924e-07   -2.7932693375016799e-04   -1.4079752292052962e-06 
  -2.4213282978988488e-05    2.7568926321249409e-05   -1.8780277238228280e-04    8.3605093894459627e-06    5.9058064149503521e-04 
  -1.6627346820050721e-04   -1.7003752898591392e-05    2.2688066342503574e-04    4.1590531152578199e-05    1.8586388005442643e-05 
   6.6171816090247525e-06   -4.1943402541493053e-05    1.2928885519337909e-05    1.6078163029138815e-04    5.7891399745524427e-05 
  -2.2686030159839916e-05   -4.6475908265316764e-06   -6.9711404817909877e-05    2.8682736782762467e-05   -1.3250502095267150e-04 
  -7.9526438000875678e-05   -3.0583202610758698e-05    1.0612041240274574e-04   -1.3314779115893487e-06   -6.3155600245672259e-05 
   4.0967406800045143e-03   -1.2445607710044618e-06   -1.8119469216576681e-04   -1.0734756907580918e-06   -4.2813873264242160e-05 
  -3.0916263926183186e-06    1.3770668166015994e-03    6.9612579330956377e-08    3.1556491069151396e-04    6.1706029013896485e-08 
   2.0705105279670653e-03   -1.0794401399555030e-05    1.2936477975594863e-03    2.6717807509877618e-06    3.0087343251244210e-04 
   4.9620966553538251e-04    5.7095054751821313e-06   -1.3882604035732400e-03   -6.5641354348547028e-06   -4.5892183259763579e-04 
   4.7832139486186083e-07   -9.6232826777035985e-04    2.9165497191235770e-06    4.0596335556935954e-06   -4.5192650161729161e-06 
   6.8708574504636720e-04   -3.6252857241827924e-06    1.1432705384164520e-04    4.5545402406621908e-07   -1.3709203917647506e-04 
   1.1749315486950955e-05    8.7221898430046963e-05    1.6837300639811297e-07   -3.2506390718754037e-04   -1.6385169990019660e-06 
  -2.8177964313413905e-05    3.2083060471949087e-05   -2.1855358576283523e-04    9.7294586373190625e-06    6.8728227620686684e-04 
  -1.9349907475525570e-04   -1.9787946260174264e-05    2.6403008806951127e-04    4.8400561939917312e-05    2.1629721933498245e-05 
   7.7006784828096698e-06   -4.8811212466435996e-05    1.5045860368965815e-05    1.8710800367445694e-04    6.7370533665282931e-05 
  -2.6400639219874397e-05   -5.4085870374125640e-06   -8.1125945577127794e-05    3.3379246183884835e-05   -1.5420138421512456e-04 
  -9.2548091636568812e-05   -3.5590894159362204e-05    1.2349656162711126e-04   -1.5494940157194195e-06   -7.3496694003000917e-05 
   3.6159970409901051e-03   -1.0985142621425429e-06   -1.5993188778397463e-04   -9.4750564523205121e-07   -3.7789758036785096e-05 
  -2.7288307366192469e-06    1.2154710104989026e-03    6.1443694033411419e-08    2.7853405241641115e-04    5.4464960258420215e-08 
   1.8275406053915814e-03   -9.5277017924423359e-06    1.1418410325286480e-03    2.3582530710084933e-06    2.6556658735752054e-04 
   4.3798053683120994e-04    5.0395073831601773e-06   -1.2253510543017905e-03   -5.7938483694961994e-06   -4.0506835026643155e-04 
   4.2219141594796835e-07   -8.4940113141721257e-04    2.5742989312762057e-06    3.5832443572864870e-06   -3.9889390621408231e-06 
   6.0645772214008148e-04   -3.1998663023440877e-06    1.0091102187997167e-04    4.0200748154961809e-07   -1.2100458552941339e-04 
   1.0370558781481639e-05    7.6986597704847121e-05    1.4861479904984217e-07   -2.8691836226293264e-04   -1.4462405806941552e-06 
  -2.4871341277651287e-05    2.8318182866372366e-05   -1.9290679619372899e-04    8.5877277550656653e-06    6.0663119079488244e-04 
  -1.7079237774663268e-04   -1.7465873657393059e-05    2.3304672952613090e-04    4.2720860905652062e-05    1.9091520947545610e-05 
   6.7970205542580885e-06   -4.3083322482978696e-05    1.3280261266932505e-05    1.6515128500436510e-04    5.9464747566916762e-05 
  -2.3302581431443680e-05   -4.7739010718149045e-06   -7.1605991706093333e-05    2.9462263994526215e-05   -1.3610618601269493e-04 
  -8.1687773683235715e-05   -3.1414379873881579e-05    1.0900450780194230e-04   -1.3676642515403546e-06   -6.4872016267603663e-05 
   4.0587396051354118e-03   -1.2330163139025209e-06   -1.7951394310188718e-04   -1.0635182066796476e-06   -4.2416734824093462e-05 
  -3.0629486863171589e-06    1.3642932428548286e-03    6.8966858001339754e-08    3.1263775304744346e-04    6.1133648282092521e-08 
   2.0513046197252836e-03   -1.0694273300709590e-05    1.2816480126941058e-03    2.6469975029663124e-06    2.9808255197396081e-04 
   4.9160686000687605e-04    5.6565445088981472e-06   -1.3753829989106782e-03   -6.5032469819125060e-06   -4.5466490635265089e-04 
   4.7388451965851776e-07   -9.5340177927410606e-04    2.8894960115806941e-06    4.0219766838676582e-06   -4.4773446356442877e-06 
   6.8071238659425963e-04   -3.5916578319173717e-06    1.1326656423003635e-04    4.5122926496627160e-07   -1.3582038318171548e-04 
   1.1640329673018541e-05    8.6412834310210652e-05    1.6681119037853921e-07   -3.2204863752827964e-04   -1.6233182319779077e-06 
  -2.7916587522649656e-05    3.1785460287252230e-05   -2.1652629826181746e-04    9.6392088717146193e-06    6.8090709474570696e-04 
  -1.9170419111452002e-04   -1.9604394679521660e-05    2.6158096377092030e-04    4.7951601773372576e-05    2.1429086172830127e-05 
   7.6292475374739231e-06   -4.8358443134844655e-05    1.4906296039414329e-05    1.8537240315403701e-04    6.6745609391632546e-05 
  -2.6155748770136314e-05   -5.3584173691326217e-06   -8.0373427081937182e-05    3.3069622672809538e-05   -1.5277102315393293e-04 
  -9.1689622127761643e-05   -3.5260755559130680e-05    1.2235101631413251e-04   -1.5351210195500565e-06   -7.2814943902226547e-05 
 TENSORSUMACCUMULATOR_IMPL_H - PrettifyOut: Norm of simple tensor is 3.71965e-07 
 As simple full tensor 3    5 5 5 
   1.4311824591048833e-08   -5.3713300821275796e-11    6.5959406374288751e-08   -3.6134931077776647e-10    5.7269148736144637e-08 
   4.4714562018954235e-08   -8.4222305690594601e-10    6.3641320921561633e-08    5.3309320767228470e-10    4.8553510102704183e-08 
   2.1621267180733552e-08    1.8202950057291694e-09    1.6632415655402754e-08   -9.8552767257419084e-11    4.8127464735604314e-08 
   2.1610164670190820e-08    1.0926860650387576e-09    4.6866333934281432e-08    4.9404108449520120e-10    3.3047973086199473e-08 
   1.2181561958430962e-08   -1.5618182241931750e-09    3.0426535622254589e-08    2.0196982652487964e-10    2.7031341814137392e-08 

  -8.2428508144375792e-11   -8.0242073808632627e-08   -5.8316272452028014e-10   -6.8552807985314484e-08    2.6532337523037801e-12 
   1.1188480389208450e-10   -4.0517881407995565e-08    1.9834966410726566e-10   -8.0754172325521338e-08    3.6223863934317653e-10 
   3.4406764965093972e-10   -5.1699582138569771e-08    2.0761083182029363e-10   -6.9573847486117991e-08    5.9088780844187874e-10 
  -4.9884203333460683e-11   -3.6267907049625938e-08   -2.7408924503590903e-10   -4.1762418180682882e-08    1.3774430226361018e-10 
  -1.6509979971724505e-09   -2.3233080132301877e-08   -1.1200314548601836e-09   -2.7528466669871043e-08    1.3363084125762884e-09 

   1.1730412436593217e-08   -3.9352618073262506e-10    7.6691863930730419e-08    1.0215229914058678e-10    6.9843660463609386e-08 
   3.4622589783581831e-08   -2.4467615176161852e-10    7.7083001790782488e-08    3.6249647778187980e-10    6.7517863195015018e-08 
   4.6524461743568771e-08    3.7588059144246013e-10    8.9189737505230528e-08   -6.5659927801945198e-10    5.7267173211094717e-08 
   2.6112248044340374e-08    4.0406160327806248e-12    4.4143287712397010e-08    5.4152678779223774e-10    3.7399735566259362e-08 
   1.3353928553609144e-08    5.4798913022511042e-10    2.2562117033459857e-08    1.1230765021700435e-09    1.6020090790646324e-08 

  -7.2558481079340245e-11   -2.5651351427173186e-08   -6.6692195815006180e-10   -6.4035746625512600e-08    4.4772510801202972e-11 
  -1.3189593119723040e-09   -7.6321328204125978e-08   -6.2398782694540779e-10   -8.4300808879447442e-08   -1.3207209228245897e-10 
  -1.9689145787421362e-10   -4.6749577972136642e-08    1.4680527214487703e-10   -5.9050439888204321e-08    1.5687184146273313e-10 
  -1.1822003606837887e-09   -3.6582589387618134e-08   -6.7184927885760920e-10   -2.8546958065887497e-08    1.7154448796188073e-09 
   4.7011598892862611e-10   -1.3722632035898797e-08   -5.5974793683425766e-10   -1.4979382451822185e-08   -5.1096747865463239e-10 

   2.9034361826050548e-08   -3.7290199716244458e-10    5.8592093038350654e-08    6.8765609503235078e-10    4.4939089794354984e-08 
   3.4245145931297111e-08   -6.1498200368466611e-11    4.9732217629413565e-08    2.3880189801277404e-10    3.9930770783560800e-08 
   2.4865059008495893e-08    8.8409544587989826e-11    4.4718309409372638e-08   -1.8516351119988566e-10    2.0013607116697552e-08 
   1.3862817866244144e-08   -5.6681345270549147e-10    1.7907735474812933e-08    2.0476923353204068e-10    1.5887960219555288e-08 
   5.1246285731791115e-09    2.3532429221037319e-09    5.2931717486965089e-09    2.2039066855939174e-09    3.7934158849748067e-09 
