2    31 5 
  -1.1317223719082116e-05    1.5169220922880455e-03    7.4049156595313234e-07   -9.6211580817747079e-05    9.7237147138730924e-08 
   4.1976468625209187e-05   -6.4219326699704784e-04    3.1259267285757022e-07   -8.0158188005042009e-05   -1.3795392271961119e-07 
   5.4667584380547083e-06   -4.9048397025416315e-04    1.8794754268658314e-07    5.2428924426593556e-06    8.2297354728097113e-09 
   9.1577196126069955e-05   -1.2302513208775105e-05    5.1539115747913775e-06    1.8492595373607241e-04    5.1613921583297376e-07 
  -1.9087249966573236e-05   -5.8678947451182454e-05    1.1466292557561429e-07    1.0481652874948751e-04    2.7357913608685516e-07 
   9.8589793210588898e-06    7.9014624672982665e-05    1.0485366505295721e-07   -2.8575231812374067e-08   -1.6484845487060057e-08 
  -4.7474437803238053e-05   -3.9501793793880799e-05   -8.4094797151399031e-07    2.5040559637721490e-05   -1.7288625453559991e-08 
  -6.8291707957687627e-06    9.1535877607888791e-04    4.4683603525426755e-07   -5.8057111376834564e-05    5.8675970537193648e-08 
   4.2205690534183362e-05   -6.4570010717233169e-04    3.1429965516338331e-07   -8.0595909744773854e-05   -1.3870725101405647e-07 
   3.5147273158084045e-06   -3.1534545156012108e-04    1.2083657430721639e-07    3.3707977937685277e-06    5.2911202124479576e-09 
   6.9372642813060552e-05   -9.3195455925555991e-06    3.9042521707684935e-06    1.4008729987470149e-04    3.9099189510565198e-07 
  -2.2993127823259140e-05   -7.0686586157889066e-05    1.3812672380600027e-07    1.2626543099440349e-04    3.2956240720051725e-07 
  -1.6017202167097569e-05   -1.2836959854872374e-04   -1.7034850124160408e-07    4.6424203764463846e-08    2.6781788891230574e-08 
  -2.8861232323834372e-05   -2.4014406502684958e-05   -5.1123922475322305e-07    1.5222958768219835e-05   -1.0510309523684732e-08 
   1.8564853124527149e-05    3.3703426444252707e-03    6.7346840273793300e-06    8.8225783511664826e-04    1.3073630990174506e-06 
   3.4242623137531811e-05   -2.4718965289134078e-03   -5.8526368438286134e-07    9.3527442920155807e-05    2.6238166712144399e-07 
  -3.4650931136510524e-06   -1.4084681952091017e-04    6.9016065964650572e-07    4.8790037353527354e-05    1.9752456012772649e-07 
  -1.7160858864324941e-05   -2.5832822279279019e-05    2.4838621674481903e-06    2.5267486024227221e-04    9.4510642592999641e-07 
   3.9306965230665028e-05    2.8589212259571106e-05    1.5862443486728820e-07   -2.8318170160445164e-04   -8.3594900062252516e-07 
   1.7891016868159074e-06    1.2963381613783814e-05    2.3533476362736408e-07    3.3943311895111838e-06    9.8998182187835283e-08 
   4.3198743264343849e-06    7.8424841625621697e-04    1.5671003929509780e-06    2.0529346209481857e-04    3.0421163307302090e-07 
  -2.6425576035362512e-05    1.9076018041606800e-03    4.5165727900804982e-07   -7.2176612882518507e-05   -2.0248409904097852e-07 
   3.3331842840059736e-06    1.3548507641246625e-04   -6.6388769037985238e-07   -4.6932702928576719e-05   -1.9000521426946929e-07 
   3.3337871124258081e-06    5.0184626931045183e-06   -4.8253224085976120e-07   -4.9086365628286718e-05   -1.8360290982791562e-07 
  -1.2016089830313171e-05   -8.7396862279485842e-06   -4.8491290219500555e-08    8.6568289991652967e-05    2.5554855802514051e-07 
   1.1526353455913748e-05    8.3517063096783434e-05    1.5161528749438966e-06    2.1868103599168877e-05    6.3779943185943013e-07 
   4.4544795678369233e-05   -6.7524598061529458e-04    4.9594586196435058e-06    2.5663814378160934e-04    5.9911954331449366e-07 
  -3.8374850972410138e-07    3.6680334863379953e-04   -1.2365191183289656e-06    1.5895238158557714e-05   -2.2145347548800064e-07 
   1.9640361148342116e-05   -2.0548039240256342e-04    1.2358766972094924e-06   -1.7773747013461550e-05    1.8919485929198272e-07 
   1.3615264862203288e-05    6.2168404762299271e-05    5.5466079231567513e-07    7.7618252014585647e-05   -3.5981828852472853e-08 
   4.4801375542971868e-06    2.1373773236251965e-08   -5.5871235006886828e-07   -5.9258653538434376e-07   -1.7115762447496712e-07 
2    31 5 
   1.5176817299082709e-03   -4.5468310913261864e-05    6.9837137047951860e-05   -1.1543294909189821e-05   -1.5052333509350416e-06 
   6.0598690371329266e-04    1.7582598565278634e-04   -1.4493105476967534e-04    3.5502477051730394e-05   -1.4118311798644472e-05 
   3.9812263740480282e-04   -2.6201042390381973e-04    1.0898091226502083e-04   -3.8536588061115887e-05    1.0905472541610543e-05 
   1.5876699730311760e-04    1.2406321681183196e-04    4.6439790201403355e-05   -2.0474813372893522e-06   -1.6385233739519012e-06 
   5.7831856378170799e-05    3.8148301775733506e-05   -9.6162182280384721e-05    2.5917855800788863e-05   -8.6843299530364577e-06 
  -6.6511676125913016e-05   -3.8794031707216979e-05    1.5029591603682666e-05   -1.2916955464537062e-05    4.3596041821749350e-06 
   6.1611846833521550e-05   -8.8658977330822836e-06   -1.5048969453899525e-05    1.5852507413123698e-05   -9.4632864939782067e-06 
   9.1581716544894738e-04   -2.7437017127992765e-05    4.2141937689525055e-05   -6.9655893033082977e-06   -9.0830541979039875e-07 
   6.0929603093222906e-04    1.7678612282960433e-04   -1.4572248325644410e-04    3.5696346279648780e-05   -1.4195408002493175e-05 
   2.5596384486055142e-04   -1.6845361000603971e-04    7.0066785203680643e-05   -2.4776217982051000e-05    7.0114241681101887e-06 
   1.2027105721001502e-04    9.3981838167202914e-05    3.5179620191912532e-05   -1.5510323255872917e-06   -1.2412336429861186e-06 
   6.9666152446704450e-05    4.5954696486179047e-05   -1.1584012117034099e-04    3.1221499816682364e-05   -1.0461428912976833e-05 
  -1.0805692235358553e-04   -6.3025981543954595e-05    2.4417538506333123e-05   -2.0985284614296639e-05    7.0827475421583637e-06 
   3.7455816385496633e-05   -5.3898633891014016e-06   -9.1487508592183271e-06    9.6372473384879928e-06   -5.7530351635060433e-06 
   3.4647927390623022e-03    3.6143245844872014e-04    5.0487296121361155e-05   -2.7100837041638766e-06    1.2996509297885587e-06 
  -2.4592380027116832e-03    2.6619183097995389e-04   -3.8195569228349863e-05    4.9173576985948384e-06   -2.7216387058850090e-07 
   9.1672424011623297e-05   -1.1662944598119735e-04    1.4249713104926749e-05   -4.5888277654529312e-06    6.6623134651694417e-07 
   9.4716082848400577e-06    2.5439762251875829e-04    5.4533113879210601e-07    2.3013392836451602e-06    1.4941386024236798e-07 
  -1.8732162413935931e-04    2.1492935832610936e-04    3.3435731208097476e-05   -1.2084851038452734e-05    2.6398830619834791e-06 
   3.7596784380590150e-06    1.2210577682612145e-05    1.2313531348450092e-06    4.1463614390285986e-06   -9.4598202891213670e-07 
   8.0622610367528738e-04    8.4102081902813676e-05    1.1747939661187777e-05   -6.3061210005688716e-07    3.0241708066640950e-07 
  -1.8978330184781177e-03    2.0542446299457663e-04   -2.9476127304961620e-05    3.7948030218183629e-06   -2.1003318079426190e-07 
   8.8182647037243720e-05   -1.1218960750732626e-04    1.3707256404111431e-05   -4.4141407137257840e-06    6.4086931602901961e-07 
   1.8400201227450291e-06    4.9421041341229166e-05    1.0593979805340752e-07    4.4707408328407572e-07    2.9026169705836081e-08 
  -5.7263984884355803e-05    6.5703634499956120e-05    1.0221260974512211e-05   -3.6943237620063053e-06    8.0700893157655231e-07 
   2.4221866692647630e-05    7.8667096067168256e-05    7.9330378848004570e-06    2.6713086156255165e-05   -6.0945240332254294e-06 
   7.2290814002492685e-04    2.8837849637927253e-05   -2.0013019392104079e-05    1.0570938475835873e-06   -1.6216721458086373e-07 
   3.5255182450715991e-04   -1.0107448839452994e-04    1.6723013381199203e-05   -3.1968253201084011e-06    6.0034403315028033e-07 
  -1.0433969921167733e-05   -2.0471327330294687e-04    2.9505410319236683e-05   -6.0851410932324939e-06    1.1893451134406630e-06 
   5.9614632192633850e-05   -3.0713307850736062e-05    7.4634050179956697e-05   -2.6961213702893652e-06    6.8250255571925409e-07 
  -4.5068363674923905e-06    6.7041885778128464e-07   -4.7959780601266989e-08   -3.6348432055528066e-08    6.7624530732465331e-09 
2    31 5 
   1.3034539156174731e-03    1.4464169513784807e-04   -1.3140739155943342e-05   -1.0058638885999603e-07    1.7328403309312222e-06 
   1.3034539156174731e-03    1.4464169513784807e-04   -1.3140739155943342e-05   -1.0058638885999603e-07    1.7328403309312222e-06 
   1.3034539156174731e-03    1.4464169513784807e-04   -1.3140739155943342e-05   -1.0058638885999603e-07    1.7328403309312222e-06 
   1.3034539156174731e-03    1.4464169513784807e-04   -1.3140739155943342e-05   -1.0058638885999603e-07    1.7328403309312222e-06 
   1.3034539156174731e-03    1.4464169513784807e-04   -1.3140739155943342e-05   -1.0058638885999603e-07    1.7328403309312222e-06 
   1.3034539156174731e-03    1.4464169513784807e-04   -1.3140739155943342e-05   -1.0058638885999603e-07    1.7328403309312222e-06 
   1.3034539156174731e-03    1.4464169513784807e-04   -1.3140739155943342e-05   -1.0058638885999603e-07    1.7328403309312222e-06 
   6.2672106805535888e-04    1.1531884882046142e-04    4.8373861278423952e-06   -2.7657087399884414e-06    1.5160995955788315e-06 
   6.2672106805535888e-04    1.1531884882046142e-04    4.8373861278423952e-06   -2.7657087399884414e-06    1.5160995955788315e-06 
   6.2672106805535888e-04    1.1531884882046142e-04    4.8373861278423952e-06   -2.7657087399884414e-06    1.5160995955788315e-06 
   6.2672106805535888e-04    1.1531884882046142e-04    4.8373861278423952e-06   -2.7657087399884414e-06    1.5160995955788315e-06 
   6.2672106805535888e-04    1.1531884882046142e-04    4.8373861278423952e-06   -2.7657087399884414e-06    1.5160995955788315e-06 
   6.2672106805535888e-04    1.1531884882046142e-04    4.8373861278423952e-06   -2.7657087399884414e-06    1.5160995955788315e-06 
   6.2672106805535888e-04    1.1531884882046142e-04    4.8373861278423952e-06   -2.7657087399884414e-06    1.5160995955788315e-06 
  -4.1775095300033383e-03   -7.3033090859159764e-04   -2.3974006315926041e-05    1.7146543811594952e-05   -9.5315159544054757e-06 
  -4.1775095300033383e-03   -7.3033090859159764e-04   -2.3974006315926041e-05    1.7146543811594952e-05   -9.5315159544054757e-06 
  -4.1775095300033383e-03   -7.3033090859159764e-04   -2.3974006315926041e-05    1.7146543811594952e-05   -9.5315159544054757e-06 
  -4.1775095300033383e-03   -7.3033090859159764e-04   -2.3974006315926041e-05    1.7146543811594952e-05   -9.5315159544054757e-06 
  -4.1775095300033383e-03   -7.3033090859159764e-04   -2.3974006315926041e-05    1.7146543811594952e-05   -9.5315159544054757e-06 
  -4.1775095300033383e-03   -7.3033090859159764e-04   -2.3974006315926041e-05    1.7146543811594952e-05   -9.5315159544054757e-06 
  -1.6991918418452184e-03   -3.6632510592045738e-04   -2.8412448316207435e-05    1.2244500341940592e-05   -5.3052100922906935e-06 
  -1.6991918418452184e-03   -3.6632510592045738e-04   -2.8412448316207435e-05    1.2244500341940592e-05   -5.3052100922906935e-06 
  -1.6991918418452184e-03   -3.6632510592045738e-04   -2.8412448316207435e-05    1.2244500341940592e-05   -5.3052100922906935e-06 
  -1.6991918418452184e-03   -3.6632510592045738e-04   -2.8412448316207435e-05    1.2244500341940592e-05   -5.3052100922906935e-06 
  -1.6991918418452184e-03   -3.6632510592045738e-04   -2.8412448316207435e-05    1.2244500341940592e-05   -5.3052100922906935e-06 
  -1.6991918418452184e-03   -3.6632510592045738e-04   -2.8412448316207435e-05    1.2244500341940592e-05   -5.3052100922906935e-06 
  -5.5910787913011754e-04   -2.9868346334969634e-04   -6.0603023446847148e-05    1.8491265700304294e-05   -5.6948554923959254e-06 
  -5.5910787913011754e-04   -2.9868346334969634e-04   -6.0603023446847148e-05    1.8491265700304294e-05   -5.6948554923959254e-06 
  -5.5910787913011754e-04   -2.9868346334969634e-04   -6.0603023446847148e-05    1.8491265700304294e-05   -5.6948554923959254e-06 
  -5.5910787913011754e-04   -2.9868346334969634e-04   -6.0603023446847148e-05    1.8491265700304294e-05   -5.6948554923959254e-06 
  -5.5910787913011754e-04   -2.9868346334969634e-04   -6.0603023446847148e-05    1.8491265700304294e-05   -5.6948554923959254e-06 
 TENSORSUMACCUMULATOR_IMPL_H - PrettifyOut: Norm of simple tensor is 6.87487e-08 
 As simple full tensor 3    5 5 5 
   4.8115679958781059e-11   -3.4815480644830358e-12   -3.0065151626088086e-12    7.2187157746798447e-13   -1.3572803102838021e-13 
  -4.3530035375118296e-11   -7.9749446410168579e-12   -3.1128778413941353e-13    1.8837938970849959e-13   -9.8286435371646769e-14 
  -5.4151961476141631e-12   -1.2083303216385233e-12   -1.0224629572821390e-13    4.1740051586473589e-14   -1.7583520655237028e-14 
   1.4584589856702176e-12    2.7700654464812435e-13    1.4167608494095770e-14   -7.4251240793587053e-15    3.7168770638748220e-15 
  -5.9849911914346152e-13   -1.0620353713849120e-13   -3.8430173504468080e-15    2.5194042981712535e-15   -1.3969936087977131e-15 

  -6.6396312404205778e-08   -1.1470569678410673e-08   -3.3998164326780618e-10    2.6001204647584875e-10   -1.4776850627015435e-10 
  -3.2905310611768828e-09   -5.9855251532995728e-10   -2.5186909639124149e-11    1.5307745011067221e-11   -8.0092188990033668e-12 
  -7.6425433787391486e-10   -1.4620553762028788e-10   -7.5994823758768187e-12    3.9748199293946125e-12   -1.9398154635177358e-12 
   2.8482295240582442e-11    6.4789075601319262e-12    5.3238373910218194e-13   -2.1033959276085242e-13    8.5155137020803952e-14 
  -1.2707911913797989e-11   -2.3944390895235373e-12   -1.1694472486278193e-13    6.4006932794195126e-14   -3.1516383792470949e-14 

  -1.0266036698059097e-10   -1.8784592145497318e-11   -8.2145823305385423e-13    4.8587292321423611e-13   -2.5138002696895491e-13 
  -1.1575316188219411e-11   -2.0994507995486825e-12   -8.5853109001935130e-14    5.2705288526725594e-14   -2.7692033638022360e-14 
  -1.1571273614525174e-12   -2.1619623930033286e-13   -9.7949930879560240e-15    5.5023120399553194e-15   -2.7905304639046835e-15 
  -2.7405397881612415e-14   -5.6318123370516622e-15   -4.3366504921764400e-16    2.0633860344538989e-16   -9.2795509597690251e-17 
  -3.7062564191523028e-14   -5.5669076762036108e-15    2.6714080729630670e-17    8.5745212247428284e-17   -6.7689541593970810e-17 

  -1.2918171123738099e-08   -2.3056241352267969e-09   -8.7750512742797274e-11    5.6942718034830622e-11   -3.0573469219591104e-11 
  -1.4283665609049036e-09   -2.5327661381091690e-10   -9.1536611292453783e-12    6.1246748925635021e-12   -3.3271753334029794e-12 
  -1.3922570512941669e-10   -2.5064344368384487e-11   -9.8883612129827491e-13    6.2294487246582774e-13   -3.3098516109558759e-13 
  -6.0630616661847826e-12   -1.1460248619896946e-12   -5.7335072131409550e-14    3.0998137285668850e-14   -1.5304491113969150e-14 
  -2.1893457405311841e-12   -3.7384789258515715e-13   -1.0263411572987762e-14    8.3465520433973773e-15   -4.8553052685596675e-15 

  -1.7996412663428710e-11   -3.2728818042374511e-12   -1.3826466908260130e-13    8.3653400341273315e-14   -4.3692822718860813e-14 
  -2.4643753369710129e-12   -4.3916068907244521e-13   -1.6319516755597738e-14    1.0707901597176201e-14   -5.7746754097561026e-15 
  -1.1650547900728043e-13   -2.0922850209341608e-14   -7.3049713335045680e-16    4.8117926961014099e-16   -2.6166883946198827e-16 
  -6.5233499278161693e-14   -1.2513296717396626e-14   -6.7581947043302784e-16    3.5364597526595018e-16   -1.7207313251081692e-16 
   5.2309295366765788e-15    1.2682772162179577e-15    1.2373530140010147e-16   -4.7497099895353096e-17    1.8706297849463046e-17 
