2    103 5 
  -3.1302751995526348e-05    1.1198795408648668e-03   -9.6945849778412116e-07    1.1302532027312670e-04    1.9888072984243422e-06 
  -1.0769923803187884e-05    2.3959149469568537e-04   -2.7714007658852574e-06   -1.0951814511435124e-04   -2.8830661596900931e-08 
  -9.8328397431561712e-05    1.0047724763217840e-03   -3.5606741558052375e-05    3.8370086328910031e-04    2.7175207930026133e-06 
  -3.8593531455377131e-05   -3.6699978106403546e-04   -1.9923308150266113e-05   -7.3419372789682654e-04    7.9981720902952648e-06 
  -3.9648172499035833e-06   -1.4417354192169612e-04    2.7041737061778799e-06   -3.7501243231211680e-04    1.2942371437413527e-06 
  -3.0983045839590226e-05    6.0333476185815758e-04   -1.1019650163672048e-05    1.7078436155051782e-04    4.1866403976941085e-06 
   5.8185045811685181e-05   -5.3652476058560391e-05    1.2515134210334623e-05    3.7173910842151904e-05   -7.6968256411439565e-06 
  -1.2303288766338961e-05   -2.1828043683864182e-04   -2.2748138161147758e-04    2.5656372025818579e-04   -3.5775318277135857e-05 
   2.0777768218570522e-04    5.5285281288020251e-05   -4.1612325011934289e-04   -7.7297541938945423e-05   -1.2375457125951458e-04 
  -2.7615915019060431e-04   -8.7525707295286833e-05   -3.1059451921182065e-04    3.3117262087410038e-05   -3.5955165571280458e-05 
   5.4469759140740787e-04    3.3725883457117148e-05    1.2803347311006791e-04   -8.6250785641582602e-05   -6.8254598887716560e-05 
  -1.3402967027399503e-04   -1.2770261029990937e-04   -2.8561696532549005e-04   -6.7148493423758275e-05    7.6023903383177428e-05 
   1.9467962356696622e-04   -4.4937649518244948e-06   -6.3569759646488942e-05   -5.2598732502228727e-05   -3.0275395877481865e-05 
  -5.8669779016590849e-05   -1.1026527621129671e-05    5.5970693607779516e-05    2.6098432068507142e-05    3.3503282195847596e-05 
  -9.7696394410368238e-06    1.4509924501285007e-06    1.2882915661366969e-04    2.9070472678296467e-06   -5.5001884073474540e-06 
   9.1908804458647241e-05    1.5817803525046195e-04   -1.2484152558405267e-04    4.6504408455801998e-05   -7.8267032173349489e-05 
   9.0124561162999735e-06    8.8553197836490423e-04    5.4789587141322664e-07    2.9628069204626853e-05    4.8950456905853474e-08 
  -2.6912839162513075e-06   -2.4475157396430783e-06    7.6554789439892902e-07    7.3956326199292588e-05    1.2138627833665086e-07 
   1.0772580595052249e-05   -1.2272104985385119e-07    3.7988723690920323e-07    3.8391041593703493e-07    6.8256184514783114e-08 
   2.9813893035786381e-08   -1.1497834911633703e-10   -8.2442460068460927e-07    9.8987497333385413e-09   -1.7285650320463098e-07 
  -8.2919917171069276e-06   -8.1474170138313680e-04   -5.0409654915032510e-07   -2.7259572892045090e-05   -4.5037310359584406e-08 
   2.4761400947714927e-06    2.2518589803620793e-06   -7.0434926034465722e-07   -6.8044186441371267e-05   -1.1168254264423243e-07 
  -9.9114101542735229e-06    1.1291061124418244e-07   -3.4951868627560972e-07   -3.5322024850733958e-07   -6.2799719558608441e-08 
  -2.7430541787641609e-08    1.0578686944116957e-10    7.5851930617361038e-07   -9.1074341710365351e-09    1.5903818829459254e-07 
  -1.3128477512941028e-06   -1.2899576447232349e-04   -7.9812190311500193e-08   -4.3159315871875204e-06   -7.1306308118870636e-09 
   3.9204030421343954e-07    3.5653050551179944e-07   -1.1151763944257489e-07   -1.0773244861532343e-05   -1.7682383192303123e-08 
  -1.5692457225139959e-06    1.7876819843337525e-08   -5.5338311586290503e-08   -5.5924369534488418e-08   -9.9429031548990630e-09 
  -4.3430006120711383e-09    1.6748937818613520e-11    1.2009423060188833e-07   -1.4419544639482666e-09    2.5180069517157174e-08 
   2.4123265652305806e-04   -6.6447120951816417e-03    9.9972810978297724e-06   -1.6421189086881417e-04    7.2263384538021502e-07 
   5.4999855000085596e-08    1.3019341128663296e-03    2.1062026092291858e-08    2.4309104498086613e-05    6.8178923768880210e-09 
   5.4999855000085596e-08    1.3019341128663296e-03    2.1062026092291858e-08    2.4309104498086613e-05    6.8178923768880210e-09 
   5.4999855000085596e-08    1.3019341128663296e-03    2.1062026092291858e-08    2.4309104498086613e-05    6.8178923768880210e-09 
   5.4999855000085596e-08    1.3019341128663296e-03    2.1062026092291858e-08    2.4309104498086613e-05    6.8178923768880210e-09 
  -5.6107111581519242e-06   -3.9981433697701850e-03   -1.2244729831621694e-06   -2.0169959464788243e-04   -1.2017078198145093e-07 
  -4.9732307558856889e-06   -3.3996595122369466e-05    2.5106997595852980e-07    6.7402614074627411e-04    4.8219337110319932e-07 
  -8.0941065992747233e-05    1.4584097121517105e-07   -8.6820362474796908e-06   -5.8671980247059125e-07    1.3227148231602271e-07 
   8.4157032515989870e-07    7.5623279190456279e-10   -7.8761118072173766e-06    1.0571348831164178e-08   -1.9429497476368758e-06 
   6.8240635811737701e-08    6.5597221629493742e-11   -5.9869978426561772e-07   -1.0275316632691917e-09    2.4564942695601124e-06 
   1.9556607669911678e-05    1.9215629187610385e-03    1.1889083800157068e-06    6.4291522530015931e-05    1.0622019886890863e-07 
  -5.8399600507656362e-06   -5.3109945245186066e-06    1.6612030760637231e-06    1.6048176407447101e-04    2.6340253880927374e-07 
   2.3375995352577909e-05   -2.6629893048697060e-07    8.2433751190237682e-07    8.3306762196536205e-07    1.4811272358779986e-07 
   6.4694751540488913e-08   -2.4949763251945660e-10   -1.7889627711864755e-06    2.1479823308922879e-08   -3.7509051614152478e-07 
  -4.6739867570776302e-08   -1.1064070627305046e-03   -1.7898889193879229e-08   -2.0658314917429554e-05   -5.7939677624069260e-09 
  -4.6739867570776302e-08   -1.1064070627305046e-03   -1.7898889193879229e-08   -2.0658314917429554e-05   -5.7939677624069260e-09 
  -4.6739867570776302e-08   -1.1064070627305046e-03   -1.7898889193879229e-08   -2.0658314917429554e-05   -5.7939677624069260e-09 
  -4.6739867570776302e-08   -1.1064070627305046e-03   -1.7898889193879229e-08   -2.0658314917429554e-05   -5.7939677624069260e-09 
   5.2821542398744786e-04    4.4361469629774841e-09    4.5865073809534348e-06    1.3426028669038514e-09    9.8563641586673069e-07 
   5.2821542398744786e-04    4.4361469629774841e-09    4.5865073809534348e-06    1.3426028669038514e-09    9.8563641586673069e-07 
   5.2821542398744786e-04    4.4361469629774841e-09    4.5865073809534348e-06    1.3426028669038514e-09    9.8563641586673069e-07 
   5.2821542398744786e-04    4.4361469629774841e-09    4.5865073809534348e-06    1.3426028669038514e-09    9.8563641586673069e-07 
  -5.1891397560710376e-08   -1.2283519774459830e-03   -1.9871651832308850e-08   -2.2935213299255100e-05   -6.4325617559297622e-09 
  -5.1891397560710376e-08   -1.2283519774459830e-03   -1.9871651832308850e-08   -2.2935213299255100e-05   -6.4325617559297622e-09 
  -5.1891397560710376e-08   -1.2283519774459830e-03   -1.9871651832308850e-08   -2.2935213299255100e-05   -6.4325617559297622e-09 
  -5.1891397560710376e-08   -1.2283519774459830e-03   -1.9871651832308850e-08   -2.2935213299255100e-05   -6.4325617559297622e-09 
   5.6189329299214135e-06    4.0040021319415692e-03    1.2262672900016576e-06    2.0199515932523780e-04    1.2034687672505167e-07 
   4.9805183825482175e-06    3.4046412736956475e-05   -2.5143788654638870e-07   -6.7501383890782236e-04   -4.8289996314371284e-07 
   8.1059674659743867e-05   -1.4605468230208552e-07    8.6947586490628655e-06    5.8757956448160555e-07   -1.3246530907141258e-07 
  -8.4280353766120273e-07   -7.5734095328453485e-10    7.8876532307347569e-06   -1.0586839776061459e-08    1.9457968892797751e-06 
  -6.8340633640396873e-08   -6.5693345876447122e-11    5.9957710139100956e-07    1.0290373780677602e-09   -2.4600939443015281e-06 
  -2.1062855236896192e-06   -1.5009205186310797e-03   -4.5967251670696049e-07   -7.5718910556221402e-05   -4.5112637475596409e-08 
  -1.8669725907865689e-06   -1.2762470592866864e-05    9.4252767766562096e-08    2.5303236306854939e-04    1.8101750180066282e-07 
  -3.0385630407088105e-05    5.4749338857880215e-08   -3.2592744036815471e-06   -2.2025718158923924e-07    4.9655293339137574e-08 
   3.1592918314385679e-07    2.8389309968553446e-10   -2.9567268417301846e-06    3.9685306160526763e-09   -7.2939183845848177e-07 
   2.5617833334514802e-08    2.4625484081766917e-11   -2.2475451918471809e-07   -3.8573988331801617e-10    9.2217869948329779e-07 
   1.2253313708417278e-05    1.2039671527627107e-03    7.4491791198081706e-07    4.0282251791760786e-05    6.6552923742171975e-08 
  -3.6590631542274535e-06   -3.3276365262844610e-06    1.0408370801298841e-06    1.0055084362663311e-04    1.6503649273433342e-07 
   1.4646374725936050e-05   -1.6685124488605102e-07    5.1649377568157779e-07    5.2196368023334466e-07    9.2800944671075650e-08 
   4.0534897426681501e-08   -1.5632428754358299e-10   -1.1208857087087232e-06    1.3458316383292992e-08   -2.3501528695109398e-07 
   5.2936010101095312e-06    3.7721734703857822e-03    1.1552673516442634e-06    1.9029979406717524e-04    1.1337888459262509e-07 
   4.6921501768299401e-06    3.2075151474975778e-05   -2.3687982519136149e-07   -6.3593105382205321e-04   -4.5494042455409166e-07 
   7.6366381483747580e-05   -1.3759822788565658e-07    8.1913387722144436e-06    5.5355915702361798e-07   -1.2479566897316715e-07 
  -7.9400585732736765e-07   -7.1349149123237535e-10    7.4309641404093410e-06   -9.9738698488452174e-09    1.8331367373526317e-06 
  -6.4383763213096406e-08   -6.1889751386283055e-11    5.6486204572055351e-07    9.6945690078848213e-10   -2.3176563861745631e-06 
  -1.6619581021926909e-05   -1.6329810955001722e-03   -1.0103571888758018e-06   -5.4636171351667999e-05   -9.0267966257922519e-08 
   4.9629102790583429e-06    4.5133852095958012e-06   -1.4117222977782395e-06   -1.3638048712716623e-04   -2.2384453935009796e-07 
  -1.9865370072748925e-05    2.2630594865846066e-07   -7.0053785910698610e-07   -7.0795687440713696e-07   -1.2586903882276543e-07 
  -5.4978843113716872e-08    2.1202788277108091e-10    1.5202949418823617e-06   -1.8253966630856393e-08    3.1875912882178347e-07 
   5.0268659568994962e-05   -1.3846415948030736e-03    2.0832582427508820e-06   -3.4218881300079494e-05    1.5058423386793649e-07 
   5.0268659568994962e-05   -1.3846415948030736e-03    2.0832582427508820e-06   -3.4218881300079494e-05    1.5058423386793649e-07 
   5.0268659568994962e-05   -1.3846415948030736e-03    2.0832582427508820e-06   -3.4218881300079494e-05    1.5058423386793649e-07 
   5.0268659568994962e-05   -1.3846415948030736e-03    2.0832582427508820e-06   -3.4218881300079494e-05    1.5058423386793649e-07 
   1.8595336424656562e-06    1.7189170297629117e-03    2.0557061526323058e-06    1.2768221131511410e-03    5.6940958614804013e-07 
   1.8595336424656562e-06    1.7189170297629117e-03    2.0557061526323058e-06    1.2768221131511410e-03    5.6940958614804013e-07 
   1.8595336424656562e-06    1.7189170297629117e-03    2.0557061526323058e-06    1.2768221131511410e-03    5.6940958614804013e-07 
   1.8595336424656562e-06    1.7189170297629117e-03    2.0557061526323058e-06    1.2768221131511410e-03    5.6940958614804013e-07 
   6.1064006636002550e-06    9.5668589095829714e-04    5.5571322134948091e-06    6.9902030026967800e-04    6.6782508780903615e-07 
   6.1064006636002550e-06    9.5668589095829714e-04    5.5571322134948091e-06    6.9902030026967800e-04    6.6782508780903615e-07 
   6.1064006636002550e-06    9.5668589095829714e-04    5.5571322134948091e-06    6.9902030026967800e-04    6.6782508780903615e-07 
   6.1064006636002550e-06    9.5668589095829714e-04    5.5571322134948091e-06    6.9902030026967800e-04    6.6782508780903615e-07 
  -4.1488910895369502e-05   -4.2283469278100526e-02   -4.6938613841015510e-05   -3.1794632279636220e-02   -1.4104470227293436e-05 
  -2.9648913142771359e-05    4.4057977376310764e-03   -1.7226743561054621e-05    1.1821978113281607e-02    1.2355444335096889e-05 
  -5.4777881616927134e-04   -2.6555842358916200e-06   -5.3008235065406305e-04   -9.4740176100632094e-06   -7.9810717237188610e-05 
  -3.4643844793408683e-05    8.1772655448473565e-08   -1.2437915884205283e-04    1.9451077073344766e-07   -1.1274067743112597e-04 
  -2.4598705406688382e-06   -6.4884957408260558e-09    1.3992308173688780e-05   -1.8037644313672733e-08    4.7644068944477927e-05 
  -1.3063293689096047e-04   -2.0513878220695385e-02   -1.1905988075804690e-04   -1.5005456408930865e-02   -1.4476739402134770e-05 
   2.8538314979202653e-05   -1.1000763385897534e-03    3.7536791203218732e-06   -2.8939118764440856e-03   -2.0718216805051092e-05 
  -1.5285633268460438e-04   -3.2218863369178729e-06   -1.3376531562292446e-04   -1.3304926981868612e-05   -1.2182337577153188e-05 
   8.8342931033776119e-06   -1.5192819545680940e-07    2.8888490774285156e-05   -3.9065310482413871e-07    2.4693330094050742e-05 
  -6.6128665543912306e-07   -4.7122704812918836e-04   -1.4431818371801332e-07   -2.3772610385464685e-05   -1.4163504813923259e-08 
  -5.8615227920053600e-07   -4.0068886191237727e-06    2.9591476018431238e-08    7.9441710636813027e-05    5.6832018734106503e-08 
  -9.5398328855787152e-06    1.7189031009152955e-08   -1.0232775401662584e-06   -6.9151657413688320e-08    1.5589711123099189e-08 
   9.9188714220874810e-08    8.9130707248290960e-11   -9.2829010227910525e-07    1.2459546954014758e-09   -2.2899891013535710e-07 
   8.0429415361041764e-09    7.7313848591975990e-12   -7.0563635658539538e-08   -1.2110639058184862e-10    2.8952602153874630e-07 
2    103 5 
   1.8679113875848554e-02    1.5816124634418221e-03   -1.8159316681755514e-03    1.4447273574919674e-04   -7.9060227377961354e-05 
  -5.5935641535079230e-03    6.1123308067141877e-02   -6.4591883701664412e-03    9.2214381797255834e-04   -5.6526797304112559e-04 
   1.6090154696026379e-03    1.2277983903278934e-02    2.2367607291736750e-03   -1.6230755682035173e-03    3.9752832365815265e-05 
  -9.5805066838557402e-03   -2.6168857303853738e-02   -5.9389249679495095e-03    2.0963165424260867e-03    9.5608471388715832e-05 
   1.5993844771816153e-02    3.3181219966791048e-02   -1.6799482900118679e-03   -1.1065764298782113e-04   -2.6797918764720914e-04 
  -4.6044432339848026e-03    1.8352698243208409e-02    4.1338375960444821e-04   -2.3288734670101933e-04    1.0956017657218717e-04 
   4.4936286571769382e-03    2.1786120012192377e-03   -4.1281222451730534e-03    3.5568278771774538e-03   -1.3566991960020148e-03 
   9.4846331936860933e-04    3.5387541197532519e-04   -1.8590339258471645e-03   -2.8642667757168283e-03    8.6807819445978692e-04 
   3.1429948592170622e-03   -1.4974683255191083e-03   -7.1068713997372163e-04   -1.1989150722956929e-03    2.6516565661706680e-04 
   5.1226985722488761e-03    1.3159020068697461e-04   -1.3212543444003335e-04   -1.6988279415566217e-03    4.1993368343307190e-04 
   3.3537237334695979e-03   -2.1387308694545411e-03   -3.5328692427948837e-03   -1.0710368693847060e-03    2.6322474659346874e-04 
  -7.2637025362232610e-04   -1.8654981607297780e-03   -6.8107778513095633e-04   -1.7208629948247431e-05    6.2613019402248940e-04 
   1.7298356596401458e-03   -3.3301013543083615e-03    2.2835944419269090e-03    3.9717132832633060e-03   -5.1529980115751727e-04 
  -3.1437190155688788e-03    2.2547804417931564e-03   -3.3399969034587930e-03   -5.5600815944460719e-03    1.4099962795324538e-03 
   4.5070536061853409e-04    1.7254928942752044e-03   -3.9000106165856044e-03    2.2897431386993340e-03   -4.9874937756012145e-04 
  -4.1374263359080258e-04    1.3771645622657883e-03   -1.2565329182780574e-03   -2.9107029729334957e-03    1.3603772125396938e-03 
  -2.8051601870616883e-03   -1.0082884961036140e-02    7.4002588372943751e-05   -5.8203836080754094e-05    6.7317429274031536e-06 
  -8.0969242955155512e-04   -3.8041474639798051e-04   -1.0640740373843625e-03   -4.2213559643940697e-05   -1.1605706922433394e-05 
   1.8603318533787449e-05   -1.4330469419394134e-04   -4.4790017771221774e-05   -1.6671561836836875e-04    2.0509008194191094e-05 
  -7.1864667906571236e-08   -3.5585719177157654e-07    1.2339251861151780e-05    1.1358612147372567e-05    1.6475275157942012e-05 
  -2.5809129871051275e-03   -9.2768494517539209e-03    6.8086750372421871e-05   -5.3550965514559675e-05    6.1936009313559448e-06 
  -7.4496483895247745e-04   -3.5000402614913495e-04   -9.7901093669924312e-04   -3.8838967136170733e-05   -1.0677935562752773e-05 
   1.7116151380074352e-05   -1.3184877928332667e-04   -4.1209460725842526e-05   -1.5338821169100057e-04    1.8869498378442958e-05 
  -6.6119737321791653e-08   -3.2740962602925478e-07    1.1352840214435642e-05    1.0450593781366552e-05    1.5158225835866654e-05 
  -2.5535510456079283e-02   -1.0429961379864466e-02   -1.9963350938979052e-02    1.5053908669458195e-03   -3.3756585011906679e-04 
  -7.6475336529322510e-04   -3.6819491567001302e-03   -1.7070006149999028e-03   -2.4872906575111814e-03    6.2912477436019562e-05 
  -2.2450278133295673e-04   -1.2694440432884055e-04   -7.1540906726067269e-04   -2.1436916585040988e-04   -4.0074544056068671e-04 
  -1.7393756816356976e-06    2.2974837585038332e-05    3.3569409651326299e-05    8.2708140904675048e-05    6.0098771729720235e-05 
   7.4884502086613632e-03   -3.8595601006392096e-04    4.5591614646807902e-05   -5.5452433884207875e-06    1.9112572397465213e-06 
  -8.2410693247108452e-04   -9.6643603863598416e-04    1.4254909278623335e-04   -2.1907304029915442e-05    3.1060515451270038e-06 
   5.1441429556974970e-04   -4.3094188352178173e-04    4.9544579687263217e-05   -1.7253573127071517e-05    4.5415180473608746e-06 
  -5.3110910117017153e-07    5.1128523831446046e-07   -6.6817145046819801e-06   -4.4023322631164801e-05    1.4318440992287952e-05 
   4.8710178865521565e-07    4.6119681987362318e-06    3.3312212099402056e-05   -5.0286907844498544e-06   -6.2598513029816576e-08 
   3.9986576580629055e-03   -2.0609150255582496e-04    2.4344858277891957e-05   -2.9610305634782633e-06    1.0205667641885499e-06 
   3.9986576580629055e-03   -2.0609150255582496e-04    2.4344858277891957e-05   -2.9610305634782633e-06    1.0205667641885499e-06 
   3.9986576580629055e-03   -2.0609150255582496e-04    2.4344858277891957e-05   -2.9610305634782633e-06    1.0205667641885499e-06 
   3.9986576580629055e-03   -2.0609150255582496e-04    2.4344858277891957e-05   -2.9610305634782633e-06    1.0205667641885499e-06 
   3.9986576580629055e-03   -2.0609150255582496e-04    2.4344858277891957e-05   -2.9610305634782633e-06    1.0205667641885499e-06 
  -1.9208874609231124e-03   -8.4247308140164326e-05   -3.8254222212492732e-06    5.1714358454708578e-07   -4.3423833241240529e-07 
   7.0389663775617634e-06   -1.5982205595039081e-04   -1.4988742493461899e-05   -1.4825359039930111e-06    2.0110477201846349e-07 
  -4.8783983427376859e-08    2.1743210505161505e-06   -2.3289910935611719e-05    8.5546878018878495e-07    1.4736040495111175e-07 
   1.1389220055689538e-09   -2.1367660573222834e-08    6.5268791224269559e-08    1.7293286318798878e-06    5.9197309205461120e-07 
  -7.0034091704054911e-04   -8.2129475543892330e-04    1.2114078699211991e-04   -1.8617221612482219e-05    2.6395785568346555e-06 
   4.3715853526171764e-04   -3.6622217579442045e-04    4.2103876336198561e-05   -1.4662397256879538e-05    3.8594638495611946e-06 
  -4.5134608180856505e-07    4.3449940603795210e-07   -5.6782413534378386e-06   -3.7411812627560557e-05    1.2168069093972559e-05 
   4.1394787486617217e-07    3.9193336573201458e-06    2.8309317942988048e-05   -4.2734720176844757e-06   -5.3197344050026818e-08 
  -3.3430823631031004e-04   -3.9204563734749882e-04    5.7826641081765803e-05   -8.8869440165906496e-06    1.2600047069459104e-06 
   2.0867793863725030e-04   -1.7481641684583791e-04    2.0098315402249975e-05   -6.9991057894232947e-06    1.8423178215867377e-06 
  -2.1545037410152343e-07    2.0740860140549922e-07   -2.7105125604165758e-06   -1.7858555444030137e-05    5.8084364616274898e-06 
   1.9759831334101315e-07    1.8708967170262762e-06    1.3513473113438250e-05   -2.0399449159570398e-06   -2.5393790128540404e-08 
  -7.7753042194980313e-04   -9.1181543474577991e-04    1.3449256631090236e-04   -2.0669156725920922e-05    2.9305050999133223e-06 
   4.8534085630373231e-04   -4.0658610106072675e-04    4.6744441081273216e-05   -1.6278443324591741e-05    4.2848425423008386e-06 
  -5.0109211227720554e-07    4.8238864572019191e-07   -6.3040803243768192e-06   -4.1535231985495885e-05    1.3509197687507180e-05 
   4.5957198555526338e-07    4.3513110232309275e-06    3.1429487253631635e-05   -4.7444814664577175e-06   -5.9060598002203185e-08 
   4.0045171738572879e-03   -2.0639350300637088e-04    2.4380532520047617e-05   -2.9653695709247664e-06    1.0220622728280372e-06 
   4.0045171738572879e-03   -2.0639350300637088e-04    2.4380532520047617e-05   -2.9653695709247664e-06    1.0220622728280372e-06 
   4.0045171738572879e-03   -2.0639350300637088e-04    2.4380532520047617e-05   -2.9653695709247664e-06    1.0220622728280372e-06 
   4.0045171738572879e-03   -2.0639350300637088e-04    2.4380532520047617e-05   -2.9653695709247664e-06    1.0220622728280372e-06 
   4.0045171738572879e-03   -2.0639350300637088e-04    2.4380532520047617e-05   -2.9653695709247664e-06    1.0220622728280372e-06 
   3.9797572482297731e-04    1.4380868342065793e-03   -1.7915735621245381e-04    2.8590108178336842e-05   -4.4138074431478454e-06 
   3.9797572482297731e-04    1.4380868342065793e-03   -1.7915735621245381e-04    2.8590108178336842e-05   -4.4138074431478454e-06 
   3.9797572482297731e-04    1.4380868342065793e-03   -1.7915735621245381e-04    2.8590108178336842e-05   -4.4138074431478454e-06 
   3.9797572482297731e-04    1.4380868342065793e-03   -1.7915735621245381e-04    2.8590108178336842e-05   -4.4138074431478454e-06 
   3.9797572482297731e-04    1.4380868342065793e-03   -1.7915735621245381e-04    2.8590108178336842e-05   -4.4138074431478454e-06 
  -1.2035439404692180e-03   -5.2785672911941802e-05   -2.3968419950580049e-06    3.2401951712208557e-07   -2.7207471771576501e-07 
   4.4103079973304691e-06   -1.0013749941393601e-04   -9.3912894795983143e-06   -9.2889205644633194e-07    1.2600344095429199e-07 
  -3.0565907082216258e-08    1.3623343263044625e-06   -1.4592438001106425e-05    5.3599926471591311e-07    9.2329574767888859e-08 
   7.1359863935539018e-10   -1.3388040126279283e-08    4.0894565547306878e-08    1.0835215692327700e-06    3.7090440869490987e-07 
   3.7726586917684363e-03   -1.9444347701260962e-04    2.2968918331071341e-05   -2.7936769404035149e-06    9.6288564880823582e-07 
   3.7726586917684363e-03   -1.9444347701260962e-04    2.2968918331071341e-05   -2.7936769404035149e-06    9.6288564880823582e-07 
   3.7726586917684363e-03   -1.9444347701260962e-04    2.2968918331071341e-05   -2.7936769404035149e-06    9.6288564880823582e-07 
   3.7726586917684363e-03   -1.9444347701260962e-04    2.2968918331071341e-05   -2.7936769404035149e-06    9.6288564880823582e-07 
   3.7726586917684363e-03   -1.9444347701260962e-04    2.2968918331071341e-05   -2.7936769404035149e-06    9.6288564880823582e-07 
  -1.6324070784490665e-03   -7.1594981458306627e-05   -3.2509173176770607e-06    4.3947855622083040e-07   -3.6902407974659716e-07 
   5.9818488971628191e-06   -1.3581985448555311e-04   -1.2737721413215517e-05   -1.2598875014625059e-06    1.7090269994009079e-07 
  -4.1457566610134435e-08    1.8477798131795115e-06   -1.9792213880906095e-05    7.2699380915385027e-07    1.2522970398781956e-07 
   9.6787780727076403e-10   -1.8158648582600211e-08    5.5466673068452420e-08    1.4696167042960172e-06    5.0307010971737919e-07 
  -1.1619237848675909e-03   -1.0161336098093914e-03   -1.0781079560830168e-03    2.6671696918106706e-04   -5.6408330077833826e-05 
  -3.0781783868662779e-04    4.0365095288440384e-04   -5.5315896877788462e-04    1.0497397080543463e-04   -3.3521465544424523e-05 
   4.8800418072567255e-07   -4.5617138418737751e-06   -6.6213822443216027e-05   -1.6576922768533594e-05   -5.7087918111596261e-05 
   2.6049084803303815e-06    4.3156654790768669e-05    1.6318118247533373e-05    4.2882571062123059e-05   -1.1412557506773411e-05 
  -5.3015420889255555e-03   -4.6363411873785168e-03   -4.9191132671674792e-03    1.2169569608261558e-03   -2.5737586231417087e-04 
  -1.4044890454714477e-03    1.8417494708531487e-03   -2.5239138685647978e-03    4.7896766699725827e-04   -1.5294932660878986e-04 
   2.2266302982889818e-06   -2.0813859088945373e-05   -3.0211565605514840e-04   -7.5635988269457863e-05   -2.6047663760687414e-04 
   1.1885488640586156e-05    1.9691207355443174e-04    7.4455133656826591e-05    1.9566150407454981e-04   -5.2072394723667176e-05 
  -2.4778578154543469e-04   -2.9058014161953855e-04    4.2860503865338917e-05   -6.5869103106913999e-06    9.3390236060986388e-07 
   1.5466991387111891e-04   -1.2957210672760963e-04    1.4896661968778339e-05   -5.1876642863852244e-06    1.3655067739737707e-06 
  -1.5968957247421500e-07    1.5372909434036043e-07   -2.0090036685429565e-06   -1.3236575224141479e-05    4.3051525863856808e-06 
   1.4645781104182940e-07    1.3866891535057491e-06    1.0016045472772725e-05   -1.5119859172146351e-06   -1.8821612661557617e-08 
   1.3272062606100752e-03    1.1691116134193394e-03    1.2281826258883899e-03   -3.0419967222011546e-04    6.4245052340735349e-05 
   1.3272062606100752e-03    1.1691116134193394e-03    1.2281826258883899e-03   -3.0419967222011546e-04    6.4245052340735349e-05 
   1.3272062606100752e-03    1.1691116134193394e-03    1.2281826258883899e-03   -3.0419967222011546e-04    6.4245052340735349e-05 
   1.3272062606100752e-03    1.1691116134193394e-03    1.2281826258883899e-03   -3.0419967222011546e-04    6.4245052340735349e-05 
   1.3272062606100752e-03    1.1691116134193394e-03    1.2281826258883899e-03   -3.0419967222011546e-04    6.4245052340735349e-05 
  -4.3798271768036145e-05   -1.9209279943319368e-06   -8.7223684615673871e-08    1.1791422308626470e-08   -9.9010946148596967e-09 
   1.6049590027640831e-07   -3.6441124133724984e-06   -3.4175922876516347e-07   -3.3803391270903871e-08    4.5854021320336869e-09 
  -1.1123265717257691e-09    4.9576826450677762e-08   -5.3103467504601970e-07    1.9505595661378786e-08    3.3599735513891157e-09 
   2.5968629884508616e-11   -4.8720532767881115e-10    1.4881976764208750e-09    3.9430527262082617e-08    1.3497614458221682e-08 
   3.6601789437682250e-04    1.3162770279928277e-03   -9.9414199477275579e-06    7.5848542183481438e-06   -8.8155371541725984e-07 
   3.6601789437682250e-04    1.3162770279928277e-03   -9.9414199477275579e-06    7.5848542183481438e-06   -8.8155371541725984e-07 
   3.6601789437682250e-04    1.3162770279928277e-03   -9.9414199477275579e-06    7.5848542183481438e-06   -8.8155371541725984e-07 
   3.6601789437682250e-04    1.3162770279928277e-03   -9.9414199477275579e-06    7.5848542183481438e-06   -8.8155371541725984e-07 
   3.6601789437682250e-04    1.3162770279928277e-03   -9.9414199477275579e-06    7.5848542183481438e-06   -8.8155371541725984e-07 
2    103 5 
   1.8397200957378200e-02    1.0593629578041979e-02    9.0205295391330206e-03   -4.5085829304835701e-03    1.3257177011448597e-03 
  -7.0947807533886832e-03   -1.3141102113950996e-03    4.4239800010753907e-04   -2.0743393554653782e-03    4.5794354556634778e-04 
   4.1965262028506884e-03   -3.0055251218173542e-03   -3.4928370831655681e-03    3.0844520105129795e-03    1.2555888751389782e-03 
   1.6284002534236444e-03    2.0146605755342797e-03    2.4403121082640263e-03   -1.5403785390374933e-03   -9.1876087237516594e-04 
   8.4635455429319557e-03   -6.0927725999869679e-03   -9.8008945458046308e-04    1.2677467174663090e-03   -1.5543021272486461e-03 
  -3.7507859544067008e-03    1.2056499217473966e-02    5.5647557497634937e-03   -1.7988348328736906e-03   -9.1609268402851642e-04 
  -1.4375619900956760e-03    1.2767986472757300e-03    9.0127919099312242e-04    5.0782606601622099e-04    5.0725071700182221e-03 
  -5.6132838742696642e-04   -4.7794705514171308e-04    1.6675849621788778e-03    1.4863570865583666e-03   -2.3795207233166509e-03 
  -3.5236311081499543e-04   -4.9711274421067103e-04   -4.1018457034675351e-04   -1.0293852579637800e-03    3.0308127349555065e-03 
   9.8635055262976897e-04    3.0583363856745741e-04   -1.6332128751451939e-03   -3.0192575599935515e-03   -1.1963955209138176e-03 
   1.3709357492552425e-03   -6.3532801782199702e-04    2.6057665813853650e-04   -9.1007865509858381e-04   -1.7947794698944500e-03 
   9.4562581197846977e-04   -6.6865079379050351e-04   -1.2779211027987153e-03   -1.0122449506442643e-05   -1.2776874258123489e-04 
  -1.2616255392054758e-03    1.4219365873520853e-03   -4.2348115558868405e-04   -1.3337425699311693e-03   -3.1368920114807440e-04 
   1.2535431899629353e-03   -2.2533737706248646e-03    1.3486396318396145e-03    9.7926956510120938e-04    4.2084160642660905e-04 
  -1.1395462744048501e-04    1.6574128313478357e-03    3.6881591760859424e-04    8.9412267266914230e-04    4.0810792162266165e-04 
   1.0395384289954947e-04   -6.6986531422265989e-04    7.1541418855973330e-04    1.3960018477139299e-03    8.1467858155249572e-04 
   3.0363621221999129e-03    2.2942052612515628e-04    4.6065336026697373e-05   -1.3209353945642382e-05    3.7731237681766319e-06 
   3.0363621221999129e-03    2.2942052612515628e-04    4.6065336026697373e-05   -1.3209353945642382e-05    3.7731237681766319e-06 
   3.0363621221999129e-03    2.2942052612515628e-04    4.6065336026697373e-05   -1.3209353945642382e-05    3.7731237681766319e-06 
   3.0363621221999129e-03    2.2942052612515628e-04    4.6065336026697373e-05   -1.3209353945642382e-05    3.7731237681766319e-06 
  -1.2772755180986489e-03    2.4533181464094708e-03    4.3489787560349331e-04   -1.0353422714820571e-04    2.8894922563172989e-05 
  -1.2772755180986489e-03    2.4533181464094708e-03    4.3489787560349331e-04   -1.0353422714820571e-04    2.8894922563172989e-05 
  -1.2772755180986489e-03    2.4533181464094708e-03    4.3489787560349331e-04   -1.0353422714820571e-04    2.8894922563172989e-05 
  -1.2772755180986489e-03    2.4533181464094708e-03    4.3489787560349331e-04   -1.0353422714820571e-04    2.8894922563172989e-05 
   2.0913401246850432e-03    1.5801684133915796e-04    3.1728193710943951e-05   -9.0981413994433219e-06    2.5987958004407896e-06 
   2.0913401246850432e-03    1.5801684133915796e-04    3.1728193710943951e-05   -9.0981413994433219e-06    2.5987958004407896e-06 
   2.0913401246850432e-03    1.5801684133915796e-04    3.1728193710943951e-05   -9.0981413994433219e-06    2.5987958004407896e-06 
   2.0913401246850432e-03    1.5801684133915796e-04    3.1728193710943951e-05   -9.0981413994433219e-06    2.5987958004407896e-06 
   5.8819824437212750e-03    4.4442904126328726e-04    8.9236885084326411e-05   -2.5588907012473032e-05    7.3092229678859120e-06 
  -1.2717820360421237e-03   -1.2830834577913202e-04    8.1911923801784668e-06    7.5846263338031578e-07   -6.5161902175276528e-07 
   6.3619668235784078e-05   -6.4211115386216379e-04   -1.8568801586833964e-04    4.5927674407044630e-05   -1.2742228762866126e-05 
  -1.4833363378361573e-06    1.2506765796809915e-05   -3.7291383230457824e-05    2.3701913794603085e-05   -8.7870374971622312e-06 
   4.5377799852076721e-07   -3.1242717366188684e-06    1.8085970940605450e-05    2.4891808099029379e-05   -1.4136166371904139e-05 
  -3.6518647165680838e-03   -1.6030706603416920e-03   -3.2830378413034448e-04    1.0497765433670915e-04   -3.3331559003755763e-05 
  -2.0101454985734215e-04    3.4257412078989437e-04    4.7105127742477033e-04   -2.5609480077454043e-04    1.0126354241968615e-04 
  -2.2746109288135821e-05    6.2029586868364193e-05   -4.3252210936897457e-05    1.8323842240980661e-05   -7.4595470837954284e-06 
  -9.6262248705019646e-08    8.1417185998822221e-08    1.2922501019100016e-06   -6.1314790100473737e-07   -8.0283739328727319e-06 
  -7.6660403732411832e-08    9.1542620919411038e-08    1.1275885138942760e-06    2.2608929002154567e-06    1.0674301171006157e-08 
   1.9170574720192531e-03    1.4484844565382905e-04    2.9084112196431756e-05   -8.3399442039191230e-06    2.3822241292470634e-06 
   1.9170574720192531e-03    1.4484844565382905e-04    2.9084112196431756e-05   -8.3399442039191230e-06    2.3822241292470634e-06 
   1.9170574720192531e-03    1.4484844565382905e-04    2.9084112196431756e-05   -8.3399442039191230e-06    2.3822241292470634e-06 
   1.9170574720192531e-03    1.4484844565382905e-04    2.9084112196431756e-05   -8.3399442039191230e-06    2.3822241292470634e-06 
  -1.0807832846724524e-03   -1.0903874364637272e-04    6.9610228444365466e-06    6.4455520912778845e-07   -5.5375758323864028e-07 
   5.4065140139599345e-05   -5.4567762582627161e-04   -1.5780102095092606e-04    3.9030165072538047e-05   -1.0828575546825943e-05 
  -1.2605659413697433e-06    1.0628474876537406e-05   -3.1690889252707193e-05    2.0142313319407479e-05   -7.4673827586667108e-06 
   3.8562871770042986e-07   -2.6550624037910270e-06    1.5369783914002892e-05    2.1153506934591000e-05   -1.2013168837994799e-05 
  -5.1591267187319216e-04   -5.2049722058150605e-05    3.3228492201671848e-06    3.0767888884558479e-07   -2.6433657736043848e-07 
   2.5808033210906502e-05   -2.6047960392612036e-04   -7.5326429912156564e-05    1.8631077138029029e-05   -5.1690282614213336e-06 
  -6.0173205128862246e-07    5.0735100637250555e-06   -1.5127668590245295e-05    9.6149476307563829e-06   -3.5645604864171402e-06 
   1.8408014346757474e-07   -1.2673959323353353e-06    7.3367773147879374e-06    1.0097641624259947e-05   -5.7344947139444219e-06 
  -1.1999040223420376e-03   -1.2105667153434627e-04    7.7282461980207185e-06    7.1559617827392514e-07   -6.1479110655548638e-07 
   6.0024040010622419e-05   -6.0582060013023953e-04   -1.7519338284925504e-04    4.3331954451354590e-05   -1.2022069122589066e-05 
  -1.3995017918280773e-06    1.1799913948135826e-05   -3.5183765353517445e-05    2.2362339530959124e-05   -8.2904156046485051e-06 
   4.2813157462884091e-07   -2.9476955306941882e-06    1.7063796047261430e-05    2.3484983916223667e-05   -1.3337224783368627e-05 
  -3.6572160521450453e-03   -1.6054197531265777e-03   -3.2878487087819062e-04    1.0513148551613079e-04   -3.3380402093896301e-05 
  -2.0130911069012934e-04    3.4307611887104234e-04    4.7174154216760700e-04   -2.5647007459348613e-04    1.0141193104830678e-04 
  -2.2779440770356073e-05    6.2120483207849853e-05   -4.3315591459762597e-05    1.8350693462617078e-05   -7.4704780855700632e-06 
  -9.6403308584340024e-08    8.1536492358128171e-08    1.2941437273538219e-06   -6.1404638997715182e-07   -8.0401384768486395e-06 
  -7.6772739642331013e-08    9.1676764794432425e-08    1.1292408490706584e-06    2.2642059464402336e-06    1.0689942979246328e-08 
  -1.3709259967525798e-03   -6.0179974162873062e-04   -1.2324667736309482e-04    3.9409070866006614e-05   -1.2512813123451141e-05 
  -7.5461741743797759e-05    1.2860382419830769e-04    1.7683471107111853e-04   -9.6139108993317690e-05    3.8014776997782357e-05 
  -8.5389889736621498e-06    2.3286178378912990e-05   -1.6237069276252721e-05    6.8788505703905368e-06   -2.8003466214886522e-06 
  -3.6137269449453725e-08    3.0564367941077483e-08    4.8511634370713234e-07   -2.3017840543984465e-07   -3.0138867100666826e-06 
  -2.8778651060512941e-08    3.4365500523586386e-08    4.2330166293509540e-07    8.4874908939440173e-07    4.0071793749937015e-09 
  -5.4917465815521971e-04    1.0548234388818537e-03    1.8698776323726072e-04   -4.4515355532782817e-05    1.2423599290992201e-05 
  -5.4917465815521971e-04    1.0548234388818537e-03    1.8698776323726072e-04   -4.4515355532782817e-05    1.2423599290992201e-05 
  -5.4917465815521971e-04    1.0548234388818537e-03    1.8698776323726072e-04   -4.4515355532782817e-05    1.2423599290992201e-05 
  -5.4917465815521971e-04    1.0548234388818537e-03    1.8698776323726072e-04   -4.4515355532782817e-05    1.2423599290992201e-05 
  -3.4454660394201524e-03   -1.5124671770943361e-03   -3.0974847827803912e-04    9.9044452899402926e-05   -3.1447702338846599e-05 
  -1.8965346712341419e-04    3.2321227394070489e-04    4.4442806761959316e-04   -2.4162065339867537e-04    9.5540257790901076e-05 
  -2.1460528569322800e-05    5.8523754734008792e-05   -4.0807651837926108e-05    1.7288202344013165e-05   -7.0379431171334327e-06 
  -9.0821630737475375e-08    7.6815591802020680e-08    1.2192137951792422e-06   -5.7849357356230698e-07   -7.5746206073795819e-06 
  -7.2327656725598883e-08    8.6368750218588000e-08    1.0638586674464876e-06    2.1331101535927505e-06    1.0071003455409300e-08 
   1.6291522802767485e-03    1.2309499270406240e-04    2.4716237460910990e-05   -7.0874448552052775e-06    2.0244598448085377e-06 
   1.6291522802767485e-03    1.2309499270406240e-04    2.4716237460910990e-05   -7.0874448552052775e-06    2.0244598448085377e-06 
   1.6291522802767485e-03    1.2309499270406240e-04    2.4716237460910990e-05   -7.0874448552052775e-06    2.0244598448085377e-06 
   1.6291522802767485e-03    1.2309499270406240e-04    2.4716237460910990e-05   -7.0874448552052775e-06    2.0244598448085377e-06 
   2.9673673891475461e-04   -9.1638419756097259e-04   -2.1269126395911136e-04    1.5690454488706199e-05   -3.3967157018314112e-06 
  -5.3129017720533354e-04    1.7358724610689398e-04   -5.4286241705083069e-04    2.4181148789117907e-04   -7.5119938129113249e-05 
   7.4055433934187382e-06   -4.4850935052602776e-05    8.1735944945096569e-06    3.2933964482466763e-05   -2.5743550554828358e-05 
  -1.6327402269752700e-06    1.6624105810727126e-05   -4.3051043405464578e-05   -2.0906193738335636e-05   -1.7612874165649569e-05 
  -5.1430272538497551e-04   -5.1887296764474600e-05    3.3124800051342262e-06    3.0671875242405281e-07   -2.6351169406597811e-07 
   2.5727497192504750e-05   -2.5966675662374595e-04   -7.5091367802000095e-05    1.8572937381350527e-05   -5.1528978979884050e-06 
  -5.9985429860752982e-07    5.0576777724181396e-06   -1.5080461498329250e-05    9.5849434226482187e-06   -3.5534369921709013e-06 
   1.8350570675244228e-07   -1.2634409226182164e-06    7.3138823181795320e-06    1.0066131131189052e-05   -5.7165997675130988e-06 
   1.0066594303905602e-03   -3.1087717608187628e-03   -7.2154080889739558e-04    5.3228811625875211e-05   -1.1523129579807687e-05 
  -1.8023661954149339e-03    5.8888305818859663e-04   -1.8416242408252042e-03    8.2032921017022233e-04   -2.5483933807654043e-04 
   2.5122807918614640e-05   -1.5215378081481014e-04    2.7728369625475405e-05    1.1172625960530986e-04   -8.7333263931295207e-05 
  -5.5389614136551193e-06    5.6396160945161827e-05   -1.4604776944965396e-04   -7.0922856257153542e-05   -5.9750491091791841e-05 
  -8.1553106035802978e-05   -3.5799626134177283e-05   -7.3316498274610136e-06    2.3443512944688519e-06   -7.4435730147377679e-07 
  -4.4890383876708968e-06    7.6503336695767671e-06    1.0519473681989154e-05   -5.7190854710552794e-06    2.2614080896936019e-06 
  -5.0796401472960195e-07    1.3852390129026417e-06   -9.6590438545451329e-07    4.0920635490199194e-07   -1.6658591747493383e-07 
  -2.1497196597312515e-09    1.8182010885492376e-09    2.8858410090525810e-08   -1.3692762374084269e-08   -1.7928890620514306e-07 
  -1.7119730656978432e-09    2.0443213673183337e-09    2.5181202693837239e-08    5.0490051723532331e-08    2.3837750925101425e-10 
  -5.6061119013233016e-04    8.7339459139759452e-04   -1.3831437510338735e-04    1.2815259405144505e-04   -4.1056983671635128e-05 
  -5.6061119013233016e-04    8.7339459139759452e-04   -1.3831437510338735e-04    1.2815259405144505e-04   -4.1056983671635128e-05 
  -5.6061119013233016e-04    8.7339459139759452e-04   -1.3831437510338735e-04    1.2815259405144505e-04   -4.1056983671635128e-05 
  -5.6061119013233016e-04    8.7339459139759452e-04   -1.3831437510338735e-04    1.2815259405144505e-04   -4.1056983671635128e-05 
  -1.7450966118541945e-04   -3.1766213934777527e-03   -2.2374909045565056e-03    6.6919396346996462e-04   -2.2090597356356467e-04 
   4.8271845391623282e-04    2.0511408405790593e-04    4.1248198264816252e-04   -6.3652299505334716e-04    3.8220951405728638e-04 
   6.9321528324444532e-05   -1.1975198176666437e-04    8.4688164692033556e-05    5.0107823043938931e-05   -2.6718803311244182e-05 
   2.3210757092325456e-07    1.3922594091375355e-06   -1.1831941116493250e-06    1.1708997475222410e-05    9.3873063240916841e-06 
   1.9558049320552055e-07    1.0236188750901321e-06   -4.1296650684269346e-06   -3.9114904093857964e-06   -3.5153111865392023e-06 
 TENSORSUMACCUMULATOR_IMPL_H - PrettifyOut: Norm of simple tensor is 3.84581e-07 
 As simple full tensor 3    5 5 5 
  -1.3210945082331896e-09   -3.6389181943359828e-09   -8.1101714823740889e-11    2.7956277240930700e-09    3.6903268110923128e-10 
  -2.4584618466188181e-10    3.1828576247555592e-10    2.7918540455147046e-09   -3.9643867380278910e-10   -2.7789367846405186e-11 
  -2.2318997743898294e-09    2.7434961444987128e-09    1.0324389776212354e-09   -2.3237407067193084e-10    1.1668204792458207e-09 
  -6.7535889925635780e-10    7.8973180525107785e-10   -1.4261967979628751e-09   -9.3033488464404586e-10    6.2057088532355591e-10 
   1.4628422654746593e-10   -2.4824824881630822e-10    2.5575988293930471e-10    3.1631590292134962e-10   -2.0916968016871970e-10 

   5.9375704033129715e-08    1.6959233520825062e-07    1.6996652959871903e-07   -8.6782159623628031e-08    3.1373838201221334e-08 
  -9.0826428225931520e-08    1.6693649312126168e-07    7.4271195555244096e-08   -4.2419620771079374e-08    1.3118157139232320e-08 
  -1.0873431838632962e-09   -1.8214604017612883e-08   -1.9846950855321899e-08    1.6403520955761049e-08   -3.1039646479066436e-09 
  -8.3779225038531172e-09    2.3533132004823536e-09    5.0256012639042378e-09   -4.8269758143830501e-09   -4.0351210105051184e-09 
  -1.2158656130323998e-10   -1.8331459419070467e-10   -7.1521983021110425e-10    9.1189196652087134e-10    8.5210272407278784e-10 

  -1.3842131590638971e-10    9.6687532428082564e-10    3.2946665807425896e-09    5.1056837641883797e-09   -2.4107918017801864e-09 
   1.3949576189727065e-09   -3.2721950518631845e-10    4.9113624557192265e-10   -1.8971603819991642e-09    1.5668569022916507e-09 
  -8.8514136081787014e-10   -5.1664789654718405e-10    4.1222719256135585e-10   -1.0724405494243967e-10    6.8742794621548369e-11 
  -1.6086149377689563e-10    1.0644182955925242e-10   -2.1773795259578813e-10    5.5809124921928378e-11    2.7396585513623145e-10 
  -4.9818397263999127e-11    5.1151145102708155e-11    9.4148837590554367e-11   -8.8371019223612279e-11    2.9139215054262552e-11 

  -3.2944433855551351e-09    6.2893961401850970e-08    3.5078186431072925e-08   -2.4862785118547528e-08    7.0379307634942880e-09 
  -9.7209504054672012e-09    1.5139452599608630e-07    5.9729789326579543e-08   -2.3996341109593045e-08    2.2752316225032843e-09 
   1.4047791761656432e-08    2.6212876872111122e-09    5.4541781636025841e-09   -5.2854864391741449e-09   -3.9222343873021313e-09 
  -4.7971517920500253e-09   -1.7028070779974347e-09   -3.0984250924066694e-09   -3.2212598690561801e-10    3.0610184985315850e-09 
   3.6520447822427307e-10   -8.1104453834639201e-10    2.0761454142746706e-10    5.3843064053393095e-10   -8.2859145292015661e-10 

   4.5170745913235743e-10    2.9961995194751691e-10    2.9131240632088358e-10    1.1319007520893886e-09   -5.2725665195858633e-10 
  -7.1272000949982212e-11    1.0356157685662386e-10   -1.1999604698548761e-10   -2.2399437628764605e-10    2.7757273980289797e-10 
  -1.4682267869679861e-11   -1.4546242770540124e-10    2.4017807365358321e-11    3.2018273771012969e-11   -5.0440165567391843e-11 
   4.8091627768530897e-11   -7.0268342836729230e-11    1.7845085273283393e-11   -1.9598127216473234e-11   -1.6827171433864012e-11 
   4.1816948529024750e-11    1.8305288951063469e-11   -8.4825636142858364e-11   -6.7798713442012569e-11    3.5849904924529548e-13 
