2    21 5 
  -6.5151715676075618e-04    3.2309643224574341e-04   -3.8421097132765478e-05    1.0903339571209764e-05   -2.3122251332543514e-06 
   3.0683891318869180e-05   -1.2667199944581564e-03    1.2381699098458306e-04    1.5263605050201858e-05   -4.5701012527703540e-06 
  -1.5566999977571242e-03   -6.1842940513956197e-04    6.0149174809609709e-05    1.0193206192860629e-04   -3.4550897453219513e-05 
   9.0112287790806235e-05    5.1220034387235635e-04    1.6178860857478166e-04    3.2229812573816257e-05   -2.1268601810920048e-05 
  -4.3725919853362504e-04   -9.2610246121691703e-04    1.4420695756162864e-04   -1.2271107983822789e-04    3.6102313594259095e-05 
   1.4470927660919180e-04   -1.3632715960198523e-03    1.2005278452234731e-05    3.2858711282802598e-04   -9.1481648245696895e-05 
  -9.1374498622920786e-04    2.0551202270716623e-04    7.0523069750035440e-04   -6.0910092046829393e-04    1.6142870922121244e-04 
   1.3203199929781625e-04    3.0867538868179535e-06    2.0490281191852411e-05   -2.9287720527145249e-04    1.0071017570629615e-04 
  -7.5775871363740815e-04   -1.1706510099396031e-04    3.6533361572226649e-04   -4.1787629453692206e-04    1.0104823922191036e-04 
  -5.7596555033424574e-04   -2.2694468709693683e-04    6.4373674356200028e-04   -1.6243455787729837e-03    6.2664759828711487e-04 
   1.8980090478330522e-04   -1.1137332009725041e-05    3.3123908992314916e-04   -2.1288397835001288e-04    6.7981188119822412e-05 
  -5.2028410478276875e-05   -2.5866301342836578e-05   -3.4435314546397207e-05   -2.6362823984363277e-04    9.9012924804633488e-05 
   1.0966277111495711e-04   -5.9885933134056163e-05    1.4552732839023019e-04    2.5000989310655143e-04   -7.9843145580713352e-05 
   3.3146919377873681e-05    2.6102468006179404e-04    1.1100392494505794e-04   -2.0301145004045115e-05   -2.3163990388082808e-05 
  -2.4574029746345929e-05    1.8563243038097441e-05   -1.4851208040920466e-04   -1.7944357344156831e-05    4.1015051407136746e-05 
   1.0407868112165485e-04    1.7385750581588486e-04    1.0622962568477237e-04    1.0385886484664067e-04   -6.3244007849688340e-05 
  -2.5309935941456283e-05    1.8446388192282917e-05    1.0460966691584838e-04    2.1474505987622201e-05    3.1057289901515633e-05 
   1.0581173774572109e-04    1.4320785688890517e-04    5.6567928733151808e-05   -1.5608998450346117e-04   -2.3014504211793594e-04 
  -7.0380109912726517e-05    2.0421198105862639e-04    2.4425005077423063e-04    1.4503551572388410e-05    6.5546327750638436e-05 
  -8.0850562759327677e-06    8.1219386541445969e-05    6.0758210991628699e-05    1.3586831288811611e-04    2.8781851235177490e-04 
  -1.3283586759047205e-04    7.5960838355111702e-05    5.6174751043140285e-05    1.2492704819690620e-04   -2.0147625799528135e-04 
2    21 5 
   3.7545777130564034e-02   -3.8213657127604529e-02   -2.4953317428925714e-02    2.7163518763909749e-02   -2.9302647868667379e-02 
  -1.9781357002026441e-02   -6.6347057100440664e-03    1.6384918222562476e-05   -1.8768686541254858e-03   -4.3410303189090569e-04 
  -5.5695470606159968e-03   -4.4543324104122520e-03   -5.5195617465837055e-03    1.9085630989217261e-03   -8.5106745772000930e-04 
  -2.5290118288824583e-02   -1.8372940087964702e-02   -1.5190455790195772e-02    1.2025192531274683e-02   -2.4278695588146552e-03 
   1.4158991852560665e-02    7.5700372050094443e-03    1.6191111690645721e-04   -3.4111147380521548e-03    4.5588288133035088e-03 
  -2.3075755114209572e-02   -1.7240678445239688e-02   -2.7112517936064059e-03   -3.6757917452758825e-03    1.3497252104785662e-03 
   1.4734747638852825e-03    1.5375971427231475e-03   -3.2467992311739973e-03    6.3523668961135270e-03   -2.1402865032713134e-04 
  -1.9480292339175059e-04    5.8321659014286698e-03    2.8234443868568127e-03    2.0357085977234092e-04    3.7515230651857909e-03 
   1.8891373858844480e-03    1.2439331497844696e-03   -3.0402845109525605e-03    4.3608836776911630e-03   -6.0179515066255320e-06 
  -1.0436089160325665e-03    2.1274125840134053e-03   -2.0608951561863252e-03    9.1284484361445499e-04   -1.8271421542613873e-04 
  -4.6227151023636908e-03    3.4913607710130249e-03    4.8908196712452992e-04    6.0368669538086207e-03   -3.0878585244641047e-03 
   3.1459058777179990e-03    3.1244777608418573e-04    2.9205977006435757e-03    1.3815881892620865e-03   -3.3617752810618166e-03 
  -1.2868634634401396e-03   -1.4374581927716862e-03   -3.1627075205122122e-03    1.5077160144014558e-04    4.7013990572432607e-03 
  -7.1859720280656220e-04   -2.0597512740729938e-03    3.3085586913620749e-03    2.5265016985776593e-03    4.8719696621517461e-03 
  -1.7616732369112888e-03   -2.6847645419969999e-03    1.1989457733720295e-04    2.4192288829511539e-03    6.1700785149821063e-03 
  -1.2131909445375064e-03    1.8417110903528996e-03   -1.3437515939801496e-03   -1.7339113770608412e-03   -2.0187747004299186e-03 
  -1.2450366755074366e-03    1.0556126457982103e-03    1.0308378903154222e-03   -4.8779419269706620e-04    9.3056628075927203e-04 
   6.9113039707244478e-04    4.0249165238438484e-04   -3.3641571542419776e-04   -6.9535867358665518e-04    1.5461944318253477e-04 
  -4.2426789464923548e-04    3.8209781554502813e-04   -1.1373955907374698e-04   -1.3045004001622916e-03    1.2299091312752558e-03 
  -6.9170694169972877e-04   -1.6977594147347971e-04   -1.1410467519400664e-03   -7.9125935105434368e-04    8.3748758114989615e-04 
   1.8050761103239016e-03    7.0089266083336269e-04   -1.8401799251255072e-03    4.1208288343994254e-04    4.5094684410536945e-04 
2    21 5 
  -2.0450494976984835e-04    1.9635376584162399e-02   -2.6381399206148071e-04    2.4081854086466323e-02    1.4185951058251427e-04 
   1.7155435504153705e-03    1.0474414932138078e-02   -3.1255103997357973e-04   -2.2812216591095703e-02    3.4692297866077324e-04 
  -2.0842821298106776e-04   -1.8590651828438085e-02   -1.8253297168253867e-03    2.6880807759989103e-02   -1.6100580901427943e-04 
  -1.3655999459472430e-03   -8.4442764778401777e-03   -4.4537179176866448e-04    8.1402000497288868e-04    2.5265843202903961e-04 
   2.4729093068261258e-03   -1.5677979857440745e-02   -1.0189465706253541e-04   -2.3988808065660512e-02    3.5599423250024095e-04 
  -7.4192176917615581e-04    3.0779706403651378e-03    6.6518570541798365e-05    6.0145107768342599e-03   -8.2500909446684464e-07 
   7.4515818975670394e-04   -1.9458736124115320e-04   -2.1941998782443414e-03    4.6698253606322333e-04   -1.1912864575752897e-04 
   4.0052595812718871e-03   -2.9549083735476906e-03    3.0423091812286857e-03    2.1455080196957615e-03   -3.7484813515788223e-04 
  -3.9165335275538711e-03    1.3106162944226192e-03    2.2696995577232465e-03   -1.2378283483389127e-03   -7.6863106288416639e-04 
  -2.4040921723687773e-03   -2.6296395691284783e-03   -1.1625766002268123e-03    1.0921201533590820e-03   -1.3203221212838937e-04 
  -1.2282212624445659e-04   -7.4339657592332705e-04    3.3811402957381054e-03    1.0876805745899257e-03   -6.7431871211946781e-04 
  -1.0746715817147349e-03   -9.0114904243602763e-04   -2.3179360551020818e-03   -7.4921159221149431e-04   -2.3738876110873338e-03 
   1.0273881817636755e-03    1.7711555130674906e-03    3.5714909977127289e-03    5.1789489529743859e-04    1.5462196877071195e-04 
  -1.0211057462333178e-05    1.7636914127933437e-04    2.4119771164585243e-03   -4.5983531187493952e-04    9.6907429795113165e-04 
  -7.6069973442576379e-04    1.4327887126903932e-03    6.1426269867618122e-04   -1.7570237823090057e-03   -1.8004099775536923e-03 
  -2.6731354476266637e-03    9.8132420340382460e-04    1.2400314415048866e-03   -1.7835096843606514e-03    4.0765944419496967e-03 
   7.6246962606963547e-04   -1.9935978075781739e-04    5.5427586484979488e-05    3.8341898779692446e-05    2.1196926753412546e-03 
   7.4454088528542897e-04   -6.3613281336430199e-04   -8.7364265380244696e-04    9.5586183470657612e-04   -1.3011638267500296e-04 
  -8.9541058898512957e-04    4.8722017797892881e-04   -1.4096237851736633e-04    6.1800188881770538e-04   -3.1522431207357013e-04 
   1.3832827279708538e-04    1.0816586357445754e-03   -9.8121086359558973e-04   -7.1099026254440841e-04    7.1365944175944213e-04 
  -3.4210536355867534e-04   -2.2802822642540679e-04   -2.6671086615932918e-04   -5.4712147401572285e-05    7.5145978282720812e-04 
 TENSORSUMACCUMULATOR_IMPL_H - PrettifyOut: Norm of simple tensor is 1.85323e-06 
 As simple full tensor 3    5 5 5 
  -3.9330952266470817e-09   -5.4443775873783229e-07   -1.2117527965268006e-08   -2.1449996536694629e-07   -6.4484353799831059e-09 
  -3.0051374666852779e-09    4.1550065247416821e-07   -1.1724818703330073e-08    8.5472763703086602e-07    1.5563672235874187e-09 
  -1.1267606749831950e-08    1.6848911264341070e-07   -2.1437752468473740e-08    6.2151118297620951e-07   -1.9453215835643656e-09 
   1.7103889085717934e-08   -3.2983332985211614e-07    1.9470772449975079e-08   -5.4029167252971556e-07    8.6709084350830818e-10 
  -5.9397477203470495e-09    3.8277623037942828e-07   -6.6619367393755161e-09    5.4578177530708331e-07    1.0569332849043771e-09 

   3.0616134742831289e-09    8.4713856840283759e-07   -9.7179519168643111e-09    3.0774899624109596e-07    1.2116835143434259e-09 
  -4.2588957370459977e-09    5.7380108485353131e-08    8.6684749285763661e-10   -1.1340225595102461e-07   -3.0688152758748952e-09 
   6.3579737824461766e-09   -1.4293229021970133e-07    4.1862694025671286e-09   -8.2476014896542157e-08   -4.0063188621456910e-09 
   2.6258843965331101e-09    1.3248922499747059e-07   -6.1697092763453815e-09    8.5666245396218769e-08    4.7141303873113086e-09 
  -4.4425951153609380e-09   -1.1941740658553067e-07    3.7938214563719816e-09   -1.3735093530881514e-07   -3.7069899025508585e-09 

   6.9161946934122853e-09   -4.2563728232526329e-08   -2.3904191299022894e-09   -4.4842160533836126e-08   -1.8864410328006034e-09 
   3.0642906211168932e-10    2.8475515687831438e-08    2.0777072825947148e-09    1.9041177259939587e-08   -1.8045031622887622e-09 
   9.5051594310370120e-09    4.6592554211950721e-08    5.6210420022452756e-09    1.0495765340551566e-08    8.3457917465326623e-10 
  -7.5537978720605383e-09   -3.6482671319719158e-08   -2.7057039430499900e-10   -7.4547933284177272e-12   -2.8519068811099032e-09 
   4.1041787488775347e-09    1.6273992353941993e-08   -2.8967017986725170e-10    1.1997309146642978e-08    2.2766308763681692e-09 

   1.1019967556472445e-09    2.0016036379856293e-08    3.5634270134604378e-09    1.0634042913284746e-09    4.5570385554497998e-10 
   4.7195079997218131e-09    1.5209052507953169e-08   -2.5354244715840366e-09   -4.0854046592525875e-08    2.5894047206712568e-09 
  -1.2890501673189711e-08    8.0914461555913009e-10   -8.1625822411309778e-09   -2.5218360650760187e-08   -5.1929382770279916e-10 
   9.9917774943056337e-09   -8.3160884726056938e-09    1.4352641445233835e-09   -5.7923701931123346e-09    3.2914219334422711e-09 
  -5.7625869722605560e-09    9.0534061818420593e-09    9.0661457161785084e-11    5.3516599598155217e-09   -2.8509594038300324e-09 

  -3.4770499481421753e-10   -8.3396181834758294e-09   -7.8946333163333101e-10    4.6162539173669628e-10   -2.9766552765141350e-10 
  -1.7605837905717705e-09   -8.8840340862294591e-09    7.7556748398607262e-10    1.2142103975292321e-08   -8.4279438996749765e-10 
   4.0248115492756247e-09   -2.4745931509178946e-09    2.7540538695504179e-09    7.5763829547567004e-09    1.2130162378430965e-10 
  -2.8150253506622074e-09    3.4430577594843479e-09   -3.6916615031950285e-10    2.1504723632453932e-09   -1.2906873936063416e-09 
   1.6296404153003624e-09   -2.8046057580832608e-09   -1.9141801298304818e-10   -2.5450785102337863e-09    9.2878420211230471e-10 
