2    17 5 
  -5.7693705041544471e-06    6.4815442730920849e-04    3.7946816031433815e-07   -4.2565101351587553e-05    6.9112880902334027e-08 
  -7.3132234840998921e-06    2.9345846694314276e-04    2.8519326115160460e-07    1.7938975682064326e-05    5.8484812283214304e-08 
   8.7366089908701876e-06   -2.0138742127794404e-04    1.4091369550239318e-07   -5.6910875149916611e-06   -5.7736613830457765e-08 
   5.3940124669387134e-05    3.0120622103587336e-05    2.5990610438730755e-06    5.5399766084969031e-05    1.2852090853461951e-07 
  -3.5352570050972030e-06    1.5477104796032716e-05   -1.4018384552020002e-07   -2.2983451306225775e-05   -5.0188992939247963e-09 
  -3.5899573733663043e-06    3.7636974500794652e-05   -1.3795795168828765e-07    8.6503739490058501e-06   -9.9137270605659024e-09 
  -1.1146094561929254e-05   -2.8702191858984524e-05    6.7522675933650511e-07    3.9850029523164241e-06    3.1543027897738180e-07 
   2.2994669829026780e-06   -7.3867254032948114e-06   -1.7228435733568358e-07   -8.5589555273744960e-06   -1.8576149679947438e-08 
  -2.7796312070273072e-05    5.8970465019708717e-04   -2.6218827400492180e-06    1.4753234909807621e-04    5.5434584229483612e-08 
  -2.1255278476796124e-06    1.3206467853749820e-04   -1.4421754730943898e-07    1.4123699088503932e-05    5.1932178473392078e-08 
  -5.5918955112816570e-07    1.4052047836226483e-04   -2.6927574080240669e-07   -7.9708696717236262e-06    1.3374334231838050e-07 
   1.0658079290709319e-04    1.3926018405315820e-04    1.8211139178704242e-06   -8.6255661361606491e-05   -6.5160285260441678e-07 
   2.6369000287844412e-05    6.3184560402322959e-05    1.4319237269782545e-06   -5.2842381714734535e-05   -1.3141317656206750e-07 
   2.1487649677644767e-05   -1.6393686008561889e-06    7.4963187360620262e-07   -3.9469938362841380e-05    9.9526653890212154e-10 
   1.7686542950037314e-06    4.3708001462566815e-06    3.6682859458217834e-07    2.7458787892363792e-06   -8.8088284446219907e-08 
  -1.2423008867538622e-05    2.7946469702995805e-06   -4.3910298281987404e-06   -1.1092319575664264e-05    2.8400926229428062e-07 
   5.2381223586971910e-06   -2.6605342269874181e-06    2.1619539649540013e-07    1.0149014535784842e-05    1.2070314612984149e-06 
2    17 5 
   6.3963379933695461e-04    1.1314029492647216e-04    1.6046705803731511e-06   -3.8222717422524700e-06   -2.7492375022974178e-07 
  -2.3783424705501704e-04   -1.5625405907351451e-04   -7.4131389586131448e-05    4.0161386809163017e-06   -1.0928501671102474e-06 
   1.6962895923877715e-04    5.5349247951909474e-05    9.3406374890659267e-05    1.0166588423818750e-05   -1.1236298338092245e-09 
   7.6990205431999679e-05    3.0449718111084095e-05    5.8656889602045985e-06    1.6634242931477075e-06    9.1885286974547066e-07 
   2.4784466743233427e-05   -1.1378192047432909e-05   -6.0198747585015687e-06   -4.5633675007307728e-07   -3.4255547403748133e-07 
   3.5423936232317017e-05   -1.7434548027977168e-06    1.1412440205202165e-06    1.5119322869742739e-05    4.0603557550480960e-06 
  -8.4117030515991645e-06   -2.9923067453268327e-06    2.7128343679743615e-05    8.5734553849267473e-06   -8.6790034871977397e-06 
   1.0203389975970616e-05    1.5771427115819315e-06   -9.5842479737119849e-07   -4.7093410593155519e-06   -1.8557989767831497e-06 
  -6.0633065313408000e-04    5.0509252595276605e-05   -1.0246905571051648e-05    1.9449989253901584e-06   -2.3060558037648876e-07 
   1.3219539086577672e-04    1.2527708717266157e-05   -3.5292238872216812e-06    1.2088193565653004e-07   -2.5430668505265310e-07 
   1.4008058098470956e-04    4.7926954992362917e-07   -1.3636756654743089e-05   -1.0712764952790181e-06   -1.8723898727074183e-07 
  -1.8912987638144781e-04    4.9242762894543660e-05   -7.7692058208755509e-07    9.9740883546924158e-07    2.9354864297504882e-07 
   5.0966884117655517e-05   -6.8281238438338442e-05   -1.4856307938017079e-05   -5.8546801346657079e-07   -9.9718203151528391e-07 
   1.0440332729797836e-05    4.2075084870426679e-05    1.1945955518812323e-05    1.0869994912560312e-07    9.0200780637504888e-07 
  -5.1206761410993160e-06    6.8323487210098597e-07   -1.6314981645155918e-06    7.4864664843575815e-07    6.1748887278628596e-08 
   7.8921196447451399e-07   -1.2578930077308102e-05   -1.1322871089742343e-05    4.1557783679855898e-06    4.6077957853674692e-07 
   8.3383180528222489e-06   -7.1988679847960277e-06    3.7836039903588145e-06    1.7552610532491789e-06    5.2410011429281344e-07 
2    17 5 
  -5.5697533449026310e-04   -9.4849177477125647e-05   -2.5427831911172138e-06    2.0688954703414361e-06   -1.1961116147922232e-06 
  -5.5697533449026310e-04   -9.4849177477125647e-05   -2.5427831911172138e-06    2.0688954703414361e-06   -1.1961116147922232e-06 
  -5.5697533449026310e-04   -9.4849177477125647e-05   -2.5427831911172138e-06    2.0688954703414361e-06   -1.1961116147922232e-06 
  -5.5697533449026310e-04   -9.4849177477125647e-05   -2.5427831911172138e-06    2.0688954703414361e-06   -1.1961116147922232e-06 
  -5.5697533449026310e-04   -9.4849177477125647e-05   -2.5427831911172138e-06    2.0688954703414361e-06   -1.1961116147922232e-06 
  -5.5697533449026310e-04   -9.4849177477125647e-05   -2.5427831911172138e-06    2.0688954703414361e-06   -1.1961116147922232e-06 
  -5.5697533449026310e-04   -9.4849177477125647e-05   -2.5427831911172138e-06    2.0688954703414361e-06   -1.1961116147922232e-06 
  -5.5697533449026310e-04   -9.4849177477125647e-05   -2.5427831911172138e-06    2.0688954703414361e-06   -1.1961116147922232e-06 
   5.9144217304317687e-04    6.1244203235363758e-05   -7.0333711664257773e-06    2.6473430797400347e-07    5.7374170858235919e-07 
   5.9144217304317687e-04    6.1244203235363758e-05   -7.0333711664257773e-06    2.6473430797400347e-07    5.7374170858235919e-07 
   5.9144217304317687e-04    6.1244203235363758e-05   -7.0333711664257773e-06    2.6473430797400347e-07    5.7374170858235919e-07 
   5.9144217304317687e-04    6.1244203235363758e-05   -7.0333711664257773e-06    2.6473430797400347e-07    5.7374170858235919e-07 
   5.9144217304317687e-04    6.1244203235363758e-05   -7.0333711664257773e-06    2.6473430797400347e-07    5.7374170858235919e-07 
   5.9144217304317687e-04    6.1244203235363758e-05   -7.0333711664257773e-06    2.6473430797400347e-07    5.7374170858235919e-07 
   5.9144217304317687e-04    6.1244203235363758e-05   -7.0333711664257773e-06    2.6473430797400347e-07    5.7374170858235919e-07 
   5.9144217304317687e-04    6.1244203235363758e-05   -7.0333711664257773e-06    2.6473430797400347e-07    5.7374170858235919e-07 
   5.9144217304317687e-04    6.1244203235363758e-05   -7.0333711664257773e-06    2.6473430797400347e-07    5.7374170858235919e-07 
 TENSORSUMACCUMULATOR_IMPL_H - PrettifyOut: Norm of simple tensor is 3.83663e-10 
 As simple full tensor 3    5 5 5 
  -3.2218222470366907e-12   -4.6693982533305029e-13    5.4403453800793911e-15    6.8717100338227732e-15   -5.4773307231615582e-15 
   2.9493583755914026e-13   -6.9809102920356021e-14   -2.8251365090318957e-14    6.3899137637296127e-15   -1.4842120614783395e-15 
  -6.2571460266177128e-13   -1.1601666295896845e-13   -5.1896301413753504e-15    2.9142645599988642e-15   -1.5106475850327810e-15 
  -7.7437767630224752e-15   -1.2544306450874512e-15   -1.9502308869451586e-17    2.4755680734492102e-17   -1.5495815176165287e-17 
  -6.0102656852719479e-14   -1.1362449247631359e-14   -5.5237281609221000e-16    2.9355604236434852e-16   -1.4895967380319725e-16 

  -3.7856544321527733e-10   -5.0904104975849788e-11    1.6160635126998963e-12    5.6038544197895672e-13   -5.7370157205143016e-13 
   1.0576575704068261e-11    4.6022843254722211e-13   -2.8234793619138429e-13    4.4332170561977497e-14   -9.4199135152191967e-16 
   1.6731384315247605e-11    3.2258404214988778e-12    1.6924493664078824e-13   -8.5633959969866274e-14    4.2574599643528525e-14 
   2.3055461320642700e-12    3.4823609849024979e-13   -4.1823814550103466e-16   -5.7962361258720932e-15    4.1682075686083709e-15 
  -9.5931100824400445e-14   -7.6785977952120894e-15    1.6968664827915629e-15   -1.8357103567180485e-16   -5.3276317819042243e-17 

   5.3526038707050445e-13    4.1185240308613207e-14   -9.8768470713962342e-15    1.1276858067563053e-15    2.6800354732247461e-16 
  -8.0969316928016150e-14   -1.1538790015473107e-14    1.8508330605651314e-16    1.6046628971121651e-16   -1.3419381892478302e-16 
   2.4713348494705209e-14    1.5537471287100245e-15   -5.4178168279938700e-16    7.3755401199475115e-17    6.2381262887549011e-18 
  -1.8221132120448191e-14   -2.2596431915992226e-15    1.2475151330754713e-16    1.5094274805370009e-17   -2.4253156728871755e-17 
   1.4372938009679316e-15    3.0052912021590939e-16    2.0312767299828383e-17   -8.8165659278451742e-18    4.0704298656272572e-18 

  -2.8697595902074437e-11   -1.9093400221160869e-12    6.0321153966964102e-13   -7.9091999956514491e-14   -9.0979511067893488e-15 
   6.5460631075424912e-12    9.0185779313435608e-13   -2.2609589293285354e-14   -1.1039300476806959e-14    1.0302004807250266e-14 
   2.0658837674458349e-13    7.1214146560037681e-14    9.8282008037118742e-15   -3.0144554840510119e-15    1.0793361063585128e-15 
  -1.4487260777729520e-13   -3.3023005874624452e-14   -2.7208493556844916e-15    1.0589798710411072e-15   -4.5846043493031260e-16 
  -6.3493139980644590e-14   -9.0766678383029784e-15    1.3813859434036333e-16    1.2760127175053462e-16   -1.0573041826713820e-16 

   5.5463464766979941e-14    4.7366079178682452e-15   -9.0778762610709858e-16    8.7602516251597295e-17    3.6044451943151588e-17 
  -1.8019160170607925e-14   -1.8101318495350499e-15    2.2803203199919590e-16   -1.1542967986207321e-17   -1.6496141131586895e-17 
   9.7255497629654525e-16    1.1074406508630447e-16   -9.0910246477705310e-18   -1.9049163792934522e-19    1.1204879857439619e-18 
   3.0746392575887133e-16   -5.1495911095277329e-17   -2.4204610965148674e-17    5.3343965085014115e-18   -1.1718731448493587e-18 
   1.8904755558168599e-15    2.9636921906091120e-16    2.3266368124874231e-18   -5.4278831287161359e-18    3.6087956977344457e-18 
