2    103 5 
   8.6810088856250625e-04   -2.6788834319247789e-04    6.1285970961513840e-06    4.7121547879235818e-06   -2.5561519090348809e-07 
  -3.0422997174308903e-04   -1.5579199472705160e-03   -7.4943777719550905e-04    3.1805206089151734e-04   -7.6425910542764927e-05 
  -3.8871472532949614e-04   -8.4205081889726998e-04    3.3060984716646893e-05    3.3681028658842387e-05   -1.7500607462918528e-05 
   3.5534538944100610e-04    7.1687339855111207e-04    3.9130213610605883e-04   -2.4955304806889447e-04    6.2934294190511745e-05 
   1.9072346773281383e-03    1.7587714774320027e-03   -7.0170391286152045e-04    3.5774556657378260e-04   -1.3102148240957238e-04 
   9.6510511656445173e-04    7.6258052135996562e-04   -1.6455134058298766e-03    1.1313806116566721e-03   -4.0926726824868704e-04 
   1.1186375049990099e-04    1.3758321383152727e-05    7.5697339687607202e-05    7.5230618134264717e-05   -6.7218326926094953e-05 
  -1.4963528772086716e-04    6.1535966846838471e-04    6.6545593638354613e-05    1.8560532993861672e-04   -1.8986601742003402e-04 
  -4.3761297839676380e-05    1.0541418794939565e-04   -2.6692442911725983e-04   -2.3635345309767908e-04    4.7161690502349022e-05 
   2.3211595954980349e-04   -3.6052593679728649e-04    5.3839510448798522e-05   -1.5299116571205969e-04    9.3799591997033196e-05 
   1.1865069155913130e-04   -8.4685791517390591e-05    1.7366500940474400e-04   -4.4251456338224153e-05    3.7080109835863106e-05 
   4.4867444956506871e-05    2.4603169772798581e-04    3.2485893077037566e-05   -4.5689565124118619e-05   -6.2064351435704587e-05 
   1.1593435304701741e-04    1.4950612036522868e-04    3.8955402257327118e-04   -3.7355172509536918e-04    2.6187616929027610e-04 
   1.0077512622580118e-04   -1.1220792112111340e-04    3.5714676712728349e-04    3.9841718063052088e-04   -2.5213738574802720e-04 
   1.7121009114601964e-04   -1.2314328929429469e-04   -1.4070952269731502e-04   -1.7980637450383369e-05   -3.5255539722463669e-05 
  -7.5450741455399862e-05   -2.4608482309740332e-05    1.6714662108193725e-04   -6.8655232655772779e-05   -2.1646881724422894e-05 
   1.0266701118707350e-05   -9.3684960782132428e-06    2.5409567527335213e-05   -5.1746833455973927e-06   -4.5598380514607717e-05 
  -5.9091016768056907e-05   -1.4988968787832824e-05    2.6563528468590970e-05    3.9461264865588901e-06    2.4614479033924089e-04 
  -8.7294842953294943e-05    6.9960132425918770e-05    8.5555406415001428e-05    3.9601449813140438e-04    3.2423779251446953e-04 
   3.5840669112489823e-05   -2.2984364876915868e-05    6.2512787519037721e-05    1.0573089091405999e-06   -1.2619105461856847e-05 
   8.8495835417471663e-05   -3.3420473281396389e-05    1.3569551858265132e-04    9.4556875762589716e-06   -5.0831336114387735e-05 
  -1.2420466147819759e-04   -1.4844769113188548e-04    2.2120289334570468e-05   -3.3542303211816748e-06    4.6487138617491390e-07 
   7.8936947272751644e-05   -6.4909061797195085e-05    7.2286833158788446e-06   -2.5402723754583299e-06    6.7810524007128298e-07 
  -6.9265090621026532e-08    1.2069029732216360e-07   -5.9013920969228988e-07   -6.4014248382405378e-06    1.9260071670535207e-06 
   8.9082508325362646e-08    6.8904133189372468e-07    5.0543000805793378e-06   -4.6824798376220129e-07   -4.7613485235642385e-08 
  -6.5760137430595621e-03    3.3852949977015799e-04   -4.0069655281368005e-05    4.8753979636864434e-06   -1.6807115170684269e-06 
  -6.5760137430595621e-03    3.3852949977015799e-04   -4.0069655281368005e-05    4.8753979636864434e-06   -1.6807115170684269e-06 
  -6.5760137430595621e-03    3.3852949977015799e-04   -4.0069655281368005e-05    4.8753979636864434e-06   -1.6807115170684269e-06 
  -6.5760137430595621e-03    3.3852949977015799e-04   -4.0069655281368005e-05    4.8753979636864434e-06   -1.6807115170684269e-06 
  -6.5760137430595621e-03    3.3852949977015799e-04   -4.0069655281368005e-05    4.8753979636864434e-06   -1.6807115170684269e-06 
   7.3256589350659870e-03   -3.7712081386570405e-04    4.4637471834174785e-05   -5.4311782259240052e-06    1.8723074226046539e-06 
   7.3256589350659870e-03   -3.7712081386570405e-04    4.4637471834174785e-05   -5.4311782259240052e-06    1.8723074226046539e-06 
   7.3256589350659870e-03   -3.7712081386570405e-04    4.4637471834174785e-05   -5.4311782259240052e-06    1.8723074226046539e-06 
   7.3256589350659870e-03   -3.7712081386570405e-04    4.4637471834174785e-05   -5.4311782259240052e-06    1.8723074226046539e-06 
   7.3256589350659870e-03   -3.7712081386570405e-04    4.4637471834174785e-05   -5.4311782259240052e-06    1.8723074226046539e-06 
   9.5975262765483048e-04    3.4674105109021016e-03   -4.3168832830689117e-04    6.8938246851108235e-05   -1.0654119929288466e-05 
   9.5975262765483048e-04    3.4674105109021016e-03   -4.3168832830689117e-04    6.8938246851108235e-05   -1.0654119929288466e-05 
   9.5975262765483048e-04    3.4674105109021016e-03   -4.3168832830689117e-04    6.8938246851108235e-05   -1.0654119929288466e-05 
   9.5975262765483048e-04    3.4674105109021016e-03   -4.3168832830689117e-04    6.8938246851108235e-05   -1.0654119929288466e-05 
   9.5975262765483048e-04    3.4674105109021016e-03   -4.3168832830689117e-04    6.8938246851108235e-05   -1.0654119929288466e-05 
   3.9210830315203268e-03   -2.0185515558248252e-04    2.3892353565785100e-05   -2.9070560029616593e-06    1.0021587040345249e-06 
   3.9210830315203268e-03   -2.0185515558248252e-04    2.3892353565785100e-05   -2.9070560029616593e-06    1.0021587040345249e-06 
   3.9210830315203268e-03   -2.0185515558248252e-04    2.3892353565785100e-05   -2.9070560029616593e-06    1.0021587040345249e-06 
   3.9210830315203268e-03   -2.0185515558248252e-04    2.3892353565785100e-05   -2.9070560029616593e-06    1.0021587040345249e-06 
   3.9210830315203268e-03   -2.0185515558248252e-04    2.3892353565785100e-05   -2.9070560029616593e-06    1.0021587040345249e-06 
  -7.8976907586405468e-03    4.0656869135709283e-04   -4.8123036018829398e-05    5.8552775202362606e-06   -2.0185085273432376e-06 
  -7.8976907586405468e-03    4.0656869135709283e-04   -4.8123036018829398e-05    5.8552775202362606e-06   -2.0185085273432376e-06 
  -7.8976907586405468e-03    4.0656869135709283e-04   -4.8123036018829398e-05    5.8552775202362606e-06   -2.0185085273432376e-06 
  -7.8976907586405468e-03    4.0656869135709283e-04   -4.8123036018829398e-05    5.8552775202362606e-06   -2.0185085273432376e-06 
  -7.8976907586405468e-03    4.0656869135709283e-04   -4.8123036018829398e-05    5.8552775202362606e-06   -2.0185085273432376e-06 
   2.4895898633695512e-04    8.9944323269803162e-04   -1.1197957216474563e-04    1.7882520517642385e-05   -2.7636693263234732e-06 
   2.4895898633695512e-04    8.9944323269803162e-04   -1.1197957216474563e-04    1.7882520517642385e-05   -2.7636693263234732e-06 
   2.4895898633695512e-04    8.9944323269803162e-04   -1.1197957216474563e-04    1.7882520517642385e-05   -2.7636693263234732e-06 
   2.4895898633695512e-04    8.9944323269803162e-04   -1.1197957216474563e-04    1.7882520517642385e-05   -2.7636693263234732e-06 
   2.4895898633695512e-04    8.9944323269803162e-04   -1.1197957216474563e-04    1.7882520517642385e-05   -2.7636693263234732e-06 
  -4.4257767311822060e-04    9.7317005839988365e-03   -4.0795880552181750e-03    8.9039817459974128e-04   -2.0018091815402741e-04 
   1.1016537374856970e-03    1.7226233073718266e-04    1.1884276785238794e-03   -6.3384835541836207e-04    2.4514566100274158e-04 
   1.0432749840786086e-04    3.9491562370721898e-04    1.3709351340248198e-04    3.3586912821806874e-04   -1.6279128749698791e-04 
   4.0651296003180594e-04   -8.9386850056665298e-03    3.7471511031107719e-03   -8.1784152149666142e-04    1.8386860097875136e-04 
  -1.0118823179672408e-03   -1.5822503985926241e-04   -1.0915852351445255e-03    5.8219740132164964e-04   -2.2516926258627263e-04 
  -9.5826072498610712e-05   -3.6273478963577476e-04   -1.2592205463450126e-04   -3.0849986745435813e-04    1.4952577178495007e-04 
  -2.4823632091076960e-02    3.2467166674467352e-03   -1.8182134225088846e-02    1.0406029736276131e-02   -3.0779856593065261e-03 
  -7.8908883199573540e-04   -4.3940261621138585e-03    2.3111810847727785e-04   -2.7001187709417198e-03    1.7807191569436534e-03 
  -6.9265673719286539e-04   -6.5052180033311243e-04   -1.7172013485383176e-03   -2.0286931518505568e-04   -8.2565428677527073e-04 
  -4.1534549318872002e-03   -3.5822733163238746e-03   -3.8660965546728969e-03    9.6382768438090416e-04   -2.0268956988262051e-04 
  -1.0739845811741440e-03    1.4461900146753826e-03   -1.9480759454130593e-03    3.6237151270172098e-04   -1.1527981598982799e-04 
   2.2280922035412711e-06   -4.1034084558089879e-06   -2.1831865586693117e-04   -4.9575852505851745e-05   -1.9757364102936047e-04 
   9.1092554873902537e-06    1.5251969759122325e-04    6.7222548916724670e-05    1.5514294168057042e-04   -3.0334934127314320e-05 
   6.7801452661821774e-03    5.8477421486810713e-03    6.3110583077540311e-03   -1.5733628554629015e-03    3.3087267113302422e-04 
   1.7531841788137354e-03   -2.3607764000814551e-03    3.1800604836355628e-03   -5.9153922137960831e-04    1.8818403268785290e-04 
  -3.6371620865508497e-06    6.6984488511649533e-06    3.5638576206311647e-04    8.0928163949468674e-05    3.2252137290892258e-04 
  -1.4870048305353896e-05   -2.4897482278754481e-04   -1.0973482421087425e-04   -2.5325703513512073e-04    4.9519078308574772e-05 
  -4.0065940309507242e-03   -7.2800206407538813e-03   -3.4176128026908279e-03   -3.4374704504587785e-03    1.2788843941526509e-03 
   1.5968237132178693e-03   -2.1013072748332987e-03    9.3268595999727898e-04   -2.0000837912362160e-03    5.4585649431853202e-04 
   6.2911800851288029e-06   -1.8705486541808041e-04   -1.2049861137471048e-04   -4.7094952996183014e-04   -3.4014384085174815e-05 
   1.0766396380151816e-04    9.7196513943213327e-05    3.1472314020721508e-04    9.8433728645144883e-05    1.5386761944544215e-04 
   5.6446880164300257e-04   -1.5803607899011088e-04    2.3254508816492159e-05   -4.5049080878548689e-06    9.0436709293778493e-07 
   1.6326180338857626e-05    5.4760601636325670e-05   -2.2603051485726913e-05    7.5608132365546429e-06   -1.9738188148459550e-06 
   1.1429022012985450e-06    6.3398859061333446e-06    1.4226841101966602e-05   -5.4564046258220702e-06    1.5251226328571804e-06 
  -1.9009228796763140e-04    5.3220726724349882e-05   -7.8312614862392166e-06    1.5170870081953890e-06   -3.0455750496535918e-07 
  -5.4980558099088664e-06   -1.8441352339108869e-05    7.6118746677684736e-06   -2.5462032318689815e-06    6.6470942850252629e-07 
  -3.8488733785766710e-07   -2.1350399062671864e-06   -4.7910757295230836e-06    1.8375159732134733e-06   -5.1360509184419897e-07 
   1.7087495276564395e-04   -4.7840389856978612e-05    7.0395619457449721e-06   -1.3637174534450386e-06    2.7376833553731338e-07 
   4.9422311492248696e-06    1.6577028156010205e-05   -6.8423539861565407e-06    2.2887954142117922e-06   -5.9751078495929281e-07 
   3.4597724284176179e-07    1.9191985484350222e-06    4.3067230540056554e-06   -1.6517527275090375e-06    4.6168230572307983e-07 
   3.5153268318363688e-04    4.2014699412201776e-04   -6.2606383448377369e-05    9.4933762613079115e-06   -1.3157113732486586e-06 
  -2.2341284575689291e-04    1.8371014730800432e-04   -2.0459122964251532e-05    7.1896557949951793e-06   -1.9192206772769638e-06 
   1.9603888346204572e-07   -3.4158608499036470e-07    1.6702530916797930e-06    1.8117758406193843e-05   -5.4511196214973525e-06 
  -2.5212751923840147e-07   -1.9501727659999814e-06   -1.4305032096184337e-05    1.3252680549042733e-06    1.3475900196827894e-07 
  -3.8888703611513658e-04   -4.6479239937824543e-04    6.9259025023311137e-05   -1.0502155656056728e-05    1.4555206977962835e-06 
   2.4715300617171869e-04   -2.0323144364236580e-04    2.2633137889277357e-05   -7.9536386417393508e-06    2.1231597417280060e-06 
  -2.1687024848568703e-07    3.7788349853285962e-07   -1.8477365134387390e-06   -2.0042976669552496e-05    6.0303631910258920e-06 
   2.7891894088398093e-07    2.1574008425441684e-06    1.5825104747119495e-05   -1.4660928857660902e-06   -1.4907868136375106e-07 
   3.1212896456416592e-05    3.7305221537977439e-05   -5.5588759098797699e-06    8.4292523694365831e-07   -1.1682317128472239e-07 
  -1.9837023284689745e-05    1.6311785732088907e-05   -1.8165835417888759e-06    6.3837586836621578e-07   -1.7040929376562734e-07 
   1.7406465070378346e-08   -3.0329729245082204e-08    1.4830324263015146e-07    1.6086917211606312e-06   -4.8400971077973894e-07 
  -2.2386624425730558e-08   -1.7315755697595504e-07   -1.2701563950759884e-06    1.1767171746336551e-07    1.1965370437003283e-08 
   6.8578550426187310e-03   -3.5303853181940450e-04    4.1787000189490762e-05   -5.0843525905534794e-06    1.7527451132047751e-06 
  -6.0942844611970234e-03    3.1373034648589371e-04   -3.7134331996263055e-05    4.5182481687488140e-06   -1.5575901271549725e-06 
  -6.0942844611970234e-03    3.1373034648589371e-04   -3.7134331996263055e-05    4.5182481687488140e-06   -1.5575901271549725e-06 
  -6.0942844611970234e-03    3.1373034648589371e-04   -3.7134331996263055e-05    4.5182481687488140e-06   -1.5575901271549725e-06 
  -6.0942844611970234e-03    3.1373034648589371e-04   -3.7134331996263055e-05    4.5182481687488140e-06   -1.5575901271549725e-06 
  -6.0942844611970234e-03    3.1373034648589371e-04   -3.7134331996263055e-05    4.5182481687488140e-06   -1.5575901271549725e-06 
2    103 5 
  -7.3303835020989125e-02   -2.6352880000910198e-02   -3.5719910823202694e-02    4.4821486670310946e-02   -3.2520596037477714e-02 
   1.8147845923127875e-02    3.3422686726939967e-02    3.6921139394826295e-02   -1.7096574823691507e-02    7.6789920632872192e-03 
   8.9080079735431601e-03    2.3943851509512767e-02    3.4361500309060858e-04   -2.5442570331261878e-03    2.5742756190896706e-03 
  -4.3857296914691802e-03    2.1558271434707725e-02    3.2445863254094098e-02   -2.2694046933566310e-02    1.2296113187852488e-02 
  -5.7423615876319345e-04    1.2933474813853924e-02    6.9604593409153337e-03   -2.2858388233635493e-03    1.0533877968222378e-03 
  -2.4630910463946569e-03   -6.9285763714228843e-02   -4.7428833672230060e-02    9.5068904311781180e-03   -1.8048964126121214e-03 
   1.8277780922534785e-02   -1.2807023571850369e-03   -2.0958467512459274e-02    1.6669785417707354e-02   -1.3471370113804700e-02 
  -7.3172310836022722e-03    2.8036937297252064e-03    4.2380464154386302e-03   -2.0179331480201274e-03    8.8914916952358548e-04 
  -2.7739362325573725e-03   -8.6331841300940921e-03    1.2157875343934548e-02    2.4583971435642483e-03   -4.3139209807423369e-04 
   1.4807335108351749e-02   -1.3473162827500836e-03   -2.9412212052940781e-03    1.2458430217783537e-02   -8.8766932483646966e-03 
  -1.9817971084077897e-03   -8.9771134619903888e-03    1.2098803901047809e-02   -8.3846407578785703e-04   -2.5167740829416976e-03 
   1.6349574366815408e-03   -5.7390747218686818e-04    2.5482075591235021e-03    1.8416230479094424e-03    1.3442612198426200e-03 
   3.4672651349990698e-03   -6.1742193380545088e-04    2.0609354363273450e-04   -1.7208009569024208e-03    7.8801339791751464e-04 
  -3.2487663567113312e-04    2.2495725546173204e-03    8.0338620236708859e-04    2.5766154023580516e-04   -2.2593664973606597e-03 
  -1.3931698582384628e-03    1.4430490833449541e-03   -1.8653382721239239e-03   -3.0979448118341234e-03   -2.4386551454641152e-03 
   2.6885875459639703e-03    4.9157649921212246e-04   -1.4281511329158805e-03   -2.5153500416903214e-04    5.5916377344881476e-04 
  -4.0903479431990261e-03   -3.5197432805129012e-03   -3.2909245572417071e-04   -8.4915943991946896e-04   -9.8994419299594256e-04 
   4.4221788634808321e-04    1.1618315510299293e-03   -1.3201677540278657e-04    9.5156445334809497e-04    1.6098649386394907e-03 
   4.5239294881010598e-04   -1.9199067781989536e-04   -8.1496336661549093e-04   -3.1061442880403868e-04   -1.0837223106661509e-03 
  -1.2348291359665583e-04    3.4671140913093480e-03   -2.1077943737077554e-03   -5.0370525608918297e-04    1.1929525042529950e-03 
  -2.4115191005154299e-04   -1.0519371036157587e-03    2.2928926525641767e-04   -1.7043020330465104e-03   -1.9629054601343131e-04 
   5.0629376936151688e-04   -1.5699111195928311e-03   -3.6857985665241286e-04    2.4749639215210439e-05   -2.6092202511602119e-06 
  -9.1140279379104045e-04    2.8945399794196166e-04   -9.3148840792614703e-04    4.2279067299827943e-04   -1.3566977726611759e-04 
   1.2757853432247610e-05   -7.4441432588048906e-05    1.7211129223029258e-05    5.1925933912815336e-05   -4.2340260213105598e-05 
  -2.2652789750164699e-06    2.5515388409123754e-05   -7.1940631870381029e-05   -3.1607313352210781e-05   -2.9730594760878746e-05 
   5.0560181225943780e-03   -1.7720513924234255e-02   -5.2317992063074682e-03    5.2140791691219059e-04   -8.4771334139637636e-05 
  -4.3998335572661132e-03    1.0747823182118887e-03   -3.5555324753052992e-03    2.4070501725284923e-03   -4.8128365065646566e-04 
   1.0094940904778924e-04   -4.6974779993243243e-04    3.5476750839239472e-04    3.5204945707464512e-04   -1.0805277909588132e-04 
   3.5545568456625465e-06    3.2710373084533955e-06    9.1987609728170594e-05    3.7343942534683503e-06    5.7385250888450084e-05 
   7.4673429486344538e-08    3.5515694867089675e-06   -2.3904003823948587e-05   -6.8295127180676522e-05   -5.5704825583610502e-05 
  -7.1124164017643127e-02    2.0510207161066100e-02   -4.2534041054405732e-02    2.1413358623865366e-02   -4.6654513474825351e-03 
   6.2062812817675192e-03   -2.2898922826950125e-02    8.1415847199829390e-04    7.9851677475969874e-03   -7.6753699751673189e-03 
  -1.1603608955296598e-03    1.8459737831865550e-03   -3.2272474432940507e-03   -1.4688769624018299e-03   -8.4303356085094390e-04 
   2.2975210571992205e-05    2.7245354122101384e-04   -1.5520044378054018e-04   -5.4886133239790444e-04    1.3771395584734073e-04 
   5.3883205169403226e-06   -5.8188950654448133e-05    2.7011406614882406e-04    4.2759272863136181e-04    5.6385162687022032e-04 
   2.7828046554062053e-03   -9.7532737124062952e-03   -2.8795536001742536e-03    2.8698005888561990e-04   -4.6657677557478958e-05 
  -2.4216442681360339e-03    5.9155429552408371e-04   -1.9569455814471013e-03    1.3248272184735554e-03   -2.6489588271698411e-04 
   5.5562001291748603e-05   -2.5854661372298011e-04    1.9526209163084099e-04    1.9376609108707999e-04   -5.9471657222483386e-05 
   1.9564086002405522e-06    1.8003610013368930e-06    5.0629476078675579e-05    2.0553901235507138e-06    3.1584527478333040e-05 
   4.1099846197370444e-08    1.9547643742504910e-06   -1.3156632652653266e-05   -3.7589263576932106e-05   -3.0659630603364874e-05 
  -1.0556853373950219e-03   -1.5089291495061711e-04    4.2832711609614660e-06    2.0854927519640296e-06   -3.1459783709882453e-06 
   3.0711351862847952e-05   -2.1757490710809960e-04   -8.6650710035734749e-05   -7.8659556849748112e-07    1.1506491610721508e-05 
  -9.9573038620587322e-07    6.4915353112121871e-06   -1.6486964566726555e-05    1.5479115327918311e-06    1.3545234651699409e-06 
  -3.2208623097434825e-08    1.4015212182360075e-07   -8.6016541425796022e-08   -3.1628726194576325e-06    1.8721135857009165e-06 
  -1.2096192949205471e-09   -5.5841564347805095e-09    2.1565585173748983e-07    9.3229552598840626e-07    1.5853875837272003e-06 
  -5.2543417513048810e-04   -7.5102202798186041e-05    2.1318635104599002e-06    1.0379884280412272e-06   -1.5658117923826339e-06 
   1.5285609510326600e-05   -1.0829106722987433e-04   -4.3127665734606130e-05   -3.9150320559971834e-07    5.7269943173067369e-06 
  -4.9559348377373076e-07    3.2309575408083106e-06   -8.2058680940853633e-06    7.7042428325696318e-07    6.7417145469942786e-07 
  -1.6030829177801607e-08    6.9756310819741988e-08   -4.2812028253764502e-08   -1.5742203732300923e-06    9.3178565885988570e-07 
  -6.0204996122881385e-10   -2.7793382423484440e-09    1.0733591777390647e-07    4.6402077714210434e-07    7.8907680897922370e-07 
  -2.5277479065407947e-04   -3.6130013022577301e-05    1.0255925062844355e-06    4.9935333485744166e-07   -7.5327751173572890e-07 
   7.3535695371037845e-06   -5.2096443559158218e-05   -2.0747768594908855e-05   -1.8834355571046218e-07    2.7551306293976813e-06 
  -2.3841909232363856e-07    1.5543423984311963e-06   -3.9476621198122384e-06    3.7063412722770609e-07    3.2432901473202235e-07 
  -7.7120782796889374e-09    3.3558222321344494e-08   -2.0595922365792697e-08   -7.5732269448937497e-07    4.4826152542188243e-07 
  -2.8963295521292735e-10   -1.3370783165979491e-09    5.1636942226349652e-08    2.2323015965246229e-07    3.7960744588069106e-07 
   3.1837592773371983e-03    2.4130986463584325e-04    4.7874574905601873e-05   -1.3612937279614067e-05    3.8880083808986285e-06 
   3.1837592773371983e-03    2.4130986463584325e-04    4.7874574905601873e-05   -1.3612937279614067e-05    3.8880083808986285e-06 
   3.1837592773371983e-03    2.4130986463584325e-04    4.7874574905601873e-05   -1.3612937279614067e-05    3.8880083808986285e-06 
  -1.3368499722273808e-03    2.5680680409235299e-03    4.5625408647217362e-04   -1.0813093887495171e-04    2.9742058621469160e-05 
  -1.3368499722273808e-03    2.5680680409235299e-03    4.5625408647217362e-04   -1.0813093887495171e-04    2.9742058621469160e-05 
  -1.3368499722273808e-03    2.5680680409235299e-03    4.5625408647217362e-04   -1.0813093887495171e-04    2.9742058621469160e-05 
   2.1460787556463880e-03    1.6265990262178987e-04    3.2270846879618591e-05   -9.1760817803287467e-06    2.6207924221583446e-06 
   2.1460787556463880e-03    1.6265990262178987e-04    3.2270846879618591e-05   -9.1760817803287467e-06    2.6207924221583446e-06 
   2.1460787556463880e-03    1.6265990262178987e-04    3.2270846879618591e-05   -9.1760817803287467e-06    2.6207924221583446e-06 
  -4.0098631961552050e-04   -4.1476848677870290e-05    3.1160621964171135e-06   -4.3936468551231871e-07    1.4181341680436001e-07 
   2.0376794406446315e-05   -2.0168889801410445e-04   -6.0040114321038240e-05    1.5651814348266415e-05   -4.5025594588564714e-06 
  -4.9828534943706504e-07    3.8881852746524314e-06   -1.1328099151066391e-05    6.7251790116563902e-06   -1.9890109398863826e-06 
   1.1564499523977165e-07   -8.2540454608261816e-07    5.2215195650925303e-06    7.8874847759151139e-06   -4.7119370253268866e-06 
  -6.5457445459981721e-04   -6.7707261504253182e-05    5.0866940165803415e-06   -7.1722371891740354e-07    2.3149777291319227e-07 
   3.3263302094398782e-05   -3.2923916342833412e-04   -9.8010139406968220e-05    2.5550192960043144e-05   -7.3500273149222585e-06 
  -8.1340645525160143e-07    6.3471161758809919e-06   -1.8492112974257511e-05    1.0978255786536641e-05   -3.2468832164088758e-06 
   1.8878015529022057e-07   -1.3473994102698738e-06    8.5236656571722760e-06    1.2875616430778505e-05   -7.6918175448463620e-06 
  -2.5331245298035711e-05   -2.6201897088560270e-06    1.9684894970247917e-07   -2.7755696590044166e-08    8.9586858002244407e-09 
   1.2872498443145261e-06   -1.2741160233058579e-05   -3.7928746922004946e-06    9.8876178368232139e-07   -2.8443723025425026e-07 
  -3.1477852977902897e-08    2.4562577359464326e-07   -7.1562256445874519e-07    4.2484531487461641e-07   -1.2565048121105116e-07 
   7.3055652988801908e-09   -5.2142739051497901e-08    3.2985562464743019e-07    4.9827089321850913e-07   -2.9766410168780270e-07 
   2.1650178318561083e-03    1.6409537104712820e-04    3.2555636068644047e-05   -9.2570604078311315e-06    2.6439208312544793e-06 
   2.1650178318561083e-03    1.6409537104712820e-04    3.2555636068644047e-05   -9.2570604078311315e-06    2.6439208312544793e-06 
   2.1650178318561083e-03    1.6409537104712820e-04    3.2555636068644047e-05   -9.2570604078311315e-06    2.6439208312544793e-06 
   2.9645507486536857e-03    2.2469517245098612e-04    4.4578309637964275e-05   -1.2675657890004899e-05    3.6203108188521731e-06 
   2.9645507486536857e-03    2.2469517245098612e-04    4.4578309637964275e-05   -1.2675657890004899e-05    3.6203108188521731e-06 
   2.9645507486536857e-03    2.2469517245098612e-04    4.4578309637964275e-05   -1.2675657890004899e-05    3.6203108188521731e-06 
  -2.9961082124438821e-04    5.7554773589934107e-04    1.0225430256491443e-04   -2.4233982923508404e-05    6.6657013084497860e-06 
  -2.9961082124438821e-04    5.7554773589934107e-04    1.0225430256491443e-04   -2.4233982923508404e-05    6.6657013084497860e-06 
  -2.9961082124438821e-04    5.7554773589934107e-04    1.0225430256491443e-04   -2.4233982923508404e-05    6.6657013084497860e-06 
   1.4329478870167298e-03   -4.4432717875662782e-03   -1.0431803801438386e-03    7.0048152602365143e-05   -7.3847968747005415e-06 
  -2.5795156618873523e-03    8.1923286407917901e-04   -2.6363633658806891e-03    1.1966116080932261e-03   -3.8398205237777198e-04 
   3.6108165308182243e-05   -2.1068932700488212e-04    4.8712136600878067e-05    1.4696439455609610e-04   -1.1983435325427841e-04 
  -6.4113503210731055e-06    7.2215429301793251e-05   -2.0361138664478002e-04   -8.9457219549517734e-05   -8.4145599887743824e-05 
   1.5852149269383285e-03   -4.9154200413792024e-03   -1.1540301814715655e-03    7.7491566941001206e-05   -8.1695156845896815e-06 
  -2.8536185918164470e-03    9.0628569017987717e-04   -2.9165070120785561e-03    1.3237652255771904e-03   -4.2478452051240070e-04 
   3.9945069286541983e-05   -2.3307746858126357e-04    5.3888356138013045e-05    1.6258103598156717e-04   -1.3256811867329619e-04 
  -7.0926293432451084e-06    7.9889141483570011e-05   -2.2524741641225397e-04   -9.8963068397084811e-05   -9.3087028625957519e-05 
  -5.8533807245036004e-03    2.0852408815214061e-03   -3.5957820691113621e-03    1.4940559371168268e-03   -2.5430898456350138e-04 
   1.2732805031490135e-03   -5.0182447596053108e-03    9.0128767405709569e-04    2.4446606768646173e-03   -1.6061279109832612e-03 
  -1.7511846330907403e-04    1.5969515712296661e-04   -4.0433372968502198e-04    6.5004142294573947e-06   -1.5422137921355114e-04 
   4.5691638105378643e-05   -2.2711083142925843e-04    2.8353602450649452e-04    3.9701101776483123e-04    1.8887852902035009e-05 
   5.3857595036874142e-03    4.0820827945352512e-04    8.0986319731588116e-05   -2.3028124911535864e-05    6.5770921303304683e-06 
  -6.0373387481634259e-03   -8.6293861436270887e-04    2.4495517776891632e-05    1.1926684736869763e-05   -1.7991475724119448e-05 
   1.7563456462090982e-04   -1.2442849879426411e-03   -4.9554509352711011e-04   -4.4984463993237176e-06    6.5804255487951537e-05 
  -5.6944635209184616e-06    3.7124317522644102e-05   -9.4286987317557326e-05    8.8523217521551138e-06    7.7463584194000165e-06 
  -1.8419728053717657e-07    8.0151329733428921e-07   -4.9191835875489133e-07   -1.8088091919582592e-05    1.0706394691248848e-05 
  -6.9176687229267745e-09   -3.1935125766449314e-08    1.2333101387726762e-06    5.3316871082799498e-06    9.0666428253250332e-06 
2    103 5 
   8.7401272034294483e-06    4.1742223646126599e-02   -7.5915707753186496e-05    5.6018743799869451e-02    7.5003482609297916e-05 
  -1.3171452712417393e-04   -1.3087694145859719e-02   -8.9792538524841227e-05    1.4741782458346266e-03    1.2910941489042201e-04 
   2.8540732940612228e-03   -6.3056103805803039e-03    1.0476988078395562e-03    2.5988563920198129e-02    5.1243875232249644e-04 
   1.5373878734275815e-04   -1.4802994474422107e-02    4.9554730092119740e-04   -6.6041851348847304e-03    2.2702645797049157e-04 
   5.3872807224425142e-03    3.3551335622790030e-03    1.3930000423936135e-03    1.7063736985089791e-03    1.1071783998394787e-03 
   2.9477300954031002e-04   -2.1960228045829725e-03    1.5998108587454754e-05    7.5477559026172064e-04    7.4788406735133410e-05 
   6.7444926236742361e-04    1.0430516696483950e-03    2.9127075518936667e-03    1.2728564404581135e-03   -8.3409489850887599e-04 
  -2.6478707270734740e-03   -1.4910296511621308e-03    9.6101259487150668e-04    5.1805853583933043e-03   -2.1403781521331343e-03 
  -1.5572602899586092e-03    4.5510225199844930e-03   -1.3316920442293209e-03   -2.0372403954950465e-03   -1.7930924344822935e-04 
   2.3513246037393958e-03    2.7501388326680492e-03    2.7223686078688856e-03   -5.6900451540747533e-03    6.5430821105480767e-04 
  -6.1867305229744117e-03    3.1368731793898533e-03   -3.6708946325969970e-03   -3.0410256199267047e-03   -1.5699637889296863e-03 
  -2.3790543884311586e-03    2.7813395293164805e-04    2.2993424515884921e-03    7.2286162038111019e-04   -8.5611165147854516e-04 
   1.9793638768387484e-03    1.5228593598167825e-04   -1.4634640160413870e-03   -5.1171136778180033e-04    9.7713545585412969e-04 
   1.0951785255067595e-03    1.1706011373279032e-03   -4.4490520981474468e-04    2.2331722865443814e-03    1.5886023237911447e-03 
  -1.0805613073070232e-03   -1.7346113360310690e-04   -2.0922200211973426e-03   -1.0801113331238303e-03    8.8217074367352721e-04 
  -6.6804631015716324e-04   -3.0312911797184591e-04   -4.3036443843415080e-03    1.6024549125478495e-03   -4.9424118267564262e-03 
   1.9028488889286938e-03   -3.1684881948353940e-04    3.2604583397626333e-04   -3.2691949178408568e-04   -9.0365764704550624e-04 
  -7.5756233194107687e-04    6.4007381324751654e-04   -3.7618833684389421e-04    4.1059209368804478e-04   -1.6632982216868170e-03 
   8.0283586237630265e-04    3.1592881192818047e-05   -9.6677380094965445e-04    7.9563730878969745e-04   -6.7661229932294343e-04 
   7.7014749975945918e-04   -4.0679047956903170e-04    9.1888246820877523e-04   -1.4349482587630306e-04   -3.9179817122766535e-04 
  -1.3988968768209060e-03    2.8837791476513656e-04   -5.0573338137220320e-04    1.5038457679537518e-03   -3.5426380022001173e-04 
   5.9948003033927363e-04   -2.0122415627589683e-08    1.2419953738065668e-05   -9.7248069539347409e-09    3.2463178289474581e-06 
   5.9948003033927363e-04   -2.0122415627589683e-08    1.2419953738065668e-05   -9.7248069539347409e-09    3.2463178289474581e-06 
   5.9948003033927363e-04   -2.0122415627589683e-08    1.2419953738065668e-05   -9.7248069539347409e-09    3.2463178289474581e-06 
   5.9948003033927363e-04   -2.0122415627589683e-08    1.2419953738065668e-05   -9.7248069539347409e-09    3.2463178289474581e-06 
  -4.4792817454681828e-06    2.2565256886349712e-03   -5.2318701675327682e-07    3.2191076663890443e-05   -9.0055365578102854e-08 
   4.3314613321305564e-06    7.1471523465658888e-06    2.0790450931385114e-06   -5.0036328126387404e-04    1.1724538813981821e-07 
  -3.6645024872957466e-05   -6.9836838475889924e-08   -8.9195923070087501e-06   -3.5589363681551962e-07   -2.6118767480486208e-06 
  -5.7720520993035198e-07   -7.7351933336246411e-10    9.8044650699382534e-08   -2.7810901762435763e-09    7.7638520922432168e-06 
   9.1861138410332201e-07    1.0569280822584183e-09   -3.8077737058583993e-06   -7.8271226882158797e-09    1.1637756085821790e-07 
  -1.2091080656672345e-06    6.0911180978384259e-04   -1.4122568700858669e-07    8.6894490341450865e-06   -2.4308957342828306e-08 
   1.1692063885249972e-06    1.9292556351313134e-06    5.6120385674398221e-07   -1.3506479688444741e-04    3.1648454488393089e-08 
  -9.8917187304184991e-06   -1.8851300159300991e-08   -2.4076965044181326e-06   -9.6067604416411392e-08   -7.0503295439930184e-07 
  -1.5580700534812904e-07   -2.0879875794022903e-10    2.6465532800227859e-08   -7.5070932228054125e-10    2.0957235375685267e-06 
   2.4796395869869007e-07    2.8530026502168214e-10   -1.0278455702517518e-06   -2.1128023891025972e-09    3.1414198858715268e-08 
  -2.4653721153532546e-06    1.2419793677786357e-03   -2.8795926568436183e-07    1.7717792110453459e-05   -4.9565979491873235e-08 
   2.3840125702674198e-06    3.9337534677813407e-06    1.1442950210424766e-06   -2.7539720680054618e-04    6.4531218842422832e-08 
  -2.0169220786260876e-05   -3.8437813021491992e-08   -4.9092947047295707e-06   -1.9588190654100771e-07   -1.4375626426922976e-06 
  -3.1769058305801522e-07   -4.2574080031644292e-10    5.3963238221922336e-08   -1.5306967858698819e-09    4.2731816267884302e-06 
   5.0559866958707580e-07    5.8172742193990749e-10   -2.0957777718484232e-06   -4.3080054159351172e-09    6.4053571464433080e-08 
   9.1034499268907564e-03   -2.1276898255666440e-05    1.1188058732052558e-02   -3.5305266078478384e-06    2.9680563736144458e-04 
   1.3930782754999146e-05    2.7528654787529168e-05   -2.7515093486673763e-03    1.2591817088660902e-05   -3.0818797483192716e-03 
  -2.8403725592507511e-07   -1.9078961057480151e-04   -2.3209452292414376e-06   -6.6585509795918371e-05   -2.1945336305686057e-06 
  -3.0659333215533752e-09   -1.5007200568382871e-06   -1.9120957853391583e-08    4.8357572940485885e-05   -2.0387117791581972e-08 
   3.7471660219742610e-09   -1.4882320829121193e-05   -3.7021151319812439e-08   -2.0466631724860343e-05   -4.8312357667339441e-08 
  -1.3224180527741792e-04    9.6007608316531115e-02   -1.3473405463172131e-04    6.7763301396141784e-02   -2.8355054261990269e-05 
   1.5589348245991384e-04   -1.4221170269048110e-02    2.1712378342510496e-04   -3.6136316261571877e-02    9.0710306085669279e-05 
  -1.1388032472983843e-03   -1.3153632747584408e-05   -1.3787638516185253e-03   -2.7832632680182960e-05   -5.6913860267938140e-04 
  -9.9642385123234592e-06   -1.1029028684371390e-07    2.7896386039986606e-04   -2.6263678883035955e-07    6.7900395513400928e-04 
  -5.5897960331741690e-05   -1.7226566430226933e-07   -1.9631692258218771e-04   -5.2264801985540470e-07   -1.2949501057170072e-04 
   2.1797429290605556e-03   -5.0945706185665865e-06    2.6788846104451604e-03   -8.4535428558619938e-07    7.1067561697995356e-05 
   3.3356063306056241e-06    6.5915000468575419e-06   -6.5882529097956773e-04    3.0150024972353362e-06   -7.3792964684414532e-04 
  -6.8010282383560754e-08   -4.5682934264315759e-05   -5.5573040910917102e-07   -1.5943328663435304e-05   -5.2546223708963674e-07 
  -7.3411141186005761e-10   -3.5933453346404796e-07   -4.5783491986570857e-09    1.1578805675878033e-05   -4.8815203254820652e-09 
   8.9722673338239159e-10   -3.5634439532054590e-06   -8.8643968454938914e-09   -4.9005592541538592e-06   -1.1567979266910223e-08 
   1.0356952605278851e-05    9.6118573729066529e-04    1.2265372581180136e-06    3.1535541788728534e-05    9.7038054345348629e-08 
   2.1096460445189747e-05    3.0284580380368514e-06    1.2601163347515878e-06   -9.9283545475105668e-05    9.3824170210916857e-08 
   2.6492531098870252e-05   -4.7441360568409745e-07    2.7732852454700757e-06    5.6503355040143614e-06    3.0682073520667007e-07 
   9.5129865698317746e-06    8.8286075629036493e-04    1.1265893461680859e-06    2.8965777573959090e-05    8.9130629725909932e-08 
   1.9377354762035620e-05    2.7816754349594690e-06    1.1574321352795981e-06   -9.1193140560338914e-05    8.6178638172693611e-08 
   2.4333711097214958e-05   -4.3575465017750518e-07    2.5472961304295870e-06    5.1899016837573977e-06    2.8181856619477872e-07 
   1.5214453628632646e-06    1.4119902239446592e-04    1.8017939203386280e-07    4.6325985691376951e-06    1.4254974743222658e-08 
   3.0990884230562762e-06    4.4488312481498424e-07    1.8511218765246417e-07   -1.4584839346926467e-05    1.3782852363265181e-08 
   3.8917759042696466e-06   -6.9691772083558510e-08    4.0739801922690691e-07    8.3003920929624250e-07    4.5072233368390246e-08 
   1.6707503270006953e-03   -5.6081154981613824e-08    3.4614400345350903e-05   -2.7103028584805004e-08    9.0474849866017701e-06 
   1.6707503270006953e-03   -5.6081154981613824e-08    3.4614400345350903e-05   -2.7103028584805004e-08    9.0474849866017701e-06 
   1.6707503270006953e-03   -5.6081154981613824e-08    3.4614400345350903e-05   -2.7103028584805004e-08    9.0474849866017701e-06 
   1.6707503270006953e-03   -5.6081154981613824e-08    3.4614400345350903e-05   -2.7103028584805004e-08    9.0474849866017701e-06 
  -4.2736112690172744e-07    2.7256185613646739e-03   -1.4971485128741880e-07    1.1339432782205115e-04   -7.4113037330850763e-08 
  -4.2736112690172744e-07    2.7256185613646739e-03   -1.4971485128741880e-07    1.1339432782205115e-04   -7.4113037330850763e-08 
  -4.2736112690172744e-07    2.7256185613646739e-03   -1.4971485128741880e-07    1.1339432782205115e-04   -7.4113037330850763e-08 
  -4.2736112690172744e-07    2.7256185613646739e-03   -1.4971485128741880e-07    1.1339432782205115e-04   -7.4113037330850763e-08 
   5.0140339883089679e-04   -1.6830331416796874e-08    1.0388014116273813e-05   -8.1338009823573870e-09    2.7152110341330196e-06 
   5.0140339883089679e-04   -1.6830331416796874e-08    1.0388014116273813e-05   -8.1338009823573870e-09    2.7152110341330196e-06 
   5.0140339883089679e-04   -1.6830331416796874e-08    1.0388014116273813e-05   -8.1338009823573870e-09    2.7152110341330196e-06 
   5.0140339883089679e-04   -1.6830331416796874e-08    1.0388014116273813e-05   -8.1338009823573870e-09    2.7152110341330196e-06 
   5.0061096631393411e-03    6.1015275631491289e-05    6.2797461326522964e-03    9.9020284397765985e-06    3.0491649224804264e-04 
   1.1946930762404226e-05    1.1729571900871543e-04   -6.9460189233009186e-04    1.0468001612197814e-05   -7.8927033116155229e-04 
  -2.2609092140416160e-06    1.5481323211818447e-04    3.7628490719280633e-05    2.3142975341861234e-05    4.4901212347280990e-05 
   2.5534810074896231e-04    3.6169320364838407e-02    2.5168261496498397e-04    2.6340550207643049e-02    5.0283663736995893e-05 
   5.0120237640187784e-04   -2.4053305877073787e-03    4.5294879813866632e-04   -6.2216779443777246e-03    5.5033779761085006e-05 
   6.5128489168329591e-04    1.2570766181112844e-04    6.3446682323643061e-04    3.4642656197862557e-04    1.2115441934299704e-04 
   1.5154402683349307e-03    1.8470431512187837e-05    1.9009931473163084e-03    2.9975237550878809e-06    9.2303757193833947e-05 
   3.6165528081945988e-06    3.5507543352063942e-05   -2.1026860155487687e-04    3.1688541081961498e-06   -2.3892645645604791e-04 
  -6.8441826019838351e-07    4.6864775606184960e-05    1.1390827191129767e-05    7.0057987383650883e-06    1.3592412045855182e-05 
   1.6966901328189269e-03   -5.6951862140412792e-08    3.5151818060590747e-05   -2.7523825927899304e-08    9.1879548101912288e-06 
   1.6966901328189269e-03   -5.6951862140412792e-08    3.5151818060590747e-05   -2.7523825927899304e-08    9.1879548101912288e-06 
   1.6966901328189269e-03   -5.6951862140412792e-08    3.5151818060590747e-05   -2.7523825927899304e-08    9.1879548101912288e-06 
   1.6966901328189269e-03   -5.6951862140412792e-08    3.5151818060590747e-05   -2.7523825927899304e-08    9.1879548101912288e-06 
  -2.9411302338392725e-07    1.8757904386063947e-03   -1.0303484520655359e-07    7.8038797847892964e-05   -5.1005129173938147e-08 
  -2.9411302338392725e-07    1.8757904386063947e-03   -1.0303484520655359e-07    7.8038797847892964e-05   -5.1005129173938147e-08 
  -2.9411302338392725e-07    1.8757904386063947e-03   -1.0303484520655359e-07    7.8038797847892964e-05   -5.1005129173938147e-08 
  -2.9411302338392725e-07    1.8757904386063947e-03   -1.0303484520655359e-07    7.8038797847892964e-05   -5.1005129173938147e-08 
   6.2535118352507481e-04   -2.0990818361330634e-08    1.2955949116487552e-05   -1.0144490609227149e-08    3.3864158832478914e-06 
   6.2535118352507481e-04   -2.0990818361330634e-08    1.2955949116487552e-05   -1.0144490609227149e-08    3.3864158832478914e-06 
   6.2535118352507481e-04   -2.0990818361330634e-08    1.2955949116487552e-05   -1.0144490609227149e-08    3.3864158832478914e-06 
   6.2535118352507481e-04   -2.0990818361330634e-08    1.2955949116487552e-05   -1.0144490609227149e-08    3.3864158832478914e-06 
   2.3065012563203643e-04    6.0858510656914399e-03    2.4245597971224307e-05    6.0012897426422685e-05    2.1955377531422258e-06 
  -1.2105045421621732e-05    6.0981531210038964e-03   -1.4138879761713284e-06    8.6994850364468783e-05   -2.4337033317598182e-07 
   1.1705567800124662e-05    1.9314838562669503e-05    5.6185202709125337e-06   -1.3522079188563756e-03    3.1685007319400610e-07 
  -9.9031433111435911e-05   -1.8873072735565271e-07   -2.4104773076158270e-05   -9.6178559057524091e-07   -7.0584724220113904e-06 
  -1.5598695685692602e-06   -2.0903991302463830e-09    2.6496099542383487e-07   -7.5157636465075120e-09    2.0981440231671312e-05 
   2.4825034818673264e-06    2.8562977660581228e-09   -1.0290326950589056e-05   -2.1152426001628083e-08    3.1450481132863618e-07 
 TENSORSUMACCUMULATOR_IMPL_H - PrettifyOut: Norm of simple tensor is 6.4465e-06 
 As simple full tensor 3    5 5 5 
  -2.6782308454571484e-08   -2.1111308260345177e-06   -2.1441416993855964e-08   -3.4165950678621568e-06   -1.0571079777290395e-08 
   8.8041410826480691e-08   -2.1247715188419675e-07    2.7891994436017969e-08   -1.5657255762844994e-06    2.2035615498110684e-08 
   5.2517760619750387e-08   -1.2937315545682220e-06    1.4516678347490724e-08   -1.8812897638397386e-06    1.1040171291980444e-08 
  -1.1639367327850988e-08    1.7298229819537919e-06    3.4316547050870678e-09    2.2546739773320049e-06   -2.6267284926249148e-09 
   5.0328950354713252e-09   -1.2209610585039666e-06   -1.9350103895024118e-09   -1.6189971821902836e-06    2.7495655508389644e-10 

  -2.2598750243628440e-08    1.3006207519450593e-06   -2.8430441630625895e-08    8.8259159801791903e-07   -1.7304112589925319e-09 
   4.8966320685108020e-08    9.8598566642224069e-07    2.3021462581846605e-08   -3.0587056883314131e-07    3.2548601055243986e-09 
   6.1789952645141742e-08    9.2490538811873040e-07    3.9509177055109678e-08    2.9470899367345194e-07    5.3441373585889659e-09 
  -2.9063832023109859e-08   -6.6397605241036117e-07   -2.5503635195516917e-08   -4.5421103776870362e-07   -4.9674872686830509e-09 
   1.0298154611164656e-08    4.2195108913318044e-07    1.3012774554779796e-08    3.4194713364162819e-07    3.3629584919894693e-09 

   1.5107938696995916e-08    1.4896454382614588e-07    3.3057934793719766e-09   -2.9770765364382440e-08   -1.2989766016408912e-09 
  -9.8340646597357534e-10   -7.3351368203332857e-08   -8.7690251731736611e-10   -6.6622990983969940e-09   -2.7594625221013541e-10 
  -7.4750496094724489e-09   -3.2016058910593749e-08   -4.5476824466232172e-09   -8.5843674116291912e-08   -3.8832860099430590e-10 
   3.7492403974594106e-09    1.5708897356324055e-08    3.5448105623399392e-09    8.0401822096593768e-08    3.6307159401512525e-10 
  -1.6528691186902415e-09   -1.8140563677101535e-08   -1.7028231809180727e-09   -4.7634201013919752e-08   -3.2599984238561760e-10 

  -6.8817104854111276e-09   -9.2779165463804725e-08   -2.3247614629180025e-09   -5.8713543778569703e-09    7.5344421522168187e-11 
  -3.5332518491523447e-09    1.2758978260437510e-07   -1.3722447945541724e-09    1.1604223463801603e-08   -2.7709000129029228e-10 
   5.7321564244387899e-10    6.9007658246468557e-08    2.6466987136267166e-10    3.2970389894042646e-08   -8.8315335849590228e-12 
  -3.8682163333526677e-10   -3.5465554524499806e-08   -2.7972571618185505e-10   -1.7855765219143063e-08   -8.4744558629626324e-11 
   3.1309374943874700e-10    1.4407339822615772e-08    3.9362313798553196e-10    5.5690862270448987e-09   -5.7616142021665779e-11 

   2.4177469945035611e-09    1.9621097250502376e-08    3.5273018616144107e-10   -4.7208446793550954e-09   -7.7393037175822673e-11 
   1.4659978696047910e-09   -5.4249052838841300e-08    3.7772939341237073e-10   -5.7798961046029436e-09   -7.1850813919012291e-11 
   3.1246626784775916e-10   -3.2995799965994237e-08    1.4801871368785225e-10   -8.4064359614949784e-09    8.3436065570094088e-11 
   6.6532847096795871e-11    1.4733925857632993e-08   -1.9830570194002741e-11    3.2455481682779999e-09    4.8280672331084915e-11 
  -1.2083018551966111e-10   -5.8179305804776390e-09    9.7587647711319519e-11   -1.3685201261469076e-10    4.5234179095506671e-11 
