2    12 5 
   1.9234700367337028e-05   -1.6552461586841042e-03    6.5594681498477165e-07   -4.5653615236568937e-05    4.0566720000380343e-08 
   1.9234700367337028e-05   -1.6552461586841042e-03    6.5594681498477165e-07   -4.5653615236568937e-05    4.0566720000380343e-08 
   1.9234700367337028e-05   -1.6552461586841042e-03    6.5594681498477165e-07   -4.5653615236568937e-05    4.0566720000380343e-08 
   1.9234700367337028e-05   -1.6552461586841042e-03    6.5594681498477165e-07   -4.5653615236568937e-05    4.0566720000380343e-08 
   1.9234700367337028e-05   -1.6552461586841042e-03    6.5594681498477165e-07   -4.5653615236568937e-05    4.0566720000380343e-08 
   1.9234700367337028e-05   -1.6552461586841042e-03    6.5594681498477165e-07   -4.5653615236568937e-05    4.0566720000380343e-08 
   1.9234700367337028e-05   -1.6552461586841042e-03    6.5594681498477165e-07   -4.5653615236568937e-05    4.0566720000380343e-08 
   1.9234700367337028e-05   -1.6552461586841042e-03    6.5594681498477165e-07   -4.5653615236568937e-05    4.0566720000380343e-08 
   1.9234700367337028e-05   -1.6552461586841042e-03    6.5594681498477165e-07   -4.5653615236568937e-05    4.0566720000380343e-08 
   1.9234700367337028e-05   -1.6552461586841042e-03    6.5594681498477165e-07   -4.5653615236568937e-05    4.0566720000380343e-08 
   1.9234700367337028e-05   -1.6552461586841042e-03    6.5594681498477165e-07   -4.5653615236568937e-05    4.0566720000380343e-08 
   1.9234700367337028e-05   -1.6552461586841042e-03    6.5594681498477165e-07   -4.5653615236568937e-05    4.0566720000380343e-08 
2    12 5 
  -1.5335221289624168e-03    1.8006949574800372e-04    1.9797637268264670e-06    9.3671068308535442e-07   -1.3338558989654974e-06 
  -2.8905853814840554e-05   -1.9191803405650922e-05   -3.9843470807732181e-06   -6.4593719747567027e-07   -7.1449033103856411e-08 
  -6.0962408697989672e-04   -3.6220581678431384e-04   -5.6936078164565998e-05   -3.3427077917442338e-06    2.2603243955136051e-07 
  -7.1998074041277135e-05   -3.4654710648210926e-04    1.6291341763042861e-05    1.3182779381825523e-06    3.9159829161192628e-06 
  -1.1524180909974071e-05    9.1765432650483172e-06   -5.8306107444617165e-07    2.5124222139136207e-07   -1.7140055877138785e-09 
  -9.7644045305573978e-06    5.2829064854405265e-05   -5.3879215682174442e-05    4.7021889329792833e-06    6.6921835815549575e-07 
  -2.9610599222625996e-07   -7.0807208237361278e-07    2.6430974445444370e-06    7.8998023788193215e-06    1.0043753143757545e-06 
   8.4453553704457325e-05   -5.8493434079182603e-05    2.8112645184035274e-05   -3.5293276945210067e-06   -1.7997899000542166e-06 
  -6.2260147581074730e-06   -1.0661366807589070e-05   -1.3217978755848108e-05    1.2127910126070807e-05   -2.3936773014002419e-06 
  -4.7988292739420382e-06    3.0848062965353668e-06    1.2032955611543548e-05    2.1102433835765352e-06    2.0299944899085062e-06 
  -1.4376520817270651e-06   -2.5642594227352290e-07    4.2130399911590898e-06    7.4283643483525351e-07    1.3187204244874312e-06 
  -2.4174871173615788e-06   -6.4411925894827433e-07    7.7655888575202999e-07    5.9112441571771428e-06   -1.1271572763716529e-05 
2    12 5 
   1.5424679161219579e-03   -4.6859081618421456e-07   -6.8221794120730637e-05   -4.0417540212220336e-07   -1.6119894089789556e-05 
  -7.6441212082474411e-08    3.4048310892582149e-05    1.7211879006308692e-09    7.8024189214945507e-06    1.5256965272003070e-09 
   5.9878370475885487e-04   -3.1216994907173642e-06    3.7411798221396135e-04    7.7266874752413483e-07    8.7011442902539579e-05 
   1.1387375129439764e-04    1.3102582469718768e-06   -3.1858794962768980e-04   -1.5063848568223574e-06   -1.0531667208136233e-04 
   7.3288256049963782e-09   -1.4744763928621785e-05    4.4687284510723022e-08    6.2201579668963340e-08   -6.9244038677922290e-08 
   7.3784540423890938e-05   -3.8931100374680123e-07    1.2277316458012037e-05    4.8910148540004885e-08   -1.4721995295838434e-05 
   2.9395305881923929e-07    2.1821819209815842e-06    4.2124803192394915e-09   -8.1326890860692802e-06   -4.0993629315586616e-08 
  -4.1566623923617698e-06    4.7327212644717174e-06   -3.2239854538524185e-05    1.4352376334202182e-06    1.0138420074178031e-04 
  -1.2760959034791360e-05   -1.3049838709984739e-06    1.7412368209351727e-05    3.1919407829591736e-06    1.4264460741035261e-06 
   5.1102328506968925e-07   -3.2391517446825990e-06    9.9845552695292210e-07    1.2416639249904875e-05    4.4707633888864304e-06 
  -6.9278850008959222e-07   -1.4192864309256249e-07   -2.1288545965363803e-06    8.7591659070309589e-07   -4.0464529965514713e-06 
  -6.8875046913579314e-06   -2.6487034595467641e-06    9.1907151463856783e-06   -1.1531461226026648e-07   -5.4696840938959704e-06 
 TENSORSUMACCUMULATOR_IMPL_H - PrettifyOut: Norm of simple tensor is 4.54121e-09 
 As simple full tensor 3    5 5 5 
  -5.2695676869464187e-11    4.1281012774534840e-14   -1.9905906681273520e-12    1.4172402831423303e-15   -2.3170083946370041e-13 
   4.9414967706856907e-13   -9.4208450615026524e-15   -6.7397970572627164e-13   -9.8617430473625740e-16   -8.9001163588620427e-14 
  -6.3682616015177200e-13    3.9720225821399806e-15   -5.4653351045251796e-13    5.1122832524426509e-16   -5.8565697649196397e-14 
  -4.5685643942925024e-15   -1.0327902804868815e-15   -2.4944909427445258e-14   -2.7257194199035316e-16   -1.6941545691252483e-14 
  -2.5210835946460170e-14    4.2840219416272425e-16   -2.2155159429599286e-14    6.8449241341933366e-17   -9.6488170373979378e-15 

   4.5347374823450545e-09   -3.5524461788690861e-12    1.7130069582604015e-10   -1.2196090866002387e-13    1.9939064147702631e-11 
  -4.2524153699410061e-11    8.1071278999961307e-13    5.7999464386192838e-11    8.4865435828655471e-14    7.6590137270162942e-12 
   5.4802208259545956e-11   -3.4181323315326280e-13    4.7032055425457836e-11   -4.3993860336293452e-14    5.0398833469277527e-12 
   3.9314876342940314e-13    8.8876983361028885e-14    2.1466393923462035e-12    2.3456235414550518e-14    1.4579082539407028e-12 
   2.1695237544982203e-12   -3.6866240321780749e-14    1.9065668734383959e-12   -5.8904137643066665e-15    8.3033096601388970e-13 

  -1.7970418434325321e-12    1.4077759638400158e-15   -6.7883646938104954e-14    4.8331101189076291e-17   -7.9015230168908358e-15 
   1.6851622360039721e-14   -3.2127213809118558e-16   -2.2984233333119907e-14   -3.3630775726044065e-17   -3.0351411080481882e-15 
  -2.1717213342188876e-14    1.3545495963257475e-16   -1.8638029634844177e-14    1.7434042915657904e-17   -1.9972228372003512e-15 
  -1.5579838553543787e-16   -3.5220486001591406e-17   -8.5067786742350242e-16   -9.2953201135588704e-18   -5.7774505060483925e-16 
  -8.5974656357350948e-16    1.4609484391590314e-17   -7.5554107866445893e-16    2.3342740458078327e-18   -3.2904649842113546e-16 

   1.2507333675518809e-10   -9.7980599530671024e-14    4.7246725304082516e-12   -3.3638237845502716e-15    5.4994259192249081e-13 
  -1.1728656436194084e-12    2.2360402160021690e-14    1.5996927207004412e-12    2.3406874765293294e-15    2.1124451124706260e-13 
   1.5115086761383085e-12   -9.4276067322533062e-15    1.2971988189876332e-12   -1.2134018629357238e-15    1.3900584752949866e-13 
   1.0843500395498730e-14    2.4513306256376081e-15    5.9206812446401178e-14    6.4695026833083860e-16    4.0210806185190070e-14 
   5.9837989784672700e-14   -1.0168138086527762e-15    5.2585333006869269e-14   -1.6246446618769529e-16    2.2901494283812572e-14 

  -1.1113720141043344e-13    8.7063237512159145e-17   -4.1982319831932001e-15    2.9890140548861790e-18   -4.8866594742168677e-16 
   1.0421806009497140e-15   -1.9868923168978613e-17   -1.4214490210913374e-15   -2.0798793912974328e-18   -1.8770686384793796e-16 
  -1.3430907700368260e-15    8.3771478030654876e-18   -1.1526601125017551e-15    1.0782001242745990e-18   -1.2351730012890271e-16 
  -9.6352773397857545e-18   -2.1781942701208848e-18   -5.2609769679407696e-17   -5.7486466851645686e-19   -3.5730368932481509e-17 
  -5.3170618896267485e-17    9.0351664056380891e-19   -4.6726080052203616e-17    1.4436207243820470e-19   -2.0349724800273158e-17 
