2    6 5 
   2.6966803594440760e-06    4.8956685802220307e-04    9.7826198903246856e-07    1.2815438721577890e-04    1.8990402822656837e-07 
   4.9739908337238331e-06   -3.5906100497461136e-04   -8.5013820049348621e-08    1.3585543429837127e-05    3.8112851400358878e-08 
  -5.0333005494573291e-07   -2.0459028107817413e-05    1.0025087100047301e-07    7.0871088817812115e-06    2.8691883433246251e-08 
  -2.4927399500660217e-06   -3.7524059039015643e-06    3.6079910126918016e-07    3.6702866883465695e-05    1.3728360355421468e-07 
   5.7096234705377102e-06    4.1527916582602554e-06    2.3041356436555552e-08   -4.1134208159275600e-05   -1.2142769115137205e-07 
   2.5988007271173110e-07    1.8830257560014847e-06    3.4184091342467368e-08    4.9305136920852403e-07    1.4380208221194934e-08 
2    6 5 
   5.0328642334528204e-04    5.2500701482876698e-05    7.3336481004548431e-06   -3.9365942991559850e-07    1.8878377938060332e-07 
  -3.5722226169133703e-04    3.8666305498518842e-05   -5.5481850928190980e-06    7.1428208115702889e-07   -3.9533787821711258e-08 
   1.3316088399760532e-05   -1.6941277919124362e-05    2.0698747897445358e-06   -6.6656071152104786e-07    9.6774963687949125e-08 
   1.3758202051343474e-06    3.6953110672836343e-05    7.9213326467477762e-08    3.3428632076942811e-07    2.1703453274940914e-08 
  -2.7209832543646463e-05    3.1220057351285914e-05    4.8567838941534494e-06   -1.7554127804624300e-06    3.8346227447793269e-07 
   5.4612072251432692e-07    1.7736754927871271e-06    1.7886302638664181e-07    6.0228924951807235e-07   -1.3741079127548399e-07 
2    6 5 
   7.9823649135261818e-07   -6.1520794638804193e-04   -1.6157606115704526e-07   -3.1873099077652080e-05   -1.9664602687109689e-08 
   7.9823649135261818e-07   -6.1520794638804193e-04   -1.6157606115704526e-07   -3.1873099077652080e-05   -1.9664602687109689e-08 
   7.9823649135261818e-07   -6.1520794638804193e-04   -1.6157606115704526e-07   -3.1873099077652080e-05   -1.9664602687109689e-08 
   7.9823649135261818e-07   -6.1520794638804193e-04   -1.6157606115704526e-07   -3.1873099077652080e-05   -1.9664602687109689e-08 
   7.9823649135261818e-07   -6.1520794638804193e-04   -1.6157606115704526e-07   -3.1873099077652080e-05   -1.9664602687109689e-08 
   7.9823649135261818e-07   -6.1520794638804193e-04   -1.6157606115704526e-07   -3.1873099077652080e-05   -1.9664602687109689e-08 
 TENSORSUMACCUMULATOR_IMPL_H - PrettifyOut: Norm of simple tensor is 2.33783e-10 
 As simple full tensor 3    5 5 5 
  -4.6694085966291046e-16    3.5987546356232330e-13    9.4516431803027506e-17    1.8644665390103711e-14    1.1503115408930072e-17 
   3.4246878593327278e-16   -2.6394373193713513e-13   -6.9321257672107108e-17   -1.3674570961492819e-14   -8.4367385869605422e-18 
   1.4940979421365150e-17   -1.1515145406680736e-14   -3.0242974743511551e-18   -5.9658424861958103e-16   -3.6807190257559759e-19 
  -6.2843187267653626e-18    4.8433802015114466e-15    1.2720484191415620e-18    2.5092903617363520e-16    1.5481455966965244e-19 
   1.8865145067388972e-18   -1.4539534687965004e-15   -3.8186124866076302e-19   -7.5327380339161945e-17   -4.6474395295593441e-20 

   2.9875387383359721e-13   -2.3025226131318065e-10   -6.0472647783422009e-14   -1.1929061028511918e-11   -7.3598191686495781e-15 
   9.7065319783943320e-15   -7.4809103187690917e-12   -1.9647600949767254e-15   -3.8757593620346591e-13   -2.3912098343363118e-16 
   4.4384416442719612e-15   -3.4207463561440967e-12   -8.9841284672622963e-16   -1.7722428354351534e-13   -1.0934126969894970e-16 
  -3.5359193146752025e-16    2.7251643889256891e-13    7.1572763413287682e-17    1.4118711417997708e-14    8.7107579282602994e-18 
   8.4524984530316956e-17   -6.5144155541250875e-14   -1.7109232937505196e-17   -3.3750313793681284e-15   -2.0822779413482445e-18 

   4.1822632541690206e-16   -3.2233073979010766e-13   -8.4655816997968457e-17   -1.6699523576411798e-14   -1.0303030006404691e-17 
   4.8282551911325241e-17   -3.7211791154031415e-14   -9.7731745478374781e-18   -1.9278930210066517e-15   -1.1894434924255299e-18 
   6.3858995883839592e-18   -4.9216694728560932e-15   -1.2926100392717813e-18   -2.5498509838306448e-16   -1.5731701014139057e-19 
  -3.2879151451923903e-19    2.5340253750419025e-16    6.6552755271633392e-20    1.3128445807338641e-17    8.0997982051133190e-21 
   1.6739937401597516e-19   -1.2901618283636992e-16   -3.3884358566248576e-20   -6.6841554994648307e-18   -4.1238933771581546e-21 

   4.8620343559511872e-14   -3.7472130174408430e-11   -9.8415490766857627e-15   -1.9413808366939707e-12   -1.1977650094503381e-15 
   5.7523959619847284e-15   -4.4334226071107848e-12   -1.1643785918358918e-15   -2.2968968271488388e-13   -1.4171061122460521e-16 
   5.4467593708643449e-16   -4.1978657745164809e-13   -1.1025127700228384e-16   -2.1748579895854412e-14   -1.3418123591273414e-17 
   3.1374269787844852e-17   -2.4180428099569256e-14   -6.3506629788478273e-18   -1.2527555683936042e-15   -7.7290697263252162e-19 
   7.4217216253278980e-18   -5.7199867072535617e-15   -1.5022772827543112e-18   -2.9634484423280098e-16   -1.8283454665057679e-19 

   6.8523958524671920e-17   -5.2812022826604018e-14   -1.3870364776914566e-17   -2.7361201134125854e-15   -1.6880917291219207e-18 
   9.7905966410206799e-18   -7.5456997001346581e-15   -1.9817761512668168e-18   -3.9093258720833130e-16   -2.4119192131793144e-19 
   5.3028406031806174e-19   -4.0869463033164456e-16   -1.0733812684430139e-19   -2.1173920983212598e-17   -1.3063578864694543e-20 
   1.6048523073636332e-19   -1.2368739126374358e-16   -3.2484823404053595e-20   -6.4080779507991180e-18   -3.9535630527640344e-21 
  -6.7360745946573568e-21    5.1915524571842387e-18    1.3634911613981617e-21    2.6896737404996193e-19    1.6594359191749314e-22 
