2    6 5 
  -1.4530397717606297e-05    8.4985888953284072e-04   -3.0769652624493865e-08    1.4520885307028747e-04   -1.1562636444411513e-08 
  -1.8544205728949763e-05    4.6573068520743753e-04   -5.7951937851829682e-07   -3.8703091309085752e-05   -2.5094713295765875e-08 
   2.6134835645603401e-05    1.3665609158043256e-04   -1.0085046287988590e-07   -2.7991176837990196e-06   -1.4827488237655010e-08 
  -2.2703853116512912e-05    1.1569345733312316e-05    1.2382056863225602e-07    1.2530385789632606e-05    5.3931028396501305e-09 
  -1.2873555955971215e-06   -1.4433893156473023e-07   -6.5770117770933681e-08   -4.1422618939401277e-06    4.6838106129828846e-10 
   2.2528962098055078e-05    1.2200890172146065e-05    2.3662919153356641e-07   -6.2874836766575769e-05    5.0456940843996659e-08 
2    6 5 
  -1.2982041413052783e-04    7.8867809824126171e-04    2.2054313706173901e-05    4.6172625323095345e-06   -1.5062161084764276e-07 
  -1.2982041413052783e-04    7.8867809824126171e-04    2.2054313706173901e-05    4.6172625323095345e-06   -1.5062161084764276e-07 
  -1.2982041413052783e-04    7.8867809824126171e-04    2.2054313706173901e-05    4.6172625323095345e-06   -1.5062161084764276e-07 
  -1.2982041413052783e-04    7.8867809824126171e-04    2.2054313706173901e-05    4.6172625323095345e-06   -1.5062161084764276e-07 
  -1.2982041413052783e-04    7.8867809824126171e-04    2.2054313706173901e-05    4.6172625323095345e-06   -1.5062161084764276e-07 
  -1.2982041413052783e-04    7.8867809824126171e-04    2.2054313706173901e-05    4.6172625323095345e-06   -1.5062161084764276e-07 
2    6 5 
   7.6490272079843768e-04    3.7356924903134012e-04    1.2781479157479166e-04   -4.8267305930391281e-05    1.6135885240721259e-05 
  -1.2323586589739095e-04   -4.2020511962962266e-04   -1.5118246704728589e-04    6.1056460846950220e-05   -2.0094116033227715e-05 
   1.2230773917110916e-04    5.9840182689159525e-05   -1.4759678279349171e-05    2.3352640562523701e-05   -7.9080971900905613e-06 
   2.0068685353691979e-05    1.8392311908690305e-05   -3.9729472823218394e-06    6.4920537921835276e-06   -2.7166696464883411e-06 
  -2.7600785080953332e-06    2.2783204227576473e-06    1.9427785052763675e-06   -1.3653276124901283e-06    6.2728984755463985e-07 
   3.9494364573351432e-05    5.3919528085227128e-05    4.4806689801197906e-06   -1.0829775735187726e-05    2.2888234835443785e-06 
 TENSORSUMACCUMULATOR_IMPL_H - PrettifyOut: Norm of simple tensor is 5.11249e-10 
 As simple full tensor 3    5 5 5 
   6.7439797768810180e-13   -6.1306592433230460e-13   -9.7269533787066809e-14    2.7288715386441044e-14   -5.7027397654180380e-15 
  -4.0970668447107533e-12    3.7244656053305826e-12    5.9092671547685521e-13   -1.6578295716100597e-13    3.4644982324833581e-14 
  -1.1456891939805576e-13    1.0414963092164914e-13    1.6524464403852146e-14   -4.6358956239806121e-15    9.6879995810787205e-16 
  -2.3986000469184706e-14    2.1804631738496464e-14    3.4595404497683503e-15   -9.7056509912213843e-16    2.0282670354064535e-16 
   7.8245713844081634e-16   -7.1129781627322982e-16   -1.1285508495356118e-16    3.1661201337225249e-17   -6.6164929103410283e-18 

  -7.9202551439229985e-11   -1.6983960631780342e-11   -4.7002319898516082e-12    1.2268130530738488e-12   -4.2457694792155059e-13 
   4.8116714203470268e-10    1.0318005732295013e-10    2.8554600228911139e-11   -7.4530696275780357e-12    2.5793673675017603e-12 
   1.3455186747547093e-11    2.8852904087178511e-12    7.9849068030052737e-13   -2.0841498706140070e-13    7.2128511255995273e-14 
   2.8169604578212443e-12    6.0406066026328356e-13    1.6717097388153490e-13   -4.3633491558660144e-14    1.5100731628767155e-14 
  -9.1893220037223747e-14   -1.9705310032054079e-14   -5.4533527597382075e-15    1.4233859867147420e-15   -4.9260714698091143e-16 

  -6.1741233085147773e-15   -3.1270354525423224e-14   -1.1113850450185108e-14    4.9230954602480951e-15   -1.5721168101361382e-15 
   3.7508706638160574e-14    1.8997200019439311e-13    6.7518275117939212e-14   -2.9908528570435477e-14    9.5508407081850609e-15 
   1.0488801258150140e-15    5.3123094162490830e-15    1.8880570205656597e-15   -8.3635145067851160e-16    2.6707631111568432e-16 
   2.1959218365765940e-16    1.1121782139525633e-15    3.9528117066192650e-16   -1.7509745569546253e-16    5.5914750330076302e-17 
  -7.1634064991153840e-18   -3.6280820716381827e-17   -1.2894628851234234e-17    5.7119257671888190e-18   -1.8240179556450790e-18 

  -1.4705745154584365e-11   -8.7203154782727437e-12   -3.1303376806614447e-12    1.1254594950300750e-12   -3.8457542136359326e-13 
   8.9339563422413246e-11    5.2977198336102888e-11    1.9017261540659916e-11   -6.8373318644279486e-12    2.3363522138083125e-12 
   2.4982597621061200e-12    1.4814355235476482e-12    5.3179193486588848e-13   -1.9119671534885759e-13    6.5332921969490346e-14 
   5.2303242572993623e-13    3.1015142107977137e-13    1.1133527021306886e-13   -4.0028696510007394e-14    1.3678015863698518e-14 
  -1.7062054829615171e-14   -1.0117576447695257e-14   -3.6319134175942082e-15    1.3057924920402905e-15   -4.4619615371088220e-16 

   7.0953806712573780e-16   -1.0592145181207630e-15   -3.5576219339844846e-16    2.3788586156287827e-16   -6.9592762820400672e-17 
  -4.3105480533120264e-15    6.4348838923059211e-15    2.1613076186424537e-15   -1.4451915760125150e-15    4.2278626362540661e-16 
  -1.2053863195298125e-16    1.7994280345833422e-16    6.0438037195883876e-17   -4.0412822993278813e-17    1.1822644637208509e-17 
  -2.5235811752171905e-17    3.7672592103118500e-17    1.2653229131893814e-17   -8.4607762416786300e-18    2.4751735575844105e-18 
   8.2322774383347306e-19   -1.2289330458624867e-18   -4.1276616630176088e-19    2.7600244465754105e-19   -8.0743649675985456e-20 
