2    101 5 
  -2.5132269077881216e-06    3.4703928193292779e-04   -1.1033735029048210e-06    9.3849304131380814e-06   -5.8559208127940940e-08 
  -8.9221459530781403e-06    1.0214172333574498e-06   -7.1036194899824167e-06    5.8997102530869699e-04   -2.6191820485557264e-06 
  -2.3976086205747444e-04   -1.4165186277698887e-04   -2.9252400684784784e-06    1.5296296609416868e-03   -9.2640354228304181e-06 
   6.4004994730345409e-05    4.1420115057112095e-04   -3.4818541558991531e-05    1.2478545381906258e-03   -9.3459984407792265e-06 
  -3.6627306195458574e-04   -2.1961126154230898e-04    1.6906538463406862e-06    8.9449463205271173e-04   -9.4803024389829092e-06 
  -1.3101289842121377e-04    4.7938461444847767e-05   -1.3508744995190330e-05    8.9631562147847021e-04   -3.1144158322786485e-06 
  -3.7537466813772276e-04   -1.2075097498952218e-04   -8.2938040784760481e-05   -7.1280085974990943e-05   -4.7797287458545967e-06 
   3.9217573027357878e-05   -5.2285148661476309e-05   -6.6130272344198272e-06   -1.8139996848507748e-06    1.6623311645030865e-06 
  -1.2359317245927071e-04    4.3424865475770217e-05    9.4378791879903538e-05   -4.6157796109735811e-05   -4.9380577167686736e-06 
   5.0373066680977198e-04    1.0871783373155917e-04    1.3617613770533651e-04    9.1292403706104590e-05    4.1272650480836374e-06 
  -1.1365288810077402e-04    3.9541888493608250e-04    1.7822175712096406e-05   -4.9931351577981965e-06   -2.2945958722834209e-06 
   4.9960751005151272e-05   -6.3350994350617248e-05    5.8209550306375756e-05   -1.0623605201656395e-05    2.7372026522967340e-06 
   1.3679519207837298e-04   -6.3726982476468188e-05    5.0708027291175358e-05   -1.4122458804763763e-05    5.8809797892851252e-06 
   6.8955338445467364e-05    2.8986884348026262e-04   -3.3517133096974883e-04   -5.8811294012151020e-05   -5.8037307621582646e-05 
   1.7636615650289045e-05   -7.2857091967294630e-05   -4.2044561283244335e-05    1.1160608812231297e-06    5.7907339266204024e-07 
   7.5172352414829203e-05    5.4192384076946739e-05    2.2841962611875214e-04    3.0401782518571886e-06   -6.8182663984257881e-06 
   9.4271364904491951e-06    5.8446599673633295e-04    7.6793099800919157e-07   -1.6601432400664274e-05    3.2987787097900305e-08 
  -1.6510491581505129e-06   -1.3615021469687261e-04    7.9087553636635882e-09    8.6429881515773730e-07   -3.1583709501280902e-09 
   1.8791781438625871e-05   -2.9667723230333559e-06   -1.6467082254473919e-06   -1.4297258740011222e-04   -2.5101544250254382e-07 
   6.2145222344683117e-07    5.1434676149039240e-05    1.1873104918330564e-07   -2.8401537798216233e-06   -1.6235640985516320e-09 
   1.7076128135905719e-06    5.7120012246780123e-05   -1.7675702844018457e-07    6.6798074889197999e-06   -1.9515986247360530e-09 
   1.4474975906242549e-05   -6.7660121068420606e-07    4.6553995506008240e-06    2.9749020410893444e-05    1.8586468347096148e-07 
  -5.8109015273226550e-06    2.0705846423808962e-07    4.4727000324354153e-06   -6.6089346142443808e-06    1.5572677112470802e-07 
   9.1508080398939888e-06    5.6733411544406789e-04    7.4542138620626699e-07   -1.6114810816589385e-05    3.2020848292543776e-08 
  -2.3748984159584176e-06   -1.9584088554831791e-04    1.1376094099104376e-08    1.2432227574206038e-06   -4.5430568371874575e-09 
  -1.9233331185096878e-05    3.0364824551648394e-06    1.6854008636005517e-06    1.4633200864098842e-04    2.5691354244369605e-07 
  -5.1250072911677732e-07   -4.2417273659530486e-05   -9.7915410033849745e-08    2.3422249177725994e-06    1.3389247843711735e-09 
   2.1813158523240321e-06    7.2965479766374296e-05   -2.2579059203447127e-07    8.5328300713648359e-06   -2.4929849340725502e-09 
  -1.4140213717179904e-05    6.6095348153576584e-07   -4.5477343113206487e-06   -2.9061016005240165e-05   -1.8156619836734612e-07 
  -8.6484537106261686e-06    3.0816828248361913e-07    6.6567879373196610e-06   -9.8361785721366990e-06    2.3177053771170038e-07 
  -8.3163567068094924e-06   -1.1142103182181619e-03   -1.2357011223002521e-07   -1.9540450698476477e-05    8.1445547994796602e-09 
   2.1320320191786116e-06   -2.4437728157629700e-06    3.2823736160787827e-07    1.3843619442748518e-04    5.4638060376893013e-09 
   3.5649662638040993e-05   -2.5635532295839266e-07   -3.2478269212397529e-07   -5.5278816869987938e-07   -3.6636244235855943e-08 
   4.8057922602621194e-08   -7.1322578023601598e-10    5.3014342168510278e-06   -1.3321522446581063e-08   -2.7801156939548389e-08 
   1.0895387325309165e-09   -9.0495917935484162e-14    5.3084267098139245e-09   -6.9395835628662494e-11    1.0141865876002653e-06 
  -7.2116898906797908e-06   -9.6620907102332892e-04   -1.0715621762950122e-07   -1.6944880520353779e-05    7.0627085371893172e-09 
   1.8488328845642710e-06   -2.1191649579106509e-06    2.8463738941268678e-07    1.2004762891416304e-04    4.7380452950479455e-09 
   3.0914295852941784e-05   -2.2230348651197455e-07   -2.8164160581765369e-07   -4.7936097361433649e-07   -3.1769829205601731e-08 
   4.1674358955360085e-08   -6.1848755776537301e-10    4.5972414238152639e-06   -1.1552016362863463e-08   -2.4108312031153988e-08 
   9.4481462735521853e-10   -7.8475289063628340e-14    4.6033050996037114e-09   -6.0177943768179216e-11    8.7947155454155935e-07 
  -9.7421337664445248e-06   -6.6320105166344987e-04   -1.4132201267526007e-06   -1.5676803895358352e-05   -7.9242204101332882e-08 
   4.6210661339862695e-05    2.3558603180159432e-07    8.4186198886225170e-06   -3.9444111625741958e-05    3.6459688091919336e-07 
  -1.0299510738092246e-05    4.5013470987397283e-07   -1.9014916928485310e-06   -1.2470391997557892e-05   -9.4463097699146909e-08 
  -3.0652276800649743e-07    9.8481699602354158e-10    1.6827643778827043e-06   -1.8388550196302086e-09   -2.0487790735057936e-07 
   5.3409456555786202e-06    4.7884763699410440e-04    3.8819750258181278e-07    1.3677524744771570e-04   -2.5222425281770091e-08 
   5.3409456555786202e-06    4.7884763699410440e-04    3.8819750258181278e-07    1.3677524744771570e-04   -2.5222425281770091e-08 
   5.3409456555786202e-06    4.7884763699410440e-04    3.8819750258181278e-07    1.3677524744771570e-04   -2.5222425281770091e-08 
   5.3409456555786202e-06    4.7884763699410440e-04    3.8819750258181278e-07    1.3677524744771570e-04   -2.5222425281770091e-08 
   5.3409456555786202e-06    4.7884763699410440e-04    3.8819750258181278e-07    1.3677524744771570e-04   -2.5222425281770091e-08 
   8.3363974367915793e-06    1.1168953387046426e-03    1.2386789109405955e-07    1.9587539214515693e-05   -8.1641815217710491e-09 
  -2.1371697831678038e-06    2.4496618117337860e-06   -3.2902834695950824e-07   -1.3876979752918924e-04   -5.4769727001276948e-09 
  -3.5735571081854673e-05    2.5697308720155856e-07    3.2556535242405381e-07    5.5412027587334103e-07    3.6724530140870985e-08 
  -4.8173732431893013e-08    7.1494450945626094e-10   -5.3142095961912028e-06    1.3353624609068109e-08    2.7868152079254084e-08 
  -1.0921642995085569e-09    9.0713994711140157e-14   -5.3212189396414368e-09    6.9563065492982347e-11   -1.0166305712183452e-06 
   7.2116898906797908e-06    9.6620907102332892e-04    1.0715621762950122e-07    1.6944880520353779e-05   -7.0627085371893172e-09 
  -1.8488328845642710e-06    2.1191649579106509e-06   -2.8463738941268678e-07   -1.2004762891416304e-04   -4.7380452950479455e-09 
  -3.0914295852941784e-05    2.2230348651197455e-07    2.8164160581765369e-07    4.7936097361433649e-07    3.1769829205601731e-08 
  -4.1674358955360085e-08    6.1848755776537301e-10   -4.5972414238152639e-06    1.1552016362863463e-08    2.4108312031153988e-08 
  -9.4481462735521853e-10    7.8475289063628340e-14   -4.6033050996037114e-09    6.0177943768179216e-11   -8.7947155454155935e-07 
   9.7775620560327884e-06    6.6561285173485766e-04    1.4183594497287444e-06    1.5733814234318817e-05    7.9530376674387064e-08 
  -4.6378711248770006e-05   -2.3644276507560922e-07   -8.4492350814024542e-06    3.9587554268055280e-05   -3.6592277565538289e-07 
   1.0336965987403583e-05   -4.5177167188224188e-07    1.9084066665040922e-06    1.2515741883892895e-05    9.4806622645623946e-08 
   3.0763747014985490e-07   -9.8839838615459706e-10   -1.6888839267533828e-06    1.8455422084646183e-09    2.0562296731442985e-07 
   3.4743870687842426e-06    4.6549204874213649e-04    5.1624817832630772e-08    8.1635614751124108e-06   -3.4026120901171438e-09 
  -8.9071509782676940e-07    1.0209534017680057e-06   -1.3713019833895325e-07   -5.7835533121940905e-05   -2.2826554599502994e-09 
  -1.4893628453275979e-05    1.0709949687119054e-07    1.3568691501129510e-07    2.3094248272626191e-07    1.5305800088836307e-08 
  -2.0077520809859363e-08    2.9796971382270602e-10   -2.2148201596446348e-06    5.5654329121095176e-09    1.1614699029073395e-08 
  -4.5518481430040302e-10    3.7807162215078948e-14   -2.2177414661716819e-09    2.8992021679190461e-11   -4.2370438035775545e-07 
  -4.0730443012171558e-06   -5.8221414918401438e-04   -4.7874669652666551e-06   -4.2647278960413528e-04   -1.4653863205087287e-06 
  -4.0730443012171558e-06   -5.8221414918401438e-04   -4.7874669652666551e-06   -4.2647278960413528e-04   -1.4653863205087287e-06 
  -4.0730443012171558e-06   -5.8221414918401438e-04   -4.7874669652666551e-06   -4.2647278960413528e-04   -1.4653863205087287e-06 
  -4.0730443012171558e-06   -5.8221414918401438e-04   -4.7874669652666551e-06   -4.2647278960413528e-04   -1.4653863205087287e-06 
  -4.0730443012171558e-06   -5.8221414918401438e-04   -4.7874669652666551e-06   -4.2647278960413528e-04   -1.4653863205087287e-06 
   1.3573645279184910e-05    1.8185722617594692e-03    2.0168649922700508e-07    3.1893190218662010e-05   -1.3293236654279115e-08 
  -3.4798226401831718e-06    3.9886342678063433e-06   -5.3573670188927708e-07   -2.2595036062129846e-04   -8.9178191417808690e-09 
  -5.8186041319651715e-05    4.1841353635287500e-07    5.3009812002169947e-07    9.0224010116336079e-07    5.9796302774255571e-08 
  -7.8438337514837209e-08    1.1641003490105998e-09   -8.6528019501073251e-06    2.1742888940842669e-08    4.5376004896397991e-08 
  -1.7783042255989375e-09    1.4770404067260610e-13   -8.6642148346722495e-09    1.1326527828042869e-10   -1.6553172828338551e-06 
   1.2501688105516029e-05    8.5105921330133757e-04    1.8135285013179201e-06    2.0117411389500540e-05    1.0168833073106707e-07 
  -5.9300281547194519e-05   -3.0231807140075814e-07   -1.0803276022442009e-05    5.0617040677747995e-05   -4.6787250090892902e-07 
   1.3216947536744303e-05   -5.7763975359220910e-07    2.4401077473500719e-06    1.6002752071006427e-05    1.2122069078780683e-07 
   3.9334832950617750e-07   -1.2637760084658395e-09   -2.1594237886388686e-06    2.3597286259670586e-09    2.6291157140850149e-07 
   2.2303566419985327e-05    2.9881911892816835e-03    3.3140163449106641e-07    5.2405368768401290e-05   -2.1842812343855624e-08 
  -5.7178785645822222e-06    6.5539335592826366e-06   -8.8029699232930678e-07   -3.7127085407667189e-04   -1.4653335007592737e-08 
  -9.5608527451278153e-05    6.8751716337968727e-07    8.7103194358142940e-07    1.4825178947272211e-06    9.8254432259279452e-08 
  -1.2888613446515909e-07    1.9127941624864027e-09   -1.4217871400333670e-05    3.5726877907890157e-08    7.4559686676972369e-08 
  -2.9220246731663660e-09    2.4270023371639980e-13   -1.4236624507822620e-08    1.8611210218375184e-10   -2.7199383956533979e-06 
   2.4303135930146839e-05    1.6544491888531637e-03    3.5254782641136480e-06    3.9108013208711779e-05    1.9768092943995594e-07 
  -1.1527905599417122e-04   -5.8770280632346580e-07   -2.1001442641050984e-05    9.8398936974784234e-05   -9.0953868722340058e-07 
   2.5693591925828769e-05   -1.1229249467529025e-06    4.7435410136242065e-06    3.1109163463013365e-05    2.3565160967841670e-07 
   7.6466456683293097e-07   -2.4567658271247469e-09   -4.1978946701547762e-06    4.5872849387301909e-09    5.1109702974673417e-07 
  -7.0458723955498384e-06    3.1908502755629660e-03   -7.1781728966239144e-06    1.2659105241983500e-04   -2.5465205828756358e-07 
  -7.0458723955498384e-06    3.1908502755629660e-03   -7.1781728966239144e-06    1.2659105241983500e-04   -2.5465205828756358e-07 
  -7.0458723955498384e-06    3.1908502755629660e-03   -7.1781728966239144e-06    1.2659105241983500e-04   -2.5465205828756358e-07 
  -7.0458723955498384e-06    3.1908502755629660e-03   -7.1781728966239144e-06    1.2659105241983500e-04   -2.5465205828756358e-07 
  -7.0458723955498384e-06    3.1908502755629660e-03   -7.1781728966239144e-06    1.2659105241983500e-04   -2.5465205828756358e-07 
  -1.3640616871292047e-05    3.7830604163934457e-03   -1.3662810404023404e-05    2.0838855918761415e-04   -5.2935998637902805e-07 
  -1.3640616871292047e-05    3.7830604163934457e-03   -1.3662810404023404e-05    2.0838855918761415e-04   -5.2935998637902805e-07 
  -1.3640616871292047e-05    3.7830604163934457e-03   -1.3662810404023404e-05    2.0838855918761415e-04   -5.2935998637902805e-07 
  -1.3640616871292047e-05    3.7830604163934457e-03   -1.3662810404023404e-05    2.0838855918761415e-04   -5.2935998637902805e-07 
  -1.3640616871292047e-05    3.7830604163934457e-03   -1.3662810404023404e-05    2.0838855918761415e-04   -5.2935998637902805e-07 
2    101 5 
  -5.0009862405938688e-01   -5.0905005958288251e-03   -5.4579481177737298e-03   -1.2423280046779187e-03   -1.8207680348588496e-04 
  -6.7763699310927658e-04    1.8772435439201689e-02   -7.1063000989156641e-03    2.6825018220776402e-03    8.1766400626140769e-04 
  -1.0381688643927092e-03    1.8269058851867654e-02   -5.1572806121880435e-03    2.6214875660130321e-03   -1.1360654522349660e-04 
   4.9137457064080299e-04    8.8422911123137663e-03   -4.2973755690408656e-03    3.3397318134673975e-03    8.0555594771795675e-04 
  -7.2051144492405871e-04    1.2679185607273076e-02   -7.3614907208132156e-03    1.8116448230148213e-03   -1.7182186888904812e-04 
   2.3988783642815703e-03   -9.4880918072825279e-03    7.2305645731285482e-03   -6.5168258298208817e-03   -7.1698610188421349e-04 
   3.6169792637675085e-03    2.4823436873514990e-04    9.3719332749753876e-04   -4.2814601324878577e-04   -1.2541315674288892e-03 
   1.5636886211788268e-03   -3.4914150215975665e-03   -1.1298598942817387e-02   -4.3367968947810641e-04    2.1968143191313182e-03 
   2.2023144523551817e-04    6.8227671571539071e-06   -2.4812531803757032e-03   -1.6009156049688680e-03    3.2654511200077519e-03 
   1.3455884614505455e-03    9.0306197069542251e-04    2.4121917978041597e-03    1.0667920972898814e-03    4.6912117153207004e-04 
   1.1754080943246626e-04   -6.0122957838795331e-04   -1.9035331581862402e-03    3.5443576688140490e-04   -3.2148504164005681e-03 
  -2.4395661249552291e-03    2.6737682458549249e-03    1.3941917196437570e-03    3.2514632318293097e-03   -4.4355728836067724e-03 
   1.9838789427817499e-03   -1.2989441578398501e-03   -4.7933282764383569e-04   -9.5814197126195631e-05    2.5231300563155522e-03 
  -3.1378463063590141e-05   -4.9379000210937162e-04   -2.9301410956166207e-04    8.3273252030000521e-04    5.7032908144981332e-04 
  -6.1646175799568239e-04   -1.9493469039531600e-03    4.7670187943519015e-04    3.2696380880077973e-03    2.0734631398734390e-04 
  -1.3662725064265762e-05    5.3511974672860270e-04   -1.2063211219405724e-03   -1.7462313792798831e-04    1.3571158512923403e-03 
  -9.6164619415637566e-05    5.8843868554129338e-04    1.6697852182944805e-05    3.4894252045744039e-06   -6.1190582158978291e-08 
  -9.6164619415637566e-05    5.8843868554129338e-04    1.6697852182944805e-05    3.4894252045744039e-06   -6.1190582158978291e-08 
  -9.6164619415637566e-05    5.8843868554129338e-04    1.6697852182944805e-05    3.4894252045744039e-06   -6.1190582158978291e-08 
  -9.6164619415637566e-05    5.8843868554129338e-04    1.6697852182944805e-05    3.4894252045744039e-06   -6.1190582158978291e-08 
  -9.6164619415637566e-05    5.8843868554129338e-04    1.6697852182944805e-05    3.4894252045744039e-06   -6.1190582158978291e-08 
  -9.6164619415637566e-05    5.8843868554129338e-04    1.6697852182944805e-05    3.4894252045744039e-06   -6.1190582158978291e-08 
  -9.6164619415637566e-05    5.8843868554129338e-04    1.6697852182944805e-05    3.4894252045744039e-06   -6.1190582158978291e-08 
  -5.5509439108006992e-04   -5.9243588477504731e-05   -1.0211955381057746e-04    1.1988320549545677e-05   -5.2034238962070982e-07 
   5.3383839151438123e-05   -1.8728656991237334e-04   -8.3689259147867033e-06    1.8879472827744995e-05   -2.8760007658623285e-06 
  -1.2764843893799761e-04   -7.3132867387928712e-05   -1.1659279680104781e-05   -3.5579070027399824e-06    1.9916895176318318e-06 
   1.3089694802229995e-05   -1.3753408704374159e-05    3.2672287043882988e-05   -1.9413890957583473e-05    3.3091493561524963e-07 
  -2.6973706079281029e-05   -8.2330843974464974e-06   -6.3403742618570603e-05   -2.4027428649999050e-05   -2.9771041463694892e-06 
   3.1153767090547656e-05   -2.7053552959962532e-06   -2.4422080864698869e-06    7.6053682561134551e-06    4.8946757320043812e-06 
  -5.5413256506059499e-06    1.1976748590235513e-06    1.3493060296446815e-05   -6.0611035718522121e-07    1.1987119921366757e-06 
  -1.1141999890210694e-03    2.1752869621963325e-05    5.6575609203689137e-07   -6.0594759709358059e-07   -3.8657251685536661e-07 
   2.7001062283314689e-06    1.3839487762698019e-04   -3.8225885580369601e-06   -3.4876741957907966e-07    1.9681021564462163e-07 
   3.7710123634788137e-08    9.8026805609263546e-07    3.5626337329608725e-05   -1.0534662841048913e-06    2.6175327821401574e-07 
  -2.3487508738278198e-09    1.8136839483514101e-08    1.5800843981342268e-07    5.2922649899282152e-06   -2.7403529563351152e-07 
  -4.1150972157217504e-10   -1.4611088692795729e-09   -5.8446492897778718e-09    5.2623333047169317e-08    1.0128169264418681e-06 
  -9.6620011385988881e-04    1.8863422466900451e-05    4.9060635965652782e-07   -5.2545920218445838e-07   -3.3522384983051363e-07 
   2.3414494444034023e-06    1.2001180024987869e-04   -3.3148317505009207e-06   -3.0244042705833671e-07    1.7066779271079923e-07 
   3.2701064538346345e-08    8.5005844259796147e-07    3.0894068859686398e-05   -9.1353370461256765e-07    2.2698442802515471e-07 
  -2.0367648394206178e-09    1.5727711853081408e-08    1.3702008081393494e-07    4.5892901509880109e-06   -2.3763501745800165e-07 
  -3.5684863018785040e-10   -1.2670288725275879e-09   -5.0683009019018316e-09    4.5633343100760309e-08    8.7828382632379519e-07 
   6.6339330538266736e-04   -6.2379621607420731e-06    8.0473268635410598e-06    9.5699428270857294e-08    3.3146189270291962e-07 
   6.6339330538266736e-04   -6.2379621607420731e-06    8.0473268635410598e-06    9.5699428270857294e-08    3.3146189270291962e-07 
   6.6339330538266736e-04   -6.2379621607420731e-06    8.0473268635410598e-06    9.5699428270857294e-08    3.3146189270291962e-07 
   6.6339330538266736e-04   -6.2379621607420731e-06    8.0473268635410598e-06    9.5699428270857294e-08    3.3146189270291962e-07 
  -3.5558636397064629e-04    2.9018890902164234e-04    6.9733755717826987e-06   -1.1003354406335445e-06   -3.1827734488450803e-07 
  -2.2867149926333698e-04   -2.8018658993935472e-04   -1.6376083887632977e-06   -5.4069880962169328e-06   -1.3839481510223815e-07 
  -4.3071392827832336e-07    7.5679972943473127e-07   -5.4166278241513430e-05   -4.6052638489734144e-06    3.6578482619640732e-07 
   8.3246546543201764e-08    6.4915437014048749e-08    6.5047463481702919e-07   -7.2195608433534692e-06    5.3926101407935451e-06 
  -4.6188229000778165e-08   -3.1459723926355088e-08   -2.6902993381560950e-07    3.5428278672638531e-06    4.7766378530907428e-06 
  -1.1168849846162840e-03    2.1805289618098454e-05    5.6711944927082870e-07   -6.0740780768876860e-07   -3.8750407807885894e-07 
   2.7066129357458630e-06    1.3872838116358959e-04   -3.8318002198048477e-06   -3.4960787819921198e-07    1.9728448827727825e-07 
   3.7800997370968440e-08    9.8263030294120219e-07    3.5712189564168216e-05   -1.0560049238108688e-06    2.6238405043261453e-07 
  -2.3544108862247187e-09    1.8180545581704902e-08    1.5838920804990283e-07    5.3050182732944707e-06   -2.7469566501868421e-07 
  -4.1250137639240165e-10   -1.4646298447927668e-09   -5.8587337070757162e-09    5.2750144588032181e-08    1.0152576094548380e-06 
  -9.6620011385988881e-04    1.8863422466900451e-05    4.9060635965652782e-07   -5.2545920218445838e-07   -3.3522384983051363e-07 
   2.3414494444034023e-06    1.2001180024987869e-04   -3.3148317505009207e-06   -3.0244042705833671e-07    1.7066779271079923e-07 
   3.2701064538346345e-08    8.5005844259796147e-07    3.0894068859686398e-05   -9.1353370461256765e-07    2.2698442802515471e-07 
  -2.0367648394206178e-09    1.5727711853081408e-08    1.3702008081393494e-07    4.5892901509880109e-06   -2.3763501745800165e-07 
  -3.5684863018785040e-10   -1.2670288725275879e-09   -5.0683009019018316e-09    4.5633343100760309e-08    8.7828382632379519e-07 
   6.6573945017262535e-04   -1.1203234349911594e-05    8.2028455378101124e-06    1.6967573746912766e-08    3.1849249429076125e-07 
   6.6573945017262535e-04   -1.1203234349911594e-05    8.2028455378101124e-06    1.6967573746912766e-08    3.1849249429076125e-07 
   6.6573945017262535e-04   -1.1203234349911594e-05    8.2028455378101124e-06    1.6967573746912766e-08    3.1849249429076125e-07 
   6.6573945017262535e-04   -1.1203234349911594e-05    8.2028455378101124e-06    1.6967573746912766e-08    3.1849249429076125e-07 
  -4.6548773343555767e-04    9.0878604162824366e-06    2.3636018987129187e-07   -2.5315129808934108e-07   -1.6150131614844305e-07 
   1.1280437449703479e-06    5.7818271890555698e-05   -1.5969916543444459e-06   -1.4570719550865471e-07    8.2222888260723053e-08 
   1.5754442785226275e-08    4.0953397961415010e-07    1.4883883663237558e-05   -4.4011455543955504e-07    1.0935464135322753e-07 
  -9.8125536836836456e-10    7.5771642308873344e-09    6.6012377703450156e-08    2.2109894625528082e-06   -1.1448579240954748e-07 
  -1.7191952025562881e-10   -6.1041847295394081e-10   -2.4417632179432703e-09    2.1984846766578196e-08    4.2313216668473500e-07 
  -5.1530768536400481e-04    4.2053517844849804e-04    1.0105657553746564e-05   -1.5945811383353864e-06   -4.6124030197562933e-07 
  -3.3138554493004777e-04   -4.0604004472905280e-04   -2.3731848964150777e-06   -7.8356843877238257e-06   -2.0055862390325211e-07 
  -6.2418084584779757e-07    1.0967369853679480e-06   -7.8496540625841066e-05   -6.6738438111224100e-06    5.3008706527369953e-07 
   1.2063900520455673e-07    9.4073977467999105e-08    9.4265307227368832e-07   -1.0462423659868437e-05    7.8148481811641604e-06 
  -6.6934932801355638e-08   -4.5590717646357495e-08   -3.8987207197742073e-07    5.1341857081829423e-06    6.9221951269803812e-06 
  -1.8185554028316607e-03    3.5504217346896825e-05    9.2340585890919393e-07   -9.8900492495567175e-07   -6.3094915279187487e-07 
   4.4070120428431965e-06    2.2588292489025691e-04   -6.2390855712790232e-06   -5.6924509195556844e-07    3.2122624710080011e-07 
   6.1549048423296172e-08    1.5999567287707461e-06    5.8147970626696961e-05   -1.7194281291845497e-06    4.2722387631974362e-07 
  -3.8335430206366613e-09    2.9602268675315386e-08    2.5789544493548488e-07    8.6378362820723415e-06   -4.4727012417110154e-07 
  -6.7165072236298499e-10   -2.3847670566647081e-09   -9.5394172036567728e-09    8.5889829088958985e-08    1.6530817732985871e-06 
   1.2064361815095050e-04   -8.2539810131319218e-04    1.5975745947392503e-04   -5.2826395971869089e-05    2.7252764458111192e-05 
   1.2064361815095050e-04   -8.2539810131319218e-04    1.5975745947392503e-04   -5.2826395971869089e-05    2.7252764458111192e-05 
   1.2064361815095050e-04   -8.2539810131319218e-04    1.5975745947392503e-04   -5.2826395971869089e-05    2.7252764458111192e-05 
   1.2064361815095050e-04   -8.2539810131319218e-04    1.5975745947392503e-04   -5.2826395971869089e-05    2.7252764458111192e-05 
  -2.9881634874957285e-03    5.8338836288910290e-05    1.5172964581863258e-06   -1.6250857142456590e-06   -1.0367455497387280e-06 
   7.2413919613737565e-06    3.7116004690030698e-04   -1.0251767788007931e-05   -9.3535638043755279e-07    5.2782364579999822e-07 
   1.0113446029866436e-07    2.6289725740780248e-06    9.5545971504698839e-05   -2.8252822801010734e-06    7.0199389373413668e-07 
  -6.2990950202417022e-09    4.8641035772064509e-08    4.2376149274733806e-07    1.4193280528524934e-05   -7.3493293193855176e-07 
  -1.1036244272734901e-09   -3.9185354671142678e-09   -1.5674715290812859e-08    1.4113006996170877e-07    2.7162651130254200e-06 
   1.0028451059054701e-04   -1.6472397192105750e-03    1.2273588874035600e-04   -3.0173046073509280e-05    2.2444290427731083e-06 
   1.0028451059054701e-04   -1.6472397192105750e-03    1.2273588874035600e-04   -3.0173046073509280e-05    2.2444290427731083e-06 
   1.0028451059054701e-04   -1.6472397192105750e-03    1.2273588874035600e-04   -3.0173046073509280e-05    2.2444290427731083e-06 
   1.0028451059054701e-04   -1.6472397192105750e-03    1.2273588874035600e-04   -3.0173046073509280e-05    2.2444290427731083e-06 
  -2.2800377143991539e-03    1.8607059322564691e-03    4.4713636155200915e-05   -7.0554063860041482e-06   -2.0408104008043751e-06 
  -1.4662531957261632e-03   -1.7965705574225998e-03   -1.0500427648865009e-05   -3.4669880596713715e-05   -8.8739454006860899e-07 
  -2.7617594488878026e-06    4.8526380654481620e-06   -3.4731691018805201e-04   -2.9529184255460334e-05    2.3454307689695197e-06 
   5.3378105839754028e-07    4.1624105881335820e-07    4.1708761918814037e-06   -4.6292188542989581e-05    3.4577688420795573e-05 
  -2.9616125575550026e-07   -2.0172133778053511e-07   -1.7250335152124510e-06    2.2716791113094336e-05    3.0628043020155145e-05 
  -2.7051961014313659e-03    2.2076715670367258e-03    5.3051383073172444e-05   -8.3710272548987553e-06   -2.4213600964365814e-06 
  -1.7396652712102039e-03   -2.1315768757652950e-03   -1.2458441261598758e-05   -4.1134769497458316e-05   -1.0528669043782425e-06 
  -3.2767444358662020e-06    5.7575089628581812e-06   -4.1208105702299897e-04   -3.5035488063130871e-05    2.7827829918442988e-06 
   6.3331515486596186e-07    4.9385748421898034e-07    4.9486190261566923e-06   -5.4924287954693847e-05    4.1025386256426286e-05 
  -3.5138641321813659e-07   -2.3933629391004502e-07   -2.0467003289991272e-06    2.6952788705237698e-05    3.6339250903325581e-05 
2    101 5 
   4.9170858543670086e-02   -5.3443778461569568e-04    3.8948919470358444e-04   -5.4553657029678728e-05    1.9412823835384606e-05 
  -8.6678755581021776e-03   -3.2541414178283109e-03   -5.6524586672157115e-03    4.2877754566308100e-04    4.7619911502972090e-04 
  -7.0835020340284495e-03    5.6930554920051621e-03    1.8636274981364779e-03    2.5506515923979210e-04   -2.9454168196202699e-04 
   1.3759418906628094e-03   -2.1083455728461483e-03    2.3189912144890544e-03   -7.5343429274283289e-04    2.6849065253694741e-05 
   7.2048082087475453e-03   -5.3948732025692215e-03   -7.7137059405413873e-04   -4.1007411164583268e-04    1.6975339882143939e-04 
  -3.9980155842240664e-03   -2.2127021794236357e-03    1.3301466627534248e-03   -4.9536989365318895e-04    3.7599371803778497e-05 
   1.4465287605577950e-03    2.4118683115319957e-03   -4.0701028697616480e-04    6.3904894670692271e-05   -7.2256894589750511e-05 
  -1.6731442563843002e-04   -5.1109497292141587e-03    1.9850484390234726e-03    1.7636932199336605e-03    2.3809664117840205e-03 
   1.6590552701482488e-03    7.5758480394096008e-04    3.4160882316962402e-04   -1.4543892230410582e-04    1.8005900604816513e-03 
   1.8702551489136847e-03    2.2440442233840718e-03    2.7857649293371095e-03    2.1390525695403869e-04   -2.7662768688148170e-04 
   3.0950127133657404e-04    1.3848714606834571e-03    4.5127164087904292e-04   -1.0056341616914615e-03    2.5284462264089699e-03 
   6.4413072854589828e-05   -7.7269835666511296e-04   -4.0013541592395568e-04   -1.3201452374643529e-03   -1.0208553137831540e-04 
   2.1344325916766667e-04   -8.1384097217617271e-04   -9.1426719424401168e-04   -1.8772403034792247e-03   -4.6491373799995516e-04 
  -2.1884545683222844e-04    9.9391607527835784e-04   -3.5416003990340926e-04    4.6869638248450145e-05   -1.6947796016404594e-04 
   2.7713317123698636e-05   -1.2514389803699696e-04   -2.8004340103291933e-03    1.8634255378183889e-04    1.6493603719200214e-03 
  -2.6173011342550175e-05   -5.0459842342920965e-04    5.8830888291156055e-04   -1.5820571968370362e-03   -8.3693280636830305e-04 
  -5.8465370231447695e-04   -2.6178772398830400e-06   -1.1741206512672424e-05    9.5370959890417120e-07    1.4273393819391825e-08 
   7.6209321296454694e-05   -1.1261896030856251e-04    6.9752600052892105e-06    8.1835927979112015e-07   -3.7305869871278915e-07 
   1.4298401669478829e-04    1.8912039138187060e-05    1.9348641091766293e-06    1.5279959190374092e-07   -8.3011400329351950e-08 
  -9.2171305130455461e-06    4.8456962758847883e-05    1.4045826916176978e-05   -4.7986026719582722e-06    8.0505313128747975e-07 
  -3.9527491055099994e-05   -4.1458762273512651e-05   -4.9026758732284225e-06   -2.0789108400731502e-06    8.0820552878798828e-07 
  -3.3026237138012825e-05   -1.1219420079057387e-06   -4.7316000677654654e-06    1.4932860666143043e-06   -2.9186795861881266e-07 
  -8.7368894692460232e-06    4.0643328106052817e-06    2.0527629291086559e-06    6.4738705893428337e-07   -1.7826516827645190e-07 
  -1.8739718374503032e-04    5.3745338872508166e-04   -1.0164655988214691e-04    1.3811938849020012e-05   -2.2644989954507354e-06 
  -1.8739718374503032e-04    5.3745338872508166e-04   -1.0164655988214691e-04    1.3811938849020012e-05   -2.2644989954507354e-06 
  -1.8739718374503032e-04    5.3745338872508166e-04   -1.0164655988214691e-04    1.3811938849020012e-05   -2.2644989954507354e-06 
  -1.8739718374503032e-04    5.3745338872508166e-04   -1.0164655988214691e-04    1.3811938849020012e-05   -2.2644989954507354e-06 
  -1.8739718374503032e-04    5.3745338872508166e-04   -1.0164655988214691e-04    1.3811938849020012e-05   -2.2644989954507354e-06 
  -1.8739718374503032e-04    5.3745338872508166e-04   -1.0164655988214691e-04    1.3811938849020012e-05   -2.2644989954507354e-06 
  -1.8739718374503032e-04    5.3745338872508166e-04   -1.0164655988214691e-04    1.3811938849020012e-05   -2.2644989954507354e-06 
   1.1136768076597250e-03   -4.1309933031023089e-05    8.9557104778115976e-06   -1.2145566788042768e-06    3.0358646177062788e-07 
   1.1136768076597250e-03   -4.1309933031023089e-05    8.9557104778115976e-06   -1.2145566788042768e-06    3.0358646177062788e-07 
   1.1136768076597250e-03   -4.1309933031023089e-05    8.9557104778115976e-06   -1.2145566788042768e-06    3.0358646177062788e-07 
   1.1136768076597250e-03   -4.1309933031023089e-05    8.9557104778115976e-06   -1.2145566788042768e-06    3.0358646177062788e-07 
   1.1136768076597250e-03   -4.1309933031023089e-05    8.9557104778115976e-06   -1.2145566788042768e-06    3.0358646177062788e-07 
  -9.6575462814716133e-04    3.5602286563423702e-05   -7.7609353604067910e-06    1.0458551522205523e-06   -2.6154020107817398e-07 
  -9.6575462814716133e-04    3.5602286563423702e-05   -7.7609353604067910e-06    1.0458551522205523e-06   -2.6154020107817398e-07 
  -9.6575462814716133e-04    3.5602286563423702e-05   -7.7609353604067910e-06    1.0458551522205523e-06   -2.6154020107817398e-07 
  -9.6575462814716133e-04    3.5602286563423702e-05   -7.7609353604067910e-06    1.0458551522205523e-06   -2.6154020107817398e-07 
  -9.6575462814716133e-04    3.5602286563423702e-05   -7.7609353604067910e-06    1.0458551522205523e-06   -2.6154020107817398e-07 
  -6.3561629387779979e-04   -1.9013670287886965e-04    4.2602976058618960e-06   -3.1087002389481678e-07   -1.5539690208316391e-07 
   1.7576376809594471e-05   -5.8734588728097750e-05    8.7992349022291548e-07   -1.6752158510911876e-06    2.5141120999178732e-07 
  -5.3163489445305309e-08   -1.7785431070631236e-07   -1.6059729840840707e-05   -2.7232461013439969e-06    2.2882920911446013e-07 
   1.2099831413705326e-08   -4.8984564220029512e-08   -2.8144455137650827e-07    1.6196612344114199e-06   -5.1241782145361326e-07 
   3.5372425446246730e-04   -2.8794938001367528e-04    5.1442618482586576e-05   -4.3778403692433518e-06   -5.5122764287280886e-08 
  -2.3043344195905867e-04   -2.7306019633635743e-04    5.5092460872047164e-05   -1.1064666958289290e-05    2.8404393382019709e-06 
  -7.7289407068548209e-07   -1.0293470949962719e-05   -5.0978226277176113e-05    1.5601987535302571e-05   -2.7077174247590191e-06 
  -7.8685427859485278e-08    1.7345680913806990e-07    1.9520062051627613e-06    5.2598639043991844e-06   -7.0798156031423137e-06 
  -2.3422120455353290e-08    1.1024653241433090e-07    1.1672017861744023e-06    4.5251316714908830e-06    3.6866677502919417e-06 
   1.1164811732177155e-03   -3.8059488134935321e-05    8.7958816150589931e-06   -1.2509006272311532e-06    3.2492401536799890e-07 
   1.1164811732177155e-03   -3.8059488134935321e-05    8.7958816150589931e-06   -1.2509006272311532e-06    3.2492401536799890e-07 
   1.1164811732177155e-03   -3.8059488134935321e-05    8.7958816150589931e-06   -1.2509006272311532e-06    3.2492401536799890e-07 
   1.1164811732177155e-03   -3.8059488134935321e-05    8.7958816150589931e-06   -1.2509006272311532e-06    3.2492401536799890e-07 
   1.1164811732177155e-03   -3.8059488134935321e-05    8.7958816150589931e-06   -1.2509006272311532e-06    3.2492401536799890e-07 
  -9.6575462814716133e-04    3.5602286563423702e-05   -7.7609353604067910e-06    1.0458551522205523e-06   -2.6154020107817398e-07 
  -9.6575462814716133e-04    3.5602286563423702e-05   -7.7609353604067910e-06    1.0458551522205523e-06   -2.6154020107817398e-07 
  -9.6575462814716133e-04    3.5602286563423702e-05   -7.7609353604067910e-06    1.0458551522205523e-06   -2.6154020107817398e-07 
  -9.6575462814716133e-04    3.5602286563423702e-05   -7.7609353604067910e-06    1.0458551522205523e-06   -2.6154020107817398e-07 
  -9.6575462814716133e-04    3.5602286563423702e-05   -7.7609353604067910e-06    1.0458551522205523e-06   -2.6154020107817398e-07 
  -6.3792777908898478e-04   -1.9082815490903499e-04    4.2757906242222628e-06   -3.1200053528943457e-07   -1.5596201918996079e-07 
   1.7640295144371149e-05   -5.8948183210394222e-05    8.8312342413621382e-07   -1.6813079489537455e-06    2.5232549318342286e-07 
  -5.3356824041682785e-08   -1.7850109653119270e-07   -1.6118132730099973e-05   -2.7331494709559849e-06    2.2966137049523322e-07 
   1.2143833717673934e-08   -4.9162701717229518e-08   -2.8246805395902774e-07    1.6255513020930255e-06   -5.1428128251911162e-07 
   8.9788370635423450e-05    4.5436067656431966e-04   -4.4467792418252794e-05    1.7359322915827468e-05   -1.7911176263590588e-06 
   8.9788370635423450e-05    4.5436067656431966e-04   -4.4467792418252794e-05    1.7359322915827468e-05   -1.7911176263590588e-06 
   8.9788370635423450e-05    4.5436067656431966e-04   -4.4467792418252794e-05    1.7359322915827468e-05   -1.7911176263590588e-06 
   8.9788370635423450e-05    4.5436067656431966e-04   -4.4467792418252794e-05    1.7359322915827468e-05   -1.7911176263590588e-06 
   8.9788370635423450e-05    4.5436067656431966e-04   -4.4467792418252794e-05    1.7359322915827468e-05   -1.7911176263590588e-06 
   5.1260915854244981e-04   -4.1728970385685615e-04    7.4549474741707393e-05   -6.3442668677647036e-06   -7.9882658487121281e-08 
  -3.3393891228119654e-04   -3.9571263691862125e-04    7.9838743465779219e-05   -1.6034664141593221e-05    4.1163001990328067e-06 
  -1.1200605392994689e-06   -1.4917064395711146e-05   -7.3876488101277870e-05    2.2610046105588323e-05   -3.9239626154155252e-06 
  -1.1402913556464421e-07    2.5136966960561910e-07    2.8288030737917534e-06    7.6224753492779290e-06   -1.0259908030557657e-05 
  -3.3942805183500691e-08    1.5976677171604459e-07    1.6914823281466291e-06    6.5577180788513330e-06    5.3426352008984505e-06 
  -5.5743748384931059e-04   -1.7303962892636381e-03   -2.2347343843657700e-05   -4.8842882111625671e-05    3.0161195095944569e-05 
  -5.5743748384931059e-04   -1.7303962892636381e-03   -2.2347343843657700e-05   -4.8842882111625671e-05    3.0161195095944569e-05 
  -5.5743748384931059e-04   -1.7303962892636381e-03   -2.2347343843657700e-05   -4.8842882111625671e-05    3.0161195095944569e-05 
  -5.5743748384931059e-04   -1.7303962892636381e-03   -2.2347343843657700e-05   -4.8842882111625671e-05    3.0161195095944569e-05 
  -5.5743748384931059e-04   -1.7303962892636381e-03   -2.2347343843657700e-05   -4.8842882111625671e-05    3.0161195095944569e-05 
  -8.1566080402366856e-04   -2.4399477709802762e-04    5.4670684248467385e-06   -3.9892698799450892e-07   -1.9941458914253268e-07 
   2.2555056845495250e-05   -7.5371733430059219e-05    1.1291703948239575e-06   -2.1497370680634730e-06    3.2262588555020521e-07 
  -6.8222565977829312e-08   -2.2823327763475532e-07   -2.0608804841150648e-05   -3.4946321011141511e-06    2.9364731283349458e-07 
   1.5527226590184232e-08   -6.2859919453449049e-08   -3.6116646359600407e-07    2.0784460647573844e-06   -6.5756516355646698e-07 
  -7.3851508539711985e-04   -2.8906303837021551e-03    1.7627040493306000e-04   -3.6900415914952925e-05    4.2864857777912202e-06 
  -7.3851508539711985e-04   -2.8906303837021551e-03    1.7627040493306000e-04   -3.6900415914952925e-05    4.2864857777912202e-06 
  -7.3851508539711985e-04   -2.8906303837021551e-03    1.7627040493306000e-04   -3.6900415914952925e-05    4.2864857777912202e-06 
  -7.3851508539711985e-04   -2.8906303837021551e-03    1.7627040493306000e-04   -3.6900415914952925e-05    4.2864857777912202e-06 
  -7.3851508539711985e-04   -2.8906303837021551e-03    1.7627040493306000e-04   -3.6900415914952925e-05    4.2864857777912202e-06 
  -1.5856350938985326e-03   -4.7432300214263581e-04    1.0627917281814137e-05   -7.7550941389722185e-07   -3.8765963648117355e-07 
   4.3846767556647012e-05   -1.4652177109052204e-04    2.1950940834618979e-06   -4.1790637982857751e-06    6.2718096027776325e-07 
  -1.3262387290969446e-07   -4.4368283093649033e-07   -4.0063276349964463e-05   -6.7935240635029588e-06    5.7084695275400148e-07 
   3.0184747472058414e-08   -1.2219895058501746e-07   -7.0210339468565808e-07    4.0404749189823502e-06   -1.2782990119383092e-06 
   2.2680977742406505e-03   -1.8463459592146533e-03    3.2985266633404084e-04   -2.8070933423976707e-05   -3.5344994699321574e-07 
  -1.4775508612271586e-03   -1.7508757619274944e-03    3.5325563996513830e-04   -7.0947203037989169e-05    1.8213040410903072e-05 
  -4.9558357939278490e-06   -6.6002255305618236e-05   -3.2687496007223303e-04    1.0004073160412849e-04   -1.7362020802619861e-05 
  -5.0453493516998404e-07    1.1122138156197206e-06    1.2516362317199743e-05    3.3726512852520199e-05   -4.5396135008958376e-05 
  -1.5018381861744802e-07    7.0690633065770102e-07    7.4841567687656959e-06    2.9015372688681073e-05    2.3639099703549390e-05 
   2.6910297219174990e-03   -2.1906338913684456e-03    3.9136025749851930e-04   -3.3305317356161614e-05   -4.1935772054066193e-07 
  -1.7530696111803532e-03   -2.0773613766757819e-03    4.1912718110198680e-04   -8.4176720347104017e-05    2.1609224094685960e-05 
  -5.8799499606525493e-06   -7.8309688743674220e-05   -3.8782729867078649e-04    1.1869531605144855e-04   -2.0599514951705372e-05 
  -5.9861551019012122e-07    1.3196082060271768e-06    1.4850287050411327e-05    4.0015492071610593e-05   -5.3861147414681419e-05 
  -1.7818857909947318e-07    8.3872307799799177e-07    8.8797266753552255e-06    3.4425866108834429e-05    2.8047080079217523e-05 
 TENSORSUMACCUMULATOR_IMPL_H - PrettifyOut: Norm of simple tensor is 8.55951e-06 
 As simple full tensor 3    5 5 5 
   6.2617991344975693e-08   -2.2467298977115549e-09    2.7715484328021701e-09   -1.4478064781419533e-10   -1.6916778095936651e-10 
  -3.9085792661216686e-09   -1.7044362834896690e-09    6.4382922045464667e-10   -4.6314271894652307e-10    1.9572990771596422e-10 
   1.6610700396548638e-08   -3.1207794126699544e-10    7.8204322607275525e-10   -7.1691453918885006e-10   -6.9311046419980807e-11 
  -1.5330113326896927e-09   -5.4898232730275721e-10    2.3132759844912454e-09   -5.3131891275038876e-10    2.3846325813814514e-10 
   6.4165566072019497e-10    8.2579966788331911e-10    7.6185276145965067e-10   -6.9786244666984805e-10    8.3157937403070978e-11 

  -8.5515780659951485e-06    1.8053210402815413e-07   -7.8677678998281819e-08    1.0991769468148627e-08   -3.6827337244030507e-09 
  -1.8882974130455021e-08   -8.3841723035412160e-09    4.4209147766301960e-09   -6.8924478231893155e-10    8.7168688070309176e-11 
  -9.0021461591129220e-08   -4.9016495524413406e-09   -1.5110710111506630e-09    2.5084281280680419e-09   -7.1641617521703587e-10 
  -1.7742495422677421e-08   -4.3641468009784529e-10    3.2161146126325929e-09   -6.2455140310986990e-10   -7.8797462436611102e-11 
  -2.2894666391888856e-09   -1.2038733623691495e-09    7.8773358205472985e-11    6.7393209610565996e-10   -3.3250300927890514e-09 

   2.7203089383077633e-08   -5.6044429265568183e-10    6.5201194231062519e-10    3.2941530108630505e-12    1.1295635966574519e-11 
   1.0106912673556188e-09    5.0252041326608378e-10    2.7116093689733990e-10   -8.9271944917569937e-11   -3.0486891113163398e-11 
   3.2967532512494010e-10    2.6855799258155766e-11    8.1715911581131776e-10    6.0739998858458194e-10   -2.1306249540905569e-10 
  -6.0130252857459759e-11   -4.1009958189392466e-11    6.7538389200333452e-10   -1.2972120393919981e-10   -4.6127371240926355e-10 
   7.8857797645333323e-10    4.3245370909537390e-10    4.2866026710608000e-10   -3.7887874221254323e-10    7.2453591309031553e-11 

  -2.2968564168809778e-07   -4.8685087024368743e-09    2.1705517385000234e-09   -1.4821508859679965e-09    1.2840727925206668e-10 
  -1.6228654273191501e-07    5.8006890337187659e-08   -4.8022510664564509e-09    3.1927843506226763e-09   -1.0866617372537940e-09 
   9.5057352729588066e-09    1.5659533313979513e-09    1.1006035624281989e-08   -2.2500518871814212e-10   -4.6732913860243221e-10 
  -1.5588201806523518e-09    1.3429247341798633e-08   -5.2998872286508463e-10    8.4806755024798057e-10   -1.4033833878119435e-10 
  -2.2337965965054653e-10   -2.2264049237867763e-09   -1.3987743604641696e-09   -2.0215286405895026e-10    1.3004509404913211e-11 

   1.4170858216587843e-09   -3.1096969307587236e-11    1.4410394621356842e-11   -2.3259565381099721e-12   -3.0910786674110378e-12 
   5.3427718011013723e-10    2.1972886324482738e-11   -1.0206757659397224e-10    3.3248268792240371e-11   -7.2302553149146651e-12 
   1.9654554562214706e-10   -6.5153761018913054e-11   -9.3020034648013834e-12   -7.6903234157903318e-11   -1.5563891593153843e-11 
   2.3877895834442873e-11   -3.3892986424216181e-11   -1.5844689245447176e-11   -3.7221095040459681e-12    1.9581989449390218e-11 
   1.1757187844312759e-12   -1.7681455394165628e-11    3.5835545777191554e-12    6.6931065257764067e-12    4.0659433847793641e-12 
