2    8 5 
  -3.9751444173082816e-03   -1.9993215129064509e-05   -9.0447617301110832e-05   -8.4643111996422289e-07   -4.3535987190189594e-06 
  -3.5116646466036055e-06    2.2479141351318868e-04   -2.4756484529625615e-06    2.0445869679667228e-05   -4.0024861661796957e-07 
   8.7951082612360389e-04    3.8609908368887666e-05    1.0119137316165631e-04    1.8802484798503891e-06    6.2727486783108542e-06 
  -8.2588009625007323e-06   -1.9377270206046173e-04    2.7880922598563787e-05   -4.1371524512175913e-06    1.8612045868982445e-06 
   7.4883930084326011e-05   -4.0661463019339371e-05   -1.2724205114100911e-04    1.3212654625570273e-06   -2.2980800305206862e-06 
   3.2005008331521721e-05   -5.3279166556603073e-05    4.9435405278796508e-05   -2.9941569983780785e-05    4.4721040941113405e-06 
   1.2986137057445097e-05    1.1178449424359272e-05   -6.6267055914909063e-05   -9.4286267879963036e-06   -4.6777333424837649e-05 
  -4.2183665723100960e-05   -5.5532219715676457e-06   -1.9764793903512665e-05   -9.9800518779114322e-06    4.0938487849378633e-06 
2    8 5 
  -3.9727656327341746e-03    1.6081898652872733e-04   -4.0076405682881657e-05    5.9639661143679423e-06   -1.4500362507448427e-06 
  -1.8008896871706464e-04    1.3528179859077335e-04   -1.4765666396408125e-05    4.0135394706969735e-06   -7.0633722822798089e-07 
  -8.7883019256975250e-04    1.0746431982216041e-04   -3.7019014908352587e-05    6.9634947315970523e-06   -1.6155107108832171e-06 
   1.2058116306288812e-04    1.5450776900078234e-04    1.2160191807384721e-06    8.7527390187001024e-08    1.9971010695416932e-07 
  -9.4814959739071951e-05   -9.2104408903440131e-05   -7.6238845227669482e-05    1.2812849286602050e-05   -2.9823974088103479e-06 
  -3.8601497532202169e-05    7.2882881453796493e-05   -1.9246233427871611e-05    6.9586618264763978e-06   -1.5862768219796690e-06 
  -8.1333294745611438e-05    1.6842273217345845e-05   -7.2052133777760412e-06   -3.1352896872190976e-06    1.1941397476218624e-06 
  -1.8871070720430359e-05   -3.5658118948924966e-05    2.1819395928332870e-05   -1.3773163426928012e-05    4.8890912180602380e-06 
2    8 5 
  -3.8736737782123715e-03    1.1824366537713469e-06   -1.3487718036804173e-04    2.9080925967577932e-08   -1.5325599027348646e-05 
  -3.8736737782123715e-03    1.1824366537713469e-06   -1.3487718036804173e-04    2.9080925967577932e-08   -1.5325599027348646e-05 
  -3.8736737782123715e-03    1.1824366537713469e-06   -1.3487718036804173e-04    2.9080925967577932e-08   -1.5325599027348646e-05 
  -3.8736737782123715e-03    1.1824366537713469e-06   -1.3487718036804173e-04    2.9080925967577932e-08   -1.5325599027348646e-05 
  -3.8736737782123715e-03    1.1824366537713469e-06   -1.3487718036804173e-04    2.9080925967577932e-08   -1.5325599027348646e-05 
  -3.8736737782123715e-03    1.1824366537713469e-06   -1.3487718036804173e-04    2.9080925967577932e-08   -1.5325599027348646e-05 
  -3.8736737782123715e-03    1.1824366537713469e-06   -1.3487718036804173e-04    2.9080925967577932e-08   -1.5325599027348646e-05 
  -3.8736737782123715e-03    1.1824366537713469e-06   -1.3487718036804173e-04    2.9080925967577932e-08   -1.5325599027348646e-05 
 TENSORSUMACCUMULATOR_IMPL_H - PrettifyOut: Norm of simple tensor is 5.82329e-08 
 As simple full tensor 3    5 5 5 
  -5.8145459900254058e-08    1.7748867605516544e-11   -2.0245627617533832e-09    4.3651683428292954e-13   -2.3004363679362429e-10 
   2.1280235833489467e-09   -6.4957795341321809e-13    7.4095506517138273e-11   -1.5975763532981180e-14    8.4192004867787302e-12 
  -4.6272449081601711e-10    1.4124638001681127e-13   -1.6111572161686716e-11    3.4738228955913005e-15   -1.8306988178165479e-12 
   6.1496503867578910e-11   -1.8771771815378223e-14    2.1412425307479457e-12   -4.6167420867929518e-16    2.4330153074821960e-13 
  -1.5026911938492904e-11    4.5869560748783630e-15   -5.2322101135684987e-13    1.1281190379595953e-16   -5.9451683382305391e-14 

   5.1300615794156169e-11   -1.5659482948005207e-14    1.7862326064672212e-12   -3.8513036859017209e-16    2.0296305588234879e-13 
  -6.4029757902994032e-12    1.9545046127127606e-15   -2.2294477284531702e-13    4.8069216870353132e-17   -2.5332396366436984e-14 
   1.0039621757165108e-12   -3.0645886657886641e-16    3.4956889818248386e-14   -7.5370698148293352e-18    3.9720231038031178e-15 
  -7.1495112620693077e-13    2.1823841285682783e-16   -2.4893833999683764e-14    5.3673700889843834e-18   -2.8285950009593294e-15 
   1.5060136263399434e-13   -4.5970977806118825e-17    5.2437784683644780e-15   -1.1306132958353197e-18    5.9583130352449269e-16 

  -1.1238448509797460e-09    3.4305298304285707e-13   -3.9131076427721788e-11    8.4370679570926555e-15   -4.4463206096343886e-12 
  -5.8929862623490988e-11    1.7988306077720943e-14   -2.0518748261244924e-12    4.4240560004620119e-16   -2.3314700643716654e-13 
  -3.3874591147826025e-11    1.0340199123115712e-14   -1.1794770550470741e-12    2.5430754724175739e-16   -1.3401964927117145e-13 
   2.5125248632398293e-12   -7.6694674407446634e-16    8.7483430087593914e-14   -1.8862339402595548e-17    9.9404211105322883e-15 
  -3.8851956992875570e-13    1.1859537134364609e-16   -1.3527836134404043e-14    2.9167424767677275e-18   -1.5371183749380793e-15 

   1.8786374764817409e-12   -5.7345299024267327e-16    6.5412148846081531e-14   -1.4103541108899175e-17    7.4325424211627615e-15 
  -3.3242844288586842e-13    1.0147358764056337e-16   -1.1574803046857411e-14    2.4956481858269411e-18   -1.3152023925219987e-15 
   6.5478724552948472e-14   -1.9987342349033510e-17    2.2798991983968800e-15   -4.9157003149978348e-19    2.5905657904517670e-16 
  -2.5309608962010093e-13    7.7257433234636681e-17   -8.8125353048934212e-15    1.9000744684087082e-18   -1.0013360460873867e-15 
   1.3006060384246533e-13   -3.9700923206273704e-17    4.5285712033634441e-15   -9.7640715460212781e-19    5.1456492669971691e-16 

  -6.1406308806844208e-11    1.8744239825874702e-14   -2.1381020351431164e-12    4.6099708509221876e-16   -2.4294468775776385e-13 
   7.3147701239395753e-13   -2.2328292994381187e-16    2.5469247692113528e-14   -5.4914352788454001e-18    2.8939771471530782e-15 
  -1.8048863671380153e-12    5.5094050727758357e-16   -6.2844214051663320e-14    1.3549867600583918e-17   -7.1407574143866640e-15 
  -4.1921741927555153e-13    1.2796587189115298e-16   -1.4596702435574483e-14    3.1472011925323819e-18   -1.6585697301701817e-15 
   1.5204202496684016e-13   -4.6410739140087109e-17    5.2939407908629839e-15   -1.1414288154284807e-18    6.0153106414222582e-16 
