2    4 5 
   2.8957758508050808e-06   -6.5838934642236757e-04   -3.7235373872347808e-07    4.2366158750428155e-05   -3.5641982073499295e-08 
   1.6559329555735259e-05   -2.8937073290769027e-04    3.5172387488805666e-07   -1.0062797663915801e-05   -2.5338154928665119e-09 
   2.8757724793795456e-06   -2.0546094279476324e-04    6.5622547758362073e-08   -6.7337807865911047e-06   -1.4677654123422807e-08 
   4.0007130557705609e-05    3.5795781642207402e-06    1.8147453617101152e-06    4.9185052114533166e-05    1.4621445032133834e-07 
2    4 5 
  -9.2708785272473967e-05    5.6321949786292038e-04    1.5749669629475111e-05    3.2973304200380275e-06   -1.0756356518342491e-07 
  -9.2708785272473967e-05    5.6321949786292038e-04    1.5749669629475111e-05    3.2973304200380275e-06   -1.0756356518342491e-07 
  -9.2708785272473967e-05    5.6321949786292038e-04    1.5749669629475111e-05    3.2973304200380275e-06   -1.0756356518342491e-07 
  -9.2708785272473967e-05    5.6321949786292038e-04    1.5749669629475111e-05    3.2973304200380275e-06   -1.0756356518342491e-07 
2    4 5 
  -6.5861172843620060e-04    1.7862476820745495e-05   -3.4084492716443039e-05    5.4310709225017211e-06    4.7142144712644453e-07 
   2.7093404397547405e-04    8.5851026261685360e-05   -5.6044088119298263e-05    1.3025572961736041e-05   -4.9755213399895433e-06 
   1.5742999572670543e-04   -1.2484945098283212e-04    4.1942933459647834e-05   -1.1299857842398453e-05    3.0548301452546710e-06 
   2.5702797283295789e-05    4.9004544614970750e-05    3.1069853879245485e-05   -2.9027023096795563e-06   -1.6499792301919622e-07 
 TENSORSUMACCUMULATOR_IMPL_H - PrettifyOut: Norm of simple tensor is 1.86194e-10 
 As simple full tensor 3    5 5 5 
  -3.7642753893478363e-13   -2.8506595741660745e-13   -3.1231778097928491e-14   -7.6760379291191062e-15    7.3093704981154356e-15 
   2.2868526303900539e-12    1.7318175933609644e-12    1.8973764272698499e-13    4.6633058725868296e-14   -4.4405500185805217e-14 
   6.3948733232075648e-14    4.8427930953104790e-14    5.3057559274212236e-15    1.3040302609038815e-15   -1.2417396065152647e-15 
   1.3388223903719250e-14    1.0138808855541394e-14    1.1108061840257235e-15    2.7301008523261295e-16   -2.5996899456647769e-16 
  -4.3674273157659007e-16   -3.3074223334970941e-16   -3.6236063166585670e-17   -8.9059737295942210e-18    8.4805549734376526e-18 

  -2.9942049985191195e-11    9.9904260137869424e-13   -2.7953523319772050e-12    4.6666726990947014e-13   -4.6461238918232405e-14 
   1.8190235486402067e-10   -6.0693306533834865e-12    1.6982176307659988e-11   -2.8350722604658038e-12    2.8225885579999602e-13 
   5.0866527256290889e-12   -1.6972060275885813e-13    4.7488353554876607e-13   -7.9278951896109925e-14    7.8929862082394758e-15 
   1.0649350216843318e-12   -3.5532485413957444e-14    9.9421001492609806e-14   -1.6597738613294749e-14    1.6524653622360450e-15 
  -3.4739681205419985e-14    1.1591197496395364e-15   -3.2432531813200540e-15    5.4144162452727104e-16   -5.3905748912533541e-17 

  -3.6852252118526850e-14   -9.6679063639886287e-15   -4.8315850788569470e-15    3.1985138925177195e-16    1.8768973883054491e-16 
   2.2388284855973672e-13    5.8733952253909209e-14    2.9352589552305870e-14   -1.9431442048958391e-15   -1.1402427520485324e-15 
   6.2605803135385393e-15    1.6424153416961017e-15    8.2080536979370682e-16   -5.4337393122329552e-17   -3.1885342589007317e-17 
   1.3107069799285571e-15    3.4385394715687078e-16    1.7184274835113161e-16   -1.1376006195870501e-17   -6.6754739969470582e-18 
  -4.2757108846340433e-17   -1.1217000344830308e-17   -5.6057526268030657e-18    3.7110135415620558e-19    2.1776336943283711e-19 

   2.8206749123029706e-12   -2.9146371396481103e-13   -3.3900742933242979e-14   -2.9983049272337998e-15   -3.8338784018697725e-15 
  -1.7136014705323756e-11    1.7706849048022494e-12    2.0595199641462773e-13    1.8215143155995307e-14    2.3291374835969384e-14 
  -4.7918541776116382e-13    4.9514802620205954e-14    5.7591683444359293e-15    5.0936178177259070e-16    6.5131171821056046e-16 
  -1.0032163797680711e-13    1.0366354899040817e-14    1.2057320199713616e-15    1.0663932243380690e-16    1.3635777714116344e-16 
   3.2726332126890082e-15   -3.3816510596612690e-16   -3.9332677712789413e-17   -3.4787249831009554e-18   -4.4481828574587630e-18 

  -2.2468111218472986e-15   -7.5497259056230148e-16   -4.8988082289009925e-16    4.4976753866888341e-17    6.7824043881035730e-18 
   1.3649707825644249e-14    4.5865694616432178e-15    2.9760980070003800e-15   -2.7324039090752965e-16   -4.1204103608346469e-17 
   3.8169557270029142e-16    1.2825719639965599e-16    8.3222545691419583e-17   -7.6407970650008014e-18   -1.1522168917668857e-18 
   7.9911290374187496e-17    2.6851760400479696e-17    1.7423364298878176e-17   -1.5996673700770238e-18   -2.4122663503966039e-19 
  -2.6068189098732724e-18   -8.7594226607517090e-19   -5.6837469793376883e-19    5.2183404000832108e-20    7.8691527923269244e-21 
