2    21 5 
  -1.7080145874902037e-04    4.1279137896044517e-03   -3.0570704374000193e-03    1.4951587268921308e-03   -9.1308955218641699e-04 
  -6.8449725512245252e-04   -7.0967405424055907e-04   -9.8563236107354147e-04   -2.1284390907273026e-04   -3.5409449590975017e-04 
  -2.4224374332733473e-03   -3.0470270131898667e-04   -4.4371961479584181e-04   -1.3697028317492615e-04   -7.8846084905837607e-05 
   1.1493492085114178e-03   -1.2272886711813978e-03   -1.3022162666156782e-03   -3.6884953014895239e-04   -3.1427185013318225e-04 
   7.0051815163220659e-04   -1.0062391175367834e-03   -3.0403124203809886e-03   -1.0191098886715487e-04   -4.6188133735901196e-04 
  -4.7627589542853693e-05   -2.5604638714218106e-04    2.4773406976831173e-04    2.4968536763389688e-04    2.0065083504028445e-05 
  -3.7724771120954957e-04   -2.7823231597312072e-05   -1.5295990657278481e-03    1.0303938486992577e-03   -2.3794326632609573e-05 
  -5.2253067261813675e-04    4.8370263632726467e-04   -7.1720240680081304e-05    7.9250145221793913e-04   -5.1452025146867398e-05 
   4.8425504837962719e-04    8.8664247510760179e-04   -2.2719558072260864e-04    9.3958643208166752e-05   -1.3475041013098538e-04 
  -2.0252464601685052e-04    8.1915644668930190e-04   -1.0707627701778464e-04   -3.1600398220798956e-04    1.7141794515060553e-04 
   5.5691434097004814e-04   -8.0099873341007389e-06    6.1092414640865039e-04    2.9068295416253939e-05   -1.2777118778881389e-03 
   1.7911436841423582e-04    3.6766104478926372e-06    1.3125176173889893e-04    1.3289258496139100e-04   -5.4052636928855573e-04 
  -8.6290641758880821e-06   -3.4022772307793537e-05    2.7451942291817458e-04    5.0049170198443558e-04    3.8745745930689077e-04 
  -5.0114832732244842e-04   -2.1794704818223733e-04    1.0155099404229271e-04   -2.0580162760931031e-04   -3.8179032385382940e-04 
  -2.0579112149028244e-04    1.2878230097959268e-04   -6.4911172082175633e-05   -2.4592431579525943e-05   -1.6313901484138769e-04 
  -7.1936717152465814e-05    5.4474224962429581e-04   -2.8394689437369390e-05   -2.2482171064263265e-04    6.4405544422846341e-04 
   2.5063825344015574e-05    3.6343334163276525e-05    6.9057905918939663e-05   -1.2003717994856883e-04    1.3509020934203573e-05 
  -2.0774551190172420e-04   -4.7488633977596755e-04   -1.0504586070073172e-04   -7.8497807169796894e-04    6.2506622041410837e-04 
  -3.5971236421293348e-05   -1.3022697511663300e-04   -2.8700256560669797e-05    1.7118780151319457e-04    1.3550628982630180e-05 
  -1.3108214891694917e-05   -3.1849711337562274e-06   -1.0441515722086169e-05    2.9822823824138265e-05   -3.9105271461430150e-05 
   4.2592010883966012e-05    3.3515352738139425e-05    4.6148226061744593e-05    2.7811199081648788e-04    1.8281596202309743e-04 
2    21 5 
  -2.0920369688467690e-02   -1.2452686574730041e-02   -7.7647561263919241e-03   -3.1527292033883291e-03   -3.6806242276886039e-04 
  -4.0281318284025792e-02   -1.3151480727538602e-02   -1.6321887955655565e-04   -2.7673812684046793e-03    3.4641166846833670e-04 
   7.0479839758738824e-03   -5.2116595549067772e-03   -9.6350961026643971e-03   -1.5953673113173802e-03   -1.1051197349138911e-03 
   1.1424616727910019e-02    7.5161662984248208e-03    4.0632642493314023e-03    3.0254436295921922e-03    2.7356488383831900e-04 
  -3.0853856617579830e-02    5.2346542797216660e-03    1.1035907381560713e-02    4.4562112112099617e-03    1.3014622214996118e-03 
   2.8809608349309672e-02   -9.4697085622509245e-04    9.7862613023997247e-04   -6.3860889450205556e-03   -4.5992044876482462e-04 
  -3.2508751385229456e-03    3.8273106741547325e-03   -9.2365497939883162e-03   -1.0067238119879935e-04    2.9220721992218311e-05 
   4.5634740242801314e-03    2.3065854390119651e-03   -1.4880885378379491e-02    3.3540390252180478e-03    2.6691460145934721e-03 
   3.2232068008611109e-04   -4.0111043762699160e-03    2.9276817489414216e-03   -1.7209719348150410e-02   -4.0920869989073422e-03 
  -3.3370827184135620e-03   -2.6984129513272399e-03   -1.3466781295534153e-03    2.1264617716450860e-02    2.8831255212916924e-03 
   1.4059401968544820e-03   -1.0187378794746687e-02   -3.4883696696285686e-03    7.1738737553764063e-03   -1.2961120682694189e-03 
  -4.0098746301494327e-03    3.5161508218824666e-04    1.3641776085887989e-04   -3.0325192344935427e-03    5.0622883526380835e-03 
  -3.3570406491712254e-03   -4.9595027394925741e-03    4.0045091194414982e-03    6.2672107732712800e-03    7.0626440950299230e-03 
  -2.7791662342904980e-03    1.5732123149838112e-03   -8.2859629941914098e-04    5.9715796967146667e-04   -1.2519017036318435e-02 
   3.4105696805011732e-03   -4.6339812307866941e-03    4.0654538801884431e-03    3.8629395875945131e-03   -1.0864292204254453e-02 
   8.9152708646357581e-04    2.9611257857944679e-03   -6.2646369184582960e-03    1.5618385941433548e-03    3.3017577856984380e-03 
   4.8062325783016174e-04   -5.3369847106190978e-03   -5.7187166419503670e-04   -2.3847409111000424e-03    5.4297388906415127e-03 
  -1.7416271019059472e-03    1.1255991521917990e-03    5.9031421978854640e-04    1.6874180835103273e-03   -9.6902428310256979e-04 
  -1.5063926958902858e-03   -4.0072160027251891e-03   -1.1976568635298939e-03    8.2124417275923899e-05   -2.0770486350902822e-03 
  -1.5382599397885811e-03    2.9600211892823565e-03    2.2967919784462839e-03    8.0473568176343633e-03    3.8610231796886146e-03 
  -1.0627625688423013e-03   -3.7460329138321049e-03    2.3917933609087670e-03   -3.6554905287695299e-03    1.3002054874772287e-03 
2    21 5 
   6.8346143308933485e-03    1.1590497454746216e-02    6.3598751720548409e-03    8.5256324296184988e-03    2.9261031078005846e-03 
   4.2744433030991414e-03   -1.3495043504943330e-02    1.6806602173343989e-02   -1.0958298430179305e-02    2.6837047692638751e-02 
   3.1242877870289298e-02   -8.0376015777075260e-03    6.2206363071731031e-02   -4.3801805383371674e-03    1.4875513701308601e-02 
  -3.0992599630274120e-02    1.8012148074159223e-02   -1.0494960031223490e-02    1.7191664420721783e-02    1.9493392321841309e-02 
   7.3673037387835252e-03    5.1131681400245071e-03    1.0669228248657997e-03    1.4799687182452206e-03   -4.8485278834305510e-03 
   1.6028636757032765e-02   -6.3390234962642733e-02   -1.6080441486931020e-03    1.2523714936046003e-03    8.1822377358124372e-03 
   9.3696056540442593e-03    2.4391209022734009e-03   -8.7852327104332439e-03   -2.5518558026462025e-03    1.0449481569759366e-02 
  -7.2397555194580942e-03    5.3058782406105141e-03    7.7620271471273887e-03   -1.0375625392623103e-03   -1.2676117650720683e-02 
  -3.4176510495004457e-03   -3.4292237284024602e-03    3.1353724096340532e-03    7.5587815331578743e-03   -1.1544874018800546e-02 
  -4.0810909912006102e-03   -1.9971663804490593e-04    1.6469018733979942e-03   -8.3956368280125142e-03   -8.1472791043848379e-03 
   9.4298073590842364e-03   -2.0547185602884507e-03    5.4316588572110656e-04   -8.2864031443016339e-04   -3.9083961267629003e-03 
   2.3531401807693939e-03   -4.0368504427014873e-04   -5.1521719526945531e-03    4.7543955839368579e-03    7.1391421299132115e-03 
   1.2537073996165796e-03   -1.7329815389281217e-03   -5.9964593724543928e-03   -1.7802595892088275e-03   -2.4199682644403964e-03 
   9.4422293384404895e-04   -3.2270375554740867e-03   -5.2800976157008452e-05    3.3956941153103905e-03    6.4402175212392738e-03 
  -3.3041454520661268e-03    1.0595310695442147e-02    2.7026991712314870e-04   -6.8242343672099510e-03    9.6243373238100605e-03 
  -1.6434560210197660e-03    2.6378820793069415e-03   -6.5143373284830977e-03    5.7714893090150664e-03   -3.2127677252019268e-03 
  -1.1138769072390311e-03   -2.2421058628914763e-04   -1.9244374563389488e-03    1.3724580061179597e-03   -7.4577168640379253e-04 
   2.5055817479154496e-04    2.8774281272872488e-04   -6.3760152901741148e-04   -1.2775956838055934e-03   -1.4962649427534770e-05 
  -5.0165635803647596e-04    8.8774614272002343e-04   -1.2981735236339323e-03   -3.0572986015416168e-03    1.6847979948249332e-03 
   2.3888909709334416e-03    7.7096642281381704e-04    1.4419960688039858e-03   -8.8231273286037081e-04    1.7344515342251665e-04 
   1.4723302952081450e-03    1.8308846534783843e-03   -6.8628123622514639e-04    3.8000741876582553e-04   -4.6569690564785996e-04 
 TENSORSUMACCUMULATOR_IMPL_H - PrettifyOut: Norm of simple tensor is 4.33668e-06 
 As simple full tensor 3    5 5 5 
  -9.4436491654068031e-07   -4.1851004101400486e-09   -7.5844321945790705e-07   -5.6256434565813259e-09    8.7597565555608110e-07 
   1.4991038786268527e-07   -6.7659581772461836e-09    8.5978630986607213e-07   -1.9942388451299890e-09    6.3248598788251354e-07 
   6.0478081107898399e-07   -7.0991246379933663e-09    1.4519620504076829e-06    2.5629048739755970e-09    3.2756439047467329e-07 
   1.5008224035245960e-07    1.3056559306240020e-08    2.0097898069193674e-07    4.9428405252320060e-09    2.9047231519876111e-07 
   9.3528103301981942e-08   -4.9723319263583192e-09    1.3920406386544553e-07   -9.5034872316729299e-10    1.5284526411399988e-07 

   3.3436972486824629e-09   -9.7999036314663307e-07   -1.9738212302326880e-09   -1.2219089118040872e-06   -3.1763794198468691e-09 
   8.5096041509057526e-10   -9.2597507408653438e-07    2.8136110223959412e-09   -7.1212939983732706e-07    2.4414702823498769e-09 
  -3.8524741584583487e-09   -5.7728251864608801e-07   -7.0453365757858726e-09   -3.7672318765605478e-07   -1.8452787340484696e-09 
   7.8883376959864264e-09   -3.0928680763949759e-07    2.0889872377544780e-09   -4.6393915822326611e-07    2.9221121699516729e-10 
  -9.8415479873678109e-10   -3.6487013301328598e-08   -3.2855554470795629e-10   -3.9302755171354808e-08    2.8629538510199587e-10 

   1.8296033104800351e-06   -1.0136673034149441e-09    1.0869928280185970e-06   -1.5390432491238293e-09    5.6505174711927842e-07 
   4.5123225659585933e-07    3.9659367451589638e-09    7.4929586736429067e-07    4.9032815815054431e-09    3.3885522896602483e-07 
   3.2545373919620841e-07   -6.4902762636982862e-10    3.1217342555197405e-07    5.8833803685846172e-10    3.4167703476862286e-07 
   1.3889213853055298e-07    2.2001750640696172e-10    1.8066111011308941e-07    1.0359614062120735e-09    4.0118428569445804e-08 
  -6.6149987713786455e-09   -5.6656458774861696e-10    1.7360806700858056e-08   -5.0925321191676158e-11    8.3050040780636171e-09 

  -2.0409026089909911e-09   -9.7621213214414281e-07   -5.7398409630752772e-09   -4.1833916140854511e-07   -7.7561750430376146e-10 
  -5.5477207459416904e-10   -2.7400748552753671e-07    1.6408890023419301e-09   -2.6045389161183367e-07    8.4028500744409897e-10 
  -1.5275845868048246e-09   -2.8091362488894621e-07   -4.6896100726201248e-09   -8.9737268846192979e-08   -1.1734017530942439e-09 
  -3.1179872802523701e-10    2.5703819831439721e-08   -3.2074157543450501e-10   -3.5777992505941278e-08   -2.1119910437364602e-10 
   1.2940964184422536e-09   -1.9800586120639390e-09    4.6545857954250243e-10   -5.3157288103815136e-09   -5.6611055127440056e-10 

   3.9261701388530893e-07    7.6612656605906728e-10    3.6765243909184748e-07   -2.4239326260559316e-10    3.3036116364267385e-07 
   2.7828051312695127e-07   -2.0873000442922251e-10    2.0664356357364262e-07    2.7722072888102852e-09    7.7913718234632615e-08 
   1.2704452940275381e-07    1.2944420981804497e-09    1.2260262308692412e-07   -6.5980818887468904e-11    1.9275732830557674e-08 
  -6.2241512478589205e-08   -4.6543771634727585e-10    2.7201347690309665e-08   -1.7399055875799074e-10    3.8831473272259109e-09 
   7.2092551224888526e-09    1.2017575183514985e-10   -7.8823312707508311e-09   -4.9616770391707659e-11   -3.5963442459089518e-10 
