2    5 5 
   3.9417295866193893e-04    1.5803140396059581e-04   -3.3579169499583828e-05    1.3424295371746481e-05   -5.3522043917707946e-06 
   3.1573832590564036e-05    1.8775260356992802e-04    1.6985998538074465e-05   -1.7256346560388509e-05    7.2765130020914227e-07 
  -9.5366947362472292e-05   -3.0355404483473091e-04   -7.7072586320949904e-05    3.6350116730150518e-05   -5.5743667382459129e-06 
   3.9211763085289064e-05    3.3083749148728113e-05   -1.3349014728182673e-05   -8.3090654503571392e-06   -1.4059146412020557e-06 
  -3.3901961170165218e-06   -2.4109437115214666e-04    2.6357030397285065e-06    2.1471754314316841e-05    1.7129173216091371e-07 
2    5 5 
   3.5080843219152146e-05   -4.5701565052026884e-03    1.9419370489281786e-04   -1.3434611559486669e-04    5.9271393905891922e-06 
   7.2635428129790860e-04   -1.3335246590751535e-02    1.3988841948486333e-03   -1.2419884172340787e-03    1.1358821382264252e-04 
   1.1999091322813013e-05   -1.2281225452911021e-02    4.5802151795486392e-04   -8.9385123448254577e-04    7.0427499124369150e-05 
   2.1051527225386335e-04   -1.4988157289147545e-02    7.5203157457566180e-04   -3.0134081444847257e-04    1.4034345287902670e-05 
   1.6975873007388335e-03   -1.1322624867069286e-02    2.5670781083610541e-03   -1.6592090143379226e-03    1.7225663356121572e-04 
2    5 5 
  -4.5483680693756091e-03    4.3445771123074250e-04   -2.5223511655126313e-03   -9.1969314774603121e-06   -2.2288111117555018e-04 
   1.3218929669092499e-02    5.6716332473993045e-04    7.3055160765312880e-03   -6.8180822374695334e-05    6.4574714008762033e-04 
   4.6207732783746791e-03    3.3437901855858007e-04    2.5552935876739695e-03   -1.3612836223012626e-05    2.2584816998237825e-04 
  -1.7645945798386515e-03   -1.4217910819802916e-03   -9.7395001402544835e-04    1.3034851645516733e-06   -8.6077106154094720e-05 
   4.2827518360011967e-03   -9.8473019651355940e-04    2.3635536407746968e-03   -3.2121792135850254e-05    2.0896814773810747e-04 


 TENSORSUMACCUMULATOR_IMPL_H - PrettifyOut2: Norm of simple tensor is 1.09152e-08 
 As simple full tensor 3    5 5 5 
   1.9576398959630856e-10    1.2563065129153451e-11    1.0809797003479025e-10   -1.4796158903849452e-12    9.5558219846491910e-12 
   9.2412408787226388e-09    1.6798913610676063e-10    5.1238424464307913e-09    2.7332066268787579e-11    4.5274524297636640e-10 
  -5.5446960826579811e-11    1.0344335723408501e-11   -3.1310226515169334e-11   -2.8028065291661197e-12   -2.7611754456110228e-12 
   1.6132392754777967e-10   -5.4832625838869422e-12    8.9718170557626625e-11    1.8041952799751162e-12    7.9249817238917325e-12 
   2.2747837234061605e-12    5.9591134473576321e-13    1.2288309255912383e-12   -1.5510575999033277e-13    1.0889379378497327e-13 

  -4.4448953078867841e-12    4.7166437371164846e-10   -1.1373206408835243e-12    3.8562880436189409e-12   -1.2025811813309054e-13 
  -1.9173472822826215e-11   -2.4703513517439559e-09   -8.1061911808020525e-12    3.8266502529547416e-11   -7.0993327146550032e-13 
  -4.6877650601961896e-12    6.8988820686398146e-10   -9.8439614111299033e-13    3.6159824307216272e-12   -1.1253861941599556e-13 
  -1.3423810267120562e-12   -4.3049412685922222e-10   -1.4704550111659626e-12   -4.6203530397979658e-13   -1.1688754648013013e-13 
   1.8504651642203761e-13    4.5589803089115396e-11    1.9902116502399943e-13    1.6297767255121020e-13    1.6006034868189762e-14 

   1.8829910825033340e-10    5.7660215785542721e-12    1.0405483662854048e-10   -9.6516863832960908e-13    9.1977043921015472e-12 
   2.0065360145029940e-10   -3.7224053313629829e-13    1.1142583381494103e-10    2.3666646627673795e-12    9.8437456802956085e-12 
   2.2733457735699986e-10    6.4501510585861195e-12    1.2560265699099977e-10   -1.3099808718877111e-12    1.1102625898633424e-11 
  -6.8865998322983350e-12    1.1617778238821245e-11   -3.7153411115359449e-12    6.0479148432398979e-13   -3.2952404948815363e-13 
   3.6033167503442127e-12   -9.8791803314859798e-13    1.9826994252624345e-12   -7.0655432268782885e-14    1.7536088855687563e-13 

  -6.6218747798115798e-12   -4.0165117934572109e-11   -3.7867126919110134e-12   -3.2880020179437577e-13   -3.3290145320922162e-13 
  -2.8340995982612724e-12    1.6922855976196248e-11   -7.7968858981291279e-13   -1.0765966542288310e-12   -7.5688809161484684e-14 
  -6.9351431611031679e-12   -5.2385084716722370e-11   -4.0203812575049529e-12   -3.8344536399375055e-13   -3.5282863769889073e-13 
  -1.5618962621415405e-11    3.2029652101149536e-11   -8.5462496279597698e-12    1.4526447007554429e-13   -7.5668166764673404e-13 
   1.6030235672615212e-12   -3.6974878467413428e-12    8.7684286200235934e-13   -2.0898198082479599e-14    7.7645790165794470e-14 

   9.2991763197814127e-12    3.3028495457598371e-13    5.1394201743153417e-12   -4.3124697504539484e-14    4.5428043497858624e-13 
   3.1324810134378572e-11   -3.5021842199170486e-14    1.7242187630703309e-11   -4.0554335396494499e-13    1.5247547095749099e-12 
   1.0134194092380171e-11    3.4226961448332308e-13    5.6028516505150454e-12   -4.0589004527476751e-14    4.9522560382700036e-13 
   5.8420373039991865e-12    1.1434397149087779e-12    3.2318414196893362e-12   -3.1422050015706571e-15    2.8561930835217457e-13 
  -4.1601044619497526e-13   -9.9180406984032947e-14   -2.3038578742789638e-13   -9.7282975596308253e-16   -2.0358000053870865e-14 
