2    14 5 
   9.5622980993044447e-06    1.4888712337531021e-03    1.0677084750745106e-07    1.9503984510758449e-05   -6.0021549681794814e-09 
   9.5622980993044447e-06    1.4888712337531021e-03    1.0677084750745106e-07    1.9503984510758449e-05   -6.0021549681794814e-09 
   9.5622980993044447e-06    1.4888712337531021e-03    1.0677084750745106e-07    1.9503984510758449e-05   -6.0021549681794814e-09 
   9.5622980993044447e-06    1.4888712337531021e-03    1.0677084750745106e-07    1.9503984510758449e-05   -6.0021549681794814e-09 
   9.5622980993044447e-06    1.4888712337531021e-03    1.0677084750745106e-07    1.9503984510758449e-05   -6.0021549681794814e-09 
   5.8466328835207821e-06    7.7305923031353180e-04    1.0371751551785122e-07    1.0943007573628841e-05   -2.5509889533959687e-09 
   5.8466328835207821e-06    7.7305923031353180e-04    1.0371751551785122e-07    1.0943007573628841e-05   -2.5509889533959687e-09 
   5.8466328835207821e-06    7.7305923031353180e-04    1.0371751551785122e-07    1.0943007573628841e-05   -2.5509889533959687e-09 
   5.8466328835207821e-06    7.7305923031353180e-04    1.0371751551785122e-07    1.0943007573628841e-05   -2.5509889533959687e-09 
   5.8466328835207821e-06    7.7305923031353180e-04    1.0371751551785122e-07    1.0943007573628841e-05   -2.5509889533959687e-09 
   6.7505802251033515e-06    1.4783757225286553e-03    3.1974688757528074e-08    2.7831894372077817e-05   -8.7700670508647569e-09 
   6.7505802251033515e-06    1.4783757225286553e-03    3.1974688757528074e-08    2.7831894372077817e-05   -8.7700670508647569e-09 
   6.7505802251033515e-06    1.4783757225286553e-03    3.1974688757528074e-08    2.7831894372077817e-05   -8.7700670508647569e-09 
   6.7505802251033515e-06    1.4783757225286553e-03    3.1974688757528074e-08    2.7831894372077817e-05   -8.7700670508647569e-09 
2    14 5 
  -4.3327192578757154e-04    5.8873795247545784e-05   -7.4551798723215888e-06    4.6901358799430886e-06   -3.0161798042030066e-07 
   1.6094406020989067e-04    2.3154089926639369e-05    4.0166576907507622e-06   -3.9864413057033125e-06   -2.5229614661102045e-07 
   1.0979194516761675e-04   -8.9426441643087180e-05    2.3600444100848169e-05   -9.1032446163438001e-06    1.6756048144046696e-06 
  -2.0847781883906665e-05    7.7658231501931456e-05   -1.2389886495864905e-05    4.8714048684260753e-06   -1.1601668889486734e-06 
  -7.9202114162748477e-06    1.0513651111933278e-05   -4.8490137298476765e-05   -6.9972922128096560e-06   -7.1932020025360680e-07 
   2.1652181772840930e-04   -2.9421387366368940e-05    3.7256258745893215e-06   -2.3438323271755361e-06    1.5072952917839063e-07 
  -3.0064352457078217e-04   -4.3251842874446836e-05   -7.5031170679229394e-06    7.4466728568808770e-06    4.7128923337614801e-07 
   6.4512429363098645e-05   -5.2545903899282869e-05    1.3867337723813231e-05   -5.3489572881718469e-06    9.8456527994580674e-07 
  -1.5319375217252265e-05    5.7064851968961337e-05   -9.1043412285429052e-06    3.5796076258921472e-06   -8.5251428595177157e-07 
   4.0860675721616031e-06   -5.4240330990680413e-06    2.5016248578647038e-05    3.6099300007256603e-06    3.7110006157379281e-07 
  -4.2092792335577257e-04    3.4376564898617878e-05    9.3177698889497543e-06    9.7744239719612898e-06   -3.5004117833368277e-07 
   1.0350227496114329e-04    1.1506569939044386e-04    2.9068495099461506e-05    1.4167274075071450e-06   -8.5180717716455746e-07 
  -6.0324429405683551e-05    5.8556019783109544e-05    2.8124379228475385e-05    4.5859166197359173e-06   -3.6637730058486966e-07 
  -1.1884979074713178e-06    5.5171444216256041e-05   -9.7233855086069164e-06    1.1827789047131897e-06   -1.6295228429620948e-06 
2    14 5 
   1.4313120194875220e-03    4.9166736313113685e-03   -6.9369370805289962e-05   -6.0211811849280975e-05   -3.8100951197012477e-05 
   1.1353386872583835e-04    1.7400696139546908e-03   -4.7367270952325169e-04    1.1739890919358532e-04   -2.3467234227701732e-05 
  -1.2325003377251611e-03   -1.8489155071320185e-03   -1.0411154372592382e-03   -1.2910292183819264e-04    9.1569246036245214e-05 
  -8.3771921026188246e-04   -5.1824038477745686e-04   -1.0719667625115050e-03   -2.2106971143583533e-04    1.2403932369668011e-04 
  -7.3910663219052397e-06   -5.5329984017526035e-04    1.8454421731506650e-04   -7.2353620319941521e-05    2.2733195291197199e-05 
   7.1527893166081606e-04    2.4570415216582063e-03   -3.4666410093696086e-05   -3.0090043167761742e-05   -1.9040437931358800e-05 
   2.1208128095798399e-04    3.2504502561673866e-03   -8.8482068054171784e-04    2.1930117703440193e-04   -4.3836796467936815e-05 
  -7.2420240716294113e-04   -1.0864005630840505e-03   -6.1174693646677937e-04   -7.5859327502948894e-05    5.3804990044823889e-05 
  -6.1557315690302032e-04   -3.8081360172266630e-04   -7.8770303463380272e-04   -1.6244653160294009e-04    9.1146624230106053e-05 
  -3.8130795801202270e-06   -2.8544951842783913e-04    9.5207072433894411e-05   -3.7327511373030560e-05    1.1728143001347665e-05 
   9.5189855669030568e-04    4.7511534883326306e-03   -5.1978986414279887e-04    1.5216475635847367e-04   -6.8377980720065514e-05 
   3.6155013967546009e-04   -1.6632520146918840e-03    9.5329533206469632e-04   -4.7344177894597728e-04    1.6250272604255748e-04 
  -8.3185394735896723e-04   -7.7617069936982623e-04   -7.1267261284178993e-04    2.8275733743448358e-04   -7.6406844832855664e-05 
  -1.2635666344036018e-04   -7.6001749543521009e-04    4.9334159432493424e-05   -1.6490693260620484e-04    7.1872516277658136e-05 
 TENSORSUMACCUMULATOR_IMPL_H - PrettifyOut: Norm of simple tensor is 6.77696e-09 
 As simple full tensor 3    5 5 5 
  -8.6795565240820713e-12   -3.6814002403761982e-11    2.4514916206731756e-12   -9.7136893522337148e-13    5.9516163307451183e-13 
   1.2284491028062619e-12    2.4856630375656775e-12    4.7722345560909056e-13   -4.3102041656675033e-13    1.2423968479065662e-13 
  -3.1219039141329508e-13   -7.0660709105440649e-13   -1.4662598192104008e-13    7.3431627174163120e-15    8.3403387047988629e-15 
   1.7724521401418538e-13    7.2332037667265150e-13   -3.6951972600050873e-14    1.9700151982105336e-14   -1.0452591000435558e-14 
  -1.5580632089957849e-14   -2.3683913037843219e-14   -9.6064793605569097e-15    5.1193349175382201e-15   -1.5299494616262825e-15 

  -1.4925254612004201e-09   -6.5696354756853442e-09    5.0391878315768444e-10   -1.9645969874904330e-10    1.1255170614398534e-10 
   2.0298217526590075e-10    3.6185501590820022e-10    9.3306961904984842e-11   -8.3088141744903025e-11    2.5458039118464927e-11 
  -4.9324823099756925e-11   -1.1326898807333071e-10   -2.2868739360955948e-11    2.6263802962590403e-13    1.7637605589923465e-12 
   2.9884053234646109e-11    1.2655286650166424e-10   -7.9348888045355638e-12    3.6957726489461929e-12   -1.9005095574706652e-12 
  -2.4841879983999837e-12   -3.2865144860763540e-12   -1.6441507680979388e-12    9.9678737717546839e-13   -3.1919089027020958e-13 

  -8.1264828389597260e-14   -3.3848730679387990e-13    2.0629114889842303e-14   -8.0905311618222205e-15    4.8996475901364432e-15 
   1.1859337415780382e-14    2.6000885813347158e-14    4.0345186612993716e-15   -3.5249367417737283e-15    8.8300936860908710e-16 
  -3.4978728198267414e-15   -8.3919530830395281e-15   -1.4476218339125281e-15    1.1598937210250699e-16    5.7334715125929023e-17 
   1.7850253138878787e-15    7.1970250275739224e-15   -3.3091752670774350e-16    1.9025918936383420e-16   -9.3903841021872698e-17 
  -1.6761047721850173e-16   -2.7944369404413604e-16   -9.9971424549754412e-17    4.0521733657224897e-17   -9.9338035588472864e-18 

  -2.2157006581913378e-11   -1.0446112805530781e-10    9.8410643426832181e-12   -3.7345721705528936e-12    1.9078643059311111e-12 
   2.7946075200114483e-12    3.6194322603261711e-12    1.6905862658719970e-12   -1.4533503302272100e-12    4.7147069595653741e-13 
  -6.7256833679197346e-13   -1.6682883219075081e-12   -2.7354520348413728e-13   -2.2013703184425129e-14    3.3973912380808852e-14 
   4.4229026402448905e-13    2.0111066302703970e-12   -1.6735649556151999e-13    6.5789556406672533e-14   -3.1015986022157367e-14 
  -3.3632447084276925e-14   -3.1388742097344305e-14   -2.5601375125273489e-14    1.7540035847806107e-14   -5.9408221728070619e-15 

   6.9267111938433136e-15    3.2165522987629811e-14   -2.9133530451601614e-15    1.1146704636654993e-15   -5.8827670613078129e-16 
  -8.8610517819014097e-16   -1.2338728615668292e-15   -5.0988599833271459e-16    4.4465137030045679e-16   -1.4444618059963677e-16 
   2.0472218282021864e-16    4.8945314177738519e-16    8.9889657848591858e-17    5.4972957854885897e-18   -1.0327287320693890e-17 
  -1.3603725105942645e-16   -6.0917009253003004e-16    4.8261476723882341e-17   -1.9501836487484204e-17    9.5249940281182548e-18 
   1.0391599889715219e-17    1.0256315399933040e-17    7.7113023084337229e-18   -5.3819313467912713e-18    1.8341301849670450e-18 
