2    21 5 
  -1.1971023438423209e-05    1.0306585217096105e-03   -6.0490146540297233e-06    5.5166644192825986e-04   -9.0710693331593844e-07 
  -7.7727239267544982e-05    2.8859249420670323e-04    7.7610570238419971e-06   -4.2147214439498235e-04    6.0372220623876262e-07 
  -1.4200198234059480e-04    3.1507603933926613e-04    6.7296000733574592e-05    4.6971145119159888e-04    9.4102385383943048e-06 
   6.9505101566240846e-04   -3.7786469730003016e-04    5.8635354435115084e-05   -3.6124115713578447e-04    1.1695445799064278e-05 
   1.7702693336239252e-04    1.4633956963613374e-03    5.3837626566076820e-05   -1.1603934553639421e-04    6.7212262451938481e-06 
  -2.2371006587314072e-04    1.0735878279750544e-04    3.8280478054972581e-05   -3.2855245986252498e-04    4.2169699196023720e-06 
  -5.2634937257847042e-04   -3.9861878951318421e-04    1.3397841295159773e-04    5.1551494194993484e-04    2.5866908723233366e-05 
  -3.6275578615205766e-04    2.9823749263109048e-05    3.6743967899965333e-04   -7.6795995958202281e-04    4.9159491899055595e-05 
   1.0793856120290515e-04    2.4824019919266577e-04    1.3393172037700255e-04   -4.1854465092571656e-05    1.7106488173220118e-05 
  -9.3410574328975384e-05    1.6438208402093891e-04    2.7342481305072231e-05    3.7931797155597757e-05    3.6598104377306817e-06 
   9.7577834036828592e-05   -5.9451363311180416e-04   -2.4688266404864580e-04    1.0431181300423387e-03   -3.4504613163579874e-05 
  -2.4587320422778483e-04    1.6364403761154597e-04   -1.0902965562255995e-04   -6.7833804465608697e-05   -2.6602185612621390e-05 
  -1.8380870066871246e-04    4.5908963305058078e-05    2.1553768189789391e-04    3.7472506681348750e-05    2.3107555929960359e-05 
   1.4679352937401033e-04   -5.6517620672567361e-06    3.9763909281530810e-04    7.5308713841473364e-05    4.8737883948419396e-05 
  -7.3864478405577451e-05    8.1970089967214820e-05   -2.5932663275641063e-04    1.5749844092190236e-05   -3.9478872478540421e-05 
  -3.0063064409717281e-04    3.0508694926599907e-05   -4.6081451330064134e-04   -8.8132669185354620e-05   -6.1631353509776200e-05 
  -5.9319427421340677e-05   -4.3765131444999035e-05   -3.1223571944080742e-05    1.2273267309418433e-05    2.3507724255612044e-05 
  -1.4822244612168063e-04    2.7384127368988211e-05    7.9673906616006140e-05    7.1184199720657616e-05   -2.4315951538329108e-05 
   3.0817641774378515e-06    6.7918173186311926e-05    6.4558458222609963e-05   -2.4381680838988695e-05   -2.2512342647086046e-05 
   3.4102727768854864e-05   -5.8849365882136483e-05    3.5432035404440700e-05   -1.5938570867089687e-04   -7.3796776822009484e-06 
  -8.5147758878138081e-05   -2.4265253969138982e-05   -4.7292142884188436e-05   -7.8431193216397588e-05   -7.5291957455815323e-05 
2    21 5 
  -1.2122587828969399e-03   -2.6547884364359918e-02   -3.8539298693253719e-04   -8.6064462181840128e-03   -3.7329783886333185e-05 
   2.0891738074471790e-02    4.3897977009685341e-03   -8.1945004268085299e-04   -5.6762321789457421e-02    1.5855873008280432e-04 
   3.4847960038622968e-03    8.2435080337703876e-03   -8.7091659839900386e-04   -3.6594088993229341e-03   -3.6861472504076825e-05 
   1.7285786758169341e-02    4.0013788392547316e-03    1.3986447774309046e-04    4.1787235136281752e-03    1.2871724645005286e-04 
   1.9216541937228795e-02   -6.9860077051765871e-03    5.9502753436789361e-04    3.8577518880973756e-03    9.0785909440208544e-05 
   3.7624686750081029e-02   -1.4216136440357805e-02   -3.0091368192722442e-03   -1.9592785047791803e-02    2.7239442689193166e-04 
   1.3094118517139577e-03    5.2488296662039878e-03   -2.6907264236479792e-03    1.2723073274717651e-03   -1.2667335401766837e-04 
   2.9136893891712338e-04    4.9659522511381234e-03    3.0467880202930766e-03   -6.9430558744996583e-04    4.7027572873804650e-06 
   3.2955147789778781e-03    4.4313114870448067e-03   -5.1150121858861922e-03    8.6019303564581068e-03    2.1987714918878128e-04 
  -3.6629716521077663e-03    4.7743335404353123e-04   -3.4176285785153244e-04    7.8334855767701484e-03   -9.5616409632583144e-04 
  -1.4017507493301149e-03   -5.0705994677374498e-03   -1.0534229175871125e-03   -1.6684514779564618e-03   -5.8703063493082411e-05 
  -1.7333551625365576e-04    1.9568096283271146e-03   -4.1719403374630209e-03   -1.9937326421374936e-03    2.3421525388293025e-03 
   2.7227064190002981e-03   -1.3740174885390603e-03   -1.0093575907664559e-03   -2.5607291070898846e-04    1.5557546778089074e-03 
  -1.8281610457041688e-03   -1.3174562363216815e-03   -3.0416472069244890e-03   -6.7606966221506494e-05   -3.6056427048812854e-04 
  -1.2795726209365984e-04   -5.8471712746832856e-03    6.2367826407670503e-03    7.8444983469527947e-03   -8.6492828667305785e-04 
  -7.1214028658107278e-04    5.1422726677928716e-04    3.4715028348106555e-03    1.4547258689807446e-03    9.9153226198878770e-04 
  -2.1441573216401830e-04    5.1619113115171193e-04    9.3217810973747765e-04   -1.0858463079625015e-03   -1.8838378046168757e-03 
  -5.2796281850452151e-05    1.2802801804008238e-03    1.3038864573784665e-03   -2.5198811845384881e-04    7.3316062189512693e-04 
  -3.5187614533624021e-04    5.8373789436938657e-04    2.2805985852419859e-03   -6.6433823100516280e-04   -1.4568703734167427e-03 
   2.6804889791965807e-04    3.7523510701773012e-05   -1.7576610861824303e-04   -4.4419396846935279e-04   -1.3446941212129516e-03 
   5.6842611646223567e-05    4.6877409948759945e-04   -6.3798261653969478e-04    9.1327711436248757e-04   -1.3701490513528113e-03 
2    21 5 
   5.8170062792435562e-04   -2.2008308365785594e-02   -3.0006760872707008e-02    3.1405135107876514e-02   -3.0619619831172968e-02 
  -1.2267779838422419e-03   -3.1017692123830563e-03   -7.4034768698869602e-03    7.2822892381037476e-03   -6.5126577888770217e-03 
   2.1394702611588653e-02    1.1850195380939597e-02    1.4688626089824087e-02   -1.0431532879757330e-02    1.4934899635900346e-03 
  -1.1593260935848469e-02    1.6272812710817978e-02    5.1193158366790361e-03   -4.7144473657617560e-03    3.2882260541587838e-03 
   1.7645175336504941e-02    7.4694807296235314e-03    2.6884925065364896e-03   -1.1210255038785479e-03    5.4757161564283159e-04 
   4.4883970965722353e-03   -8.9137396409808087e-03    1.5572960283987279e-03   -4.3344951590114540e-03    4.8573670706564221e-03 
   1.3317810749607212e-03   -1.2475571084940313e-03   -7.9365065220978555e-04   -1.9528866307902599e-03    3.3709719494392542e-03 
  -8.9379768098654211e-04   -6.0923446321924741e-03   -4.2275028436500172e-03   -3.6258764162185018e-05    4.8570164167874427e-03 
   1.4344135964311786e-03   -7.0105813740437345e-03   -3.1632619017170241e-03   -1.3390483760893127e-03    3.6650403959336076e-03 
   7.0240210605815104e-03   -2.0469168706806198e-03   -9.2927951972965415e-03   -4.4659769562076972e-03    4.9152021303210704e-03 
   1.5724641394659851e-04    2.4581929947399750e-03    7.2008286956869484e-03   -2.3348473367357974e-05   -6.4063389378796022e-03 
  -5.5980191893920811e-04    1.9231670401481814e-03   -1.0849591972626788e-03   -1.0246621865526123e-03    2.0346406165910637e-03 
  -1.2225823032694532e-03   -6.7891234147554266e-04    9.2534017939817663e-04   -2.4032389875892155e-03    2.9959499426256619e-05 
  -4.9182269717687661e-04    4.7861539965529394e-04    7.4947606234836541e-05    3.7429363250442004e-03    1.5473710623881013e-04 
  -6.8251133645876982e-04    1.6774735225749660e-03   -1.3160282687130313e-03    2.9693580528688277e-04    3.5537357722300364e-04 
  -2.0405694106251562e-03   -1.2389860153319057e-03    4.2334030845627910e-04   -1.9527346308316315e-03   -9.2209829375183535e-04 
   2.5338692331462148e-03    6.2745795383438929e-04   -7.5085229864789590e-04   -9.9515362981387329e-04   -1.8204312056279643e-03 
   1.6160508809707648e-04   -2.0516769431336487e-05   -2.9843424917206073e-04   -2.8536350685904601e-04   -1.1796442297349547e-03 
   1.4764499849090700e-03    2.5741885393760203e-04    8.5788298324570504e-04   -2.3060284762813264e-04   -2.7740083385872482e-04 
   5.4648034617532561e-04   -8.4977986762432107e-04   -2.1278187685924130e-04   -1.5819778053360258e-03   -3.0748884730946269e-04 
   2.7159415795970912e-04    1.0189220180827929e-03   -1.8230726560297919e-03   -1.7563015333437687e-03   -1.6628887866129182e-03 
 TENSORSUMACCUMULATOR_IMPL_H - PrettifyOut: Norm of simple tensor is 2.06354e-06 
 As simple full tensor 3    5 5 5 
  -1.2324571777242753e-07    2.9281245090135686e-07    5.7109040772004322e-08   -3.1112085063503580e-08    1.0711194045698893e-08 
  -6.6044947659204979e-08   -2.5228688172004888e-09   -2.9313849584407927e-09   -1.0277486940967444e-09    9.3932553847653916e-10 
   1.0326823646859101e-08    8.2387428320862558e-09    6.4909834807293103e-09   -7.5465630765996025e-09    4.5341309261837188e-09 
  -3.6105784661334171e-11   -2.1619910808707889e-09   -2.2628688922096144e-09   -6.9916948972353342e-11    1.0853677064525514e-09 
   1.3793357178781155e-09    1.5402580575260677e-09   -5.4329672854807209e-10    6.0208303124833570e-10   -2.8423353269696636e-10 

   6.0168942869076593e-07    8.7596190005871010e-08    6.6955386088471311e-08   -2.2601767213127143e-08    7.1169669200288082e-09 
  -1.3173842670459916e-07    5.4274406986735040e-07    8.3103531270216336e-07   -8.5007353001646678e-07    7.9469921602493581e-07 
   7.9516975425463262e-09    2.2885528686314708e-08    1.9213052813669704e-08   -1.0050784570529288e-08    5.7980045324004336e-09 
   1.1008227014242133e-07    2.5356059197078094e-07    3.6271963424606112e-07   -3.8281652868333958e-07    3.6972740082907840e-07 
   1.5614003956683212e-09    9.9408561273292669e-10    1.8237149232811998e-09   -1.1562848807481823e-09    7.9564373797124408e-10 

   1.6838447196300761e-08    9.5145083514109724e-09    1.4214946074284872e-08   -1.8506758710576555e-08    9.6381523602023445e-09 
   7.8056615241887757e-10   -1.9596606945633054e-09   -9.5984892341810498e-10   -1.2453532736460824e-09   -7.6728948759621443e-10 
   1.3598744097556310e-09   -4.7007862014705074e-10   -5.2577667446688974e-10    7.7497471341115714e-10    8.4040205828262580e-10 
  -8.4906094612471152e-10    1.2062350579313413e-09   -8.6832270607388476e-10    6.2316836855598802e-10    5.3750565754258458e-10 
   4.2179650096409446e-10    1.9451885436598316e-10    1.1372655515956145e-10   -1.4821783524402030e-10   -3.7640609271012038e-10 

   2.2480349363325501e-08    5.1363991679432096e-08    4.3824581690052449e-08   -1.7969405516815578e-08    7.8106288278828278e-09 
   1.3499767098934078e-07    3.2256709994103229e-07    4.8861418389783974e-07   -5.3301142890488654e-07    5.0821511633135743e-07 
  -4.6588275258843071e-09    1.4418447860517665e-09    6.3317388794336684e-10   -1.8607810514324750e-09    6.1766789478896537e-10 
  -2.8574925029687891e-08   -8.1305667287059317e-08   -7.5961809809107402e-08    2.0834505460390788e-08    2.9729383597241615e-08 
  -3.4303032607062995e-10    1.5767005547425097e-10    4.4092245562623827e-10   -4.7067750532783135e-10   -1.3472893974946717e-10 

   1.2289879845898683e-09    2.6609165384855475e-09    2.2685644948697949e-09   -2.6448732301805776e-09    1.4259377745176599e-09 
   1.4465396788836999e-10   -1.4902581690262009e-10    3.9611040553661645e-11   -2.4714442203440158e-10    7.8669729133439578e-11 
   9.7258294454665840e-11    5.3907512281834855e-12   -2.1418031614851359e-10    3.2884437729525223e-11    1.0280155707291721e-10 
  -3.5924791066281824e-10    8.0837252147781276e-11   -3.3133126235644267e-11    2.3049102021207726e-10    1.9112179740251891e-10 
   3.5250384163110326e-11    6.0168207456101447e-11   -5.3587336727679605e-11   -1.0459089924213857e-10   -1.5960529519330201e-10 
