2    10 5 
   7.7317745426752617e-07    8.2303383076620196e-04    1.8464778686134417e-07    4.2838742336667789e-05    2.2781764533280799e-08 
   7.7317745426752617e-07    8.2303383076620196e-04    1.8464778686134417e-07    4.2838742336667789e-05    2.2781764533280799e-08 
   7.7317745426752617e-07    8.2303383076620196e-04    1.8464778686134417e-07    4.2838742336667789e-05    2.2781764533280799e-08 
   7.7317745426752617e-07    8.2303383076620196e-04    1.8464778686134417e-07    4.2838742336667789e-05    2.2781764533280799e-08 
   7.7317745426752617e-07    8.2303383076620196e-04    1.8464778686134417e-07    4.2838742336667789e-05    2.2781764533280799e-08 
   7.7317745426752617e-07    8.2303383076620196e-04    1.8464778686134417e-07    4.2838742336667789e-05    2.2781764533280799e-08 
   7.7317745426752617e-07    8.2303383076620196e-04    1.8464778686134417e-07    4.2838742336667789e-05    2.2781764533280799e-08 
   7.7317745426752617e-07    8.2303383076620196e-04    1.8464778686134417e-07    4.2838742336667789e-05    2.2781764533280799e-08 
   7.7317745426752617e-07    8.2303383076620196e-04    1.8464778686134417e-07    4.2838742336667789e-05    2.2781764533280799e-08 
   7.7317745426752617e-07    8.2303383076620196e-04    1.8464778686134417e-07    4.2838742336667789e-05    2.2781764533280799e-08 
2    10 5 
  -7.4616580626096990e-04    1.0211602703142130e-04   -1.2935892725800521e-05    8.3123948095824295e-06   -1.3197671894178508e-06 
   5.2128852149434333e-04    7.1047659038840888e-05    3.9772961196844975e-06   -1.1249616736915651e-05   -1.0573262627922231e-06 
   2.3680292553639212e-04   -1.9420658129200028e-04    4.2559645386008880e-05   -1.9903477227101345e-05    3.1686025667559653e-06 
  -1.1399337293828498e-05    3.2331815093890284e-05   -3.7396567098315999e-06    2.1691546457214527e-06   -4.8840336516918698e-07 
   6.1853388593798570e-05    1.7335498440444276e-05   -8.4655741306192560e-05   -4.5343716260659495e-06   -5.3871022896454702e-06 
   2.0529678309012986e-07    2.9101452262543941e-05    2.5179878593603125e-05    3.7982079309426245e-06    3.0220745936125304e-07 
   4.1625062944128012e-06    2.8410068524285676e-05   -5.8271694349355019e-06    4.2622130906402738e-07    5.0171879797042786e-07 
  -1.1695114470382589e-06    1.2279088780433450e-05   -3.5852483159230902e-06    3.2324648896415626e-06    2.3417791045816996e-08 
  -6.8319044118377264e-06   -2.4358191190462853e-06    2.8004366884116953e-06   -9.4005095922154527e-07   -4.5167486834050650e-07 
   3.0823156141185154e-06    5.8141808738929503e-06   -1.4253567587601206e-05    5.4469642989878509e-06   -9.8104361108606194e-06 
2    10 5 
   7.3403050175218558e-04    1.6094451728981748e-04   -4.4578393376336976e-05    2.4891565270200293e-05   -1.0887152862396267e-05 
   1.6326946224406853e-04   -4.7667414590794221e-04   -1.3967569082001482e-04    5.6111085186740568e-05   -2.0001800699426017e-05 
  -2.2050581691379393e-04   -1.8366714260317199e-04   -1.0932812156069975e-04    3.9177381356290711e-05   -1.2860547589357971e-05 
  -2.2894752114269442e-05   -2.4281194790884140e-05   -8.6222799331517675e-06    2.3183303110967297e-06   -8.6919417384587401e-07 
  -9.3821214864099300e-05    1.5793035905736652e-05    1.6979254053555663e-05   -4.2633525413061213e-05    1.3593535996228934e-05 
   3.6776071887434145e-05   -6.9168644737450561e-06    2.2431876584408255e-06    8.9962914849408442e-06   -3.0320027063231734e-06 
   4.6125839933909705e-06   -2.6709239603005417e-05   -1.0114533950443152e-05    4.2217419672352533e-06   -2.0152986493807820e-06 
   7.1725968211025231e-07   -3.7207493848679036e-06   -1.2144688832232318e-05    3.6426778309551780e-06    5.7110016336535377e-07 
   7.0513060639168439e-06   -3.0324994327988379e-06   -1.1517315315360482e-06   -1.0248263584199918e-06    4.9452978577913027e-07 
   7.3038739295012701e-06    1.2979311544694348e-05    9.2321362704227454e-06   -5.4988870997980896e-06    5.9248993670068260e-06 
 TENSORSUMACCUMULATOR_IMPL_H - PrettifyOut: Norm of simple tensor is 5.59778e-10 
 As simple full tensor 3    5 5 5 
  -4.0232776871155063e-13   -3.1766989433895001e-13   -4.9700063973282108e-14    1.3372803671742566e-14   -3.4735646168429999e-15 
   9.9158914190576624e-14    1.2992154264414931e-14    4.9926339368929358e-15   -1.0416519017351163e-15    5.1867180467387694e-17 
  -7.2603586279402926e-15   -1.0236476780851923e-14   -4.6489888702941339e-15    4.2010038700630019e-15   -1.3788029703118914e-15 
   7.1182937830874076e-15    7.9292711814421523e-15    2.5494620706375817e-15   -7.6311499836131638e-16    2.6925061149418970e-16 
  -1.0707436666272968e-15   -3.9056135336646538e-16   -2.4887927971130042e-16    2.4728471434687754e-16   -1.0693162167071431e-16 

  -4.2827084892171757e-10   -3.3815402740185902e-10   -5.2904845861041139e-11    1.4235114815221122e-11   -3.6975485734029615e-12 
   1.0555292391214659e-10    1.3829920201536297e-11    5.3145712048563575e-12   -1.1088201683559626e-12    5.5211703336017866e-14 
  -7.7285243397986626e-12   -1.0896549882556101e-11   -4.9487670624494128e-12    4.4718948918617135e-12   -1.4677115638384387e-12 
   7.5772988056976404e-12    8.4405700135538469e-12    2.7138576310115134e-12   -8.1232252305062788e-13    2.8661255057435873e-13 
  -1.1397878415218120e-12   -4.1574570628803074e-13   -2.6492762540932753e-13    2.6323023856359838e-13   -1.1382683461336236e-13 

  -9.6082641410992244e-14   -7.5864916415253253e-14   -1.1869211613558555e-14    3.1936505500639396e-15   -8.2954568253358223e-16 
   2.3680817323119551e-14    3.1027450661479408e-15    1.1923249985728918e-15   -2.4876400271851264e-16    1.2386755499892339e-17 
  -1.7338958153388905e-15   -2.4446429114160875e-15   -1.1102567739201177e-15    1.0032704173169984e-15   -3.2928135136471142e-16 
   1.6999683397663698e-15    1.8936433893610802e-15    6.0885444399842089e-16   -1.8224470306316010e-16    6.4301576887759817e-17 
  -2.5571160572165590e-16   -9.3272623425121694e-17   -5.9436560055767241e-17    5.9055751013908469e-17   -2.5537070666005367e-17 

  -2.2291409977866548e-11   -1.7600847873396573e-11   -2.7536863923228859e-12    7.4093481082598314e-13   -1.9245664599942688e-13 
   5.4940080727238498e-12    7.1984451416625757e-13    2.7662234280547978e-13   -5.7713862680081063e-14    2.8737578514583486e-15 
  -4.0226810910929613e-13   -5.6716318980825719e-13   -2.5758231210872420e-13    2.3276121329153955e-13   -7.6394086315126695e-14 
   3.9439685102984669e-13    4.3932994060356229e-13    1.4125573390473087e-13   -4.2281220963713937e-14    1.4918124560055843e-14 
  -5.9325723726282493e-14   -2.1639478868892550e-14   -1.3789428646219726e-14    1.3701080008518957e-14   -5.9246634302515106e-15 

  -1.1854634975964235e-14   -9.3601807608296557e-15   -1.4644182244048395e-15    3.9403123140476153e-16   -1.0234898955637662e-16 
   2.9217290571484694e-15    3.8281535189403997e-16    1.4710854555234636e-16   -3.0692395671902963e-17    1.5282725665256658e-18 
  -2.1392732001685899e-16   -3.0161899106679568e-16   -1.3698300328896761e-16    1.2378307262185310e-16   -4.0626591520560540e-17 
   2.0974136267157967e-16    2.3363690699863630e-16    7.5120199456435839e-17   -2.2485273087731653e-17    7.9335009028601085e-18 
  -3.1549587942542934e-17   -1.1507936165344544e-17   -7.3332572183791799e-18    7.2862731625654713e-18   -3.1507527962929592e-18 
