2    104 5 
  -1.2836927232939391e-02   -9.5048687925697252e-04   -5.6415263956375054e-04   -3.7098049033125382e-05   -3.9141788865959017e-06 
  -1.0314644377491333e-03   -3.7977153593520378e-03    7.9306777649068723e-04    1.6065530654130395e-04    5.1885432636776551e-05 
  -3.0339402631638255e-03   -5.9744918955143764e-03    2.7905600098769015e-04    2.1968175323984631e-04    8.6936102499209989e-05 
   1.5872327198155648e-03   -1.1052160505744656e-03   -3.4755196360385801e-03   -1.8015964410731755e-04   -1.5953604075990137e-04 
  -7.4596955688733353e-04   -6.6401238415836407e-05    7.3516679285038212e-04    5.0730495114947044e-05    2.3599041825978677e-05 
  -2.9370072412665555e-03   -6.8474971016682798e-03   -2.3694699451673952e-03    1.1720964724650845e-04   -1.7482994119638991e-05 
   6.4917007383347180e-04   -4.5096813395065124e-04   -3.3356996946695580e-04    3.1722456694595634e-04    6.8994162506465326e-05 
   3.2990398220273211e-04   -4.2101042495303298e-04   -2.4408069361828499e-04   -1.2908104947766615e-04   -6.0138206499772386e-05 
  -1.6811413784118800e-04   -1.0278468187853444e-03    1.4291321102499321e-03   -1.2395041046893833e-04    7.2211588144455640e-05 
   3.6313983179149441e-04    2.2749607145792868e-04    1.9336776055946863e-04    6.6776350130313508e-05   -3.4629619454381287e-07 
  -3.4004741902742401e-05    1.0452667644136119e-05    3.3154233625710284e-05   -4.9166294105572122e-04   -1.0975663824809744e-04 
  -9.6913700745794723e-05    2.5855226665946401e-05    4.7476365506511549e-05   -6.7825527785969749e-05   -1.6168987385946321e-04 
  -5.0406078889532458e-05    1.7685406285188555e-05   -1.4175118381996879e-05   -5.0613591111725578e-05    2.2936790064500081e-04 
  -3.7184946734842718e-05    1.5306032859128920e-05   -9.5498204384440785e-06    9.6980005968630534e-05    1.3998596870920795e-05 
  -5.2207692901964921e-05    1.5417395807050831e-04   -1.7119262671125377e-04    1.0811901200199332e-04   -1.5347854428245813e-04 
   6.9900658875177580e-06   -1.9436162906751455e-05    3.1135023275032000e-05    1.6250420139440259e-04   -3.8450646476946370e-04 
  -6.5725405493796175e-04    1.3431721283639977e-03    2.4781589947989507e-05    4.8153505207368727e-06   -6.7583038450882863e-07 
  -6.5725405493796175e-04    1.3431721283639977e-03    2.4781589947989507e-05    4.8153505207368727e-06   -6.7583038450882863e-07 
  -6.5725405493796175e-04    1.3431721283639977e-03    2.4781589947989507e-05    4.8153505207368727e-06   -6.7583038450882863e-07 
  -8.4604975652318619e-04   -2.2404793908509105e-04    4.0759966622186442e-06   -1.1765500162747395e-05   -6.2796550226138915e-07 
  -8.4604975652318619e-04   -2.2404793908509105e-04    4.0759966622186442e-06   -1.1765500162747395e-05   -6.2796550226138915e-07 
  -8.4604975652318619e-04   -2.2404793908509105e-04    4.0759966622186442e-06   -1.1765500162747395e-05   -6.2796550226138915e-07 
   5.9944636398081750e-04    4.3114555882766716e-04    1.1208863454948193e-05    6.8321487507085560e-06    3.9074553952596267e-07 
   5.9944636398081750e-04    4.3114555882766716e-04    1.1208863454948193e-05    6.8321487507085560e-06    3.9074553952596267e-07 
   5.9944636398081750e-04    4.3114555882766716e-04    1.1208863454948193e-05    6.8321487507085560e-06    3.9074553952596267e-07 
  -6.8587579211287287e-04   -4.9330902553666386e-04   -1.2824980786927652e-05   -7.8172222200269441e-06   -4.4708404711504382e-07 
  -6.8587579211287287e-04   -4.9330902553666386e-04   -1.2824980786927652e-05   -7.8172222200269441e-06   -4.4708404711504382e-07 
  -6.8587579211287287e-04   -4.9330902553666386e-04   -1.2824980786927652e-05   -7.8172222200269441e-06   -4.4708404711504382e-07 
   6.7775149318647764e-04   -5.5272511325450853e-04   -1.4094021789686072e-05    2.6661533920351111e-06    5.9650721844235645e-07 
   4.3520271972205646e-04    5.3361894846579931e-04    2.9154987808289836e-06    9.8353031007995842e-06    2.8377140563500172e-07 
   9.4839231547057685e-07   -1.4766150072980056e-06    1.0480259655625145e-04    7.1225929124577518e-06   -1.4020800204120295e-06 
  -1.7294508939261051e-07   -1.2164264375284423e-07   -1.1381674013519443e-06    1.4865316883282476e-05   -9.5484555436499592e-06 
   6.1682688940434295e-08    3.9288519856376367e-08    2.2182074269043040e-07   -4.7142083684016448e-06   -7.3672770370435631e-06 
   1.7438171591057212e-03   -1.4221311888672880e-03   -3.6263139638561051e-05    6.8598654235049221e-06    1.5347801273880833e-06 
   1.1197525611824674e-03    1.3729720821176912e-03    7.5014173372872894e-06    2.5305691665161813e-05    7.3012815373276255e-07 
   2.4401610470912862e-06   -3.7992488589188647e-06    2.6965129259160701e-04    1.8326038176136081e-05   -3.6074744542998497e-06 
  -4.4497816308451654e-07   -3.1297980393652983e-07   -2.9284418616045743e-06    3.8247639315019010e-05   -2.4567648743480716e-05 
   1.5870615184984164e-07    1.0108719164793407e-07    5.7073251957073684e-07   -1.2129397761661164e-05   -1.8955596914557185e-05 
   1.8448895106921747e-03    1.3276326592845207e-03    3.5090454394170908e-05    2.1337863168679205e-05    1.2273924644080237e-06 
  -1.6566139082338643e-04    2.2610392408304930e-04    1.1201005728255180e-04    7.0637389239350137e-05    5.1112410551712436e-06 
   4.1865506805009892e-05   -6.3143339736693966e-05    1.4978382011577077e-04    6.2373479541384989e-05    5.7248239633599742e-06 
   3.3717693077526913e-07   -5.0557662282031571e-07   -3.6793657096872435e-06    8.7871404257724853e-06   -7.5137596888760390e-06 
   1.9578021142879608e-03   -1.5966418462054076e-03   -4.0713013451194139e-05    7.7016440397663195e-06    1.7231140103636091e-06 
   1.2571581374314746e-03    1.5414503930026966e-03    8.4219212125593290e-06    2.8410969800859370e-05    8.1972266164202006e-07 
   2.7395948206223675e-06   -4.2654571953587057e-06    3.0274038077883350e-04    2.0574838422946097e-05   -4.0501500269042055e-06 
  -4.9958172733293027e-07   -3.5138576236433317e-07   -3.2877928963372578e-06    4.2941032393481433e-05   -2.7582361144867291e-05 
   1.7818108855028681e-07    1.1349166769138273e-07    6.4076748394969828e-07   -1.3617804171050822e-05   -2.1281650729909168e-05 
   5.2138973457623906e-04    3.7520623095710180e-04    9.9170181177256968e-06    6.0303572379072711e-06    3.4687705010500920e-07 
  -4.6818060426030490e-05    6.3899905268623538e-05    3.1655496818618628e-05    1.9963043539038465e-05    1.4445030998691420e-06 
   1.1831735913970376e-05   -1.7845127827313739e-05    4.2330852748290881e-05    1.7627555338247792e-05    1.6179095980832336e-06 
   9.5290579421306787e-08   -1.4288251933381965e-07   -1.0398365320332917e-06    2.4833599994607470e-06   -2.1234860663188983e-06 
   1.0315410830079384e-03    7.4232501364336178e-04    1.9620278135476566e-05    1.1930732086951049e-05    6.8627727821825567e-07 
  -9.2626972787353184e-05    1.2642246886290060e-04    6.2628669699398270e-05    3.9495790167658633e-05    2.8578704052514433e-06 
   2.3408442608638058e-05   -3.5305609728514221e-05    8.3749277733884069e-05    3.4875154454617750e-05    3.2009456810118307e-06 
   1.8852720139685764e-07   -2.8268525243655208e-07   -2.0572597258299052e-06    4.9131919818566259e-06   -4.2012010811512586e-06 
   3.5673445529908076e-04   -2.3903087381246619e-03    1.7606533075432347e-04   -3.0578470237506266e-05    3.5470847579530997e-06 
   3.5673445529908076e-04   -2.3903087381246619e-03    1.7606533075432347e-04   -3.0578470237506266e-05    3.5470847579530997e-06 
   3.5673445529908076e-04   -2.3903087381246619e-03    1.7606533075432347e-04   -3.0578470237506266e-05    3.5470847579530997e-06 
  -6.5900294617838586e-04   -4.3363756854106764e-04   -1.0607906557086782e-05   -6.6725214084496854e-06   -3.4045108177073133e-07 
  -6.5900294617838586e-04   -4.3363756854106764e-04   -1.0607906557086782e-05   -6.6725214084496854e-06   -3.4045108177073133e-07 
  -6.5900294617838586e-04   -4.3363756854106764e-04   -1.0607906557086782e-05   -6.6725214084496854e-06   -3.4045108177073133e-07 
   4.1115750714320758e-04    9.0920265631174021e-04   -4.2152298800119235e-05    1.4583401251436553e-05   -6.0471475253248763e-07 
   4.1115750714320758e-04    9.0920265631174021e-04   -4.2152298800119235e-05    1.4583401251436553e-05   -6.0471475253248763e-07 
   4.1115750714320758e-04    9.0920265631174021e-04   -4.2152298800119235e-05    1.4583401251436553e-05   -6.0471475253248763e-07 
   2.1148992613883532e-03   -1.7247589205253511e-03   -4.3979890229171596e-05    8.3196361738028405e-06    1.8613794117447336e-06 
   1.3580345004730763e-03    1.6651388175734163e-03    9.0977095294386050e-06    3.0690711082931530e-05    8.8549850824965165e-07 
   2.9594242545523194e-06   -4.6077242465480964e-06    3.2703274913687791e-04    2.2225796093646088e-05   -4.3751404893783125e-06 
  -5.3966895756663205e-07   -3.7958151330171006e-07   -3.5516106134099397e-06    4.6386688945453705e-05   -2.9795613554050274e-05 
   1.9247862172496768e-07    1.2259841912650742e-07    6.9218368324203809e-07   -1.4710518378187106e-05   -2.2989324141259857e-05 
  -3.7852222063751109e-04    3.0869535423310622e-04    7.8714698221662005e-06   -1.4890388478062570e-06   -3.3314753153775949e-07 
  -2.4305944221852420e-04   -2.9802461725001768e-04   -1.6282975159476367e-06   -5.4929879281480800e-06   -1.5848549755217547e-07 
  -5.2967432590915924e-07    8.2468514965754611e-07   -5.8531942719209281e-05   -3.9779472461873393e-06    7.8305757814365374e-07 
   9.6589325059933199e-08    6.7937059675168464e-08    6.3566315463421091e-07   -8.3022358692055091e-06    5.3327844089994364e-06 
  -3.4449600815858263e-08   -2.1942523079775406e-08   -1.2388623404115712e-07    2.6328715437656098e-06    4.1146026119431820e-06 
   1.3620035930165713e-03    9.8013482198900780e-04    2.5905792562890975e-05    1.5752838386583553e-05    9.0613174224075392e-07 
  -1.2230077097729353e-04    1.6692292693491404e-04    8.2692269422459901e-05    5.2148585260918440e-05    3.7734122512871702e-06 
   3.0907526093792886e-05   -4.6616046705245109e-05    1.1057903467448713e-04    4.6047691610777771e-05    4.2263944600987239e-06 
   2.4892341169304915e-07   -3.7324575419592612e-07   -2.7163194801491524e-06    6.4871726804674778e-06   -5.5470897492786355e-06 
  -1.0570495851421795e-03   -7.6068162542231943e-04   -2.0105458914931136e-05   -1.2225761640224504e-05   -7.0324791148190123e-07 
   9.4917502337707793e-05   -1.2954871159809227e-04   -6.4177385093295460e-05   -4.0472463287499369e-05   -2.9285413601291366e-06 
  -2.3987299154516516e-05    3.6178665815126291e-05   -8.5820274871086289e-05   -3.5737566011938884e-05   -3.2801003856384144e-06 
  -1.9318920332621485e-07    2.8967564524191628e-07    2.1081327496691470e-06   -5.0346880329781893e-06    4.3050906387367194e-06 
  -2.1522622949567728e-03    1.7552295091824751e-03    4.4756864407076052e-05   -8.4666156783655183e-06   -1.8942636170183828e-06 
  -1.3820263234192616e-03   -1.6945561230086797e-03   -9.2584349279244894e-06   -3.1232910935834910e-05   -9.0114223705156074e-07 
  -3.0117071551068576e-06    4.6891269681059927e-06   -3.3281029883253213e-04   -2.2618449862406027e-05    4.4524342517601119e-06 
   5.4920306150506707e-07    3.8628741985828674e-07    3.6143554206891661e-06   -4.7206183021525712e-05    3.0322000096301384e-05 
  -1.9587906038226434e-07   -1.2476431370734521e-07   -7.0441220053581555e-07    1.4970402904134808e-05    2.3395466838118763e-05 
  -1.8187651207950749e-03    1.4832533273345576e-03    3.7821702350353809e-05   -7.1546973261905402e-06   -1.6007438332665444e-06 
  -1.1678786916192716e-03   -1.4319813988191508e-03   -7.8238226630263606e-06   -2.6393311430536632e-05   -7.6150851755619488e-07 
  -2.5450373500444239e-06    3.9625377429854700e-06   -2.8124070415411548e-04   -1.9113677637057000e-05    3.7625210174010192e-06 
   4.6410299285540850e-07    3.2643144262037327e-07    3.0543041100100183e-06   -3.9891494343696628e-05    2.5623547974205201e-05 
  -1.6552722395972190e-07   -1.0543184379644204e-07   -5.9526217784843855e-07    1.2650710236428938e-05    1.9770294340794023e-05 
  -2.2365183528136167e-03   -1.6094594234917353e-03   -4.2539374204413889e-05   -2.5867414991519997e-05   -1.4879404738573008e-06 
   2.0082760446186570e-04   -2.7410073769956598e-04   -1.3578729097882023e-04   -8.5632129465234617e-05   -6.1962433843835110e-06 
  -5.0752618938203130e-05    7.6547260614039312e-05   -1.8157958007890125e-04   -7.5613976292170516e-05   -6.9400762411392450e-06 
  -4.0875206317441083e-07    6.1289924905417794e-07    4.4604128804121347e-06   -1.0652454099333711e-05    9.1087630697718779e-06 
   1.4101267087826500e-03    1.0147655246881659e-03    2.6821111333640250e-05    1.6309426980922647e-05    9.3814772439730014e-07 
  -1.2662197408585930e-04    1.7282074642532404e-04    8.5614001549144816e-05    5.3991129890327408e-05    3.9067366826858054e-06 
   3.1999569069215934e-05   -4.8263112413188623e-05    1.1448607846954475e-04    4.7674675860678490e-05    4.3757239265695001e-06 
   2.5771852076560369e-07   -3.8643349373674933e-07   -2.8122940851142967e-06    6.7163812989302644e-06   -5.7430828021149629e-06 
  -1.5656065493600516e-03   -1.1266530458728158e-03   -2.9778393178094620e-05   -1.8107695952859040e-05   -1.0415874066037784e-06 
   1.4058324736850001e-04   -1.9187587241884110e-04   -9.5053757018740838e-05   -5.9944163908943236e-05   -4.3374914459412685e-06 
  -3.5527824981567503e-05    5.3584578191430539e-05   -1.2710925418695494e-04   -5.2931260929403760e-05   -4.8581889804376566e-06 
  -2.8613443138761574e-07    4.2904145061448757e-07    3.1223761743953506e-06   -7.4569260224014067e-06    6.3763121374181096e-06 
2    104 5 
   1.0211311481088657e-01   -7.2357268042414239e-03    2.1250202002297638e-03   -5.0666195572655458e-04    1.6375220974138889e-04 
  -3.3773644465327863e-03    6.0489611596515509e-02   -3.9052219191316857e-02    1.2746150563176642e-02   -3.5826323966585624e-03 
   1.0407165929104950e-02   -4.2195535871698275e-02    1.9653036981890321e-02   -6.2911063395944015e-03    1.8499661058675046e-03 
  -8.2947773453579086e-03    4.4080820984537625e-02   -1.7279605121109408e-03   -1.6569342156669952e-03    7.5946868079095108e-04 
  -2.8536940757851036e-02   -9.0260900749325468e-03    1.5050921476050957e-02   -5.9828129618786901e-03    1.9437398829502879e-03 
  -7.9986174325135106e-03    1.6133429181373417e-02   -7.5377604084581372e-03    2.4153229587779179e-03   -7.3186672765480150e-04 
   8.6375245493901034e-03    9.9534016701174799e-05   -2.5812971687783136e-03    2.7200506078632709e-03   -1.2474874080258458e-03 
  -6.0990045111733509e-03    1.1013802587387929e-03    5.1469735929462294e-03   -1.7158854165940263e-03    6.0912568820311696e-04 
   7.5133943361786358e-03    5.1067984337508266e-04    5.7623688174570182e-03   -2.5304633974263750e-03    7.9337769422483490e-04 
  -9.1794052569814464e-03   -1.0438887658353624e-02    1.1114584404745071e-02   -3.9396123771869729e-03    1.4410724104678100e-03 
   2.9362697458466011e-03   -6.8543152101785456e-05    3.2707182050290698e-03    1.1696846861721380e-02   -5.5759386592296031e-03 
   2.8486561995984365e-05    7.5757729874017187e-04   -1.5574247014605272e-03   -1.7984742236277509e-03   -2.4360214453504505e-04 
  -7.8019858149227812e-04    1.5960883804587132e-03   -7.2408980601529685e-04   -1.8584394396282686e-03   -3.2827641234912583e-04 
   6.3118427125631246e-04   -2.8924403280228611e-03    2.1252672040943635e-03   -1.8211678077967774e-03   -1.2317153507886819e-04 
   5.1684892522574214e-05    2.6889338052864080e-04    7.7443284525526978e-04    7.5220138432563889e-05   -1.4952637598855158e-03 
   1.3618445887992104e-04   -1.5973648167974706e-04   -5.7213110952559229e-04    1.8249960849368082e-05    2.2764704162707250e-03 
  -1.4389698654174302e-03    4.0287285081757777e-04   -5.9281464847333576e-05    1.1484119168375606e-05   -2.3054542433962161e-06 
  -4.1619450812172060e-05   -1.3959824765769302e-04    5.7620739817273653e-05   -1.9274373311303506e-05    5.0317498258364283e-06 
  -2.9135389272195382e-06   -1.6161929131524133e-05   -3.6267718545691267e-05    1.3909717963558883e-05   -3.8879128542794979e-06 
  -8.4217530693668952e-04    2.3578642954786847e-04   -3.4695226810032526e-05    6.7212259394456481e-06   -1.3492962442945005e-06 
  -2.4358309791365618e-05   -8.1701639411911435e-05    3.3723266489291248e-05   -1.1280570670429234e-05    2.9448952030507877e-06 
  -1.7051854936457004e-06   -9.4589733629216067e-06   -2.1226140819321864e-05    8.1408383016865718e-06   -2.2754501536737147e-06 
  -7.1055918740953118e-04    1.9893745684747667e-04   -2.9273017109464340e-05    5.6708250676451922e-06   -1.1384266850663039e-06 
  -2.0551565296990489e-05   -6.8933213824231147e-05    2.8452955858544586e-05   -9.5176301929956173e-06    2.4846636148681326e-06 
  -1.4386971557674676e-06   -7.9807141946887319e-06   -1.7908895271791016e-05    6.8685787873778775e-06   -1.9198402029458149e-06 
  -8.1300909437693580e-04    2.2762067466731663e-04   -3.3493661825147087e-05    6.4884564640201020e-06   -1.3025674210399746e-06 
  -2.3514732883897937e-05   -7.8872148494829375e-05    3.2555362431152170e-05   -1.0889901982735455e-05    2.8429076017153865e-06 
  -1.6461315150359740e-06   -9.1313902274061419e-06   -2.0491037177763605e-05    7.8589048154327123e-06   -2.1966467711658963e-06 
   6.7415631083324974e-04   -5.4867568747084445e-04    9.7290791810650438e-05   -7.8038509499517785e-06   -3.2134871466856575e-07 
  -4.3860199020667165e-04   -5.1999331558590079e-04    1.0502783648234495e-04   -2.0771127486996910e-05    5.3724315856202781e-06 
  -1.5918237859416469e-06   -1.9774245785501415e-05   -9.7941690933329488e-05    3.1968922956822652e-05   -5.5874578948262868e-06 
  -1.5387584422574956e-07    4.0701507428779397e-07    4.1729717125668603e-06    1.0670580685878596e-05   -1.3491718094661808e-05 
  -2.9506894005841712e-08    1.7853605273676610e-07    1.7472411931391389e-06    6.4487829904487618e-06    5.6464754175705395e-06 
   1.7345669534762252e-03   -1.4117122399795786e-03    2.5032383386533507e-04   -2.0078877480075326e-05   -8.2681249444541066e-07 
  -1.1284986963944227e-03   -1.3379140812744461e-03    2.7023082248122911e-04   -5.3442963814809017e-05    1.3822969745266978e-05 
  -4.0956746832779380e-06   -5.0878042255590780e-05   -2.5199856135820728e-04    8.2254273093718675e-05   -1.4376220562745355e-05 
  -3.9591404848282934e-07    1.0472273063107225e-06    1.0736825739216336e-05    2.7454814758390334e-05   -3.4713445497072668e-05 
  -7.5919608583058069e-08    4.5936340297477686e-07    4.4955550881450632e-06    1.6592362461973287e-05    1.4528069389172101e-05 
   1.2547178147370563e-03    1.8794693286989554e-03   -2.4646931142664958e-04    3.7732797271530402e-05   -3.8645253458044763e-06 
   1.2547178147370563e-03    1.8794693286989554e-03   -2.4646931142664958e-04    3.7732797271530402e-05   -3.8645253458044763e-06 
   1.2547178147370563e-03    1.8794693286989554e-03   -2.4646931142664958e-04    3.7732797271530402e-05   -3.8645253458044763e-06 
   1.2547178147370563e-03    1.8794693286989554e-03   -2.4646931142664958e-04    3.7732797271530402e-05   -3.8645253458044763e-06 
   1.9474168098169843e-03   -1.5849443812191836e-03    2.8104123682872259e-04   -2.2542769795418184e-05   -9.2827120165227710e-07 
  -1.2669775166710938e-03   -1.5020904017242454e-03    3.0339102516392316e-04   -6.0000985197384849e-05    1.5519195491172189e-05 
  -4.5982576283796543e-06   -5.7121320419802627e-05   -2.8292147123820785e-04    9.2347749264427685e-05   -1.6140336081821144e-05 
  -4.4449692282732995e-07    1.1757332606399236e-06    1.2054348716099965e-05    3.0823813208103761e-05   -3.8973155318211012e-05 
  -8.5235753888354907e-08    5.1573218950990195e-07    5.0472076218025147e-06    1.8628422217007259e-05    1.6310818378017200e-05 
   6.2248161048202293e-04   -1.5767709840944493e-04    2.1885768751877851e-05   -4.0162783215732054e-06    7.9094262507959522e-07 
   6.2248161048202293e-04   -1.5767709840944493e-04    2.1885768751877851e-05   -4.0162783215732054e-06    7.9094262507959522e-07 
   6.2248161048202293e-04   -1.5767709840944493e-04    2.1885768751877851e-05   -4.0162783215732054e-06    7.9094262507959522e-07 
   6.2248161048202293e-04   -1.5767709840944493e-04    2.1885768751877851e-05   -4.0162783215732054e-06    7.9094262507959522e-07 
   1.0649096798875379e-03   -6.8678864922335913e-04    9.9337058826346817e-05   -1.9205166975396407e-05    3.7252619492683236e-06 
   1.0649096798875379e-03   -6.8678864922335913e-04    9.9337058826346817e-05   -1.9205166975396407e-05    3.7252619492683236e-06 
   1.0649096798875379e-03   -6.8678864922335913e-04    9.9337058826346817e-05   -1.9205166975396407e-05    3.7252619492683236e-06 
   1.0649096798875379e-03   -6.8678864922335913e-04    9.9337058826346817e-05   -1.9205166975396407e-05    3.7252619492683236e-06 
  -2.3316677137735259e-03    6.5280423279381471e-04   -9.6058076636393203e-05    1.8608555001435907e-05   -3.7356954819548891e-06 
  -6.7439028471646186e-05   -2.2620121156489981e-04    9.3367082872654461e-05   -3.1231671373567966e-05    8.1533108473296097e-06 
  -4.7210193991445792e-06   -2.6188351301810491e-05   -5.8767226762377296e-05    2.2538929454174121e-05   -6.2998684643467672e-06 
  -7.5911692452077667e-04    2.1253231692717895e-04   -3.1273457740506547e-05    6.0583542667854615e-06   -1.2162237562651259e-06 
  -2.1956004958877087e-05   -7.3643927490904350e-05    3.0397355670830438e-05   -1.0168039888658548e-05    2.6544589602221110e-06 
  -1.5370139174254791e-06   -8.5260951125521296e-06   -1.9132741847796584e-05    7.3379593104857233e-06   -2.0510370089572945e-06 
  -9.6104227430780060e-04    2.6906598262519966e-04   -3.9592207710793447e-05    7.6698784799053872e-06   -1.5397396725492477e-06 
  -2.7796309446944851e-05   -9.3233236249471083e-05    3.8483062204521371e-05   -1.2872741819078485e-05    3.3605459103668768e-06 
  -1.9458601213216607e-06   -1.0794039196405055e-05   -2.4222057426473840e-05    9.2898588830425785e-06   -2.5966135230381604e-06 
   2.1036806236135394e-03   -1.7121228323942078e-03    3.0359243145720291e-04   -2.4351637400962209e-05   -1.0027571552891504e-06 
  -1.3686418022783027e-03   -1.6226205181622817e-03    3.2773560225947407e-04   -6.4815559422701897e-05    1.6764480353806591e-05 
  -4.9672291142000090e-06   -6.1704825775665435e-05   -3.0562353885811794e-04    9.9757879146660582e-05   -1.7435462250697414e-05 
  -4.8016406097242955e-07    1.2700759624122884e-06    1.3021608777590556e-05    3.3297164872405960e-05   -4.2100423119848959e-05 
  -9.2075205980622006e-08    5.5711535844641680e-07    5.4522035672159790e-06    2.0123196363953028e-05    1.7619624316757886e-05 
   3.7651432184035389e-04   -3.0643376181265603e-04    5.4336621806035057e-05   -4.3584278615335306e-06   -1.7947231440755804e-07 
  -2.4495792481180425e-04   -2.9041474125986383e-04    5.8657738557150256e-05   -1.1600613765611667e-05    3.0004872795648253e-06 
  -8.8902891454413697e-07   -1.1043858259860016e-05   -5.4700147056520479e-05    1.7854549684741957e-05   -3.1205788424376377e-06 
  -8.5939207577336488e-08    2.2731672493706747e-07    2.3305924592979422e-06    5.9594880089761614e-06   -7.5350849754624634e-06 
  -1.6479513738428325e-08    9.9711861685537379e-08    9.7582908051873660e-07    3.6016263814891398e-06    3.1535399557516780e-06 
   6.9808401606114270e-05   -1.5409646624253614e-03    6.4568385253529787e-04   -1.4080701002187727e-04    3.1624997507472985e-05 
   6.9808401606114270e-05   -1.5409646624253614e-03    6.4568385253529787e-04   -1.4080701002187727e-04    3.1624997507472985e-05 
   6.9808401606114270e-05   -1.5409646624253614e-03    6.4568385253529787e-04   -1.4080701002187727e-04    3.1624997507472985e-05 
   6.9808401606114270e-05   -1.5409646624253614e-03    6.4568385253529787e-04   -1.4080701002187727e-04    3.1624997507472985e-05 
  -9.8630255161152045e-04    1.2872770571288893e-04   -7.2234914316815556e-04    4.1327305034610258e-04   -1.2216507229393685e-04 
  -9.8630255161152045e-04    1.2872770571288893e-04   -7.2234914316815556e-04    4.1327305034610258e-04   -1.2216507229393685e-04 
  -9.8630255161152045e-04    1.2872770571288893e-04   -7.2234914316815556e-04    4.1327305034610258e-04   -1.2216507229393685e-04 
  -9.8630255161152045e-04    1.2872770571288893e-04   -7.2234914316815556e-04    4.1327305034610258e-04   -1.2216507229393685e-04 
   2.1408454622383866e-03   -1.7423701846099387e-03    3.0895587094330275e-04   -2.4781847511802595e-05   -1.0204724431697876e-06 
  -1.3928210199532368e-03   -1.6512866707283878e-03    3.3352556896490870e-04   -6.5960628583526388e-05    1.7060651359987373e-05 
  -5.0549830566804904e-06   -6.2794938916693345e-05   -3.1102286106231546e-04    1.0152025953768886e-04   -1.7743487211151593e-05 
  -4.8864691699115286e-07    1.2925138589515786e-06    1.3251656049701549e-05    3.3885411845476537e-05   -4.2844193544752773e-05 
  -9.3701859823989832e-08    5.6695768059345409e-07    5.5485253488832626e-06    2.0478704389785286e-05    1.7930902790786856e-05 
   1.8091173482225550e-03   -1.4723865797897460e-03    2.6108256565811810e-04   -2.0941852667745606e-05   -8.6234827916595588e-07 
  -1.1770007292034295e-03   -1.3954166312312474e-03    2.8184514180642264e-04   -5.5739902564174192e-05    1.4417070681532942e-05 
  -4.2717037283251777e-06   -5.3064742588185772e-05   -2.6282927169032309e-04    8.5789500440475113e-05   -1.4994099806763630e-05 
  -4.1293013917962303e-07    1.0922363553521207e-06    1.1198286506456823e-05    2.8634802232395566e-05   -3.6205403509777562e-05 
  -7.9182576770887900e-08    4.7910649963366086e-07    4.6887706949300452e-06    1.7305489832949258e-05    1.5152474982564893e-05 
  -3.6511751855183643e-04    2.1816959899108417e-03   -2.3934285097312720e-04    1.5075101785598495e-03   -6.1101149391900168e-04 
  -3.6511751855183643e-04    2.1816959899108417e-03   -2.3934285097312720e-04    1.5075101785598495e-03   -6.1101149391900168e-04 
  -3.6511751855183643e-04    2.1816959899108417e-03   -2.3934285097312720e-04    1.5075101785598495e-03   -6.1101149391900168e-04 
  -3.6511751855183643e-04    2.1816959899108417e-03   -2.3934285097312720e-04    1.5075101785598495e-03   -6.1101149391900168e-04 
   7.5197802991507133e-04    1.1724501403736849e-05    1.4139017330935301e-03   -1.4573584282224337e-04    6.5864078794728343e-04 
   7.5197802991507133e-04    1.1724501403736849e-05    1.4139017330935301e-03   -1.4573584282224337e-04    6.5864078794728343e-04 
   7.5197802991507133e-04    1.1724501403736849e-05    1.4139017330935301e-03   -1.4573584282224337e-04    6.5864078794728343e-04 
   7.5197802991507133e-04    1.1724501403736849e-05    1.4139017330935301e-03   -1.4573584282224337e-04    6.5864078794728343e-04 
   5.1900671518107790e-04    1.8573465862842190e-03   -1.6875045409665594e-05   -4.2213255871897872e-05    3.5088620826696041e-05 
   5.1900671518107790e-04    1.8573465862842190e-03   -1.6875045409665594e-05   -4.2213255871897872e-05    3.5088620826696041e-05 
   5.1900671518107790e-04    1.8573465862842190e-03   -1.6875045409665594e-05   -4.2213255871897872e-05    3.5088620826696041e-05 
   5.1900671518107790e-04    1.8573465862842190e-03   -1.6875045409665594e-05   -4.2213255871897872e-05    3.5088620826696041e-05 
2    104 5 
  -2.8318630641815518e-05    7.1980278899188829e-02   -1.7682565558236702e-06    6.6702549522576864e-03   -2.8941275471021556e-06 
  -7.1469266217884003e-05   -3.2955680911725238e-02    1.6856579399689252e-06    6.8664070888662561e-03    5.4773614183588081e-06 
  -2.6602306335126403e-03   -3.4041336631439552e-02   -4.4234630478080680e-04   -6.6216514438162321e-03   -6.7075253837352495e-05 
   1.8136483012460840e-03    1.2284913978381476e-02    3.2860765913892722e-04    9.6651267339406249e-03    5.4538751561855439e-05 
   1.9466752191751163e-03   -1.5184862483941446e-02    3.6955079979691724e-04    6.6001550426889294e-02    8.9341577901307860e-05 
  -6.9504847527148694e-03   -2.6792084104872754e-02   -1.3480645595555676e-03   -4.4016006469787990e-02   -2.2276158371164025e-04 
   3.8416079094148151e-03    1.2254234638726391e-03    1.0926668610552550e-03   -8.6753173437736952e-04    1.6653162418061226e-04 
  -1.1184147529944554e-02    2.4429959357072225e-03   -2.8949788744464760e-03    8.3038252170384620e-04   -5.1479233661513044e-04 
   9.2239563598209510e-03   -4.9100852267163549e-04    1.2977039985518502e-03   -1.8988550957709019e-03    1.7933250535370423e-04 
   8.4475200548223932e-03   -2.1284819893894346e-04    1.7086559373372641e-03   -1.4311566397205017e-03    2.3236465712940979e-04 
   4.4235233527715600e-04    5.7988043416355318e-03    1.2042141177322548e-04   -7.7230644988593829e-05    1.9065559716355344e-05 
  -4.0983857679505085e-05    2.9833877202203049e-04   -1.4246061846258317e-03   -7.4573827965848031e-04   -2.4587900236951448e-04 
   8.9330211376708463e-04   -5.5990052581593236e-04   -1.7868073751300237e-03    1.0824369728194292e-03   -2.7900611916263326e-04 
   4.7201325095488374e-04    7.4078085723767594e-05   -2.7123206178599583e-03   -1.2141093269518558e-04   -4.4187546811927934e-04 
   9.0793832805034647e-06   -3.2899228104472808e-05    1.2687673363511560e-03    4.2541694775810992e-04    1.5623620703847791e-04 
   3.9102298855047546e-04   -9.2689304077011117e-04    2.8183295812254136e-04   -6.5199424277124639e-04    3.0359570518006439e-06 
   1.6104933167881797e-05    1.4946319299653271e-03    1.9072502619969030e-06    4.9037377332552009e-05    1.5089297397929384e-07 
   3.2804734992749835e-05    4.7092147819097548e-06    1.9594653107311472e-06   -1.5438468490547655e-04    1.4589542391152990e-07 
   4.1195558100543035e-05   -7.3770728752605935e-07    4.3124242463949855e-06    8.7862018043685873e-06    4.7710244734587525e-07 
   9.4256157545878741e-06    8.7475223396063127e-04    1.1162423296031776e-06    2.8699745073835935e-05    8.8312020793248231e-08 
   1.9199385911727518e-05    2.7561274907137491e-06    1.1468018470408272e-06   -9.0355588759238301e-05    8.5387141431004143e-08 
   2.4110221222519291e-05   -4.3175251701429147e-07    2.5239008130968510e-06    5.1422356918192211e-06    2.7923023941658368e-07 
   7.9525697515112690e-06    7.3804495504457281e-04    9.4179470253048083e-07    2.4214516111499562e-05    7.4510517247997846e-08 
   1.6198883937622581e-05    2.3253967363660235e-06    9.6757834365516194e-07   -7.6234714076579539e-05    7.2042741375458159e-08 
   2.0342248293234771e-05   -3.6427774018641150e-07    2.1294627093491485e-06    4.3386012206150247e-06    2.3559181845607352e-07 
   9.0991878596584649e-06    8.4445781736746815e-04    1.0775846287833549e-06    2.7705815593430059e-05    8.5253599169125618e-08 
   1.8534472839703334e-05    2.6606772921935250e-06    1.1070858091099913e-06   -8.7226394295796569e-05    8.2430014219681584e-08 
   2.3275236117581342e-05   -4.1680006521390387e-07    2.4364930881395912e-06    4.9641498016433573e-06    2.6955993865039507e-07 
   1.4339786801309200e-07   -9.4878428105998165e-04   -2.6028763729474609e-07    2.3153003549383375e-06   -7.0664997131313184e-09 
   1.4339786801309200e-07   -9.4878428105998165e-04   -2.6028763729474609e-07    2.3153003549383375e-06   -7.0664997131313184e-09 
   1.4339786801309200e-07   -9.4878428105998165e-04   -2.6028763729474609e-07    2.3153003549383375e-06   -7.0664997131313184e-09 
   1.4339786801309200e-07   -9.4878428105998165e-04   -2.6028763729474609e-07    2.3153003549383375e-06   -7.0664997131313184e-09 
   1.4339786801309200e-07   -9.4878428105998165e-04   -2.6028763729474609e-07    2.3153003549383375e-06   -7.0664997131313184e-09 
  -2.0858633415554172e-05    2.4410115038585949e-03   -2.1123062370030728e-06   -1.9185629087380184e-05   -2.5248277876643640e-07 
  -2.0858633415554172e-05    2.4410115038585949e-03   -2.1123062370030728e-06   -1.9185629087380184e-05   -2.5248277876643640e-07 
  -2.0858633415554172e-05    2.4410115038585949e-03   -2.1123062370030728e-06   -1.9185629087380184e-05   -2.5248277876643640e-07 
  -2.0858633415554172e-05    2.4410115038585949e-03   -2.1123062370030728e-06   -1.9185629087380184e-05   -2.5248277876643640e-07 
  -2.0858633415554172e-05    2.4410115038585949e-03   -2.1123062370030728e-06   -1.9185629087380184e-05   -2.5248277876643640e-07 
  -2.8600966513493155e-05   -2.2709406476891462e-03   -3.1340940364842404e-06   -9.9572061213733533e-05   -2.7751625308837177e-07 
   1.4823329171374179e-04    1.0031217043544352e-05    1.3555772788979694e-05   -2.7179022530042832e-04    1.1312554875505298e-06 
  -1.5618539234913420e-04    5.7549433759583916e-06   -1.7306468937458353e-05   -8.5840918766109611e-05   -1.7452744546303305e-06 
  -1.2902449747458856e-06    3.8797462276518695e-09    1.1994098438599261e-05   -9.9383851181546425e-08    1.4298349213327603e-06 
   3.4611611557294455e-06    2.7392922924320794e-03    8.5055239519649519e-07   -8.8856253019900825e-05    1.2637728090828319e-08 
   3.4611611557294455e-06    2.7392922924320794e-03    8.5055239519649519e-07   -8.8856253019900825e-05    1.2637728090828319e-08 
   3.4611611557294455e-06    2.7392922924320794e-03    8.5055239519649519e-07   -8.8856253019900825e-05    1.2637728090828319e-08 
   3.4611611557294455e-06    2.7392922924320794e-03    8.5055239519649519e-07   -8.8856253019900825e-05    1.2637728090828319e-08 
   3.4611611557294455e-06    2.7392922924320794e-03    8.5055239519649519e-07   -8.8856253019900825e-05    1.2637728090828319e-08 
  -8.0830045662188447e-06   -6.4179731885016821e-04   -8.8573567595731407e-07   -2.8140357602206495e-05   -7.8429697117228176e-08 
   4.1892653285774833e-05    2.8349522079769177e-06    3.8310374336564903e-06   -7.6811447302684049e-05    3.1970749195196588e-07 
  -4.4140020196140761e-05    1.6264217352325143e-06   -4.8910328740325962e-06   -2.4259758425560347e-05   -4.9323722607159931e-07 
  -3.6463998576732594e-07    1.0964666686730887e-09    3.3896879813882708e-06   -2.8087167002900736e-08    4.0408991747252377e-07 
  -1.5991782598044803e-05   -1.2697609052398562e-03   -1.7523796075087021e-06   -5.5674158949069628e-05   -1.5516886762269042e-07 
   8.2882324055740246e-05    5.6087979431912781e-06    7.5794981014918989e-06   -1.5196724884201197e-04    6.3252379290114236e-07 
  -8.7328616613684918e-05    3.2177864789627484e-06   -9.6766411252948740e-06   -4.7996605648848394e-05   -9.7584288416275205e-07 
  -7.2142027524215915e-07    2.1692993549334232e-09    6.7063123408482958e-06   -5.5568924256525677e-08    7.9946980820590893e-07 
   2.6095996589294189e-05    2.4218610124015411e-03    3.0904565584451811e-06    7.9458835269821825e-05    2.4450287953787366e-07 
   5.3155902204597253e-05    7.6306838163137861e-06    3.1750644062067677e-06   -2.5016075315154295e-04    2.3640498505028366e-07 
   6.6752164226909131e-05   -1.1953608660463339e-06    6.9877352021520090e-06    1.4236922930976051e-05    7.7308385628770792e-07 
   8.4960273525037150e-06    7.8848099688084592e-04    1.0061544636715064e-06    2.5869272152167768e-05    7.9602369091813252e-08 
   1.7305872858005517e-05    2.4843082041291308e-06    1.0337000906936148e-06   -8.1444392975218543e-05    7.6965951937601995e-08 
   2.1732383784235428e-05   -3.8917151829367499e-07    2.2749845634901757e-06    4.6350897626451365e-06    2.5169154074360893e-07 
   1.0755973402366133e-05    9.9821719950351378e-04    1.2737918795345537e-06    3.2750506991398682e-05    1.0077662526175357e-07 
   2.1909240688894769e-05    3.1451349975960685e-06    1.3086646523386552e-06   -1.0310862809959659e-04    9.7438920283687392e-08 
   2.7513204966832416e-05   -4.9269126923086640e-07    2.8801312001994465e-06    5.8680251529438371e-06    3.1864157276294802e-07 
  -1.7788731121042288e-05   -2.3964637591454489e-03   -1.7468950379881878e-05   -1.7383365480736618e-03   -3.4345658543395388e-06 
  -1.7788731121042288e-05   -2.3964637591454489e-03   -1.7468950379881878e-05   -1.7383365480736618e-03   -3.4345658543395388e-06 
  -1.7788731121042288e-05   -2.3964637591454489e-03   -1.7468950379881878e-05   -1.7383365480736618e-03   -3.4345658543395388e-06 
  -1.7788731121042288e-05   -2.3964637591454489e-03   -1.7468950379881878e-05   -1.7383365480736618e-03   -3.4345658543395388e-06 
  -1.7788731121042288e-05   -2.3964637591454489e-03   -1.7468950379881878e-05   -1.7383365480736618e-03   -3.4345658543395388e-06 
  -2.9165741431476235e-05    2.8015714990297866e-04   -2.6464491531194310e-05    4.4803848627811911e-04   -3.3195207371952304e-06 
  -2.9165741431476235e-05    2.8015714990297866e-04   -2.6464491531194310e-05    4.4803848627811911e-04   -3.3195207371952304e-06 
  -2.9165741431476235e-05    2.8015714990297866e-04   -2.6464491531194310e-05    4.4803848627811911e-04   -3.3195207371952304e-06 
  -2.9165741431476235e-05    2.8015714990297866e-04   -2.6464491531194310e-05    4.4803848627811911e-04   -3.3195207371952304e-06 
  -2.9165741431476235e-05    2.8015714990297866e-04   -2.6464491531194310e-05    4.4803848627811911e-04   -3.3195207371952304e-06 
  -2.1114879199735450e-05   -1.6765390576260249e-03   -2.3137685556799618e-06   -7.3509825033527028e-05   -2.0487846650775677e-07 
   1.0943434538962834e-04    7.4056216247391925e-06    1.0007651481404742e-05   -2.0065118331508161e-04    8.3515789413614234e-07 
  -1.1530504364806782e-04    4.2486303435707926e-06   -1.2776631195872698e-05   -6.3372705579219172e-05   -1.2884620267122155e-06 
  -9.5253308194925556e-07    2.8642519085447953e-09    8.8547336161272973e-06   -7.3370877558030540e-08    1.0555864126221499e-06 
  -1.6387235990306257e-05   -1.3011602351306632e-03   -1.7957133919739710e-06   -5.7050899464564432e-05   -1.5900596675148072e-07 
   8.4931882696586387e-05    5.7474953122647693e-06    7.7669280029114369e-06   -1.5572517662140547e-04    6.4816518109881709e-07 
  -8.9488125565839120e-05    3.2973576318894046e-06   -9.9159303061747105e-06   -4.9183491501285695e-05   -9.9997405131003074e-07 
  -7.3925994341808744e-07    2.2229429549185738e-09    6.8721496356272749e-06   -5.6943062472002018e-08    8.1923952716796478e-07 
   3.1549742958762660e-05    2.4335974047088888e-03    3.0557705010749242e-05    1.7758312179426325e-03    5.6538428189074443e-06 
   3.1549742958762660e-05    2.4335974047088888e-03    3.0557705010749242e-05    1.7758312179426325e-03    5.6538428189074443e-06 
   3.1549742958762660e-05    2.4335974047088888e-03    3.0557705010749242e-05    1.7758312179426325e-03    5.6538428189074443e-06 
   3.1549742958762660e-05    2.4335974047088888e-03    3.0557705010749242e-05    1.7758312179426325e-03    5.6538428189074443e-06 
   3.1549742958762660e-05    2.4335974047088888e-03    3.0557705010749242e-05    1.7758312179426325e-03    5.6538428189074443e-06 
   5.3389814873089895e-07    2.0271533056706349e-03    7.8372097178806141e-07    1.5405381656709513e-03    4.4028574083351757e-07 
   5.3389814873089895e-07    2.0271533056706349e-03    7.8372097178806141e-07    1.5405381656709513e-03    4.4028574083351757e-07 
   5.3389814873089895e-07    2.0271533056706349e-03    7.8372097178806141e-07    1.5405381656709513e-03    4.4028574083351757e-07 
   5.3389814873089895e-07    2.0271533056706349e-03    7.8372097178806141e-07    1.5405381656709513e-03    4.4028574083351757e-07 
   5.3389814873089895e-07    2.0271533056706349e-03    7.8372097178806141e-07    1.5405381656709513e-03    4.4028574083351757e-07 
  -3.4672312973168685e-05   -2.7530106314072179e-03   -3.7993922082688128e-06   -1.2070898611616270e-04   -3.3642675598678310e-07 
   1.7969990912430000e-04    1.2160620399715114e-05    1.6433360617758487e-05   -3.2948522037598571e-04    1.3713957637921798e-06 
  -1.8934006313428366e-04    6.9765893323904679e-06   -2.0980245796130295e-05   -1.0406302877767306e-04   -2.1157572450032716e-06 
  -1.5641351684860841e-06    4.7033297073423529e-09    1.4540177678887689e-05   -1.2048082329734316e-07    1.7333569433406048e-06 
  -2.1860922588552908e-05   -1.7357755262889297e-03   -2.3955199935115539e-06   -7.6107117609090417e-05   -2.1211735355055292e-07 
   1.1330094434646828e-04    7.6672814240190047e-06    1.0361247737138224e-05   -2.0774070949018244e-04    8.6466618635250452e-07 
  -1.1937906958481233e-04    4.3987454614157462e-06   -1.3228062679087585e-05   -6.5611827460126926e-05   -1.3339867284013939e-06 
  -9.8618854365926462e-07    2.9654533494843391e-09    9.1675942965774247e-06   -7.5963260759284655e-08    1.0928830155064400e-06 
  -2.4271296590955424e-05   -1.9271612368245037e-03   -2.6596487873081709e-06   -8.4498648979262369e-05   -2.3550530309319480e-07 
   1.2579344778927286e-04    8.5126719027921382e-06    1.1503673546336567e-05   -2.3064609252547983e-04    9.6000383223172942e-07 
  -1.3254174396841345e-04    4.8837488577927339e-06   -1.4686582019004168e-05   -7.2846153574195949e-05   -1.4810714141763848e-06 
  -1.0949251817162607e-06    3.2924226999305715e-09    1.0178408495636649e-05   -8.4338930547703371e-08    1.2133837307700937e-06 
 TENSORSUMACCUMULATOR_IMPL_H - PrettifyOut: Norm of simple tensor is 9.56134e-05 
 As simple full tensor 3    5 5 5 
  -2.1010679068658726e-08   -9.4521998420617326e-05   -7.3893411305809942e-09   -8.2789130232473327e-06    2.8205761614075256e-09 
   9.4637315964558365e-08    6.4431804051513558e-06    2.5149113059090304e-08    2.5841347286933813e-06    4.7528457114901840e-09 
  -2.4718589064786969e-08   -1.7257995539719191e-06   -9.7096050497210991e-09   -1.2591361368967304e-06   -2.2068265272866627e-09 
   8.3035515886845303e-09    3.5086817988862838e-07    2.9232769956267244e-09    4.0835991382856222e-07    6.8989523483440303e-10 
  -3.0225969954187029e-09   -1.0780871914421315e-07   -1.2519985911116219e-09   -1.3004837010322845e-07   -2.7825702584152270e-10 

  -3.2518595162254893e-07   -6.6526410924418404e-06   -6.7386870728018874e-08   -2.2932751680633604e-06   -1.0791045853204113e-08 
   6.3143097677230492e-09    1.8435911316367942e-06    1.7859250268160114e-08    1.2338877088567175e-06    3.4141649022485247e-09 
  -5.9945139405221382e-08   -2.3858887421410894e-06   -1.2799542326474180e-08   -5.3248641865897401e-07   -1.9359154334256831e-09 
   2.6137788766094374e-08    8.1737620304041964e-07    4.9807600059618832e-09    1.9261950173443337e-07    7.5166422425214805e-10 
  -7.9397872237795172e-09   -2.2987273313203734e-07   -1.5969040687862205e-09   -7.1717876071058025e-08   -2.3524237963019046e-10 

  -6.9829284831263689e-08   -3.9974047824594339e-06   -2.1575409300131084e-08   -2.3758849362567822e-06   -4.2994177887678023e-09 
  -4.7198352529084752e-09   -1.6435711349722178e-06    2.1165427067253868e-09    1.9976477706305628e-07    3.8093287096337498e-10 
   7.4619517377635681e-09    1.6914552727987803e-07   -1.5684576591333049e-09   -2.7480654967971634e-07   -4.2381095398534751e-10 
  -2.1385027963226483e-09    4.2242009075649136e-08    6.3589122989248240e-10    1.0930945106263086e-07    1.8743051288789503e-10 
   7.9120157791266321e-10   -3.2885297558831640e-08    2.4871818753191411e-10   -3.4052654779056392e-08   -1.0288819263126965e-12 

  -1.2136626333631259e-08   -2.6960225313139778e-07   -1.7198291547793340e-09   -8.2860960771838382e-08   -3.0675069368678434e-10 
  -9.4358489904418196e-09   -1.2626792505369257e-07   -1.0233868719097899e-09   -5.8917875777867653e-08   -1.5100075423265430e-10 
   5.0187219589273209e-10    5.8285556965153625e-08    1.3609207889741268e-10    2.0635827083652353e-08    6.3071593219516587e-11 
   4.7360337726989304e-10   -5.0162538254974522e-08   -6.5843870952654683e-11   -6.5173508457077150e-09   -3.1760305437145099e-11 
   1.2983189906758432e-10    1.8665123987176926e-08   -3.3143637766118806e-11    2.0654725225812291e-09   -5.9353422644750861e-12 

   6.3323647015518918e-10   -3.1449949826560492e-08    1.3473899513334696e-10   -4.9075647288780636e-08   -3.1627488920480126e-11 
  -1.9653731516036593e-10   -5.2523991914093824e-08   -5.3148294421050522e-10   -2.3256481331041795e-08   -9.4033773429733845e-11 
   2.2398092086691792e-09   -8.2018144777115409e-10    2.4492476815652835e-10   -6.4111060857626072e-09    4.1636290491292617e-11 
  -1.1763728279330884e-09   -3.0422787917535321e-09    2.5189609825555201e-10    2.9767757049690894e-09    2.9640860575389218e-11 
  -1.7006654347243468e-10    2.2547120396783355e-09    1.7500004856687136e-10   -6.1291195040855506e-10    5.4440032803753766e-11 
