2    109 5 
   2.0546795070121976e-03   -5.2169350219841403e-06    7.5288464693482016e-04   -2.0918592475917015e-06    1.0961778212050947e-04 
  -3.7151638809062904e-04   -2.1735210075482381e-04    6.8912004556041350e-04   -9.6924832628258925e-05    1.1220153445000046e-04 
   5.2633573209933337e-04    1.0580651126779639e-03    5.0175348525106911e-04    4.8189600579211440e-04    1.7307273541524349e-04 
  -5.7987714767522818e-04    2.4334604577742625e-04    6.9545355850554212e-04    8.3703469605829749e-05    1.1364470473210968e-04 
  -3.9434979763381655e-03   -6.8875447036949365e-04    1.7638285301321099e-03   -3.3816818130233428e-04   -9.4299121866343568e-05 
  -4.9826658892305250e-04    4.5796658733626141e-04   -7.7870433636746097e-05    1.7701695376665122e-04   -4.7720368217140857e-05 
  -4.5990475047465792e-04    2.2299507226835813e-04    1.0994842459621597e-04   -1.5850425667105798e-04    3.6733906975108176e-04 
   5.0182606217768306e-04    2.0391782621508227e-05    7.3377758961601944e-04   -1.9058709270181910e-05   -2.5649285545001924e-04 
   1.2190148313948176e-05    1.5527664765792610e-04   -1.2786439178918393e-04    1.3266936709652543e-05    7.5157407724928734e-04 
  -5.1804958747359072e-05    2.2028974806700387e-05    1.4019748625916878e-04   -1.6356215839567745e-04   -5.7437403245116103e-06 
  -1.6206668938992448e-04   -2.4868241872367597e-04    6.6654918041647431e-06   -1.6931222219022983e-04    1.9092536913603369e-04 
  -1.6909577359403886e-04    1.0614710890446459e-04   -1.5399750786759226e-05   -1.5416336299585960e-04   -3.2957663729556833e-05 
   3.8968299849297434e-05   -3.7953036883412293e-05   -8.3879670828464989e-05    6.0771253707919234e-05    6.8909477390813364e-06 
   4.1503548784462398e-05    1.4830056278651533e-04   -1.2100382926358150e-04   -3.3172861428523427e-04   -1.5686610777683189e-04 
  -1.4403917560400927e-05    6.4807473355221967e-05   -2.6448409098304943e-05    2.3170923300103535e-04   -4.0417126712399441e-04 
  -8.4833773010969219e-05    7.7351652215040096e-04   -1.6666684287757285e-04   -6.4115845980557476e-04    2.2749526697085585e-04 
  -7.0613966424999309e-05   -2.2050781531735166e-04   -7.5253651749895121e-05   -3.1060591296830134e-05    8.4383030385898816e-05 
  -8.9601752933490158e-05   -5.5024730077957097e-04   -3.0922555933704887e-05   -3.5061644002769673e-05    5.9871671240734006e-05 
  -3.8942738553003498e-05   -1.3774109129254889e-06   -4.0048538563209850e-05    6.2708123535433453e-05    5.6030465181624006e-05 
   2.1128391670409645e-05    3.6587989279603540e-04   -2.7545451763478468e-05    9.1768084756894380e-05   -8.3089974246947808e-05 
   2.5659472369815033e-05   -1.0908215014704120e-05    1.1576332893418061e-05   -2.1123969173717721e-05    8.5174342283787774e-05 
   6.5438706454535529e-05    2.1316286936304558e-02    6.7726639997865612e-05    9.2077489119129496e-03    9.9603336520451162e-06 
  -1.7951657340172943e-05    1.9802438272917000e-02   -1.5930826061999086e-05    1.4313853010309551e-02   -4.4526220665454339e-06 
  -1.0189301732246123e-02   -2.0662968914420969e-04   -1.1096934237633511e-02   -1.8205984965528749e-04   -2.8783261761700873e-03 
   2.3577892816995464e-03    1.6430612642618519e-04   -4.3029691408073591e-03    1.4111953439955807e-04   -1.0003342633993032e-02 
   2.5126542636044042e-04   -1.3849405030503713e-02    3.1123459360549692e-04   -2.5951113347856554e-02    1.1865249627400544e-04 
   6.0323248789845817e-03   -2.1622371175347710e-04    5.6445276389518852e-03   -1.2285583061607728e-04    1.3591850047961573e-03 
   5.2656970330485151e-03    3.0914367927019012e-04    6.5508763015492176e-03    2.8445027492675606e-04    2.5679475284493361e-03 
   4.3106491637888902e-03    5.9559496889685334e-04    5.5869467328134425e-03    4.6788527922680723e-04    1.1406177979750400e-03 
   1.1379478501862689e-04    2.2747086788898396e-03    2.9732798521249569e-04    5.3894839091696714e-03    1.8167277713950666e-04 
  -1.1455377651958644e-03   -6.1031697770189987e-04   -3.6389936265580291e-03   -8.9749206089507030e-04   -2.4261879957924387e-03 
  -1.7310764051058905e-03    3.7108598240262719e-04   -3.9756933503095849e-03    3.4558718806981532e-04   -3.5851075493841950e-03 
  -8.3116242514414324e-07   -2.1643873662330294e-04   -1.4594620626454386e-07    3.8126385021472604e-05    1.8370758854752235e-08 
   2.7566651220793402e-07   -1.7358645036255607e-04   -8.1706014032844992e-10   -4.3381229654489819e-06    1.8193009988878685e-08 
   1.3085217489537858e-04    1.6480966002264719e-06    2.3550176125064836e-05    2.7310799949341489e-07    2.0356200663583527e-06 
  -5.9230102181711721e-05   -1.3303378167327866e-06    2.9945292465749171e-05   -1.9396480362748458e-07    2.9319180542268596e-05 
  -3.0138113585222849e-06    4.5351253582013210e-05   -8.4473539666501606e-07    1.1305719955763523e-04   -1.4358180108064719e-07 
  -8.6546808895396040e-05    2.0591142187030209e-06   -2.7569185049057404e-06   -1.8493279458435262e-07   -4.3762768147990450e-06 
  -6.3297032047632059e-05   -2.4153698337363333e-06   -1.7473410093071084e-05   -4.8945159452010840e-07   -3.3612045538758731e-06 
  -4.4656767388232658e-05   -5.0394273084925513e-06   -2.3160627513488080e-05   -3.8914537934667548e-07    4.8927429553642011e-06 
  -1.6376934454635075e-07   -2.0711512750501140e-06   -1.8588353296535904e-06   -2.6348758396756144e-05    1.3463429901069074e-08 
  -3.0098071080982659e-06    3.1721366057950105e-06    2.4439250998861423e-05    3.2828209739007313e-06   -5.0018228773441268e-10 
   1.2710536652816332e-05   -2.8846095378835007e-06    1.5652045122770533e-05   -6.1578949075319629e-07    8.4224012113275835e-06 
   5.0558601543490794e-04    2.3805657747556672e-06    4.9176603805912533e-04    4.0804477202018140e-07   -1.3688632797859585e-04 
   4.0570684922460788e-04   -6.2108398506090421e-07    5.0874810911933190e-04   -6.6130176941997252e-08    1.7500973169088346e-05 
  -3.8682904140100628e-06   -3.7246295469414140e-04   -5.5920981520045895e-06   -8.5265675470260242e-05   -1.0116983013545448e-06 
   3.1173043920645740e-06    5.2618690229603890e-05    4.4213749975165804e-06   -2.0462386893378300e-04    7.1572453206479340e-07 
  -1.0670299294467114e-04    9.4366677159232758e-06   -4.9945389404003370e-04    3.2904517537011428e-06   -4.1258861664958174e-04 
  -4.8011404053608212e-06    2.0985758813780667e-04   -5.2608725365432236e-06    2.5458911101100004e-05    6.5483870364941059e-07 
   5.6550851386825946e-06    1.9752044029442510e-04    8.4860966660441282e-06    6.9825326032104244e-05    1.8080976493235627e-06 
   1.1784810130324027e-05    1.7014526633442754e-04    1.5634386252426066e-05    5.8258019622721969e-05    1.4665533288960374e-06 
   5.0071076911180441e-06    5.6777687702077781e-06    9.2190180333479930e-05    6.0431044753277357e-06    9.6074034356075373e-05 
  -7.4336869450540535e-06   -6.2603141480434868e-05   -1.9791394361593356e-05   -8.0017886878541191e-05   -1.1998008836123896e-05 
   6.7440060906516428e-06   -7.4334097693122740e-05    1.0232902360859961e-05   -8.2032364141237010e-05    2.2717153801120583e-06 
   1.8595074144371423e-04    6.0572397826761513e-02    1.9245213735764102e-04    2.6164755233774869e-02    2.8303301333001771e-05 
  -5.1011460546944992e-05    5.6270642846533270e-02   -4.5269062891665044e-05    4.0674269471274407e-02   -1.2652578565531538e-05 
  -2.8953937425723164e-02   -5.8715928205801049e-04   -3.1533067522869253e-02   -5.1734158367040014e-04   -8.1790566405455321e-03 
   6.6998981008996620e-03    4.6689257303581948e-04   -1.2227324552915166e-02    4.0100551302952572e-04   -2.8425515730493119e-02 
   7.1399627013343130e-04   -3.9354493288550903e-02    8.8440475949939836e-04   -7.3742728574203553e-02    3.3716313863306257e-04 
   1.7141464809605829e-02   -6.1442167329828516e-04    1.6039499501596475e-02   -3.4910734076956293e-04    3.8622624604693163e-03 
   1.4963013796637668e-02    8.7846321370775419e-04    1.8614981428849816e-02    8.0829439321584572e-04    7.2970841383526658e-03 
   1.2249148119502819e-02    1.6924436937558027e-03    1.5875877499121789e-02    1.3295436187032680e-03    3.2411815075335253e-03 
   3.2335945792790236e-04    6.4638161162597439e-03    8.4488771703703587e-04    1.5314766797924796e-02    5.1624167774007843e-04 
  -3.2551620948977748e-03   -1.7342777794393462e-03   -1.0340570583215067e-02   -2.5503149925378515e-03   -6.8942600051681473e-03 
  -4.9190297068112251e-03    1.0544785694240292e-03   -1.1297337100581886e-02    9.8202115134530567e-04   -1.0187447813116771e-02 
   1.1683858497144048e-02    5.5013771754472642e-05    1.1364485225014521e-02    9.4297255684221003e-06   -3.1633795980685604e-03 
   9.3756972561531565e-03   -1.4352963046360598e-05    1.1756933016683006e-02   -1.5282377403511671e-06    4.0443937891369278e-04 
  -8.9394398664832542e-05   -8.6074462608129610e-03   -1.2923079657169482e-04   -1.9704502427761229e-03   -2.3379878861284174e-05 
   7.2039459750637293e-05    1.2159935444790786e-03    1.0217592705636294e-04   -4.7287627758135159e-03    1.6540062225388651e-05 
  -2.4658567142425343e-03    2.1807701738461188e-04   -1.1542148013709515e-02    7.6040815030955469e-05   -9.5347317119113609e-03 
  -1.1095212962507020e-04    4.8497116009921480e-03   -1.2157632610864008e-04    5.8834363632614896e-04    1.5133018948934909e-05 
   1.3068639664179219e-04    4.5646058321222923e-03    1.9610976097480815e-04    1.6136309232649044e-03    4.1784298692563642e-05 
   2.7234150030825549e-04    3.9319782492407149e-03    3.6130342036044382e-04    1.3463158331430533e-03    3.3891367740061463e-05 
   1.1571193814105169e-04    1.3121060485335364e-04    2.1304723409250395e-03    1.3965334367971161e-04    2.2202264073711499e-03 
  -1.7178906007391472e-04   -1.4467295854789332e-03   -4.5736995115087887e-04   -1.8491762805684670e-03   -2.7726842358993911e-04 
   1.5585085516906679e-04   -1.7178265467098243e-03    2.3647763100514762e-04   -1.8957299164770978e-03    5.2498289582205259e-05 
   8.0013538876324728e-04    3.7674596676138455e-06    7.7826403031445979e-04    6.4576758914569462e-07   -2.1663493828900885e-04 
   6.4206761583190442e-04   -9.8292132430493186e-07    8.0513968671107718e-04   -1.0465695889739190e-07    2.7696865702145810e-05 
  -6.1219178532867724e-06   -5.8945615969568585e-04   -8.8499987979443890e-06   -1.3494060814136803e-04   -1.6011036479501969e-06 
   4.9334148601645660e-06    8.3273814697703899e-05    6.9972240024536329e-06   -3.2383569545279747e-04    1.1326985106944407e-06 
  -1.6886709310688674e-04    1.4934376270306401e-05   -7.9043075456364329e-04    5.2074361489006329e-06   -6.5295863236689131e-04 
  -7.5982369517198410e-06    3.3211852729969280e-04   -8.3258044402987392e-06    4.0291018955191472e-05    1.0363412055039321e-06 
   8.9496813752587126e-06    3.1259388008926243e-04    1.3430012001275187e-05    1.1050486501719946e-04    2.8614773181946957e-06 
   1.8650523050991848e-05    2.6927020263330602e-04    2.4742823852433595e-05    9.2198561187072480e-05    2.3209526809179336e-06 
   7.9241987252473453e-06    8.9855802644187557e-06    1.4589926052015125e-04    9.5637569099768781e-06    1.5204580918526002e-04 
  -1.1764478866387623e-05   -9.9075107730501151e-05   -3.1321663452376547e-05   -1.2663551022173804e-04   -1.8987929197802015e-05 
   1.0672996820379790e-05   -1.1764040210821342e-04    1.6194489283173555e-05   -1.2982360185903407e-04    3.5951941179817477e-06 
  -6.5273107903385320e-05   -2.1262344148865651e-02   -6.7555251624446119e-05   -9.1844478724856654e-03   -9.9351281290279824e-06 
   1.7906229051514109e-05   -1.9752326416113800e-02    1.5890511669227192e-05   -1.4277630513742767e-02    4.4413543046505440e-06 
   1.0163516784842487e-02    2.0610679407184651e-04    1.1068852444280245e-02    1.8159913077866229e-04    2.8710423120728865e-03 
  -2.3518226831813101e-03   -1.6389033494809138e-04    4.2920800891440777e-03   -1.4076241868468992e-04    9.9780282728664221e-03 
  -2.5062957652761497e-04    1.3814357861456489e-02   -3.1044698638400174e-04    2.5885441713987607e-02   -1.1835223542629170e-04 
  -6.0170595365878583e-03    2.1567653814124238e-04   -5.6302436524616091e-03    1.2254493285154838e-04   -1.3557454645036593e-03 
  -5.2523717115879730e-03   -3.0836136329608153e-04   -6.5342987179893347e-03   -2.8373044784039893e-04   -2.5614491055253375e-03 
  -4.2997406771344933e-03   -5.9408776208813997e-04   -5.5728084600016161e-03   -4.6670125331091752e-04   -1.1377313617204963e-03 
  -1.1350681704755115e-04   -2.2689523233332906e-03   -2.9657556991831798e-04   -5.3758453338499422e-03   -1.8121303778480781e-04 
   1.1426388785203451e-03    6.0877251552155377e-04    3.6297848248433820e-03    8.9522087625519217e-04    2.4200483081566453e-03 
   1.7266957600695311e-03   -3.7014691584145179e-04    3.9656324995639156e-03   -3.4471264850842909e-04    3.5760351112499207e-03 
   1.2585382362997181e-06    3.2772947575149448e-04    2.2099035696297221e-07   -5.7730609457094551e-05   -2.7816828274615154e-08 
  -4.1741161003627047e-07    2.6284295160110591e-04    1.2371846908038889e-09    6.5687445204715839e-06   -2.7547682633049390e-08 
  -1.9813511827156062e-04   -2.4955321917263901e-06   -3.5659452627260859e-05   -4.1353753442617185e-07   -3.0823165371637932e-06 
   8.9685657195939724e-05    2.0143848649839273e-06   -4.5342876945847652e-05    2.9369966023093594e-07   -4.4394824228273451e-05 
   4.5634844850414139e-06   -6.8670436692551144e-05    1.2790903006405273e-06   -1.7119013592027524e-04    2.1741019712896242e-07 
   1.3104835460492665e-04   -3.1178911591157996e-06    4.1744997702277022e-06    2.8002347807025287e-07    6.6265167161537289e-06 
   9.5843763705293026e-05    3.6573300219086398e-06    2.6458071317241778e-05    7.4112294767727738e-07    5.0895039562741351e-06 
   6.7618852305415862e-05    7.6306528843516265e-06    3.5069601825858482e-05    5.8924023099602301e-07   -7.4085448324303633e-06 
   2.4797798337621044e-07    3.1361175553134905e-06    2.8146307708124852e-06    3.9897039276757452e-05   -2.0386197462304466e-08 
   4.5574212871466422e-06   -4.8032190681221838e-06   -3.7005681342318932e-05   -4.9708162852335859e-06    7.5737126124831240e-10 
  -1.9246173668984353e-05    4.3678483174833727e-06   -2.3700177808060810e-05    9.3242258814819111e-07   -1.2753119781701572e-05 
2    109 5 
  -2.9461660280834322e-02   -8.0718958736678123e-04   -1.0310462285076205e-03    4.7213274679052097e-05    2.8254339218022721e-04 
  -4.1767776089632058e-02   -1.1776313846892317e-02   -3.7836071773303111e-03    2.3777829969118228e-03   -1.4915805925530788e-03 
  -9.4778441934296031e-03   -3.7813412482348104e-03   -1.6544463734491795e-03    2.2274711813585751e-04    1.1192252001568294e-04 
   2.7134530735158702e-02   -2.2479400337679891e-02   -5.9301256875022362e-03    3.8632197704925320e-03   -3.1078925053239625e-03 
  -2.9784530242992955e-03   -7.5106759654721645e-03   -2.1451017853953464e-03    1.8992356825931955e-03   -1.6690660426850830e-03 
   2.5061210681965793e-02   -1.5792553493705369e-02   -8.6256789029539910e-04    3.1729883322112167e-03   -3.8737622923088839e-03 
   3.5242394208640509e-05   -3.8623236027854040e-03    6.9570135997182366e-03   -5.0856246186797354e-03    3.6664528675189566e-03 
   1.9543622606781727e-04    1.5590697171271044e-03   -3.1614772179963122e-03    2.3171010618202930e-03   -1.1286378756999037e-03 
  -1.5798170315965106e-03    5.4936597854480500e-03   -2.7491168027770942e-03    1.5793832810762061e-03   -1.3347753533702925e-03 
  -1.4921678847532578e-03   -2.5335047836688063e-03    6.1101120853577738e-03   -4.7469413497039075e-03    4.4536313139153429e-03 
  -1.3752605670009710e-04    1.2977127746394428e-03    6.1448967150556349e-03    8.8969619852296449e-04   -2.3441281096149933e-03 
  -5.8419252454512655e-05    1.5270391843548719e-03    3.0516593665242228e-03    2.2561508599880935e-03   -4.2529460294610261e-03 
   6.1524056460389573e-04   -1.9562425001146619e-03    4.6555898967482624e-03    1.9100433546632130e-03   -1.0928701839244492e-02 
   1.2241965951609668e-03   -2.6950980596105222e-03    3.1417050494577095e-03    1.5252976381861373e-03   -1.7722171443382523e-03 
  -2.5850153488533026e-03    9.3760961489600472e-04   -9.2652921325574839e-05   -3.4572228528721564e-03    2.4884885009107587e-03 
  -1.3386885661008220e-03    1.1038636808971452e-03    1.8507690456894125e-03    1.4316122260838245e-03   -1.7356435709512022e-03 
   6.0407093147678205e-04    1.2078525570583549e-03   -1.0448315838423724e-03   -3.7333942088544876e-03   -2.5236116778383061e-03 
   1.7076894445343513e-04    2.5366726615288728e-04   -1.5241565174388985e-04   -1.2384099919496786e-03   -9.3928000142692782e-04 
  -1.0544656647829740e-03   -8.3295327934684177e-04    7.1553487631679754e-04    2.7057521995036259e-03    9.1074346177087977e-04 
  -1.5277852346715930e-03   -2.3034069626702040e-03   -3.0437572441351568e-04    4.4925286917903940e-03    2.8533103466725014e-03 
  -2.2609705184456156e-03   -1.3502471840474623e-03   -1.9878689800406609e-03   -2.1665853347953802e-03   -3.2837977260271435e-03 
  -5.2945530311211409e-05   -1.7487721159100932e-05   -1.0694363113426578e-05    2.6740979061648235e-06   -1.4780601577103098e-07 
   4.4562625044308281e-05   -1.5333695119720659e-06   -4.2625630834637697e-06    2.8773100434954042e-06   -1.4348860627108903e-06 
   3.3827840057155145e-05    3.6222643458764984e-06   -4.9506593766547606e-06    9.1818126748659785e-07   -5.6558746030230092e-08 
  -1.4547982890458684e-05   -1.1668057731645715e-05   -2.0041416295327449e-06    5.4417874454382076e-07    3.7965321050426295e-07 
   2.8094554738999229e-05    9.8403668633748439e-06    9.6396318895998001e-06   -3.5434676062943656e-06    1.2402762086928974e-06 
  -2.0085645387732248e-05    9.9482401533705009e-06   -7.0974596795326225e-09    8.2037982639022511e-07   -1.1209021641938770e-08 
   7.2253501335336470e-07   -9.3219330127683863e-06    1.3612562867838943e-05   -3.9966827359159178e-06    9.3105063232710245e-07 
   5.6442852737052927e-06    1.1551246701787862e-05    1.3696915546667330e-07    2.0230455696317019e-06   -1.7813929584104968e-06 
   1.6492909742730839e-07   -1.7513182439313734e-06   -1.1992761763762536e-06   -4.7902470002844249e-06    4.4132499225320070e-06 
   3.7365428258032625e-06   -2.4341071230567989e-06   -8.6681297444527977e-07   -3.1563169188106049e-06    3.3688031769402658e-06 
  -1.9840628433474274e-07   -5.5181079701237891e-07    2.2737140234447635e-06   -1.4931652808453025e-06   -4.9774973180877331e-06 
   9.3983542848982818e-05   -1.8810770086373173e-03   -7.1711343726047090e-04    5.2518023454283154e-04   -2.0029145506243265e-04 
  -6.7088694242232192e-04    1.3485323701874082e-03    3.7361471590966050e-05    1.7312329022462302e-04   -1.2205847791477137e-04 
  -3.5154571759790670e-04    8.5874498373235723e-04    3.3925575556492459e-04    1.8128056742404048e-04   -6.4541159334721568e-05 
  -2.0377294350839515e-04   -3.3462690088072075e-04   -4.9657478002728772e-04    1.1002157258383871e-04   -5.9474966983255736e-05 
  -1.8210654522945693e-05    1.1602573860405238e-03    4.0275099792337502e-04   -4.6363391866637347e-04    1.9831300251231255e-04 
   6.0927035745588734e-04   -8.8867224765311348e-04    3.1583612992234513e-04   -5.5316937297821338e-05   -3.7745150176939506e-05 
  -2.8376814714798986e-04    7.9945827950066064e-04   -5.6057136239771031e-04   -5.3629305332801385e-04    2.3591546067343371e-04 
   3.1397408906731788e-04   -5.2314455104316016e-05    3.8748475691304424e-04   -2.4972021695883267e-05   -3.8850260344139668e-05 
  -6.2604163857308783e-05    1.3680556806165136e-05    2.0985055189036414e-04   -1.4716243533850386e-05    9.9706133833314504e-05 
  -1.3406218252954286e-04    1.5530547071558175e-04    9.9771549498532956e-05   -2.7160951711073608e-05    4.9238211764118250e-05 
  -8.9718610636898672e-06    1.0161728894657111e-04   -3.6293252327196829e-05    2.0611024475073391e-04    2.5625337022258654e-04 
  -4.5054591013588639e-03    3.6096338123367799e-04   -3.8836024421110946e-03    1.6235769800733849e-03   -1.2567521449308565e-03 
   3.6710462629021335e-03   -2.1934665562313655e-03    2.0360940415144846e-03   -2.5496470910812941e-04   -4.3463062910556504e-04 
   2.4828312966043448e-03   -6.8082587916562043e-04    7.6442122255148521e-04   -1.0035238194186212e-03   -2.7344779074449789e-04 
  -8.6550593279186830e-04   -9.9305183966760823e-04   -3.0233035205194219e-04    1.1326278556980896e-03   -2.4691520844118234e-04 
   2.6316162483525194e-03   -2.1807979289636834e-04    2.7732037391425286e-03   -9.0326973869201007e-04    1.1875430104513146e-03 
  -2.2192071665685592e-03    2.3562628489387245e-03   -1.8964101015461992e-03   -3.7043837619722176e-04    2.2213075125420854e-04 
   1.3563650638963964e-03   -2.1599207004143308e-03    3.4091925162767285e-03    1.3012621322324414e-03    1.0601280508587844e-03 
  -5.3436444865573647e-05    1.2872632305760102e-03   -4.9650898060132410e-04   -6.9600226863010875e-04   -8.0753941622900262e-05 
   8.9747876597294434e-05    2.9578798985696630e-04   -1.7979986279786144e-04   -7.3190977407140061e-04    6.2138725559050963e-04 
   4.3121294904947284e-04   -1.5098470823957997e-04    2.3275022822328298e-04   -3.6105784609704764e-04    5.4114670050654258e-04 
   1.4883484077085285e-04   -2.0930797236307948e-04   -1.7439090295133134e-04   -8.1793518269645041e-04   -1.6106910733852549e-03 
   6.9068848389775773e-05   -1.3824103537768472e-03   -5.2700928029497576e-04    3.8595686965357156e-04   -1.4719492077143456e-04 
  -4.9303726065429013e-04    9.9104135683460420e-04    2.7457081726338409e-05    1.2722893735212128e-04   -8.9701220556545359e-05 
  -2.5835222992029970e-04    6.3109482031547604e-04    2.4932029200180563e-04    1.3322375011487546e-04   -4.7431533371254397e-05 
  -1.4975347932706727e-04   -2.4591852981334139e-04   -3.6493461680841709e-04    8.0855254931263881e-05   -4.3708370136185708e-05 
  -1.3383076421634746e-05    8.5267738436206250e-04    2.9598317717282729e-04   -3.4072625766173664e-04    1.4574094877710161e-04 
   4.4775500765196601e-04   -6.5308847571304851e-04    2.3210912370767346e-04   -4.0652618956376214e-05   -2.7739048518413767e-05 
  -2.0854224621756981e-04    5.8752480516198946e-04   -4.1196593858258191e-04   -3.9412372070631534e-04    1.7337513241270472e-04 
   2.3074070309260790e-04   -3.8446083842569691e-05    2.8476396097964113e-04   -1.8352029815162691e-05   -2.8551198010532783e-05 
  -4.6008028330844517e-05    1.0053891088688211e-05    1.5421993589150173e-04   -1.0815021041926293e-05    7.3274401373968069e-05 
  -9.8522786854439789e-05    1.1413455681484106e-04    7.3322475584902515e-05   -1.9960682466169317e-05    3.6185341393058205e-05 
  -6.5934534153266876e-06    7.4678916236521934e-05   -2.6672043493688799e-05    1.5147117053400264e-04    1.8832153631101884e-04 
  -8.3694856240256528e-04   -2.7644114616993747e-04   -1.6905358735632621e-04    4.2271413377730147e-05   -2.3364773510979463e-06 
   7.0443387285934261e-04   -2.4239088760344126e-05   -6.7381439450797364e-05    4.5483735649352901e-05   -2.2682289143925268e-05 
   5.3474130750230122e-04    5.7259770921237541e-05   -7.8258678756846662e-05    1.4514360085371492e-05   -8.9406529508816982e-07 
  -2.2997056209385475e-04   -1.8444548741186419e-04   -3.1680926526358309e-05    8.6022297870825266e-06    6.0014548324540356e-06 
   4.4411109043451157e-04    1.5555384659300388e-04    1.5238068265003429e-04   -5.6014173464235383e-05    1.9605949430405727e-05 
  -3.1750842674306925e-04    1.5725907826133945e-04   -1.1219471484332530e-07    1.2968341468778746e-05   -1.7718916958649018e-07 
   1.1421637240331205e-05   -1.4735858509660479e-04    2.1518369644962893e-04   -6.3178475133634826e-05    1.4717795509268144e-05 
   8.9223328538788754e-05    1.8259897037940391e-04    2.1651712068516399e-06    3.1979754876864339e-05   -2.8159776034956577e-05 
   2.6071543750485113e-06   -2.7684363117189655e-05   -1.8957832055734582e-05   -7.5722923481461282e-05    6.9763456074105080e-05 
   5.9066254092263641e-05   -3.8477704263259456e-05   -1.3702344061331384e-05   -4.9894200552110550e-05    5.3253125606342405e-05 
  -3.1363526528023951e-06   -8.7228751995317828e-06    3.5942253709633430e-05   -2.3603551194731717e-05   -7.8682925645453506e-05 
  -5.7316011103396134e-05   -1.8931275487024034e-05   -1.1577147898037233e-05    2.8948359640635459e-06   -1.6000692015520811e-07 
   4.8241124355972332e-05   -1.6599441625611543e-06   -4.6144237593744848e-06    3.1148226003503498e-06   -1.5533312258661184e-06 
   3.6620217890408934e-05    3.9212704499765933e-06   -5.3593201566514653e-06    9.9397413554753503e-07   -6.1227485991888984e-08 
  -1.5748871415213306e-05   -1.2631217830307748e-05   -2.1695769825305388e-06    5.8909892452056847e-07    4.1099234441126222e-07 
   3.0413668574105683e-05    1.0652657043709932e-05    1.0435352052748418e-05   -3.8359692966166355e-06    1.3426569633143724e-06 
  -2.1743649884990612e-05    1.0769434921857687e-05   -7.6833318205872648e-09    8.8809950456625203e-07   -1.2134289809002585e-08 
   7.8217792143229519e-07   -1.0091428170128436e-05    1.4736235521537891e-05   -4.3265958565722627e-06    1.0079058244692686e-06 
   6.1102026085462377e-06    1.2504764431031585e-05    1.4827551238802611e-07    2.1900413812104837e-06   -1.9284411353255853e-06 
   1.7854345633808841e-07   -1.8958838512850873e-06   -1.2982725120927600e-06   -5.1856662619577822e-06    4.7775493053913860e-06 
   4.0449822455873107e-06   -2.6350347247808500e-06   -9.3836555750491907e-07   -3.4168605829617667e-06    3.6468868884627587e-06 
  -2.1478407580527439e-07   -5.9736097802080408e-07    2.4614016980789743e-06   -1.6164212033213423e-06   -5.3883734825908378e-06 
  -5.2811546869538287e-05   -1.7443466902808783e-05   -1.0667300062626696e-05    2.6673308601321769e-06   -1.4743197931173801e-07 
   4.4449855300793956e-05   -1.5294891820676708e-06   -4.2517762829743935e-06    2.8700287508136208e-06   -1.4312549540609106e-06 
   3.3742235655639388e-05    3.6130978791160814e-06   -4.9381312864092452e-06    9.1585772694267414e-07   -5.6415619020163263e-08 
  -1.4511167907104885e-05   -1.1638530658758969e-05   -1.9990699683075801e-06    5.4280165113006569e-07    3.7869246379936421e-07 
   2.8023458933289489e-05    9.8154649271409198e-06    9.6152379313291243e-06   -3.5345005417932095e-06    1.2371375778379568e-06 
  -2.0034816849771520e-05    9.9230652340429461e-06   -7.0794989174170971e-09    8.1830378121751893e-07   -1.1180656201295380e-08 
   7.2070657330848480e-07   -9.2983430201711728e-06    1.3578115049254365e-05   -3.9865687696361215e-06    9.2869452469426022e-07 
   5.6300019005421417e-06    1.1522015229751909e-05    1.3662254266017925e-07    2.0179260702804332e-06   -1.7768849827959895e-06 
   1.6451172946488621e-07   -1.7468863750954659e-06   -1.1962412998024808e-06   -4.7781248480311585e-06    4.4020817954000502e-06 
   3.7270871670381614e-06   -2.4279473953549281e-06   -8.6461942600180514e-07   -3.1483295740563340e-06    3.3602781165373819e-06 
  -1.9790419933023922e-07   -5.5041439000121989e-07    2.2679601849535648e-06   -1.4893866913753599e-06   -4.9649013120098622e-06 
   1.4230898640280198e-04   -2.8483089095176482e-03   -1.0858463439322394e-03    7.9522291446991412e-04   -3.0327941564064635e-04 
  -1.0158506252568762e-03    2.0419348847181200e-03    5.6572384818168243e-05    2.6214163892685036e-04   -1.8481978596860164e-04 
  -5.3230718090710092e-04    1.3003034840877472e-03    5.1369783732603449e-04    2.7449331045216300e-04   -9.7727609406516171e-05 
  -3.0855105232191184e-04   -5.0668886960310679e-04   -7.5190880740076834e-04    1.6659361843814394e-04   -9.0056429148742618e-05 
  -2.7574399818659863e-05    1.7568506950105735e-03    6.0984172919815419e-04   -7.0203006853433215e-04    3.0028366161266676e-04 
   9.2255137853380659e-04   -1.3456190623822939e-03    4.7823606299726831e-04   -8.3760380159423903e-05   -5.7153347282650763e-05 
  -4.2967902858184992e-04    1.2105321206062442e-03   -8.4881182354916234e-04   -8.1204983894474973e-04    3.5722094600256713e-04 
   4.7541657845043316e-04   -7.9214050188263136e-05    5.8672573230652853e-04   -3.7812397662857318e-05   -5.8826694583575452e-05 
  -9.4794629283598741e-05    2.0714968956210032e-05    3.1775370911024914e-04   -2.2283195945530411e-05    1.5097407922534683e-04 
  -2.0299568129052666e-04    2.3516206614872988e-04    1.5107313100324224e-04   -4.1126854665919510e-05    7.4556031790559655e-05 
  -1.3585106662472326e-05    1.5386793211470960e-04   -5.4954897372230888e-05    3.1209017162548726e-04    3.8801641514275961e-04 
2    109 5 
   4.0629844810021042e-02    1.4442146416043610e-04    2.4140476097402740e-02   -5.7367542704385086e-04   -2.3628481922999861e-03 
   1.1516266156497292e-02    2.4916714944445578e-03   -7.7141844024656119e-03    2.8673104769078518e-03    9.5309740628062207e-05 
   6.2645061267956525e-03   -8.5380851911543553e-03   -2.6194444971022529e-03   -6.4892203385955513e-03    5.8021699472889229e-03 
   9.1241595742495001e-03    1.3605770612452692e-03    2.9402319855300787e-03    1.6719614693208795e-03   -5.7223521012427954e-03 
  -3.4210733582112122e-03   -1.8883779004636660e-03    5.1984559883777731e-03   -2.5054985976547422e-03    7.7076655341520132e-03 
  -8.0161792988736724e-03    6.9771317961425812e-04    1.0031919721182111e-03    3.6491772735340144e-03    6.6953356116019264e-03 
  -2.6953106043928637e-03   -8.3986443018171930e-04   -1.5457953934957310e-03    2.1917634571002511e-03   -6.4658384234228599e-03 
  -7.5359168155442213e-04   -1.1963727366098242e-03    1.1511450448668548e-02   -5.2466604609983499e-03    7.0661967644676006e-03 
  -4.4539383852542974e-03    4.9553001943801380e-05    1.5658322877763170e-03    7.4456554915899951e-04   -4.3829103169480922e-03 
   4.0548151272205334e-03   -4.5521496608496408e-03    2.3574530339961755e-03   -1.5346762569027533e-02    9.5129413503260516e-03 
  -9.5937619917047766e-03    7.6823672837169504e-04    3.0954954530641374e-04    1.0336521491472418e-03    7.8804968429052483e-04 
  -2.2402819791355788e-03    5.9272666395471353e-03    1.4701853896287895e-03    4.1823567369567889e-03    2.9509683671850489e-03 
  -9.6301196512197523e-04    2.8044044283062346e-03    3.5031155343908586e-03    1.8372348834732888e-03    2.9791321460855642e-04 
   7.2963257574369103e-04   -5.0281851520643092e-03    8.6857702916713674e-04    1.8854995309682179e-03    3.8450745934479362e-04 
   8.6792452368492274e-04   -4.4761903300457101e-03   -7.8194608315729593e-05    1.1988205709096945e-03   -1.8827333070027847e-04 
   1.1487498624641124e-03    3.4719018420760464e-03    5.2252246358989063e-04   -1.3167033232009233e-03   -1.2528861024833165e-03 
   1.6462589787452919e-03    9.2435852420819130e-05    3.3942729104634686e-04    1.8745389332920142e-03    8.1455842421799336e-04 
  -1.1652452372846072e-03    1.0009249552241860e-03   -2.1777719863739129e-03   -1.8012537296815566e-03    1.9478254001218148e-03 
   1.8136907123680094e-03    1.5374207696357673e-03   -5.2549453180654980e-04   -1.2281619210543866e-03   -1.8338089764147062e-03 
  -3.6409240072396876e-04    4.5405911945521461e-05    8.3664804708039411e-05    4.9448477990969307e-05   -5.7553884264111325e-04 
   8.2587020020823297e-05   -1.3352345556772015e-03    1.0219151668234322e-03   -2.7715694240506052e-03   -8.3397551239588422e-04 
  -4.8497769839684452e-04    8.2059408934688580e-07   -5.7130946579752445e-04   -1.3569252844344742e-06    1.1712886022263208e-05 
  -3.1120079540636521e-04   -4.4187629991352264e-06   -7.2534788268758610e-05   -9.2191703814282848e-07    3.3489902992484883e-04 
  -4.4390902901142805e-06    4.1090906223805493e-04   -6.2976595876917895e-06    5.0404197921606836e-04   -1.0707829714868565e-06 
   2.7563527144752259e-06    1.4642600166646795e-04    3.4312484945506792e-06   -9.0734270272033041e-06    1.2329252396515953e-07 
  -2.6891046138779974e-04    8.0141013328520254e-07   -3.3829518206590750e-04   -1.3354024210134172e-06   -1.7458866273919108e-05 
  -3.3258775620338283e-06   -2.5225901126174079e-04   -8.0877488339479096e-06   -2.2409032440613379e-05   -4.5593891298921398e-06 
   8.4066843621572679e-06   -1.9473838732898078e-04    1.1056542171618026e-05   -2.3020932399043373e-04    1.0698184512073327e-06 
   7.3301139957533545e-07    7.5714986381912835e-05   -1.8363172586863464e-07    4.4813474427839665e-05   -1.1994635153428783e-06 
   1.6240556662848044e-07   -2.2222238940031198e-06   -7.9900160907136401e-05   -6.1202633514593394e-06   -8.9169986139564186e-05 
  -4.0798800594763082e-07   -5.2742357702225313e-05   -8.4787908566447470e-06   -7.1649793785843701e-05   -8.8883595471724477e-06 
   1.3361202190931749e-06    4.9006924133664441e-05    1.3549034921359453e-06   -3.9898709111609868e-06   -2.7989483259511402e-07 
  -1.8752301371255757e-03    3.1729351097526874e-06   -2.2090432847326194e-03   -5.2467303045285264e-06    4.5289416264440302e-05 
  -1.2032988571898081e-03   -1.7085729039056541e-05   -2.8046531088177522e-04   -3.5647136343996251e-06    1.2949312017545810e-03 
  -1.7164327186509606e-05    1.5888340013859553e-03   -2.4350730128901758e-05    1.9489446894709918e-03   -4.1403233696943412e-06 
   1.0657800752112814e-05    5.6617541815103597e-04    1.3267374162189022e-05   -3.5083600472074945e-05    4.7672678019218534e-07 
  -1.0397777115312124e-03    3.0987578173223774e-06   -1.3080628712441860e-03   -5.1635093187846048e-06   -6.7507005590406829e-05 
  -1.2859943575409881e-05   -9.7539268680440854e-04   -3.1272345934783777e-05   -8.6647474956832597e-05   -1.7629478492556030e-05 
   3.2505552154936317e-05   -7.5298161952948490e-04    4.2751576332593037e-05   -8.9013466726653901e-04    4.1365939250167605e-06 
   2.8342851060658378e-06    2.9276196568369734e-04   -7.1003625036686095e-07    1.7327720032113135e-04   -4.6378836383380087e-06 
   6.2796251041110492e-07   -8.5925213288164557e-06   -3.0894449412731970e-04   -2.3664804220359187e-05   -3.4478749412339703e-04 
  -1.5775393525677712e-06   -2.0393527164900589e-04   -3.2784361411511161e-05   -2.7704336316946221e-04   -3.4368012689166694e-05 
   5.1662847795861671e-06    1.8949172584029937e-04    5.2389127783582656e-06   -1.5427361300493240e-05   -1.0822502293261960e-06 
   1.6697366764277064e-07   -3.8868729857392277e-05   -8.5695146756219383e-08    8.9010145113895600e-07    5.8689333897205055e-09 
  -2.9435339088125361e-07   -2.5068150133466824e-05   -5.2284160641784885e-08    1.7751430336835678e-05    1.1495587308531157e-09 
   7.3763057205250008e-06   -3.5500729739476171e-07    2.1089196441123636e-05   -5.3269522428133293e-08    7.3581906317977497e-06 
   1.2806446816933055e-05    2.2155340400586126e-07   -8.4006993359542266e-07    4.9111079731140168e-09    2.3761765357755028e-07 
   1.5891342317395004e-07   -2.1542652951221854e-05   -7.9126684347780263e-08   -7.6347427187817986e-07    9.2110190662945488e-10 
  -1.3930067536368971e-05   -2.6551093091679446e-07   -5.2821948859467177e-06   -2.3709482391755846e-07    3.6489754206562175e-06 
  -1.9129277734924787e-06    6.7321110736244097e-07   -1.1311953753165590e-05    5.1291126075610449e-08   -1.8471632888302449e-06 
   7.9983820675467528e-06    5.9656577637961992e-08   -1.5997531156595324e-06   -6.3108697724977245e-08    3.7692419236719216e-06 
  -6.8103575010628033e-08    4.7552597278481407e-08   -8.9010116103834181e-08   -4.6795321684237008e-06   -2.4074512688008029e-07 
  -3.1474793224392697e-06   -2.9421262507133535e-08   -8.7773926627748419e-07   -4.6640016335314503e-07   -2.9551179234444646e-06 
   3.8897723606680177e-06    1.0739667333119393e-07    4.8165888396034026e-08   -1.5469174152986396e-08   -2.6679065141677796e-07 
   6.9363814137565476e-07   -1.6146757699300802e-04   -3.5599279311555315e-07    3.6976388248517350e-06    2.4380587105583106e-08 
  -1.2227960362906623e-06   -1.0413752846050422e-04   -2.1719764872472708e-07    7.3742580608249724e-05    4.7754702446678597e-09 
   3.0642478316700601e-05   -1.4747630893903912e-06    8.7608251223320513e-05   -2.2129101582694333e-07    3.0567225034832776e-05 
   5.3200244644133367e-05    9.2037201757380726e-07   -3.4897990538924821e-06    2.0401610952536662e-08    9.8710575093912019e-07 
   6.6015446055750642e-07   -8.9491989751075342e-05   -3.2870623876835438e-07   -3.1716071306926265e-06    3.8264201987761124e-09 
  -5.7867963802750350e-05   -1.1029793573802414e-06   -2.1943171607817918e-05   -9.8493382407943916e-07    1.5158489146471193e-05 
  -7.9466402344947328e-06    2.7966379840405201e-06   -4.6991856185731116e-05    2.1307240753833432e-07   -7.6734429360606247e-06 
   3.3226693464115832e-05    2.4782397259284266e-07   -6.6456573271182793e-06   -2.6216468987340058e-07    1.5658097466748598e-05 
  -2.8291429336315954e-07    1.9754189783025326e-07   -3.6976376197224854e-07   -1.9439604110256480e-05   -1.0000978280695695e-06 
  -1.3075185674821017e-05   -1.2222112702246152e-07   -3.6462841229295199e-06   -1.9375087522046428e-06   -1.2276082408091316e-05 
   1.6158802215452053e-05    4.4614477199335238e-07    2.0008961758095984e-07   -6.4261684848714958e-08   -1.1082955426304091e-06 
  -7.6663957294350266e-03    1.2971728479400780e-05   -9.0311048595723316e-03   -2.1449906336184933e-05    1.8515412085394589e-04 
  -4.9193776472334066e-03   -6.9850605291618955e-05   -1.1466102314751367e-03   -1.4573414133216883e-05    5.2939929017249412e-03 
  -7.0171933586235272e-05    6.4955388471291241e-03   -9.9551692228555519e-05    7.9677587024962193e-03   -1.6926646373420117e-05 
   4.3571675045928268e-05    2.3146624629644202e-03    5.4240244226093764e-05   -1.4343026997454270e-04    1.9489747308428290e-06 
  -4.2508635337225311e-03    1.2668473712612281e-05   -5.3476783523277007e-03   -2.1109678757139874e-05   -2.7598501598237934e-04 
  -5.2574569145107347e-05   -3.9876419328998460e-03   -1.2784893681974058e-04   -3.5423589821013333e-04   -7.2073584970572347e-05 
   1.3289058302226053e-04   -3.0783715331881662e-03    1.7477881553524695e-04   -3.6390864655228622e-03    1.6911399498818796e-05 
   1.1587245108193012e-05    1.1968819394609601e-03   -2.9028004455498152e-06    7.0839923177995587e-04   -1.8960793459235068e-05 
   2.5672630856073999e-06   -3.5128311728869463e-05   -1.2630400416029264e-03   -9.6747460709527061e-05   -1.4095749210611193e-03 
  -6.4493635826904240e-06   -8.3373686498427557e-04   -1.3403042290197187e-04   -1.1326204790662730e-03   -1.4050477351716770e-04 
   2.1121025514220541e-05    7.7468814572920967e-04    2.1417946392677257e-05   -6.3070795658097097e-05   -4.4245014902567220e-06 
   1.7665420177095988e-05   -1.0844652983786266e-02   -7.4901047982386603e-06   -7.1473453614286269e-03   -1.7429941880260691e-05 
  -5.8371360095308769e-05   -3.6395703487874806e-03   -6.1477217758671671e-05    3.7856509752750627e-03   -1.3638881655708618e-05 
   4.2800314360913784e-03   -1.1161775159234232e-04    1.1052840645664259e-02   -9.6101470695749853e-05    9.5438823208733106e-03 
   2.1183059806905860e-03    6.3574215531985202e-05    1.5378779689460341e-03    4.5651988958218717e-05   -3.5801867383788714e-05 
   1.6912777518451302e-05   -6.2559993054736793e-03   -7.6247280338967482e-06   -4.5756051617658992e-03   -1.8638265132244125e-05 
  -3.1676535528604821e-03   -1.2121803822548494e-04   -3.1133557468465529e-03   -1.6766432811089488e-04    7.9438187048026256e-04 
  -1.9335341651572590e-03    2.0113797236785897e-04   -5.1211405329648603e-03    1.5676581795953694e-04   -3.8845066905046472e-03 
   1.1807307230817798e-03    4.4976023230409049e-06    1.4384532669687721e-03   -1.9274959772208471e-05    1.8318966658656976e-03 
  -2.5064555965178543e-05   -9.0039613078111318e-04   -1.0360048342528347e-04   -2.2777941806051420e-03   -1.6300619124418888e-04 
  -6.8090650741431933e-04   -9.9358804766202225e-05   -1.5156553792035660e-03   -2.3357171459103260e-04   -1.9555308908555855e-03 
   6.8529759417321667e-04    2.7358485171395573e-05    5.0110331283825837e-04    1.3402525986554469e-05   -1.3432625012222289e-04 
  -4.8375041857201371e-04    8.1851750196243509e-07   -5.6986371564565980e-04   -1.3534914625682437e-06    1.1683245507342244e-05 
  -3.1041327371426252e-04   -4.4075809206654860e-06   -7.2351232442305379e-05   -9.1958404389418439e-07    3.3405153771202988e-04 
  -4.4278567716006078e-06    4.0986921978016058e-04   -6.2817227918738057e-06    5.0276645550847412e-04   -1.0680732585618657e-06 
   2.7493775152283835e-06    1.4605545745738382e-04    3.4225654106372053e-06   -9.0504659014250020e-06    1.2298052110870841e-07 
  -2.6822995920174433e-04    7.9938209263251441e-07   -3.3743909558366428e-04   -1.3320230646950593e-06   -1.7414685037517458e-05 
  -3.3174611287725991e-06   -2.5162064707267250e-04   -8.0672820557743673e-06   -2.2352324362078516e-05   -4.5478511843099675e-06 
   8.3854104888523669e-06   -1.9424558426880091e-04    1.1028562594032348e-05   -2.2962675852452601e-04    1.0671111790879370e-06 
   7.3115644808984730e-07    7.5523382777188271e-05   -1.8316702921742281e-07    4.4700069887326431e-05   -1.1964281646909472e-06 
   1.6199458468844026e-07   -2.2166003559303744e-06   -7.9697966340651764e-05   -6.1047754728234206e-06   -8.8944333443922126e-05 
  -4.0695555548624330e-07   -5.2608888407171283e-05   -8.4573345113494526e-06   -7.1468477517781611e-05   -8.8658667513508109e-06 
   1.3327390463220101e-06    4.8882907690299975e-05    1.3514747865975503e-06   -3.9797741828183559e-06   -2.7918653346660999e-07 
  -2.8394556323029303e-03    4.8044281552177644e-06   -3.3449123244412549e-03   -7.9445491086251406e-06    6.8576803214615454e-05 
  -1.8220236811192407e-03   -2.5871048353731768e-05   -4.2467790533142429e-04   -5.3976554697751479e-06    1.9607725054498855e-03 
  -2.5990060920805954e-05    2.4057973283988679e-03   -3.6871643883232119e-05    2.9510735061286562e-03   -6.2692382544867239e-06 
   1.6137940498298745e-05    8.5729743145268687e-04    2.0089331727807689e-05   -5.3123254042086656e-05    7.2185515488848735e-07 
  -1.5744215181374530e-03    4.6921096047580988e-06   -1.9806563544535892e-03   -7.8185366837935978e-06   -1.0221846558919180e-04 
  -1.9472404209686721e-05   -1.4769303262687483e-03   -4.7352288682794964e-05   -1.3120078219739587e-04   -2.6694388602874416e-05 
   4.9219597808367456e-05   -1.1401576042665755e-03    6.4734030135353421e-05   -1.3478334442471763e-03    6.2635911648386500e-06 
   4.2916475416222602e-06    4.4329738303954333e-04   -1.0751301348717747e-06    2.6237468813065034e-04   -7.0226392793742702e-06 
   9.5085485869753556e-07   -1.3010714045044764e-05   -4.6780081364490843e-04   -3.5833021398559839e-05   -5.2207394322115327e-04 
  -2.3886950786180302e-06   -3.0879684804800071e-04   -4.9641768132023368e-05   -4.1949642466256775e-04   -5.2039717829459144e-05 
   7.8227392601330089e-06    2.8692656840337977e-04    7.9327118848757158e-06   -2.3359963702057521e-05   -1.6387330004901796e-06 
 TENSORSUMACCUMULATOR_IMPL_H - PrettifyOut: Norm of simple tensor is 2.99909e-06 
 As simple full tensor 3    5 5 5 
  -2.3483863756830381e-06    1.9454435604100695e-08   -1.4770475831723023e-06    9.2016419556352005e-09    2.4786044532325024e-07 
  -5.0218700819108175e-08   -9.6618221536180345e-09    1.6713886962196073e-07   -1.4518052962386629e-09    1.9068943175339268e-07 
  -3.7723609733488729e-08    1.1209597769503858e-09    3.8397667943005818e-10    1.0017953330840046e-09    4.9614531215810281e-08 
   1.7859907159645285e-09   -8.1899992395408661e-10   -3.4106060845803896e-08    4.2693477604692555e-10   -5.7976696142948013e-08 
   9.7099580210944858e-09    7.8899868676595259e-11    4.6820082815026489e-08   -4.4921585481381721e-11    5.8524648972439255e-08 

   9.3784755393213761e-09    9.5624717054542546e-08    1.1322195465276822e-09    1.0245927267563856e-07   -1.1404576245627760e-09 
  -2.3440212000189188e-09    3.1487691821861730e-08   -9.9419450166127035e-11   -1.4792197294095586e-08    9.0904046457330033e-10 
  -8.6893876723261225e-10    2.0329698025796816e-08   -7.0350694496355021e-10    7.9698054907967410e-09   -1.9245980293075306e-09 
   6.3768537047509465e-10    2.6508589783201468e-09    2.2942193809954396e-09    6.4789445249366625e-09    1.5763458184369562e-09 
   5.7263310744936430e-10   -7.9386051381562244e-09   -3.0088567169591420e-09   -9.7763418187911554e-09   -1.4560662809761482e-11 

  -1.0042657641483214e-06    1.0763869664240169e-09   -1.6902326163698139e-07    9.5070486519463611e-10   -9.7921507613100625e-08 
  -2.0236115288509336e-07   -4.1663895721834488e-10   -1.1775740752868348e-08    1.9887086902683736e-11   -6.4128278618689936e-09 
  -6.4757835927433487e-08   -2.3872758559422558e-11   -2.8135963149107249e-08    1.3082758167195220e-09   -2.6965686793021022e-08 
   2.5396675012014552e-08    6.2351474851389467e-10    2.2457870777446163e-08   -6.5955584942851763e-10    2.3232809530941125e-08 
  -1.1303399618481204e-08    8.9280231278628801e-10   -1.1673520034131664e-08   -4.5981741377183147e-10   -1.2848484696717490e-08 

   3.2506604037804740e-09    5.8281846719989886e-08   -4.4039449387410237e-10    4.2548264764541113e-08   -3.1577082930089653e-10 
   6.2635453615031629e-10    5.9375601167703412e-09    2.5170664573260450e-10   -5.1180263635292404e-09    1.0668470393137872e-09 
   1.3088866046211871e-09    1.3686118279215179e-08   -6.3544840337186344e-11    1.2499924519908762e-08   -6.7119852525389661e-11 
  -1.5462966666960838e-10   -6.6447510294813103e-09   -1.3532311300129821e-09   -8.9251642700980147e-09   -1.0888299599147742e-09 
  -4.5849621469653024e-10    4.4703970334222373e-09   -5.3446238243561427e-10    7.3329229942309062e-09   -7.7876743199435160e-10 

  -1.5628758842110295e-07   -4.6637416573928800e-11   -3.2580989651257149e-08    3.5307547522632881e-10   -1.7348079192485024e-08 
  -7.0919867544274834e-08    2.2454250492032159e-10    1.0696092359759941e-08   -3.5076584964564641e-10    1.0335983404298444e-08 
  -2.5160037504864062e-08    1.4865127465205685e-09    5.3163697501194935e-09   -7.3316574664682047e-10    2.4804978687915959e-09 
   8.0742593985212707e-09   -4.6096409416205696e-10   -5.6681638690462199e-09    1.1619437055809303e-09   -2.7449715547178850e-09 
  -1.6482811625307821e-09   -2.5456842308983094e-10    1.9312271589506183e-09    3.7589393483121249e-10    2.6021425242816779e-09 
