2    101 5 
   3.0767762691412080e-05    3.0278367833378858e-03    1.7581016639566309e-06    8.5377391779488116e-05    1.1263265033711230e-07 
  -1.1320791390678142e-05   -6.6576845910167818e-06    2.4544991716702254e-06    2.4013793657523094e-04    2.8205276608786600e-07 
   3.5332165651937961e-05   -4.0589168433290381e-07    7.1350097918880987e-07    1.6469803254516278e-06    1.1357242885757524e-07 
  -1.5994229561449212e-05   -1.5739823877679391e-03   -9.1392675794190659e-07   -4.4382349707217146e-05   -5.8550648731733816e-08 
   5.8849692171580504e-06    3.4609125390247351e-06   -1.2759401326583354e-06   -1.2483264781124390e-04   -1.4662153808506330e-07 
  -1.8366976305949625e-05    2.1099762246007481e-07   -3.7090439652441539e-07   -8.5616174541726801e-07   -5.9039180626105157e-08 
   8.8232312559439734e-06    8.6828881295618180e-04    5.0416852561330410e-07    2.4483563502978280e-05    3.2299518520779656e-08 
  -3.2464486105820445e-06   -1.9092155437116661e-06    7.0387353238440480e-07    6.8864043478854181e-05    8.0883904576738627e-08 
   1.0132159151350424e-05   -1.1639702995802909e-07    2.0460974702208391e-07    4.7230240401931060e-07    3.2569017583762475e-08 
  -2.9447662100196851e-05   -2.8979264883360581e-03   -1.6826697559143398e-06   -8.1714247777276490e-05   -1.0780011084467588e-07 
   1.0835069254891197e-05    6.3720345275762269e-06   -2.3491881082641243e-06   -2.2983474244228050e-04   -2.6995120293552113e-07 
  -3.3816227907817987e-05    3.8847677321859098e-07   -6.8288799397091821e-07   -1.5763161135895347e-06   -1.0869956787043291e-07 
   6.5856340722866326e-06    4.7325377106600111e-03    1.3996247927281619e-06    2.1157226922354936e-04    1.0896679353020362e-07 
   6.2101930589596869e-06    3.3720885556053105e-05   -1.2338161347143129e-07   -7.5447523860171803e-04   -4.5516588315487051e-07 
   9.3834431988201690e-05   -1.6777406025704073e-07    1.0409817625267551e-05    7.6328424814710474e-07   -1.9992051300511318e-07 
   5.2611074071936527e-06    3.7807125222995537e-03    1.1181271664183532e-06    1.6902008531766152e-04    8.7050995893071542e-08 
   4.9611764552917273e-06    2.6938818468922504e-05   -9.8566654846139302e-08   -6.0273243590248092e-04   -3.6362126608963891e-07 
   7.4962109914425616e-05   -1.3403073135625832e-07    8.3161572621076650e-06    6.0976974542508276e-07   -1.5971177266700969e-07 
   2.4120321600487490e-06    1.7333233264191909e-03    5.1262186374253150e-07    7.7489746915820158e-05    3.9909810883401244e-08 
   2.2745243986994376e-06    1.2350497998180210e-05   -4.5189334297231130e-08   -2.7633156040750506e-04   -1.6670752372145388e-07 
   3.4367483098990910e-05   -6.1448362377873374e-08    3.8126647513030541e-06    2.7955791858174108e-07   -7.3222213917261399e-08 
  -5.3810557442461931e-06   -3.8669092380905060e-03   -1.1436194219160776e-06   -1.7287358546377358e-04   -8.9035677327604574e-08 
  -5.0742866466599521e-06   -2.7552998379617602e-05    1.0081388255364825e-07    6.1647417272299822e-04    3.7191149147541117e-07 
  -7.6671176034971009e-05    1.3708650689852093e-07   -8.5057578836219311e-06   -6.2367192633260080e-07    1.6335305197503656e-07 
   4.7095758169305280e-05    4.6346648716193576e-03    2.6911001502837792e-06    1.3068590773729298e-04    1.7240512790763180e-07 
  -1.7328567532450035e-05   -1.0190819092398760e-05    3.7570654901081390e-06    3.6757557907776488e-04    4.3173398715680626e-07 
   5.4082422106237836e-05   -6.2129238319983677e-07    1.0921453700245148e-06    2.5210083649898854e-06    1.7384363295514971e-07 
   1.5097738198598989e-05    1.4857592188749903e-03    8.6270031770451965e-07    4.1894677948933777e-05    5.5268830706325874e-08 
  -5.5551112484730252e-06   -3.2669251895937834e-06    1.2044225078770066e-06    1.1783566242132283e-04    1.3840326523884286e-07 
   1.7337490293091212e-05   -1.9917101053165070e-07    3.5011486198323527e-07    8.0817308756910560e-07    5.5729979936086941e-08 
  -4.6566031828081885e-05   -4.5825348250785715e-03   -2.6608310413047746e-06   -1.2921597136836851e-04   -1.7046593972668466e-07 
   1.7133658287235039e-05    1.0076194219125049e-05   -3.7148065556907975e-06   -3.6344114162104203e-04   -4.2687790511697154e-07 
  -5.3474110769920746e-05    6.1430417547634559e-07   -1.0798610753568854e-06   -2.4926524240455044e-06   -1.7188826467549998e-07 
   6.4464265702524720e-06    4.6325010633528367e-03    1.3700394454340149e-06    2.0710004274163021e-04    1.0666344734280380e-07 
   6.0789216501023935e-06    3.3008091587680053e-05   -1.2077356601240528e-07   -7.3852709873249126e-04   -4.4554456121234087e-07 
   9.1850954506991374e-05   -1.6422764277040953e-07    1.0189774317009230e-05    7.4714990294051053e-07   -1.9569458199902456e-07 
   2.0601191048593393e-06    1.4804332043327094e-03    4.3783085174255986e-07    6.6184071131443687e-05    3.4087009797811478e-08 
   1.9426735869619208e-06    1.0548572818392208e-05   -3.8596256079653482e-08   -2.3601506493163354e-04   -1.4238506444102203e-07 
   2.9353302037536137e-05   -5.2483108390403179e-08    3.2564008161584615e-06    2.3877070070795269e-07   -6.2539166885734606e-08 
  -6.3732483938670093e-06   -4.5799141027746760e-03   -1.3544871100276587e-06   -2.0474909632317280e-04   -1.0545263132272347e-07 
  -6.0099152950471187e-06   -3.2633392221755817e-05    1.1940257555435201e-07    7.3014352905904131e-04    4.4048685394884166e-07 
  -9.0808286095766071e-05    1.6236337280951691e-07   -1.0074102619802733e-05   -7.3866844941150207e-07    1.9347310743739883e-07 
   2.0650037230729788e-05    2.3608879980424346e-03    1.8148427338989295e-06   -6.4358485068548744e-04   -4.2148815643098236e-07 
   2.0650037230729788e-05    2.3608879980424346e-03    1.8148427338989295e-06   -6.4358485068548744e-04   -4.2148815643098236e-07 
   2.0650037230729788e-05    2.3608879980424346e-03    1.8148427338989295e-06   -6.4358485068548744e-04   -4.2148815643098236e-07 
   2.0650037230729788e-05    2.3608879980424346e-03    1.8148427338989295e-06   -6.4358485068548744e-04   -4.2148815643098236e-07 
  -6.9074511701780286e-06   -3.5782608426223185e-03   -1.2659130521017087e-06   -1.5421439599871029e-04   -7.4901806567379318e-08 
  -6.9074511701780286e-06   -3.5782608426223185e-03   -1.2659130521017087e-06   -1.5421439599871029e-04   -7.4901806567379318e-08 
  -6.9074511701780286e-06   -3.5782608426223185e-03   -1.2659130521017087e-06   -1.5421439599871029e-04   -7.4901806567379318e-08 
  -6.9074511701780286e-06   -3.5782608426223185e-03   -1.2659130521017087e-06   -1.5421439599871029e-04   -7.4901806567379318e-08 
   8.0849526057086206e-06    9.2404737276274504e-04    8.1931315767041060e-07   -1.5131918816964091e-04   -1.0606585740351272e-07 
   8.0849526057086206e-06    9.2404737276274504e-04    8.1931315767041060e-07   -1.5131918816964091e-04   -1.0606585740351272e-07 
   8.0849526057086206e-06    9.2404737276274504e-04    8.1931315767041060e-07   -1.5131918816964091e-04   -1.0606585740351272e-07 
   8.0849526057086206e-06    9.2404737276274504e-04    8.1931315767041060e-07   -1.5131918816964091e-04   -1.0606585740351272e-07 
  -1.3153195665809480e-07    3.8173759434400739e-03    8.4439022200436277e-07    4.6608072058156237e-04    2.7254860794769780e-07 
  -1.3153195665809480e-07    3.8173759434400739e-03    8.4439022200436277e-07    4.6608072058156237e-04    2.7254860794769780e-07 
  -1.3153195665809480e-07    3.8173759434400739e-03    8.4439022200436277e-07    4.6608072058156237e-04    2.7254860794769780e-07 
  -1.3153195665809480e-07    3.8173759434400739e-03    8.4439022200436277e-07    4.6608072058156237e-04    2.7254860794769780e-07 
  -1.9430963348167289e-05   -2.1187278545582301e-03   -1.6468182090580952e-06   -1.0080617712836086e-04   -1.2649526449260196e-07 
  -1.9430963348167289e-05   -2.1187278545582301e-03   -1.6468182090580952e-06   -1.0080617712836086e-04   -1.2649526449260196e-07 
  -1.9430963348167289e-05   -2.1187278545582301e-03   -1.6468182090580952e-06   -1.0080617712836086e-04   -1.2649526449260196e-07 
  -1.9430963348167289e-05   -2.1187278545582301e-03   -1.6468182090580952e-06   -1.0080617712836086e-04   -1.2649526449260196e-07 
   1.7492461872555377e-05    1.7202726846833633e-03    1.0367811143449549e-06    5.1886705537352883e-05    6.8497731814317490e-08 
   1.7492461872555377e-05    1.7202726846833633e-03    1.0367811143449549e-06    5.1886705537352883e-05    6.8497731814317490e-08 
   1.7492461872555377e-05    1.7202726846833633e-03    1.0367811143449549e-06    5.1886705537352883e-05    6.8497731814317490e-08 
   1.7492461872555377e-05    1.7202726846833633e-03    1.0367811143449549e-06    5.1886705537352883e-05    6.8497731814317490e-08 
  -5.8069220444131312e-06   -6.2310502788892586e-04   -4.8256760000548987e-07   -2.9326367596178886e-05   -3.7069470982953218e-08 
  -5.8069220444131312e-06   -6.2310502788892586e-04   -4.8256760000548987e-07   -2.9326367596178886e-05   -3.7069470982953218e-08 
  -5.8069220444131312e-06   -6.2310502788892586e-04   -4.8256760000548987e-07   -2.9326367596178886e-05   -3.7069470982953218e-08 
  -5.8069220444131312e-06   -6.2310502788892586e-04   -4.8256760000548987e-07   -2.9326367596178886e-05   -3.7069470982953218e-08 
   1.2810661692538785e-05    1.6192184314133380e-03    1.6206576896239670e-06    1.1311139007551260e-04    1.3793999781175762e-07 
   1.2810661692538785e-05    1.6192184314133380e-03    1.6206576896239670e-06    1.1311139007551260e-04    1.3793999781175762e-07 
   1.2810661692538785e-05    1.6192184314133380e-03    1.6206576896239670e-06    1.1311139007551260e-04    1.3793999781175762e-07 
   1.2810661692538785e-05    1.6192184314133380e-03    1.6206576896239670e-06    1.1311139007551260e-04    1.3793999781175762e-07 
   3.0191347059380104e-03    1.1886199196836422e+00    4.4151151028544262e-03    1.1073099593841673e+00    2.1164374656345510e-03 
   6.2186830479138509e-03   -7.8076717864546985e-01    4.9015006223500374e-03   -5.0486943075086410e-01   -4.3381326108905366e-05 
   3.2556057619290845e-03   -3.0214838785396497e-01    2.7746554502322122e-03   -2.0509777626044703e-01    2.5238484887684498e-04 
   7.1711062178897209e-02    3.6154994863709746e+01    1.6760620492870151e-01    5.3580742459771159e+01    1.5555607845434682e-01 
   1.0974337783293958e-01   -2.1178587137705872e+01    1.7345197559042411e-01   -2.4813080286283054e+01    7.5964444741019418e-02 
   5.9332288031379549e-02   -8.3081674854333762e+00    1.0022608982454818e-01   -1.0055921314921044e+01    5.5181699187199354e-02 
   1.1643013731945554e-06    8.5072449667100128e-04    6.3774245490448031e-07   -2.7877794710284929e-04   -1.0548898285736742e-06 
   5.9962103216438813e-06   -7.9063093805943944e-04   -5.0580954704954141e-06    5.7507959957252893e-04    3.7596389686043539e-08 
   2.9946673055599724e-06   -2.9583925541308288e-04   -2.4339795074768637e-06    2.0542782289823726e-04    3.5048992634676522e-08 
  -1.9399207762699382e-06   -5.7476047716730101e-04   -9.9494961080746885e-07   -1.2542147086342043e-04   -1.3681589399335168e-07 
  -5.7615946493007013e-06    4.4453279873369028e-04    9.3512649529362487e-08   -1.4701064205855588e-05   -1.3476591280921959e-08 
  -2.9456361907338490e-06    1.6910304538344246e-04   -3.6652120032236295e-08   -1.4481795075850993e-06   -4.3879114224600132e-08 
   9.9716805694284139e-06    2.9544133721093099e-03    5.1142911726146986e-06    6.4469789658249061e-04    7.0326809651769182e-07 
   2.9616045209755521e-05   -2.2850103601290360e-03   -4.8067853167729533e-07    7.5567166497035983e-05    6.9273067777793833e-08 
   1.5141310679822644e-05   -8.6923217303932078e-04    1.8840111288284482e-07    7.4440068035135684e-06    2.2554968020832750e-07 
  -2.1076275850623522e-06   -6.2444871527724758e-04   -1.0809633419757134e-06   -1.3626419954072190e-04   -1.4864367441324313e-07 
  -6.2596864600640153e-06    4.8296280989246237e-04    1.0159684978440969e-07   -1.5971976190497046e-05   -1.4641647166074558e-08 
  -3.2002874380704961e-06    1.8372206098719599e-04   -3.9820708235050375e-08   -1.5733751169865583e-06   -4.7672478525484098e-08 
   3.9011292901326986e-07    1.1558280934540606e-04    2.0008173098647448e-07    2.5221925533351299e-05    2.7513313839517618e-08 
   1.1586414207840405e-06   -8.9394368201939050e-05   -1.8805146093561266e-08    2.9563450668257768e-06    2.7101068054047159e-09 
   5.9235963459508420e-07   -3.4006174451331859e-05    7.3706442423976727e-09    2.9122506256534116e-07    8.8239736292636417e-09 
  -2.4706896747233030e-04   -7.3201689148706256e-02   -1.2671711960416285e-04   -1.5973721032396599e-02   -1.7424918623603395e-05 
  -7.3379864704266004e-04    5.6615847891427137e-02    1.1909802733926992e-05   -1.8723325192016810e-03   -1.7163832325288115e-06 
  -3.7515722347852782e-04    2.1537021166219049e-02   -4.6680264280939162e-06   -1.8444063284976677e-04   -5.5884588575404054e-06 
   1.5468276663998302e-06    4.5829469868610646e-04    7.9333939998825163e-07    1.0000686804598831e-04    1.0909239831899945e-07 
   4.5941020453710677e-06   -3.5445552216083816e-04   -7.4563845709460727e-08    1.1722134799165334e-05    1.0745781218022335e-08 
   2.3487513566078262e-06   -1.3483708833436257e-04    2.9225169394330745e-08    1.1547296959998169e-06    3.4987731813582722e-08 
2    101 5 
  -3.0266572383851002e-03   -1.2401115999794338e-04    1.2908463253609349e-06   -1.7212431788649105e-07   -3.7683632683242871e-07 
   9.8161062899217635e-06   -2.3974689725906305e-04   -1.6426350971151910e-05    2.5419262810724746e-08    2.4787894588546384e-07 
  -1.1307514681621216e-07    2.3912323471520202e-06   -3.4971293771003212e-05    4.7500703183690486e-06   -6.8983336942324889e-07 
  -1.5733692163475107e-03   -6.4465622056501999e-05    6.7103002137164499e-07   -8.9476634391515711e-08   -1.9589356492708148e-07 
   5.1027778319551468e-06   -1.2462937100320720e-04   -8.5390293380958217e-06    1.3213880019655118e-08    1.2885671290778531e-07 
  -5.8780674890536438e-08    1.2430516797306048e-06   -1.8179381654891250e-05    2.4692635557224491e-06   -3.5860109103035558e-07 
  -8.6795055638551116e-04   -3.5562518924560314e-05    3.7017432040075023e-07   -4.9359866582305079e-08   -1.0806486290961468e-07 
   2.8149520229197723e-06   -6.8751905643181182e-05   -4.7105632854554970e-06    7.2894489074189986e-09    7.1083922642107882e-08 
  -3.2426412660083737e-08    6.8573058747313381e-07   -1.0028672391809618e-05    1.3621714819278605e-06   -1.9782261737826130e-07 
  -2.8967975521326040e-03   -1.1869042194908075e-04    1.2354621554306132e-06   -1.6473926957851326e-07   -3.6066804502291914e-07 
   9.3949431443683105e-06   -2.2946048079167247e-04   -1.5721573186494230e-05    2.4328641298811585e-08    2.3724362129930066e-07 
  -1.0822362187236255e-07    2.2886357668654249e-06   -3.3470839349091386e-05    4.5462670487428444e-06   -6.6023585048925732e-07 
  -4.5622520962123282e-03   -1.2537078847619384e-03    2.5094764633106897e-04   -1.4178314248889099e-06   -8.1672032238770745e-06 
  -4.5622520962123282e-03   -1.2537078847619384e-03    2.5094764633106897e-04   -1.4178314248889099e-06   -8.1672032238770745e-06 
  -4.5622520962123282e-03   -1.2537078847619384e-03    2.5094764633106897e-04   -1.4178314248889099e-06   -8.1672032238770745e-06 
   2.7167077976657044e-03    2.6048706584371607e-03   -3.9716774233236130e-04    5.7989259542738609e-05   -7.3029843167791166e-06 
   2.7167077976657044e-03    2.6048706584371607e-03   -3.9716774233236130e-04    5.7989259542738609e-05   -7.3029843167791166e-06 
   2.7167077976657044e-03    2.6048706584371607e-03   -3.9716774233236130e-04    5.7989259542738609e-05   -7.3029843167791166e-06 
  -1.6625290933676739e-03   -4.8839554984526402e-04    9.4063193885522651e-05   -2.4612563323198071e-06   -2.4214281951172723e-06 
  -1.6625290933676739e-03   -4.8839554984526402e-04    9.4063193885522651e-05   -2.4612563323198071e-06   -2.4214281951172723e-06 
  -1.6625290933676739e-03   -4.8839554984526402e-04    9.4063193885522651e-05   -2.4612563323198071e-06   -2.4214281951172723e-06 
  -3.3970307930722807e-03    1.8456879019392821e-03   -1.8437821832821989e-04    8.2490646611973307e-05   -2.3679394248348531e-05 
  -3.3970307930722807e-03    1.8456879019392821e-03   -1.8437821832821989e-04    8.2490646611973307e-05   -2.3679394248348531e-05 
  -3.3970307930722807e-03    1.8456879019392821e-03   -1.8437821832821989e-04    8.2490646611973307e-05   -2.3679394248348531e-05 
  -4.6328593596488138e-03   -1.8982204394043712e-04    1.9758793313204941e-06   -2.6346814136412501e-07   -5.7681777826708901e-07 
   1.5025368358141570e-05   -3.6697702099430454e-04   -2.5143571884004233e-05    3.8908888702201740e-08    3.7942462725580574e-07 
  -1.7308245070745542e-07    3.6602238998523444e-06   -5.3530040868607290e-05    7.2708622087606392e-06   -1.0559177106674219e-06 
  -1.4851804162799092e-03   -6.0852264304421292e-05    6.3341816791776897e-07   -8.4461386260887235e-08   -1.8491354939583289e-07 
   4.8167624139998183e-06   -1.1764377946642375e-04   -8.0604088444161035e-06    1.2473229820666316e-08    1.2163417494662370e-07 
  -5.5485963686135164e-08    1.1733774831603029e-06   -1.7160410495764589e-05    2.3308590491595564e-06   -3.3850116814365099e-07 
  -4.5807496212480247e-03   -1.8768695278299929e-04    1.9536549236548053e-06   -2.6050468945297797e-07   -5.7032981452870760e-07 
   1.4856365167296252e-05   -3.6284931603315857e-04   -2.4860760589375115e-05    3.8471247095940931e-08    3.7515691340260218e-07 
  -1.7113564409668519e-07    3.6190542257692356e-06   -5.2927942637320139e-05    7.1890805922180164e-06   -1.0440408995224769e-06 
   4.6340153347145287e-03    1.8932472077645360e-04   -2.0205420388833620e-06    2.6452616753085891e-07    5.7738572908908169e-07 
   4.6340153347145287e-03    1.8932472077645360e-04   -2.0205420388833620e-06    2.6452616753085891e-07    5.7738572908908169e-07 
   4.6340153347145287e-03    1.8932472077645360e-04   -2.0205420388833620e-06    2.6452616753085891e-07    5.7738572908908169e-07 
   1.4806928153272415e-03    6.5767343168987377e-05   -2.7971013982416870e-07    8.3257624567226217e-08    1.7917856703910355e-07 
   1.4806928153272415e-03    6.5767343168987377e-05   -2.7971013982416870e-07    8.3257624567226217e-08    1.7917856703910355e-07 
   1.4806928153272415e-03    6.5767343168987377e-05   -2.7971013982416870e-07    8.3257624567226217e-08    1.7917856703910355e-07 
   4.5813886933787134e-03    1.8772565681171263e-04   -1.9593848702485442e-06    2.6139333099014774e-07    5.7027301149481378e-07 
   4.5813886933787134e-03    1.8772565681171263e-04   -1.9593848702485442e-06    2.6139333099014774e-07    5.7027301149481378e-07 
   4.5813886933787134e-03    1.8772565681171263e-04   -1.9593848702485442e-06    2.6139333099014774e-07    5.7027301149481378e-07 
  -1.5314344671840761e-03   -1.8303492644128447e-03    2.7274156306115733e-04   -4.1357416570337189e-05    5.7318304733745434e-06 
   9.7328683439956015e-04   -8.0032402395987937e-04    8.9129140972205528e-05   -3.1321374137760006e-05    8.3609884255880763e-06 
  -8.5403354340520068e-07    1.4881026120448753e-06   -7.2763736513881670e-06   -7.8929103945834202e-05    2.3747528672159162e-05 
   1.0983808662980021e-06    8.4958296445395638e-06    6.2319153393845529e-05   -5.7734636767136158e-06   -5.8707081944281472e-07 
  -2.2413926883564088e-03   -2.6788814972520556e-03    3.9918191627242292e-04   -6.0530315267432059e-05    8.3890516957889075e-06 
   1.4244932062342790e-03   -1.1713465081650380e-03    1.3044854949746711e-04   -4.5841660538525966e-05    1.2237061869845671e-05 
  -1.2499552418454518e-06    2.1779726038780246e-06   -1.0649630166649710e-05   -1.1551987386571685e-04    3.4756653498979828e-05 
   1.6075796225729086e-06    1.2434414174970851e-05    9.1209710735038138e-05   -8.4499856499062112e-06   -8.5923117863871778e-07 
  -5.8600206274425908e-04   -7.0038154911100149e-04    1.0436432114774954e-04   -1.5825379367720681e-05    2.1932799298124682e-06 
   3.7242735802381377e-04   -3.0624328951315362e-04    3.4105188030914514e-05   -1.1985096486995734e-05    3.1993249263773875e-06 
  -3.2679519026920339e-07    5.6942116618079221e-07   -2.7842980293187560e-06   -3.0202152761953860e-05    9.0869711275023909e-06 
   4.2029448018952633e-07    3.2509218011648638e-06    2.3846369674844089e-05   -2.2092108387466313e-06   -2.2464213686076107e-07 
  -2.4066905266567321e-03   -2.8764431841705618e-03    4.2862071483332903e-04   -6.4994294434188654e-05    9.0077260217591647e-06 
   1.5295464835503065e-03   -1.2577307668030428e-03    1.4006884644648403e-04   -4.9222383350052620e-05    1.3139518581130861e-05 
  -1.3421367237082838e-06    2.3385933488142265e-06   -1.1435017240672853e-05   -1.2403921343969007e-04    3.7319881138554054e-05 
   1.7261351250903222e-06    1.3351425189743441e-05    9.7936228624928836e-05   -9.0731537225309519e-06   -9.2259761021807983e-07 
  -1.3274760691014068e-03   -1.5865810119012839e-03    2.3641749338365898e-04   -3.5849383015343605e-05    4.9684579710039405e-06 
   8.4366325084257222e-04   -6.9373584838219567e-04    7.7258808153719737e-05   -2.7149953530626958e-05    7.2474613095330944e-06 
  -7.4029226543718073e-07    1.2899152057672896e-06   -6.3072969160859247e-06   -6.8417225084642391e-05    2.0584802476436380e-05 
   9.5209709981942806e-07    7.3643442027434688e-06    5.4019408959172901e-05   -5.0045464111539610e-06   -5.0888397798115915e-07 
  -1.0771084320818003e-03   -1.2873450797923213e-03    1.9182814782307733e-04   -2.9088036786150860e-05    4.0313856494866619e-06 
   6.8454477069044618e-04   -5.6289431449841297e-04    6.2687468084673037e-05   -2.2029356731276343e-05    5.8805592578169277e-06 
  -6.0066999312995785e-07    1.0466317074498931e-06   -5.1177138707731478e-06   -5.5513445216523393e-05    1.6702421110398343e-05 
   7.7252753420279827e-07    5.9753975398570941e-06    4.3831118496461193e-05   -4.0606676562143463e-06   -4.1290629367493635e-07 
  -3.9039373474566199e-04   -4.6659318471328168e-04    6.9527361245563750e-05   -1.0542845064741106e-05    1.4611599473428327e-06 
   2.4811057240907436e-04   -2.0401884077669711e-04    2.2720827410128781e-05   -7.9844541108506804e-06    2.1313856828835790e-06 
  -2.1771048761954788e-07    3.7934756520740171e-07   -1.8548953585938289e-06   -2.0120630905089230e-05    6.0537271479534758e-06 
   2.7999958062567982e-07    2.1657594469538905e-06    1.5886417317187653e-05   -1.4717730960535654e-06   -1.4965626977424462e-07 
  -1.0158238483636173e-03   -1.2140985941397685e-03    1.8091364020749259e-04   -2.7433005433204342e-05    3.8020106079611459e-06 
   6.4559600744741835e-04   -5.3086713625537111e-04    5.9120719119120144e-05   -2.0775945360012386e-05    5.5459711927612383e-06 
  -5.6649347999114179e-07    9.8708116770214904e-07   -4.8265296642277446e-06   -5.2354878929672140e-05    1.5752098102659772e-05 
   7.2857278746207528e-07    5.6354134306685539e-06    4.1337245297672630e-05   -3.8296265469659446e-06   -3.8941303193008313e-07 
  -2.2984576279919764e-03   -2.3454669251650399e-04   -1.9485958060550358e-05    5.4059590418032434e-07   -2.7734440592924026e-07 
  -1.7266069322096399e-03    2.6307954438977707e-04   -3.8757178248627618e-05    7.1609523130263197e-06   -8.9576654144505634e-07 
   1.2824021509898737e-04    6.4085642672756093e-04   -1.1520943736501527e-04    2.8534051880724009e-05   -4.7086362835590245e-06 
  -8.8917931328793005e-05   -9.0736528899156347e-06   -7.5383207399714823e-07    2.0913445999231903e-08   -1.0729321498254379e-08 
  -6.6795365187637332e-05    1.0177472308896533e-05   -1.4993568173888874e-06    2.7702797661522020e-07   -3.4653546295054863e-08 
   4.9610897764181929e-06    2.4792115829935960e-05   -4.4569822455248103e-06    1.1038658423644830e-06   -1.8215789258623046e-07 
  -7.4535054351412056e-02   -7.6059485551336799e-03   -6.3189633145481114e-04    1.7530601656308579e-05   -8.9938052884863425e-06 
  -5.5990913196951743e-02    8.5312201978540048e-03   -1.2568290805484927e-03    2.3221745024100567e-04   -2.9048178674110738e-05 
   4.1586110990396580e-03    2.0781879124446154e-02   -3.7360452379968751e-03    9.2531055691195008e-04   -1.5269303077068859e-04 
  -2.2322717458701626e-03   -6.8670636276654384e-03   -4.4097143960330657e-04   -6.5065704846343578e-05    5.2149346641650742e-06 
  -4.2252998526718305e-04   -4.7543874813440997e-03    1.1918072454777829e-03   -2.4317058202429062e-04    5.3133559699721880e-05 
   1.9319746087325164e-03    6.7052518756473983e-04    2.1530309350250364e-03   -5.8426215114614410e-04    1.7168057668579868e-04 
  -6.1017318770406226e-01   -3.0395112806494989e-01   -4.9588597140400448e-01   -4.8856040863654530e-03   -7.2545849061739940e-03 
  -4.2523072318086064e-01   -3.8841166053942403e-02   -3.1744608561607401e-01    1.1574518320613465e-01   -3.0848112394907107e-02 
   6.4941729769859957e-02    2.8026733199110193e-01    5.8474454268504755e-02    1.6578299399000260e-01   -6.2175105270318623e-02 
  -1.1552761020904816e+00   -3.1490433421996853e+00   -1.4383704977118077e+00   -1.6428804371525463e+00    9.0746715729019850e-02 
  -3.2397029302716884e-01   -1.9815001946353272e+00   -5.9553567766268696e-02   -9.9329654783080057e-01    4.8763255955072610e-01 
   8.2368812504481947e-01    5.4035897488856277e-01    1.4488154512233804e+00    1.6689417730203837e-01    5.8417910392893857e-01 
  -8.4092256173429494e+00   -8.2210631839993020e+00   -1.4289699107073817e+01   -5.6719271567449283e+00   -5.1412390481416166e+00 
  -5.3090589207108447e+00   -2.1871849216065975e+00   -8.0811202761229204e+00    4.1725909782259396e-01   -3.0712301138117013e+00 
   1.4881695063039928e+00    5.7922122500506905e+00    3.2337972332367366e+00    6.3858215099212137e+00    1.5670978495141336e-01 
   8.7148732117455928e-04    2.8184900516407211e-05   -6.9538949701147021e-04    9.6161116368605334e-05   -3.0336411285613435e-05 
   6.6984026787561242e-04   -2.5947456957699889e-04   -4.5916519443217775e-04    2.4360092401694560e-04   -9.0373596365979423e-05 
  -5.3228231322682308e-05   -4.0197003758073288e-04    2.0269312100755816e-04    2.0584959074559456e-04   -1.2924710750106738e-04 
  -4.6664251430237214e-04   -4.7618653911330178e-05   -3.9561209883646100e-06    1.0975404935728990e-07   -5.6307625311146350e-08 
  -3.5054298597712695e-04    5.3411513251527576e-05   -7.8686449926010716e-06    1.4538465932345022e-06   -1.8186228279224139e-07 
   2.6035866695854269e-05    1.3010936144002171e-04   -2.3390303509897927e-05    5.7931029707465478e-06   -9.5596710051817020e-07 
2    101 5 
   2.9539284125695057e-03    6.6560032214464291e-04    8.2828216816504191e-05   -2.4338410567687395e-05    6.8793035166894357e-06 
   2.9539284125695057e-03    6.6560032214464291e-04    8.2828216816504191e-05   -2.4338410567687395e-05    6.8793035166894357e-06 
   2.9539284125695057e-03    6.6560032214464291e-04    8.2828216816504191e-05   -2.4338410567687395e-05    6.8793035166894357e-06 
   1.5616797633072705e-03   -1.6797025643218233e-04   -1.0858865760081190e-04    2.7887295346327116e-05   -8.3311590614697539e-06 
   1.5616797633072705e-03   -1.6797025643218233e-04   -1.0858865760081190e-04    2.7887295346327116e-05   -8.3311590614697539e-06 
   1.5616797633072705e-03   -1.6797025643218233e-04   -1.0858865760081190e-04    2.7887295346327116e-05   -8.3311590614697539e-06 
   8.4801520739530701e-04    1.8682383869428928e-04    2.3138400136932893e-05   -6.7950655196634270e-06    1.8749915311581484e-06 
   8.4801520739530701e-04    1.8682383869428928e-04    2.3138400136932893e-05   -6.7950655196634270e-06    1.8749915311581484e-06 
   8.4801520739530701e-04    1.8682383869428928e-04    2.3138400136932893e-05   -6.7950655196634270e-06    1.8749915311581484e-06 
   2.7860497721522372e-03    7.9140463859434060e-04    1.2614539337856974e-04   -3.5777075333205419e-05    1.0244728524976718e-05 
   2.7860497721522372e-03    7.9140463859434060e-04    1.2614539337856974e-04   -3.5777075333205419e-05    1.0244728524976718e-05 
   2.7860497721522372e-03    7.9140463859434060e-04    1.2614539337856974e-04   -3.5777075333205419e-05    1.0244728524976718e-05 
  -4.3254339721509154e-03   -1.8904681431840804e-03   -3.7946808105193160e-04    1.1549488054665712e-04   -3.3725502547818965e-05 
  -2.2663621547674501e-04    3.9375706949564888e-04    5.3090768688282899e-04   -2.7148912389994849e-04    9.1819673011703126e-05 
  -2.5952217520119380e-05    7.1166795893109612e-05   -5.1441744264204389e-05    2.1660003769699142e-05   -7.7637877727148604e-06 
  -3.4554869676062666e-03   -1.5102503178886781e-03   -3.0314808112663486e-04    9.2266130317499576e-05   -2.6942506874520462e-05 
  -1.8105431593909305e-04    3.1456321627040140e-04    4.2412960291088141e-04   -2.1688624436835664e-04    7.3352566587447829e-05 
  -2.0732613189483375e-05    5.6853471193469279e-05   -4.1095593653808456e-05    1.7303665071849257e-05   -6.2023065524998519e-06 
  -1.5842188819599700e-03   -6.9239649650384982e-04   -1.3898270161424896e-04    4.2300766052554038e-05   -1.2352189002037954e-05 
  -8.3007017146921510e-05    1.4421613840750281e-04    1.9444846171567544e-04   -9.9434692356474124e-05    3.3629564260391659e-05 
  -9.5051718021395767e-06    2.6065311029679461e-05   -1.8840880038629612e-05    7.9331200467309500e-06   -2.8435387672670010e-06 
  -3.5342688443845980e-03   -1.5446826151491605e-03   -3.1005957435372420e-04    9.4369711947998999e-05   -2.7556770877419653e-05 
  -1.8518218530807514e-04    3.2173496392146479e-04    4.3379936188488633e-04   -2.2183104825241801e-04    7.5024936622826625e-05 
  -2.1205297413993177e-05    5.8149677257613999e-05   -4.2032534821787890e-05    1.7698172480583109e-05   -6.3437133513508315e-06 
   4.2349508764360014e-03    1.8481826641417601e-03    3.6846412724504359e-04   -1.1153408287401046e-04    3.2499088455195813e-05 
   4.2349508764360014e-03    1.8481826641417601e-03    3.6846412724504359e-04   -1.1153408287401046e-04    3.2499088455195813e-05 
   4.2349508764360014e-03    1.8481826641417601e-03    3.6846412724504359e-04   -1.1153408287401046e-04    3.2499088455195813e-05 
   1.3511397559613871e-03    6.0347913157262007e-04    1.3301304531499725e-04   -4.3372694809134060e-05    1.2994903608860616e-05 
   1.3511397559613871e-03    6.0347913157262007e-04    1.3301304531499725e-04   -4.3372694809134060e-05    1.2994903608860616e-05 
   1.3511397559613871e-03    6.0347913157262007e-04    1.3301304531499725e-04   -4.3372694809134060e-05    1.2994903608860616e-05 
   4.1866494572719987e-03    1.8285568088720111e-03    3.6588640589360659e-04   -1.1108069402363269e-04    3.2404491069101680e-05 
   4.1866494572719987e-03    1.8285568088720111e-03    3.6588640589360659e-04   -1.1108069402363269e-04    3.2404491069101680e-05 
   4.1866494572719987e-03    1.8285568088720111e-03    3.6588640589360659e-04   -1.1108069402363269e-04    3.2404491069101680e-05 
  -4.2340027064796731e-03   -1.8505073216444714e-03   -3.7144686349184410e-04    1.1305354329011387e-04   -3.3012610985215263e-05 
  -2.2184556645484467e-04    3.8543381049718035e-04    5.1968533044904203e-04   -2.6575037158654634e-04    8.9878783618631432e-05 
  -2.5403638091993242e-05    6.9662468173817597e-05   -5.0354365791501973e-05    2.1202153396335867e-05   -7.5996763917453228e-06 
  -1.3530829476745764e-03   -5.9137654721669417e-04   -1.1870526586788647e-04    3.6129127023451754e-05   -1.0550017106495589e-05 
  -7.0896377210121300e-05    1.2317514952053153e-04    1.6607862760954092e-04   -8.4927271204063528e-05    2.8723044811942920e-05 
  -8.1183768396198566e-06    2.2262408485158111e-05   -1.6092014676603382e-05    6.7756858470256619e-06   -2.4286693340508894e-06 
  -4.1859393967537762e-03   -1.8295008384851378e-03   -3.6723029423472027e-04    1.1177018854439132e-04   -3.2637860316252611e-05 
  -2.1932723264378730e-04    3.8105846501513619e-04    5.1378599624239359e-04   -2.6273364172008009e-04    8.8858502784082592e-05 
  -2.5115262526264036e-05    6.8871677752501960e-05   -4.9782755982329151e-05    2.0961472004237434e-05   -7.5134068200055494e-06 
  -2.3895929720194730e-03   -2.4717248757310915e-04    1.8569512127180532e-05   -2.6183007082647253e-06    8.4510699631521880e-07 
   1.2143118686098225e-04   -1.2019222343818878e-03   -3.5779633419505202e-04    9.3273669789614735e-05   -2.6832048657668914e-05 
  -2.9694259151203998e-06    2.3170815939874849e-05   -6.7507405598483296e-05    4.0077278739174614e-05   -1.1853089072414282e-05 
   6.8916183509490385e-07   -4.9188234259042407e-06    3.1116539008041357e-05    4.7003793559614055e-05   -2.8079789881898143e-05 
  -3.4973851838927708e-03   -3.6175926445479494e-04    2.7178158517445243e-05   -3.8321196167237373e-06    1.2368904337792314e-06 
   1.7772551173482986e-04   -1.7591217684097933e-03   -5.2366725744401122e-04    1.3651444182722803e-04   -3.9271127144935562e-05 
  -4.3460230766550350e-06    3.3912582316619054e-05   -9.8803186529145600e-05    5.8656717907349049e-05   -1.7348066633368552e-05 
   1.0086506026707666e-06   -7.1991424369664515e-06    4.5541865821933155e-05    6.8794298069608240e-05   -4.1097309144150102e-05 
  -9.1437566590584049e-04   -9.4580336720383949e-05    7.1056076142070751e-06   -1.0018904816404784e-06    3.2337945481332618e-07 
   4.6465537707834526e-05   -4.5991449435055448e-04   -1.3691045511478149e-04    3.5691088366937764e-05   -1.0267260008820445e-05 
  -1.1362482356991755e-06    8.8662925036557565e-06   -2.5831649854377718e-05    1.5335535743502409e-05   -4.5355741921481221e-06 
   2.6370717492914463e-07   -1.8821834924185518e-06    1.1906716503320475e-05    1.7985960596398389e-05   -1.0744707099660597e-05 
  -3.7553097383915073e-03   -3.8843822379562413e-04    2.9182488626691520e-05   -4.1147301079791504e-06    1.3281084144481972e-06 
   1.9083238187552279e-04   -1.8888531747518055e-03   -5.6228657930305957e-04    1.4658208514918564e-04   -4.2167287402081353e-05 
  -4.6665328309280279e-06    3.6413561541383758e-05   -1.0608970675172535e-04    6.2982523341731226e-05   -1.8627448835372863e-05 
   1.0830363919561128e-06   -7.7300635417904754e-06    4.8900479424821771e-05    7.3867728003312977e-05   -4.4128146353880432e-05 
  -2.0713439283376617e-03   -2.1425374002250941e-04    1.6096400787587573e-05   -2.2695920761948670e-06    7.3255456728843370e-07 
   1.0525882631918032e-04   -1.0418486962727274e-03   -3.1014456147737381e-04    8.0851363330388984e-05   -2.3258522151139932e-05 
  -2.5739539795913923e-06    2.0084897082337992e-05   -5.8516683109455835e-05    3.4739735575355936e-05   -1.0274479532571514e-05 
   5.9737838179172426e-07   -4.2637282403794999e-06    2.6972398605072247e-05    4.0743768306391746e-05   -2.4340087605678250e-05 
  -1.6806796468008516e-03   -1.7384457268560953e-04    1.3060551084898145e-05   -1.8415373501311580e-06    5.9439165778749044e-07 
   8.5406563642362752e-05   -8.4535159753833602e-04   -2.5164997705587458e-04    6.5602452063351433e-05   -1.8871865873794830e-05 
  -2.0884953030340516e-06    1.6296800001468643e-05   -4.7480187599403506e-05    2.8187673576546817e-05   -8.3366689595209980e-06 
   4.8471027625138625e-07   -3.4595709457322289e-06    2.1885289420441810e-05    3.3059320178410928e-05   -1.9749443479935927e-05 
  -6.0915575877301784e-04   -6.3009284835720825e-05    4.7337456137217147e-06   -6.6745800364947318e-07    2.1543492955192204e-07 
   3.0955274658552593e-05   -3.0639437730363965e-04   -9.1209549071696489e-05    2.3777351942167354e-05   -6.8400339099104315e-06 
  -7.5696694693437927e-07    5.9067113648714655e-06   -1.7209008128856709e-05    1.0216511943993408e-05   -3.0215930295478995e-06 
   1.7568134217429415e-07   -1.2539079464001604e-06    7.9322374780064347e-06    1.1982221184229222e-05   -7.1581084778797982e-06 
  -1.5850534782091358e-03   -1.6395328230910466e-04    1.2317440723371185e-05   -1.7367588092314774e-06    5.6057236510712214e-07 
   8.0547159014449489e-05   -7.9725335672287156e-04   -2.3733176764704849e-04    6.1869848319990141e-05   -1.7798107271956066e-05 
  -1.9696655163277660e-06    1.5369555747983272e-05   -4.4778692146186513e-05    2.6583870477740974e-05   -7.8623348334821995e-06 
   4.5713156029371959e-07   -3.2627306286966099e-06    2.0640075093141966e-05    3.1178333441333584e-05   -1.8625753063740454e-05 
  -1.9853737758432134e-03   -1.0916816586916754e-03   -4.3380211160576061e-04    1.2409822010501367e-04   -3.5173518074382402e-05 
   1.3968803884772817e-03   -9.2413008095712165e-04   -4.5721331282627345e-04    1.8272600831216991e-04   -6.4903865452724065e-05 
  -1.8209587646981419e-06    6.5193651863974388e-04   -6.6909927033576835e-05    1.0567591623645011e-04   -2.4149791759241685e-05 
  -7.6805996731226059e-05   -4.2232701433462357e-05   -1.6782030654071766e-05    4.8008529193393367e-06   -1.3607196524489998e-06 
   5.4039592875015678e-05   -3.5750815710797223e-05   -1.7687714342601952e-05    7.0689224205018516e-06   -2.5108652780953878e-06 
  -7.0445451950075433e-08    2.5220759299263224e-05   -2.5884716014468574e-06    4.0881692786432146e-06   -9.3425673769279489e-07 
  -6.4382279876798620e-02   -3.5401371238725200e-02   -1.4067461402166671e-02    4.0242932772798458e-03   -1.1406171031722926e-03 
   4.5298444665493418e-02   -2.9967959806198503e-02   -1.4826646663687996e-02    5.9254922932221663e-03   -2.1047214794043664e-03 
  -5.9050581940477684e-05    2.1141187576703635e-02   -2.1697746294560252e-03    3.4268894341986859e-03   -7.8313649093584496e-04 
  -5.0551278711526159e-04   -2.7796228833205927e-04   -1.1045401987400458e-04    3.1597696053321266e-05   -8.9558265404600727e-06 
   3.5567151487426741e-04   -2.3530056585102131e-04   -1.1641494356640669e-04    4.6525412425728557e-05   -1.6525721412647232e-05 
  -4.6364969234751061e-07    1.6599506378582458e-04   -1.7036501696541652e-05    2.6907037655898543e-05   -6.1489824681916804e-06 
  -2.5984628333984251e-03   -1.4287960536842907e-03   -5.6776143503687638e-04    1.6242010273195050e-04   -4.6035200297401382e-05 
   1.8282410175483317e-03   -1.2095040731424430e-03   -5.9840208164805555e-04    2.3915231835515139e-04   -8.4946363337134139e-05 
  -2.3832760001121797e-06    8.5325636614750624e-04   -8.7571902428452365e-05    1.3830893913621722e-04   -3.1607316004790766e-05 
  -5.4921453894343135e-04   -3.0199222239485102e-04   -1.2000280733891371e-04    3.4329327589576223e-05   -9.7300607811422636e-06 
   3.8641943791709325e-04   -2.5564237954188771e-04   -1.2647905490543302e-04    5.0547550103264375e-05   -1.7954375631422341e-05 
  -5.0373236544032439e-07    1.8034539332677699e-04   -1.8509313044027307e-05    2.9233160183440432e-05   -6.6805640872327213e-06 
  -1.0165728232179881e-04   -5.5897479826445141e-05   -2.2212010790043714e-05    6.3542129700439639e-06   -1.8009929921733573e-06 
   7.1524599422548803e-05   -4.7318320451787708e-05   -2.3410736753347693e-05    9.3561371871331354e-06   -3.3232787973646829e-06 
  -9.3238724864617930e-08    3.3381167585485837e-05   -3.4259953593345078e-06    5.4109339924674883e-06   -1.2365440849238635e-06 
  -6.4382279876798620e-02   -3.5401371238725200e-02   -1.4067461402166671e-02    4.0242932772798458e-03   -1.1406171031722926e-03 
   4.5298444665493418e-02   -2.9967959806198503e-02   -1.4826646663687996e-02    5.9254922932221663e-03   -2.1047214794043664e-03 
  -5.9050581940477684e-05    2.1141187576703635e-02   -2.1697746294560252e-03    3.4268894341986859e-03   -7.8313649093584496e-04 
  -5.9551669038544546e-04   -3.3063564294751944e-03   -2.3827603197078915e-03    1.2474534039655712e-03   -4.3187767955860611e-04 
  -2.7145673199750770e-03    2.4487555088877457e-03   -1.6234872063968953e-03    1.1756545984670690e-03   -5.3131736498559959e-04 
   1.1478009557350311e-03   -8.8184545487098595e-04    1.2457952435267021e-03   -7.7194077087365645e-05   -2.4473988922975163e-04 
 TENSORSUMACCUMULATOR_IMPL_H - PrettifyOut: Norm of simple tensor is 2.72156e-05 
 As simple full tensor 3    5 5 5 
  -2.7053386208941923e-08    7.7985483758612566e-08    3.5189078417492690e-08   -1.2696510627720952e-08    4.3202758249805123e-09 
   2.2857507350970220e-08    2.7415374694552785e-09   -4.5905884181286258e-09    3.1387947128232135e-09   -9.5509881722623309e-10 
  -2.2864745830638542e-09    4.3399839586919202e-10    1.4313704145479970e-09   -8.0675349265875284e-10    2.3934349003329351e-10 
   7.0862279455894815e-10    1.6082053667981223e-10   -3.1347879407572797e-10    2.0461062393783446e-10   -5.9014879478921009e-11 
  -9.9357906276094341e-11   -4.6198278689207527e-11    5.5254027143077736e-11   -3.7683430330787358e-11    1.0595856012876370e-11 

   2.5698749957688246e-05    5.0164519744935210e-06    1.5634039794606388e-06   -1.8417218674819935e-07   -1.8463096946126917e-08 
   1.0497224982435643e-06    1.7027252905239391e-06    1.0886147909679176e-06   -4.5096299516041011e-07    1.3586918371049673e-07 
   5.5925868775771305e-07    1.1195112075531309e-07   -4.3174048637331653e-08    4.1340592753169509e-08   -1.3086858485743643e-08 
  -7.0793164626051650e-08   -4.9687691243382101e-09    2.3360921398551085e-08   -1.4700544252559858e-08    4.3827493465347177e-09 
   1.5101256403536385e-08    4.7985746997620861e-09   -2.9050297312248395e-09    2.3081762859417944e-09   -6.7184719026393059e-10 

   4.0169847411945371e-08    2.0780682802248072e-08    8.1664983526686296e-09   -2.2897675390287690e-09    6.3896454109879260e-10 
   4.8193621613601466e-09    3.1722354089011487e-09    1.1585681032474843e-09   -3.0925199389947718e-10    9.2005016796833132e-11 
   6.0651985398674456e-10    2.2762126620638268e-10    1.1117153090481872e-10   -3.6313482541851764e-11    9.4106925205223789e-12 
  -2.7530288138985390e-11    1.2206108806846046e-11   -1.1604942398659226e-12    1.6948926329312444e-12   -2.5227691006315353e-13 
   1.2101819210782993e-11    1.9178241820769421e-12    1.9023670661766684e-12   -8.0980673913880695e-13    1.8990489861615789e-13 

   5.6693095661768455e-06    3.4395023128766848e-06    1.3840322817589154e-06   -4.0588938929216352e-07    1.1755005832889858e-07 
   7.9235246366326159e-07    3.7497003689217313e-07    1.4505971560658759e-07   -3.9462362564589688e-08    1.0725383959499638e-08 
   6.9273368799007436e-08    4.9290052436305285e-08    2.0434018209653372e-08   -6.2571967497020207e-09    1.8581936905961626e-09 
  -8.6203178460988217e-11   -2.4919739527376709e-09   -1.2212238622340092e-09    4.5327226716324515e-10   -1.4699735061751299e-10 
   1.0820272874775487e-09    9.5644730224264061e-10    4.2234613039841182e-10   -1.3861199645665037e-10    4.2019956152433129e-11 

   7.3100090655931447e-09    4.5111327435826906e-09    1.7949599546974538e-09   -5.2156511824224323e-10    1.5169485895109353e-10 
   9.9619265919105490e-10    7.2164135700936289e-10    1.5565542242593558e-10   -8.4144072426987121e-12    4.0252274944100346e-12 
   8.4902396061810838e-11    8.6096609122857530e-12    3.0232736330128194e-11   -1.5997226047925876e-11    4.1791167474661610e-12 
  -2.9199245334752921e-13    1.1765102039774364e-11   -2.9609747299802456e-12    2.9242585835215911e-12   -7.1933094656926727e-13 
   1.3287414690001661e-12   -1.6380093835502615e-12    7.8002821381187749e-13   -6.1041811434625638e-13    1.5144957450366958e-13 
