2    16 5 
   1.0506590697566923e-04    3.5351843891588647e-03    5.2160934901860452e-05   -7.5400416594306174e-06    1.7646115726481387e-06 
   1.6857215911872299e-03   -1.8535069651843359e-03    8.6720145216169909e-05    2.3320742460015335e-04    1.4084900178538084e-05 
   4.8625478776488727e-05    9.2669470141481549e-04   -4.2558944648865500e-06    1.1398458836489676e-04   -1.3628506763139345e-06 
   6.0554820934264231e-04   -2.8868763453722304e-03    1.0962137478717115e-04   -2.8918742362342724e-04    1.7102930855223780e-05 
   6.6561137491883695e-04   -8.1270823457588344e-05    1.2717007192449597e-04    4.6472410974536783e-05    2.0213810586051370e-05 
   1.2832391985552814e-05   -4.3995594783729244e-04    2.1106474359207402e-05    4.3476610121982181e-05    1.7726803528468935e-06 
   2.2362390742087550e-04   -6.6230876868798391e-05    5.1110325899679798e-05    1.0288203406565864e-03    8.0873282399477131e-06 
   2.1990985186513704e-04   -8.5435982875959899e-05   -4.8679811792782003e-05    7.4740013044056759e-04   -7.1496334037145649e-07 
   2.1237383476366923e-04   -1.9847515328432150e-05    2.5880263021191859e-05   -3.6329457582213130e-04    3.5154835436696869e-06 
  -1.8897036692976910e-04   -2.2845896244912079e-04    1.6014338826518610e-04    8.5904464599085521e-04    9.3207816493057048e-06 
   4.8605975286469865e-04    3.3778219612712708e-04    2.3365427709910909e-05    2.5970781390072646e-04   -1.1094926812786008e-05 
   8.6171923743791514e-06    9.2555469110357951e-05   -3.1685534928056161e-04    5.3124757359999920e-06   -3.2273842733989872e-05 
  -3.1335178662709793e-05   -1.4754240474425361e-05   -3.3170619787489766e-05    3.4770124796542255e-05   -2.1011259271358830e-05 
   1.6928027360300246e-04   -8.2818522836862867e-05    2.7707902255066298e-05   -1.3877395700671566e-05   -1.2029154573759069e-06 
  -1.4579324806191250e-04    8.2190623536301514e-05    2.0943313681448148e-04    6.4115075224961790e-05   -2.0474005512892884e-05 
   6.0136831446286191e-06    8.4434349237465375e-05    5.3380287360657824e-04   -6.3941712210774260e-05    1.7852560462585797e-05 
2    16 5 
   8.6090927719900227e-03   -1.6459358609393650e-03    8.0800299692965769e-04    1.5896151499779111e-02    5.1797907305978252e-05 
   1.2119120318956855e-02    2.3875071325253090e-03    6.1765945124026803e-04    1.0665314256581291e-03    9.7755933158657701e-05 
  -1.7135209081589737e-02    2.8151529813919881e-02    2.4099850428076748e-03    2.5187262744056655e-02    3.3751700821814043e-05 
   3.5318135109317413e-03   -1.1649717684327361e-02    5.1298435294684557e-05   -5.2181821981709077e-03   -5.0422603896322434e-05 
  -1.2938119560841559e-02    1.3011650730566413e-02   -2.0368347132872638e-03    3.2423313647005816e-03   -3.7652949602701846e-04 
   2.4402529723902864e-02   -7.1487272263022067e-03    4.5967976765303358e-03    7.8457183685589557e-03    2.0635650228306083e-04 
   6.8698257185858917e-03    9.8304511881670206e-03    4.4986899709687266e-03   -7.0971579150427636e-03    1.4662982234164710e-04 
   8.7091038805290830e-03    1.1130186868897850e-02    1.8566425520511797e-03   -1.1329853241214426e-02    7.0300883122952724e-05 
   3.0642147076500442e-04    2.1029317853850122e-04   -3.8001152741848603e-03    4.0967308502766944e-03    1.4312901418653311e-05 
  -1.5818682791237703e-03   -2.2210665129337921e-03    1.3895824849109585e-03    1.3825576012635558e-03    1.6341389537296452e-04 
  -3.0729541666857036e-03   -6.2314032183337570e-04    3.4081242600664859e-03   -2.6872962140950408e-03    6.5335618506998571e-05 
   9.7542180223031329e-04    4.1779649584783324e-03   -1.8247148142042734e-04    4.6051380454052970e-05   -7.1322770690449521e-05 
  -8.3786516403662487e-03   -5.6320799868707309e-03   -3.3133630236106466e-03   -2.7615213638299096e-03   -1.3898777271643824e-03 
   2.5708935947072065e-03   -4.8576661198776298e-04   -3.9662087757205353e-03   -4.3062849805469497e-03   -2.4766350262740667e-04 
  -3.7284039036798492e-03    1.9116777793006952e-03   -2.0598481409160184e-05    2.5156386864376378e-03   -7.7247469568741880e-04 
  -5.7079308692171960e-04    1.8084708476581955e-03    2.5704763099820408e-03    2.2648700389114613e-03    1.4861079782322478e-04 
2    16 5 
   8.5039871052566586e-03    5.9144120016460279e-03    5.9986823100240316e-03   -6.5598067322720629e-03    4.9603799211527062e-03 
  -9.0568133668423555e-03    1.4153918530942377e-02    2.2585973355711965e-03   -2.0924050165218163e-03    1.3272228053052629e-03 
  -6.5205535025323232e-03   -7.7941774382121751e-03    2.5716225239657380e-03   -4.7412982198231598e-04    9.6934167447806463e-04 
  -7.4557916379346927e-03    1.2328053649619936e-02    3.8237640248830074e-03   -4.4608219113264095e-03    5.1390404800203361e-03 
  -7.7274198202311409e-03    4.3745287432572170e-03    1.0551708623048408e-03   -3.2065053412861340e-03    3.8442320818674125e-03 
   3.9693916549693349e-03   -1.8691984877387692e-02    1.2201475364729047e-03   -7.9436204251353906e-03    5.1211586750174818e-03 
   4.8856906096879206e-03    1.0673581848296657e-03    1.8756129076711238e-03   -1.8883275032147064e-03    3.4483609482728562e-03 
  -4.6485101257297805e-03   -4.7070621089831844e-04    6.9021816122919323e-04    2.1331468596626165e-03   -3.2792827828494087e-03 
  -5.2406602986206528e-03    3.8247339589415389e-03   -4.4858710156696771e-03    3.0018019963585852e-03   -8.4148888841607157e-03 
  -7.4498921767586022e-03   -3.1652949387627779e-03   -2.8327781538995400e-03    4.5548431547224513e-03    2.0862219064458131e-04 
  -3.2679803047088764e-05    8.6182995301877527e-04    1.0293666610001677e-03   -5.0188353607301473e-03   -2.4045852167018023e-04 
   5.6411817148991792e-04    1.5245562529641534e-03   -1.8734389933350404e-03   -9.9219330413264761e-04    1.2088349633896985e-03 
   1.2024431445158052e-03    1.7913036891433860e-03   -1.0885463171258338e-03   -2.8757415550306861e-03    1.2950287509270455e-03 
  -6.9343882030716356e-04   -1.2129176330358084e-03    3.2439905977654322e-03   -2.1702576049562002e-03   -2.2406474927638121e-03 
  -7.0050366684239098e-04   -4.0306008832801451e-04   -2.7398489844634982e-03    3.9996210869758161e-04    1.6221979235825942e-04 
  -8.1648923583569786e-04    1.7052926903642429e-03    6.0487711393197516e-06    8.1483180560676751e-04   -1.4870383829033529e-03 
 TENSORSUMACCUMULATOR_IMPL_H - PrettifyOut: Norm of simple tensor is 1.1816e-06 
 As simple full tensor 3    5 5 5 
  -1.2433247034639372e-07    2.8232497108607526e-07    5.0046235713988035e-08   -2.3954794059620600e-08    8.6416508280289291e-09 
  -6.5052204605583616e-08   -1.7166548781103614e-09   -2.0261211317613921e-09    6.5951360325116644e-10    2.1151507958045411e-09 
   1.0730261544648135e-08    8.7522247743066668e-09    7.8643208147331569e-09   -1.0838466309520404e-08    7.2492475513388973e-09 
  -6.7105424136066355e-10   -1.8984248057739837e-09   -3.1121683919922989e-09   -2.0660882070850221e-09    1.7332942037350753e-09 
   1.0208347600870246e-09    1.0780635759325297e-09   -2.8102885407429052e-10    2.2977756663036145e-10   -6.7024897081139222e-10 

   5.9028744997861230e-07    6.3873871260042121e-08    3.6434829035617269e-08   -1.1757763505195722e-08    4.4417953361500752e-09 
  -4.1205952970205403e-07    4.9647253500934080e-08    1.4888183338249896e-07   -1.3452284787355690e-07    1.7677408546801634e-07 
   1.2753834589989081e-08    2.2060574843404216e-08    1.9560787208128708e-08   -8.6397639574089608e-09    1.8316393518636027e-09 
   2.1972448585862960e-07    3.7138515088912014e-07    4.4818659811784794e-07   -4.1110520611958756e-07    3.5577120835283332e-07 
   1.6124573873564974e-09    2.0774009525242585e-09    1.5857621780495971e-09   -1.2514180519484500e-09    1.0180775260118715e-09 

   1.2137373382002341e-08    5.9909511864443848e-09    9.2469685823876935e-09   -9.2668621963181747e-09    4.6471526190509042e-09 
   3.2572196572046196e-10   -5.8520831087932857e-10   -9.9823184097148651e-10   -1.0676674567935704e-10   -5.4765487634976899e-10 
   1.8070941376880398e-09    2.4601100822085260e-10   -8.8703807496608965e-11    3.2422710117880106e-10    1.6170727079688749e-10 
   9.3779997707353707e-10   -1.5525309569262489e-10   -5.8312485176383189e-12   -9.5847506484618930e-10   -1.6091500648653041e-09 
   3.5272033401102890e-10    3.3422763980169332e-11    2.3506340311810153e-10    5.9222875727002192e-11   -1.6842988311212818e-10 

   1.7880408131099408e-08    2.7145022104512050e-08    1.9849299419070309e-08   -7.6409297557794087e-09    2.8968321903842798e-09 
  -3.1740984373986058e-08    4.4846460343022289e-08    5.2874047108906989e-08   -2.6245677892430239e-08    2.9787305761508668e-08 
  -1.5492342737521595e-09    1.5262615143040556e-09    2.3661916001730555e-09   -2.1718447370540482e-09    8.0971792127696050e-10 
  -3.0541128571670050e-08   -2.1095563165266066e-08   -3.5199971238833092e-09   -1.0757582314933360e-08    2.8112650237288150e-08 
  -7.1735213469613904e-10   -1.7498347160328716e-10    2.6972500593846581e-10    3.4302550286341785e-10    4.3787999321999140e-10 

   7.2762542576892568e-10    1.4812573822077128e-09    3.6455544809817077e-10   -1.0416982517856463e-09    2.6718118179726095e-10 
  -3.3873923945921657e-11   -7.1585347905292083e-11   -1.0074216305057826e-10   -3.7803142468485672e-10    1.3793129920494440e-10 
   5.0335003390173894e-10   -4.3679961303388234e-11   -3.0969145471493190e-11   -4.3276059473022818e-12    1.7583751303759747e-10 
   1.1834298032343136e-10   -2.6741133595733879e-10   -2.1590470193317863e-10   -2.0801168399140795e-10   -3.6656482936333695e-10 
   7.2704776578029168e-11    1.9268506038513926e-11   -8.8890798394380288e-11   -4.8155777487155255e-11    1.3295925696203437e-11 
