2    106 5 
   3.6533794667810622e-04   -1.0564727076442641e-03    9.9767374979817253e-05   -1.7713091763525143e-04    4.8637436029737492e-06 
  -1.8250179266815385e-05   -1.1083442867442115e-03    1.6042064008823354e-04   -3.8493859227165639e-04    4.3310559492940086e-06 
  -2.1367526860283353e-04    7.2866793671211847e-04   -6.2435437804886617e-05    3.5713701686663508e-05    1.4400809539150326e-06 
   5.4345619676063530e-05   -3.2813486108130999e-04    8.8141377886891966e-05   -4.6479977973164259e-04    1.4815192988296337e-06 
   1.0853990663410122e-04    5.4241534728128422e-04    8.6259797430997606e-05   -5.5883609972103440e-05    9.9170059320514471e-06 
  -3.6729961014752747e-04   -1.7004451351875999e-04   -1.0878934317298760e-04    1.2036907635799623e-04   -3.1737885642289213e-06 
   5.5708497509604938e-04    3.3994187864232261e-06    2.2315503783248714e-04   -1.2430059755638598e-04    5.5906521124860512e-05 
  -2.8939167550625912e-04   -7.0471394159467133e-05   -3.0813502349977072e-04    1.0163330855368712e-04   -5.2456786475584684e-05 
   8.3005565758646998e-05   -6.5948328448129547e-05    1.8176960204360174e-04    3.2104398442832523e-04   -9.4368616626035824e-06 
  -4.9027365076864339e-05    2.3853435680241525e-05   -6.4536600712750817e-05   -8.6403978464729303e-05    6.4414100769058835e-06 
   4.6789225098988184e-05   -3.6659579087718542e-05    2.0422998986214047e-04    2.1032875911887453e-04   -2.1911771753210790e-06 
  -4.3961359306974542e-05    1.6106894500336196e-05    1.6596052539064186e-05    1.7293176485071771e-05   -4.9865753199364387e-06 
  -1.3229585993356217e-05    5.1310419319743189e-05   -1.5584899985779114e-05    4.1977726398735096e-05   -1.8204131239715972e-06 
   4.9921179597853976e-05    4.8945358335718025e-05   -5.9743509816427315e-05    1.2016363081011657e-04    2.8609986885535976e-06 
  -5.5547920740149084e-05    6.5221729016417442e-05    8.4290375440028290e-05   -2.8959862696407612e-05   -2.4081173613972877e-07 
  -6.9328844031679655e-05    2.8442744066830285e-05    5.2596361229915259e-05   -7.4787970930252888e-06    5.4806305948207880e-06 
  -5.8929455966900741e-06    6.4290086077767794e-04    1.8836377317192736e-07    1.1578888701749001e-04   -5.3473986490285594e-09 
  -1.3546174886787784e-05    4.0218528660315641e-04   -1.0606399835028690e-07   -5.4646482358420775e-05   -1.1106109977626679e-08 
  -1.2220600452753415e-05   -3.5753063331169334e-04    7.7134107047004679e-07   -3.5190108747897406e-05    5.9303604002853203e-08 
   1.1738947354236857e-05    1.4511188631342658e-04   -1.6715608294241097e-07    7.3935584478956623e-05   -6.9898440417494258e-08 
  -9.9079059898470818e-05    1.3064043789773618e-05   -3.4811203859556562e-06    4.8733119521165896e-05   -1.4053884615325802e-07 
   1.6384198748952873e-06    8.6059014062493463e-05   -5.3556063175607442e-06   -9.5389621036492988e-05   -2.4208373153018957e-07 
   2.9894750330421681e-05    8.2211820160616928e-05    5.2876424173998529e-06   -4.6702723826668668e-05    1.2915246795245617e-07 
  -2.1511029708837706e-05    5.1538381723742391e-05    1.2889762633405452e-06    4.3038716211835217e-05   -6.2178452295503234e-08 
   2.6546091684565636e-05   -1.1511981090373451e-05    7.8995263962366415e-06   -5.4965727111116671e-05    5.2818489709528870e-07 
  -2.7963118418860102e-05   -1.1325810384077237e-05   -1.8388310552574614e-06   -6.2472730547247385e-06    3.0192151650202233e-07 
   2.4338267528165160e-06   -2.6552244352100217e-04   -7.7795523967639567e-08   -4.7821600637260606e-05    2.2085121398864797e-09 
   5.5946626855529203e-06   -1.6610526842021688e-04    4.3805155241990842e-08    2.2569370195092791e-05    4.5868992237859020e-09 
   5.0471913967946205e-06    1.4766259182745270e-04   -3.1856912677262272e-07    1.4533755097495022e-05   -2.4492793220702746e-08 
  -4.8482653796589803e-06   -5.9932199486052875e-05    6.9036603153058510e-08   -3.0535901025640178e-05    2.8868532973357408e-08 
   4.0920327986779915e-05   -5.3955392517752635e-06    1.4377264792453878e-06   -2.0127110982568312e-05    5.8043502687328995e-08 
  -6.7667859111175156e-07   -3.5542960190223697e-05    2.2119019630104367e-06    3.9396564555092013e-05    9.9982233426821437e-08 
  -1.2346735928432370e-05   -3.3954042850325150e-05   -2.1838324083669601e-06    1.9288543702590971e-05   -5.3340850774444586e-08 
   8.8842020899371834e-06   -2.1285703419113203e-05   -5.3235599446662877e-07   -1.7775283549550723e-05    2.5680125187397046e-08 
  -1.0963717051945123e-05    4.7545267635604645e-06   -3.2625583186343698e-06    2.2701220456911595e-05   -2.1814396754420955e-07 
   1.1548958764904293e-05    4.6776369911809321e-06    7.5944977647666675e-07    2.5801664113917812e-06   -1.2469564703368185e-07 
  -1.4014039068709845e-06    1.5288852802758038e-04    4.4794869272909396e-08    2.7535804628791245e-05   -1.2716671544625107e-09 
  -3.2214216299849581e-06    9.5643854619710739e-05   -2.5223124705229994e-08   -1.2995503287330765e-05   -2.6411487527607345e-09 
  -2.9061862082041313e-06   -8.5024512466310440e-05    1.8343294910000873e-07   -8.3685747769702125e-06    1.4103015372788809e-08 
   2.7916440793243492e-06    3.4509119603492825e-05   -3.9751459410098652e-08    1.7582652893282575e-05   -1.6622577941375308e-08 
  -2.3562033511527729e-05    3.1067658280784973e-06   -8.2784672437950180e-07    1.1589243947769021e-05   -3.3421602971685173e-08 
   3.8963332956322946e-07    2.0465730855615466e-05   -1.2736190236183648e-06   -2.2684646481475823e-05   -5.7570035492414319e-08 
   7.1092833321788687e-06    1.9550828032211114e-05    1.2574564995208813e-06   -1.1106394681290020e-05    3.0713803513180595e-08 
  -5.1155471538232184e-06    1.2256364549170181e-05    3.0653199519167484e-07    1.0235055466973041e-05   -1.4786684271962770e-08 
   6.3129373907339300e-06   -2.7376691352684019e-06    1.8785897430199411e-06   -1.3071423018191233e-05    1.2560787575492626e-07 
  -6.6499211230623418e-06   -2.6933958001649884e-06   -4.3729319788068458e-07   -1.4856666708578686e-06    7.1800084669371368e-08 
   2.6000937256308154e-03   -2.2730700225747422e-05    3.8239747458998835e-03    9.9597688223614333e-07    7.4091323488760302e-04 
   1.6251712161742566e-03   -5.5117818235980823e-05    1.6723422352397802e-03   -8.1997039445876739e-07   -3.3781641190186391e-04 
  -1.4456500503696359e-03   -4.5594920545757173e-05   -1.9611738579196547e-03    4.6236587486877757e-06   -2.2790015237687222e-04 
   5.8740398013393356e-04    4.6584815302912625e-05    1.1338916502295227e-03   -1.2595379677149760e-06    4.6864121010464131e-04 
   5.3323096336144788e-05   -4.1706686763090414e-04    3.4042688003362498e-04   -2.1536798602491064e-05    3.0750747774274092e-04 
   3.4683665493021493e-04   -1.9763472561987483e-05   -1.1625612877878171e-04   -3.1873087401227604e-05   -6.0003552670279104e-04 
   3.3182333392854819e-04    1.4673971676021428e-04    1.4057571132350033e-04    3.1038053825239462e-05   -2.9310378731014911e-04 
   2.0880272211377130e-04   -8.0464434475791682e-05    4.9776495342380447e-04    6.7144371680504143e-06    2.7224774878992989e-04 
  -4.7131816303279048e-05    1.4608243598400830e-04   -3.6808166796388112e-04    4.8316743189764080e-05   -3.4678126245343333e-04 
  -4.5856757975930322e-05   -1.2192580372831593e-04   -9.1199273625628929e-05   -8.7800680085241567e-06   -3.9582551056147899e-05 
   3.4502167610908505e-04   -7.2244958894430777e-02    2.6057420767854674e-04   -6.4877362328695329e-02   -1.4104125623138925e-05 
   8.2359908128976859e-04   -3.6416539203378756e-02    6.8087525886853398e-04   -1.8111958429351444e-02    1.6941392525270936e-05 
   7.0302701055780415e-04    3.8159776025485856e-02    4.9122194604356946e-04    3.0915280254427888e-02   -7.6754664101341902e-05 
  -7.0279663642842309e-04   -1.9608646384477277e-02   -5.4961417828021332e-04   -2.3097079813900395e-02    2.5322523874704893e-05 
   6.1683281425047492e-03   -4.6714741953635085e-03    5.3721205790079971e-03   -9.5205389274999972e-03    3.7136603360317952e-04 
   1.6418099113135826e-04   -2.0108868268540313e-03    6.8404706945140114e-04    1.0925907467812565e-02    5.2611747784329465e-04 
  -2.0700861392685577e-03   -4.9896994999139889e-03   -2.2167410780733481e-03    2.5814279688212310e-03   -5.0541331974592171e-04 
   1.2383905314416919e-03   -8.1232552381360398e-03    8.8499205679824604e-04   -1.1170649987591447e-02   -9.3791395263138081e-05 
  -1.9957519054616744e-03    4.9471321764622779e-03   -2.4491239256487518e-03    1.0515512458899210e-02   -8.2096728773177865e-04 
   1.7829772687107889e-03    1.5634632468700517e-03    1.6049577739429869e-03    1.8870011099967234e-03    1.0754051486938381e-04 
   7.5214054793348107e-06   -8.2056044427735548e-04   -2.4041632361908689e-07   -1.4778605282705979e-04    6.8251017829829543e-09 
   1.7289532432598786e-05   -5.1332539368153856e-04    1.3537378298555537e-07    6.9747521862047779e-05    1.4175178621491961e-08 
   1.5597648017950149e-05    4.5633084852014186e-04   -9.8449389336429472e-07    4.4914563084289676e-05   -7.5691595106850374e-08 
  -1.4982894632757554e-05   -1.8521218615143086e-04    2.1334808840817405e-07   -9.4366985252705184e-05    8.9214214542959888e-08 
   1.2645862273465903e-04   -1.6674168958536367e-05    4.4430951407149081e-06   -6.2200057030469276e-05    1.7937542951528796e-07 
  -2.0911817396397016e-06   -1.0984061014908302e-04    6.8355775632286111e-06    1.2174964227372671e-04    3.0898128532048392e-07 
  -3.8155882359557662e-05   -1.0493028053227977e-04   -6.7488324808789269e-06    5.9608580653971434e-05   -1.6484253319304933e-07 
   2.7455399691634886e-05   -6.5780526959341651e-05   -1.6451726849926268e-06   -5.4932059125245344e-05    7.9360880584852976e-08 
  -3.3881853510299271e-05    1.4693208384575454e-05   -1.0082485939489503e-05    7.0154986888285996e-05   -6.7414380702000101e-07 
   3.5690462205019394e-05    1.4455591161159297e-05    2.3469746576911882e-06    7.9736479853300456e-06   -3.8535467726409721e-07 
  -5.2513927562127211e-06    5.7290956922241207e-04    1.6785699744514009e-07    1.0318318955381311e-04   -4.7652383802529678e-09 
  -1.2071430748456865e-05    3.5840020344145561e-04   -9.4517029470711374e-08   -4.8697232462268332e-05   -9.8970106764550725e-09 
  -1.0890168870760461e-05   -3.1860701021094417e-04    6.8736675802859984e-07   -3.1359034142932258e-05    5.2847342872605481e-08 
   1.0460952352288285e-05    1.2931385435743908e-04   -1.4895814473727878e-07    6.5886369793949150e-05   -6.2288741285031877e-08 
  -8.8292526870676971e-05    1.1641788270198255e-05   -3.1021379848780226e-06    4.3427645248386754e-05   -1.2523867165348412e-07 
   1.4600484802528496e-06    7.6689946587734476e-05   -4.7725524968298317e-06   -8.5004749612871926e-05   -2.1572857466538096e-07 
   2.6640170481489130e-05    7.3261588756057269e-05    4.7119876863911721e-06   -4.1618294548065151e-05    1.1509190497761757e-07 
  -1.9169168243317141e-05    4.5927504337220338e-05    1.1486480744092766e-06    3.8353179889947167e-05   -5.5409212357318266e-08 
   2.3656073400098345e-05   -1.0258695437745170e-05    7.0395212401092885e-06   -4.8981721696770647e-05    4.7068249605173426e-07 
  -2.4918831354628481e-05   -1.0092792752505370e-05   -1.6386413084997437e-06   -5.5671453142366096e-06    2.6905194332593558e-07 
  -2.8739398586545405e-03    2.5124734831646966e-05   -4.2267220340542772e-03   -1.1008747999891747e-06   -8.1894743122444612e-04 
  -1.7963369124965344e-03    6.0922917196775382e-05   -1.8484760606085400e-03    9.0633102042504652e-07    3.7339579012171301e-04 
   1.5979082832543875e-03    5.0397052312738131e-05    2.1677279032159334e-03   -5.1106300667860392e-06    2.5190296997868112e-04 
  -6.4927033014152672e-04   -5.1491204408263833e-05   -1.2533149774051271e-03    1.3921945709963157e-06   -5.1799927050747525e-04 
  -5.8939172244701547e-05    4.6099303374837040e-04   -3.7628119703595625e-04    2.3805089532492853e-05   -3.3989466933726642e-04 
  -3.8336605993098281e-04    2.1844993886726540e-05    1.2850041481837581e-04    3.5230013209829294e-05    6.6323225189951365e-04 
  -3.6677151135293211e-04   -1.6219458425197449e-04   -1.5538137565918132e-04   -3.4307032528905976e-05    3.2397395861907732e-04 
  -2.3079416705747662e-04    8.8939080604861717e-05   -5.5019037421003892e-04   -7.4216126962922981e-06   -3.0092132793656202e-04 
   5.2095816450583798e-05   -1.6146807758706284e-04    4.0684863256027339e-04   -5.3405541778979245e-05    3.8330483342775216e-04 
   5.0686466890237527e-05    1.3476722922681729e-04    1.0080453060954474e-04    9.7047991626814269e-06    4.3751450213546723e-05 
  -2.9298864015466208e-04    6.1349630270233817e-02   -2.2127677202222486e-04    5.5093147711380040e-02    1.1977069480085306e-05 
  -6.9939134717850356e-04    3.0924527469292917e-02   -5.7819183554071315e-04    1.5380477338692392e-02   -1.4386445554035689e-05 
  -5.9700286120633250e-04   -3.2404865144700909e-02   -4.1714031306232604e-04   -2.6252918436583391e-02    6.5179222691706893e-05 
   5.9680723001105413e-04    1.6651448408259439e-02    4.6672635910889506e-04    1.9613787987276490e-02   -2.1503610784697566e-05 
  -5.2380769083296766e-03    3.9669648801555647e-03   -4.5619461389805223e-03    8.0847377050763183e-03   -3.1535998089182390e-04 
  -1.3942070502147980e-04    1.7076231370420042e-03   -5.8088530245555307e-04   -9.2781613246756198e-03   -4.4677321765189962e-04 
   1.7578945467633434e-03    4.2371983341649008e-03    1.8824323195112667e-03   -2.1921204452181038e-03    4.2919147265864149e-04 
  -1.0516277176532923e-03    6.8981796526263062e-03   -7.5152559164721978e-04    9.4859940001953118e-03    7.9646628774903363e-05 
   1.6947707270496754e-03   -4.2010506278706526e-03    2.0797692963476408e-03   -8.9296583640970841e-03    6.9715645682489138e-04 
  -1.5140848287487987e-03   -1.3276759182151200e-03   -1.3629126175380816e-03   -1.6024207389609857e-03   -9.1322231021656426e-05 
2    106 5 
  -6.2468388648736026e-03    3.3545564239947411e-03   -1.8442099467372098e-03    3.6291064429754504e-04   -1.8105607575936872e-04 
  -8.4100601223351702e-03   -1.1448407469318106e-02    3.3871037237041446e-03   -2.3741498735894559e-03    2.4311269764773128e-04 
   7.5604922151310981e-03    1.8610497309998086e-02   -6.4936113025390639e-03   -2.0840579714249900e-04   -3.5773926162262844e-04 
  -1.3266439620513104e-02   -8.4493162465461447e-03    1.1121365168731267e-03   -1.4664205942076247e-03    7.1531211387187109e-04 
   9.4508416127784579e-03    5.6078637241576308e-03   -5.0035353555385430e-03    1.7007361977566281e-03   -1.1381737473384105e-03 
  -9.3066523131473140e-03   -8.3371582143393255e-04   -2.3237546403513522e-03    8.3098903218396455e-04   -2.4554787836861399e-04 
   9.9083012316291482e-04   -1.7151358600796902e-03   -2.5602228580833457e-03    2.9783616930280105e-04   -2.5872953814334355e-04 
  -1.1946661419184477e-03    3.0349567185151767e-03    3.1173549198730229e-03   -1.1957258577825714e-03   -4.9883375301829416e-04 
  -6.1896710029016286e-05    2.5077762629152826e-03    9.5810975137084484e-04   -1.3959486908221908e-03    2.1468108402795272e-03 
   1.7768389283481776e-04    4.0397237155480421e-03    1.0110306577938273e-02   -4.5462987164011223e-03   -5.1475400104923023e-03 
  -6.9310064201637278e-04   -3.5129327038006006e-04    1.3621632799372852e-03    1.7876254366352453e-03   -2.4860423745223319e-03 
  -4.6059274244915029e-04    8.5185327566839161e-04    1.0785949803438317e-03    1.8582545083717411e-03   -1.8815491750913650e-03 
   1.2138559126372251e-03   -1.2537514861494798e-03   -1.3194284751648216e-03    1.3134605881383596e-03    6.6988454535751524e-03 
   7.6076983894237662e-04    7.5884828202326741e-05    3.9250807564559023e-04   -2.5762990516214235e-03   -1.4963087253313232e-04 
   6.4465773153148088e-04    2.8130970911152746e-04    1.7892685379121600e-03    1.0945435700530364e-03   -1.3244409294230570e-03 
  -5.7156551847551643e-04   -1.0713044632170282e-03   -1.2278605310895108e-03   -4.7454918492551932e-03   -8.0677701576883443e-04 
  -1.9447424423700817e-03   -7.8296516472422389e-03   -2.1755675151533863e-03   -1.5375816655633197e-04   -4.8775997102657202e-05 
   4.3195287801825564e-04    4.4900217248095712e-03    3.9448862818984115e-04   -4.4709029547738245e-04    2.3620002635999103e-05 
   3.9215971599208871e-03   -2.2164132550217936e-03    5.0805460895908157e-03   -6.4243848275076119e-04    2.4152891359839244e-04 
  -1.4295593529145020e-03    1.5557520145134582e-03   -1.8141268821499211e-03    1.8743733799197440e-03   -5.8730456011395828e-05 
  -8.6632405312347699e-04   -1.2564494208135493e-03   -1.0908116357382287e-03   -2.6001795286744595e-04   -7.1860736116995545e-05 
   1.5359966311396678e-03    2.4481206588627827e-04    1.5841490031782463e-03    2.3442816003037956e-04   -3.3020432076970606e-04 
  -6.1285626919203580e-04    9.5748305030390272e-04   -9.2869508278417448e-04    1.1741802639669742e-04   -1.6559076709933709e-04 
  -6.3765241695145432e-04    2.6636165387663448e-04   -7.4587992980167990e-05    5.3591901037885125e-04    7.8831963380609203e-04 
  -7.0061422590003838e-04   -4.3766909425849436e-04   -8.4557224186054239e-04   -4.3253880932750406e-05    8.2485534262399311e-07 
  -1.1301372625151903e-05   -6.3584862455633935e-05   -4.8772420966356947e-04   -1.9884801905329730e-04   -5.2726728455413090e-04 
  -8.0319190223587702e-04   -3.2336995703804508e-03   -8.9852423275601102e-04   -6.3503172240213660e-05   -2.0144819716378484e-05 
   1.7839948684871768e-04    1.8544096182912073e-03    1.6292649596317291e-04   -1.8465134357742528e-04    9.7552223033215002e-06 
   1.6196463932987321e-03   -9.1539380210790713e-04    2.0983002114780560e-03   -2.6533147823999632e-04    9.9753089834165719e-05 
  -5.9041776998868293e-04    6.4253620053743418e-04   -7.4924678436876185e-04    7.7412899915079781e-04   -2.4256079188298388e-05 
  -3.5779774690006282e-04   -5.1892218649607542e-04   -4.5051265072503107e-04   -1.0738918924634636e-04   -2.9678974490595500e-05 
   6.3437709236676256e-04    1.0110905413770782e-04    6.5426435067522063e-04    9.6820430145487451e-05   -1.3637663823611631e-04 
  -2.5311382213144562e-04    3.9544703492713399e-04   -3.8355740785369193e-04    4.8494446320310686e-05   -6.8390117026049198e-05 
  -2.6335480039833494e-04    1.1000918106108569e-04   -3.0805350189553212e-05    2.2133820911830805e-04    3.2558138931495243e-04 
  -2.8935845723013329e-04   -1.8076032317108107e-04   -3.4922710721021105e-04   -1.7864148047862029e-05    3.4067088642554298e-07 
  -4.6675440299486466e-06   -2.6260982182764799e-05   -2.0143342747678115e-04   -8.2125589075234776e-05   -2.1776498730168971e-04 
  -3.3794326564280497e-02   -1.3698565204835280e-02   -2.8278663610169487e-02   -9.2254489025121143e-03   -9.1053288621984548e-04 
   1.9977501757671545e-02    2.8826416425840225e-03    1.4017962986148717e-02    1.8128324932704415e-03   -1.9545050603526938e-03 
  -8.3197513807956730e-03    2.9002779922457315e-02   -1.0272249364164382e-02    2.1721128279578877e-02   -2.4994757607181223e-03 
   4.2018135876908157e-03   -1.0369874925045972e-02    1.3044600431017345e-02   -7.6477186338185258e-03    8.3165249191568796e-03 
  -5.2038981045209980e-03   -6.4038795041123928e-03   -5.5161851026370463e-03   -4.7828508914916669e-03   -1.3289688897926339e-03 
   9.8808344528211137e-04    1.0004115812203878e-02    1.8548757721010315e-03    4.9410881232582271e-03    1.4620200930418603e-03 
   4.1211444517407110e-03   -4.9700177949592219e-03    3.8224756559969561e-03   -4.5053704041418414e-03    1.3732317329715302e-03 
   7.3212200207774020e-04   -2.0683548650033130e-03    3.1269801419917856e-03    3.2858344775515066e-03    3.7811913794455472e-03 
  -1.6845738897703908e-03   -5.0129888896315849e-03   -1.7416495839803813e-03   -3.4356878855223401e-03    7.2470502877832149e-04 
  -4.3403722860610932e-05   -1.7558544705805965e-03   -1.0542626704324182e-03   -4.3784757538625129e-03   -9.7395021934391685e-04 
  -1.9514899301131163e-04   -4.3248610497977892e-05   -2.0596695385329144e-06   -7.7938520551966807e-07   -4.5302126810382227e-07 
   1.2378351260650908e-04    7.1800932744068935e-06   -8.2389657338175421e-06    4.3008359345190453e-07    1.9867141647819935e-07 
  -4.2174062536618387e-05    1.0067816639542114e-04   -1.2945888584490633e-05    3.9636899290078902e-06    8.4742760718174925e-07 
  -1.8738675193685724e-06   -3.6320886549043621e-05    3.4236481633809809e-05   -1.1516148032452780e-06   -4.5658308335418115e-07 
  -2.6348658353076993e-05   -2.1110034322724695e-05   -4.1649115409116570e-06   -1.1322627117017569e-06   -3.4957837005920946e-07 
   2.0599165170050573e-06    3.8821796062471686e-05    2.8343702298745592e-06   -5.2841001490639946e-06    1.0179936099094591e-06 
   2.5379574397441492e-05   -1.6297360400414756e-05   -6.4600862986832958e-07   -2.6170341522618631e-06    2.5231994720838135e-06 
   4.9549994872140926e-07   -1.6189435486227707e-05    5.2694839600301014e-06    1.2632029407715987e-05    3.9931293291931666e-06 
  -6.1407239384024649e-06   -1.7535711627838441e-05   -3.7787164515356213e-06    6.7454212023314692e-08    2.7658474083125279e-06 
   2.5952902172641090e-06   -3.4974882753632231e-07   -3.3762845715253656e-06   -8.4206766973901351e-06   -1.9772981099549189e-07 
  -1.4698189973086722e-04   -3.2573895635447400e-05   -1.5512974826050916e-06   -5.8701567639025991e-07   -3.4120558644402912e-07 
   9.3231000362937371e-05    5.4078872426258240e-06   -6.2054065290709841e-06    3.2392943787813821e-07    1.4963491107789341e-07 
  -3.1764569908086885e-05    7.5828565291964436e-05   -9.7505565798245548e-06    2.9853634739274140e-06    6.3826370644268096e-07 
  -1.4113555165759715e-06   -2.7356087379750361e-05    2.5786159759208328e-05   -8.6737076593251222e-07   -3.4388826680998812e-07 
  -1.9845225949335841e-05   -1.5899610345199353e-05   -3.1369191357227512e-06   -8.5279519915688698e-07   -2.6329468650214572e-07 
   1.5514835013206795e-06    2.9239717039665384e-05    2.1347848866605712e-06   -3.9798672096277011e-06    7.6673024231133354e-07 
   1.9115333375461510e-05   -1.2274810929271461e-05   -4.8655939339168382e-07   -1.9710921661671707e-06    1.9004179631370344e-06 
   3.7319958794457389e-07   -1.2193524274030642e-05    3.9688586197401655e-06    9.5141647986605636e-06    3.0075365781766292e-06 
  -4.6250572768104941e-06   -1.3207509649014452e-05   -2.8460455471517278e-06    5.0805018642657367e-08    2.0831750149789749e-06 
   1.9547151158720191e-06   -2.6342307129892469e-07   -2.5429427674579417e-06   -6.3422672026296636e-06   -1.4892571468128521e-07 
  -2.4821536567642909e-03   -9.9933019632707440e-03   -2.7767650592817939e-03   -1.9624778431330425e-04   -6.2254783426815178e-05 
   5.5131897795998217e-04    5.7307968399171313e-03    5.0350183637685336e-04   -5.7063947782748554e-04    3.0147167377226629e-05 
   5.0052935127960357e-03   -2.8288981337541391e-03    6.4845070379955048e-03   -8.1997029244783098e-04    3.0827314869105428e-04 
  -1.8246045841802388e-03    1.9856693964763758e-03   -2.3154437195678406e-03    2.3923387682326706e-03   -7.4960063078820366e-05 
  -1.1057245265767136e-03   -1.6036573566065274e-03   -1.3922471333473563e-03   -3.3187145941430355e-04   -9.1718772133750145e-05 
   1.9604547994101062e-03    3.1246356911873740e-04    2.0219136248737853e-03    2.9921016890996555e-04   -4.2145316748423321e-04 
  -7.8221331344629000e-04    1.2220744520314184e-03   -1.1853312014635845e-03    1.4986538949364180e-04   -2.1135021230940296e-04 
  -8.1386164254826582e-04    3.3996818230897473e-04   -9.5199680684092134e-05    6.8401516949472951e-04    1.0061643223902629e-03 
  -8.9422235300191380e-04   -5.5861481659364321e-04   -1.0792381481810221e-03   -5.5206682585499245e-05    1.0527963294206165e-06 
  -1.4424400258262294e-05   -8.1155938915366101e-05   -6.2250219059009257e-04   -2.5379779187209789e-04   -6.7297262091591621e-04 
  -5.6832487122274883e-04   -1.2595125710129283e-04   -5.9982960054540813e-06   -2.2697734163260899e-06   -1.3193163330407119e-06 
   3.6048994040935713e-04    2.0910308183389362e-05   -2.3994021529022615e-05    1.2525158295303256e-06    5.7858308896868881e-07 
  -1.2282189259708087e-04    2.9320113349651575e-04   -3.7701811057862971e-05    1.1543301011754347e-05    2.4679306733304715e-06 
  -5.4571919649716358e-06   -1.0577591435219339e-04    9.9705582465020113e-05   -3.3538032897492171e-06   -1.3296892699554418e-06 
  -7.6734179532951522e-05   -6.1477937205009842e-05   -1.2129310936313957e-05   -3.2974449413680649e-06   -1.0180635783995190e-06 
   5.9990152713145377e-06    1.1305921648573998e-04    8.2544268921627521e-06   -1.5388680671136394e-05    2.9646634519084575e-06 
   7.3911953777173957e-05   -4.7462172916770157e-05   -1.8813459691151045e-06   -7.6214874318288061e-06    7.3482163187909504e-06 
   1.4430253531036698e-06   -4.7147867359715471e-05    1.5346114508624999e-05    3.6787771105772678e-05    1.1629036239289969e-05 
  -1.7883393030394686e-05   -5.1068575342906705e-05   -1.1004609901224468e-05    1.9644429504875905e-07    8.0548705268485667e-06 
   7.5581634101836714e-06   -1.0185599951231426e-06   -9.8326230882077064e-06   -2.4523211346395485e-05   -5.7584088770777156e-07 
  -2.1570240482597850e-04   -4.7803625044865871e-05   -2.2765973103566616e-06   -8.6147133286328191e-07   -5.0073421061232269e-07 
   1.3682059504905144e-04    7.9363124670319409e-06   -9.1067071094764245e-06    4.7538070246868733e-07    2.1959581570603928e-07 
  -4.6615903930913404e-05    1.1128175590280181e-04   -1.4309370789947914e-05    4.3811522492558086e-06    9.3668007179741173e-07 
  -2.0712263179839366e-06   -4.0146261854326476e-05    3.7842323996850773e-05   -1.2729047619467037e-06   -5.0467116208305731e-07 
  -2.9123742239179155e-05   -2.3333377739267788e-05   -4.6035668511496872e-06   -1.2515144764016071e-06   -3.8639653699133644e-07 
   2.2768703010063158e-06    4.2910571256975216e-05    3.1328907483302556e-06   -5.8406302379861529e-06    1.1252103655088881e-06 
   2.8052592772900672e-05   -1.8013825110956988e-05   -7.1404731764543156e-07   -2.8926644787855972e-06    2.7889469762858091e-06 
   5.4768681549979506e-07   -1.7894533367906924e-05    5.8244746479656649e-06    1.3962455450225570e-05    4.4136922553230204e-06 
  -6.7874750489185877e-06   -1.9382601519447132e-05   -4.1766970619442363e-06    7.4558600198500812e-08    3.0571509908848517e-06 
   2.8686304369131729e-06   -3.8658494732933738e-07   -3.7318803967010793e-06   -9.3075561695767873e-06   -2.1855503879049786e-07 
  -1.2481542439635063e-04   -2.7661396508178143e-05   -1.3173448840359634e-06   -4.9848730292723380e-07   -2.8974805847793432e-07 
   7.9170747544451338e-05    4.5923187991983787e-06   -5.2695634693529763e-06    2.7507734174931366e-07    1.2706833266474110e-07 
  -2.6974125937309524e-05    6.4392789694602776e-05   -8.2800661839305948e-06    2.5351380656931406e-06    5.4200657048454749e-07 
  -1.1985076944720288e-06   -2.3230490709259301e-05    2.1897325315504658e-05   -7.3656178384608685e-07   -2.9202616135325467e-07 
  -1.6852349191589869e-05   -1.3501775501653162e-05   -2.6638374788949839e-06   -7.2418437168684688e-07   -2.2358697293506204e-07 
   1.3175028490981533e-06    2.4830048449622845e-05    1.8128360166207411e-06   -3.3796597793359493e-06    6.5109895005329172e-07 
   1.6232532387352868e-05   -1.0423635415839110e-05   -4.1318092425948003e-07   -1.6738299456937215e-06    1.6138141841527936e-06 
   3.1691701521845841e-07   -1.0354607675755330e-05    3.3703114050032313e-06    8.0793248644632384e-06    2.5539672237195221e-06 
  -3.9275481397339645e-06   -1.1215672984763024e-05   -2.4168308034495080e-06    4.3143067105262614e-08    1.7690094771027810e-06 
   1.6599227333996051e-06   -2.2369599590268831e-07   -2.1594392324297702e-06   -5.3857840589948018e-06   -1.2646609082826259e-07 
2    106 5 
   1.2827128825244465e-02   -5.3716305817987191e-03   -5.2192717147186386e-03    3.0515575976670936e-03   -1.5241397885005560e-03 
   6.9978995463650117e-04   -4.7903895304924017e-03   -8.7898123103255022e-04    3.2248340546754120e-05    1.4606572878833702e-04 
  -1.5054778709886608e-03    8.5369190218678530e-04   -1.5046229954805985e-03    5.8147016955441549e-04   -3.6961807024093421e-04 
   2.5495127668168885e-03    5.4049559949867843e-03    6.3048584474739819e-04    8.5100853275003885e-04   -6.2745006460990206e-04 
  -7.3694946696081882e-03   -3.4015425353362094e-03   -1.1599975750423554e-03    1.7299047914120418e-03   -5.7529859300205048e-04 
  -1.1300984317824023e-03   -1.9870881324567241e-03   -4.0167942663072703e-03    2.0489434928782253e-03   -1.0422105785325452e-03 
   1.2318795937254774e-04    3.3341709175654997e-03   -9.9172013202413942e-04   -7.8467149919456548e-04    6.5798620410148739e-04 
   8.6630541202040124e-04   -1.8247100320754718e-03    5.2354049949884329e-04    9.1661260446477795e-04   -5.6782376355784875e-04 
   7.3839882084366889e-04   -1.1255918259215174e-03   -6.2349823035753600e-04    8.8651353491450398e-04    1.3935541457689754e-03 
   1.4246532887184763e-04    1.4203164957574893e-03   -8.9484322596804168e-04    1.6201643451655874e-03    9.0710608061976312e-04 
   1.4831142103877376e-03   -3.6317963170646810e-04   -1.8440997391968440e-03    8.2032291396380249e-04   -4.4734927559062377e-06 
   1.4580701458258015e-04   -9.1495795138345649e-04   -1.6466560492671440e-03   -1.8651375843024764e-03   -5.3918787686641368e-03 
   3.3936657238253380e-04   -4.1003678480747223e-04    1.5678680689150290e-05   -8.7151647506420230e-04   -2.6312584735424726e-03 
   6.4005140006393498e-04   -9.1238305513170056e-05    8.8892656564887800e-05   -2.5230268012028214e-03    1.0605968775194308e-03 
   6.7417519248536473e-04   -1.9548695401199959e-04    2.6040140219462738e-04   -1.1347070995069589e-03    2.6039768306335238e-03 
  -1.6637535338855401e-04   -5.3590987716262270e-04   -1.8710231953537181e-03   -3.3624653408344950e-03   -1.6609152805406072e-03 
   3.6151158173506953e-04    4.7629954663518850e-03    3.1235077077136973e-03   -1.3959572157170382e-03    5.6884933342265436e-04 
   3.1820685046939677e-03    3.9796551732687813e-05    3.7978693762432056e-03   -1.9062588765926705e-03    8.3813297122054052e-04 
   5.2409092412810906e-04   -2.1049205230105647e-03   -7.4815034641184696e-04   -1.8723234395548691e-04    5.5311243436584703e-04 
  -1.2129066318107829e-03    1.8442921624187836e-04   -1.2826644969377537e-03    9.3070174882430956e-04   -7.6639964539987001e-04 
  -8.3904716615741529e-04    1.2838004977746638e-03   -4.7806337530470065e-04   -5.8810978797630309e-05    1.8334710483387459e-04 
  -2.2748999429161249e-04   -6.7685960526206587e-04   -6.9319527420113756e-04    7.3732482719874018e-06   -1.3225049424702681e-04 
  -6.6138467903937952e-04    8.5488772013790507e-05   -1.4237863705705001e-03    1.2846572726067453e-04   -5.3659064407399497e-04 
  -2.5344463398331845e-04    3.9484362833116387e-04    1.4872307133443350e-04    4.7880138112711571e-04    1.6420306159593977e-04 
   2.7201262487267218e-04   -5.6205486958257477e-04    7.4036489205311625e-04    5.4153926874795364e-04    5.6941957804873262e-04 
   1.1341555801826128e-05    6.6695996529641735e-05   -2.6787331773060719e-04    7.8735027158529939e-05    1.3127312992656040e-04 
   2.7371788093407418e-02    5.9563991911264613e-03    1.9739560678946673e-02   -1.6530971634595808e-02    9.3738217350929891e-03 
  -1.8483781049660163e-03    2.9204474243630610e-02    3.2159536118103456e-04   -1.7942335154725930e-02    1.2098864269142485e-02 
  -1.4122788292498054e-02    2.9405864641447476e-03   -5.8235864140833401e-03    2.0571093341345717e-03    6.7261723562330963e-04 
   2.9034301101316848e-03   -1.0853123512900428e-02   -9.8353430358252901e-04    7.8629530486478451e-03   -5.8270379559808147e-03 
   7.0769298239277594e-03   -7.8537852548636079e-03    7.2480367225952920e-03    1.0696546107170593e-03    1.2708074299506048e-04 
  -4.1168727170187765e-03   -2.5420169627539176e-03   -1.1588226810396124e-03    4.4740635060370451e-03    1.4585090772885800e-03 
   4.6345218670183763e-04   -9.0160535005373559e-03    3.3643198160579185e-03    1.0054243470212824e-02   -1.7542715698400516e-03 
   2.8546489235726797e-03   -1.2407055991699183e-03   -1.1462110625127990e-03   -3.3895479801152166e-03   -4.9378482479675813e-03 
  -2.8695882237278984e-03    5.2805854444180553e-03   -7.0755658759628559e-03   -8.6902339546014191e-03   -4.7276317142691156e-03 
  -6.9773668521366341e-05   -1.3369272278313563e-03    7.0258275913624442e-04    4.6758208473054530e-04   -3.0446833618127133e-03 
   8.5971223509545731e-05    1.1326899842251112e-03    7.4280270077331631e-04   -3.3197318112514152e-04    1.3527830270946745e-04 
   7.5672906889110857e-04    9.4640349487541868e-06    9.0317293691669802e-04   -4.5332823684388762e-04    1.9931675951761300e-04 
   1.2463428629670145e-04   -5.0057204774752676e-04   -1.7791795311623750e-04   -4.4525803608166425e-05    1.3153590402982730e-04 
  -2.8844184365864144e-04    4.3859190610497514e-05   -3.0503099133019390e-04    2.2133058001869778e-04   -1.8225782669556204e-04 
  -1.9953416460563852e-04    3.0530114417395143e-04   -1.1368845527103417e-04   -1.3985863962531392e-05    4.3601853234822793e-05 
  -5.4099492612555095e-05   -1.6096427154362180e-04   -1.6484906394445859e-04    1.7534353177291542e-06   -3.1450546468221428e-05 
  -1.5728417273544787e-04    2.0330121350690916e-05   -3.3859124431555418e-04    3.0550489416235488e-05   -1.2760685003066781e-04 
  -6.0271776552494278e-05    9.3897931733359831e-05    3.5367897054232493e-05    1.1386396075057006e-04    3.9049200143639012e-05 
   6.4687438388860233e-05   -1.3366250836445784e-04    1.7606649089313143e-04    1.2878368457596193e-04    1.3541391282731872e-04 
   2.6971402246784279e-06    1.5861003393921082e-05   -6.3703067991161837e-05    1.8724010404835914e-05    3.1218119042129586e-05 
   1.7954885085503681e-04    8.1899879142621044e-05    2.9355644142724771e-05   -1.1575515796385692e-05    4.1833282902259928e-06 
   1.6889571735904778e-05    1.1399274812452910e-04    4.2588357046118677e-05   -1.7576178069789056e-05    6.3025614946505923e-06 
  -1.0515746952254130e-04   -2.5064920695204134e-05    1.1517375183962906e-05   -1.5601698951964708e-05    6.0301869850369781e-06 
   2.0612216809603960e-05   -3.1635556179120220e-05   -2.5397718012424701e-05    1.9244765862577350e-05   -7.4372406647520304e-06 
   2.7659277289974989e-05   -1.8659862850937417e-05    4.2532029455845732e-06   -4.9641271006150087e-06    1.6363566712734108e-06 
  -3.2846269812013718e-05   -2.0862252013570634e-05   -3.1255401132527992e-06   -7.1811347261118997e-07    4.8960287936135449e-06 
  -4.8659867307490181e-06   -2.4463642446357289e-05   -4.2733763483273721e-06    1.5461194176472247e-05   -6.6258270209917929e-06 
   2.0086857410187141e-05   -3.4436154202349011e-07   -5.2030282074873890e-06   -3.4804215134668720e-07   -5.9017785631242024e-06 
  -1.2900669785230144e-05    4.5434723084466097e-06   -4.4179511254146831e-06   -1.2658453846180419e-05   -5.6361805566210750e-07 
  -3.9390927743730320e-06   -1.5449159105439423e-06    4.6097155752756215e-06    1.7708652978881601e-06   -6.8494808225341275e-06 
   1.3523221814235937e-04    6.1685175200535682e-05    2.2110021052841877e-05   -8.7184221443500449e-06    3.1507902234456136e-06 
   1.2720851391942112e-05    8.5856813383169018e-05    3.2076607357600610e-05   -1.3237988076914439e-05    4.7469497400924958e-06 
  -7.9202277207845930e-05   -1.8878343175314711e-05    8.6746319226658267e-06   -1.1750854132544417e-05    4.5418032915071742e-06 
   1.5524665219074414e-05   -2.3827200307306434e-05   -1.9128998744455052e-05    1.4494731449592473e-05   -5.6015649622006939e-06 
   2.0832355107400987e-05   -1.4054195454594234e-05    3.2034182664048132e-06   -3.7388705957175149e-06    1.2324676057493308e-06 
  -2.4739083002916506e-05   -1.5712986197376802e-05   -2.3540875945196282e-06   -5.4086716409858551e-07    3.6875804590015607e-06 
  -3.6649534425690121e-06   -1.8425473714301215e-05   -3.2186124265868265e-06    1.1645029047287925e-05   -4.9904261754352812e-06 
   1.5128976154138905e-05   -2.5936548715846871e-07   -3.9188056186662316e-06   -2.6213764058925425e-07   -4.4450889118788434e-06 
  -9.7164987816453449e-06    3.4220427221541572e-06   -3.3275029469095624e-06   -9.5340671005115304e-06   -4.2450463753626641e-07 
  -2.9668374417895193e-06   -1.1635964498316882e-06    3.4719356836942791e-06    1.3337765244629404e-06   -5.1588772656790179e-06 
   7.4892353555654570e-04    3.4161592656845952e-04    1.2244652469349122e-04   -4.8283106100852129e-05    1.7449251268331806e-05 
   7.0448781589263363e-05    4.7547980143942102e-04    1.7764203324406282e-04   -7.3312713275037821e-05    2.6288871330327741e-05 
  -4.3862661047374812e-04   -1.0454931310394470e-04    4.8040593420833632e-05   -6.5076882888145105e-05    2.5152758903186657e-05 
   8.5976458301980897e-05   -1.3195635878557226e-04   -1.0593745756852715e-04    8.0272627878837945e-05   -3.1021777900032455e-05 
   1.1537073971958446e-04   -7.7832915068931310e-05    1.7740708293468625e-05   -2.0706073034943983e-05    6.8254740581495867e-06 
  -1.3700641580445666e-04   -8.7019390340123046e-05   -1.3037067856429711e-05   -2.9953523972870029e-06    2.0422025408896363e-05 
  -2.0296715735073507e-05   -1.0204129687418224e-04   -1.7824854396517434e-05    6.4490817687931987e-05   -2.7637257353173778e-05 
   8.3785110281787932e-05   -1.4363804743599194e-06   -2.1702563186538935e-05   -1.4517328140390893e-06   -2.4617149296797162e-05 
  -5.3810509956438569e-05    1.8951462672921028e-05   -1.8427896146397233e-05   -5.2800193173137475e-05   -2.3509302618192187e-06 
  -1.6430510545848677e-05   -6.4440617712239269e-06    1.9227772665238686e-05    7.3865284771973902e-06   -2.8570148847572606e-05 
   3.2215456098506234e-04    4.2444579674930580e-03    2.7834578617992587e-03   -1.2439822310114014e-03    5.0691987901433017e-04 
   2.8356432655187442e-03    3.5463983174842947e-05    3.3844031654810826e-03   -1.6987284019094990e-03    7.4688716221692805e-04 
   4.6703422548292846e-04   -1.8757621643664595e-03   -6.6670076029752274e-04   -1.6684874459537341e-04    4.9289622372068775e-04 
  -1.0808599868682108e-03    1.6435078761809345e-04   -1.1430234570048428e-03    8.2937816780722881e-04   -6.8296329572046838e-04 
  -7.4770183063537865e-04    1.1440357837721815e-03   -4.2601760102720023e-04   -5.2408348758068198e-05    1.6338648344861365e-04 
  -2.0272362751912171e-04   -6.0317129519109531e-04   -6.1772853352411411e-04    6.5705379304741243e-06   -1.1785265553519996e-04 
  -5.8938109228910587e-04    7.6181785615481721e-05   -1.2687816831378688e-03    1.1447992832942922e-04   -4.7817312668292969e-04 
  -2.2585263908571267e-04    3.5185781637279073e-04    1.3253189710864165e-04    4.2667526167691842e-04    1.4632661273798278e-04 
   2.4239917107958409e-04   -5.0086511444766182e-04    6.5976289230732323e-04    4.8258300478881927e-04    5.0742804228336472e-04 
   1.0106823999078649e-05    5.9434940862320976e-05   -2.3871050177406920e-04    7.0163307041685790e-05    1.1698169485374366e-04 
   1.9845923012745188e-04    9.0525708656853608e-05    3.2447428700973879e-05   -1.2794668093607673e-05    4.6239232826888913e-06 
   1.8668409115000491e-05    1.2599865120368686e-04    4.7073832617228644e-05   -1.9427329953392942e-05    6.9663576018603667e-06 
  -1.1623282657734195e-04   -2.7704799226991569e-05    1.2730404016585646e-05   -1.7244895458490367e-05    6.6652961624423949e-06 
   2.2783129269687384e-05   -3.4967464810069698e-05   -2.8072647303153300e-05    2.1271656147517061e-05   -8.2205430420211517e-06 
   3.0572397710760190e-05   -2.0625150191970690e-05    4.7011572512821018e-06   -5.4869571036034153e-06    1.8087004380609259e-06 
  -3.6305692787272664e-05   -2.3059498591171094e-05   -3.4547271210854336e-06   -7.9374636061375716e-07    5.4116865712879242e-06 
  -5.3784804291202519e-06   -2.7040193367414825e-05   -4.7234553498682040e-06    1.7089592489740221e-05   -7.3236699833036612e-06 
   2.2202438157202007e-05   -3.8063026407593877e-07   -5.7510196666368481e-06   -3.8469852120597949e-07   -6.5233635550582048e-06 
  -1.4259389472630713e-05    5.0219982592242571e-06   -4.8832569794523505e-06   -1.3991662953861642e-05   -6.2297923311657519e-07 
  -4.3539644819773587e-06   -1.7076289865299409e-06    5.0952183754957186e-06    1.9573757337052096e-06   -7.5708793698176738e-06 
   1.1483772308294455e-04    5.2382377256763712e-05    1.8775588464809832e-05   -7.4035888909188189e-06    2.6756166551346310e-06 
   1.0802408106545395e-05    7.2908668477959741e-05    2.7239104732385140e-05   -1.1241554932950086e-05    4.0310578886426227e-06 
  -6.7257709016933052e-05   -1.6031282897019286e-05    7.3664027127980168e-06   -9.9786970249992457e-06    3.8568497644418452e-06 
   1.3183376194470988e-05   -2.0233798338291228e-05   -1.6244136869493765e-05    1.2308767682991633e-05   -4.7567878039473901e-06 
   1.7690608494425910e-05   -1.1934669326130986e-05    2.7203078145843983e-06   -3.1750080861794325e-06    1.0465980338261426e-06 
  -2.1008159166805928e-05   -1.3343296313020199e-05   -1.9990654816284566e-06   -4.5929849017210859e-07    3.1314530621031972e-06 
  -3.1122384468068713e-06   -1.5646711095484222e-05   -2.7332105295100908e-06    9.8888315180745502e-06   -4.2378154190832113e-06 
   1.2847361360948267e-05   -2.2025033975426284e-07   -3.3278069430062549e-06   -2.2260442217930197e-07   -3.7747209692592859e-06 
  -8.2511446735845775e-06    2.9059613153061945e-06   -2.8256791704223941e-06   -8.0962256818872983e-06   -3.6048470314594068e-07 
  -2.5194059614823106e-06   -9.8811340020616678e-07    2.9483298734784860e-06    1.1326284614334070e-06   -4.3808622456468799e-06 
 TENSORSUMACCUMULATOR_IMPL_H - PrettifyOut: Norm of simple tensor is 1.66212e-07 
 As simple full tensor 3    5 5 5 
  -4.0182880839903542e-08   -2.3523719187220962e-09   -1.8085182898613305e-09   -6.6583972212011919e-11    3.3347205050142564e-10 
   1.4313660443982332e-08   -1.7234836319165150e-08   -2.8583251228817787e-09    2.1846687189708584e-09   -7.3052214601168916e-10 
  -9.1103472425575972e-09    2.1941747171239538e-09   -4.1804337896399216e-10   -8.9086914188016958e-10   -1.0878606963683425e-09 
   5.6999446286587831e-10   -9.1332786955531402e-10   -6.5523394117903388e-10   -1.6327877436575299e-11   -3.5585972836306425e-10 
   4.4122112718812517e-11    2.8565346868759451e-10   -1.1320188294956685e-10    2.2450037379126585e-10    1.9536954414094712e-10 

   5.9454367301010150e-08   -8.2315177584880035e-08   -6.2031763996963877e-08    3.9487973640672610e-08   -1.7938071784145622e-08 
  -3.6541773691189679e-08   -5.4121911475619543e-08   -8.0505975668194227e-09    1.3618985546846836e-10    1.6457087107929669e-09 
   5.0823131770931917e-08    3.6936463647794337e-09    3.2058256195370214e-10   -1.0651128577209259e-09    4.7579716593592243e-10 
  -8.0863300591858032e-09   -1.1214377940246774e-08   -1.1362932068707938e-09    8.4137722145581985e-10    4.3894010692384766e-10 
   6.3033243891416930e-09    3.7442280201992046e-10   -1.6057778866367251e-10   -7.3883035082672207e-10   -1.0794841013456900e-09 

  -1.8187598081549749e-08   -1.5390084282480940e-09   -2.7659076847514335e-10    4.6949690407526599e-10    2.7864020751365016e-10 
  -1.4574414140120542e-09   -2.3324657266737413e-10    2.5778890310404054e-10    1.5149781305642229e-10    4.4529299994197281e-10 
   2.0560847651116125e-10   -1.1600065785963132e-09   -4.3417236062833883e-10   -1.5090872372336108e-09    2.7427132028234622e-10 
  -2.1208348978518108e-10    8.2950194571053570e-10    3.8421526097393399e-11    1.2055902658396868e-09    4.2784747478559003e-10 
   2.2297924328134328e-10    4.1027608168277117e-10    7.0760794043840141e-10    9.4895105599025964e-10    9.7000839267392224e-10 

   3.7718432718033276e-08    1.4173865877304490e-08   -5.0850460762453251e-10    5.6437084822781456e-09   -3.7638735512648047e-09 
   1.2051593354804458e-08    1.8953970538398967e-09    8.6509025347665587e-10    1.0421421183705252e-11    1.2647463524883573e-09 
   2.0931493297694371e-09   -1.6888941885966906e-09   -3.7474733003809789e-10   -3.6829935829452506e-10   -4.0897262847523866e-10 
   2.1128311881486455e-09    5.8178485542143689e-10   -1.3639408550864697e-09    1.5678947978540008e-09   -1.2204913560133965e-09 
  -1.0763613732875194e-09   -1.5423733769736289e-09   -1.4114182004311209e-10    5.0887047410417681e-10    1.0736490392876393e-09 

  -1.1310594016084350e-09   -5.8949206544878353e-11   -8.8307892391438204e-11    1.3747615629676777e-10   -3.2087425146485688e-11 
  -4.7193234831423442e-10   -4.7094562633169406e-11   -1.4607356575331455e-10    1.3024501479947391e-10   -2.4587095756143278e-11 
   1.1113114173923463e-10    6.6198696393961154e-11    1.0699477722923723e-10   -1.6795392486400704e-11    1.1784688821069898e-10 
  -5.7539257688562558e-11   -1.1421736886869836e-10    9.4617286576178746e-11    1.5792321701983359e-10    4.8269843530276706e-11 
   8.2572669454244852e-11   -8.1760738453183536e-11    6.8162217964721795e-11   -4.3251117671427871e-11   -8.6935242827333646e-11 
