2    2 5 
   6.7277393308191619e-04   -7.9116772627088830e-07    1.3792819903465155e-05   -2.1986377487677410e-08    1.4765654032714818e-06 
   2.7276100696660715e-06   -3.2076109832105072e-09    5.5919875321925457e-08   -8.9138805298460352e-11    5.9864011734733107e-09 
2    2 5 
  -1.2285900303556127e-02    1.0904202708101472e-04   -1.5311616344245590e-04   -1.2995580922078429e-06   -6.0736829161392762e-06 
  -3.0193112233787487e-05    5.8571142807867467e-02    4.4041403074696679e-02    2.2358434587841335e-03    1.8620382510470637e-03 
2    2 5 
  -9.2674668119716291e-03    7.2817205118258754e-06   -3.5014688262245051e-04    2.5184851720693406e-07   -4.0729753330865180e-05 
  -2.4078219195438976e-04    3.7613671562141265e-05    6.3000355045364984e-03    3.5443237126383517e-06    7.7692386520650930e-04 


 TENSORSUMACCUMULATOR_IMPL_H - PrettifyOut2: Norm of simple tensor is 7.66928e-08 
 As simple full tensor 3    5 5 5 
   7.6601503680500894e-08   -6.0191130447402600e-11    2.8936669522997638e-09   -2.0819794257723630e-12    3.3659322870887057e-10 
  -7.1833441535337183e-10    6.5433231707625507e-12    9.8080188023673399e-10    5.8471422554887054e-13    1.2113280489615144e-10 
   9.2574088456925465e-10    3.7683379592674502e-12    7.9287877246580365e-10    3.9982815836733419e-13    9.7525811191242752e-11 
   6.6342154739324832e-12    2.2302084713603663e-13    3.8726960562620563e-11    2.1394897152505679e-14    4.7736876692473089e-12 
   3.6645954824607888e-11    1.6128193421692179e-13    3.3428115945930776e-11    1.6972209004341748e-14    4.1123602674682360e-12 

  -9.0081726588615948e-11    7.0783479377087630e-14   -3.4028903182214452e-12    2.4483631832842272e-15   -3.9582642302425472e-13 
   8.4474587696021313e-13   -7.6948078109285150e-15   -1.1534019904047421e-12   -6.8761139752633177e-16   -1.4244958241394044e-13 
  -1.0886514395787090e-12   -4.4314846762811455e-15   -9.3240844327398096e-13   -4.7018934503820066e-16   -1.1468826376705748e-13 
  -7.8016952114332607e-15   -2.6226773640194155e-16   -4.5542075617219615e-14   -2.5159940511378903e-17   -5.6137543883495154e-15 
  -4.3094857469872483e-14   -1.8966409801052209e-16   -3.9310747913952683e-14   -1.9958954037127351e-17   -4.8360475375662866e-15 

   1.5704394784735626e-09   -1.2340035504109179e-12    5.9324276954142815e-11   -4.2683531347373892e-14    6.9006386187409468e-12 
  -1.4726874413880752e-11    1.3414740617411762e-13    2.0107829732811773e-11    1.1987470993481116e-14    2.4833943174352581e-12 
   1.8979001222069590e-11    7.7256273246898872e-14    1.6255139469813255e-11    8.1970443703610533e-15    1.9994174618777527e-12 
   1.3601082731246513e-13    4.5722437032813005e-15    7.9395762258789107e-13    4.3862573855360683e-16    9.7867368308551215e-14 
   7.5129405322068783e-13    3.3065084167963156e-15    6.8532379196421078e-13    3.4795435829163180e-16    8.4309218532771069e-14 

  -2.5033514130490818e-12    1.9670573581296780e-15   -9.4565575163467558e-14    6.8039475558925208e-17   -1.0999929429917869e-14 
   2.3475302537362549e-14   -2.1383702040479469e-16   -3.2052788193984553e-14   -1.9108569837778054e-17   -3.9586426340684139e-15 
  -3.0253384596334814e-14   -1.2314998664419140e-16   -2.5911426017269423e-14   -1.3066458713400714e-17   -3.1871616812203939e-15 
  -2.1680739780789078e-16   -7.2883628387508668e-18   -1.2656042869849092e-15   -6.9918922534673985e-19   -1.5600500248805409e-16 
  -1.1975966317233927e-15   -5.2707236610551621e-18   -1.0924370576046000e-15   -5.5465495260765389e-19   -1.3439269977612782e-16 

   1.6812055968795823e-10   -1.3210401954086104e-13    6.3508532365144761e-12   -4.5694082949022173e-15    7.3873539393870836e-13 
  -1.5765589205146716e-12    1.4360908087079893e-14    2.1526073657268866e-12    1.2832970390085215e-15    2.6585528974279350e-13 
   2.0317626699464670e-12    8.2705306862884755e-15    1.7401645736307373e-12    8.7751976833364272e-16    2.1404402229335794e-13 
   1.4560393268780664e-14    4.8947328500207159e-16    8.4995698151792220e-14    4.6956285593923194e-17    1.0477014212106842e-14 
   8.0428426850594494e-14    3.5397228181315064e-16    7.3366099777678602e-14    3.7249624874887062e-17    9.0255709951718867e-15 
