2    101 5 
  -1.4500576581368103e-06   -2.9700793225791939e-03   -8.5106797224886639e-08    2.9838557275172729e-05    3.3952057086708123e-08 
   3.2969005849867533e-06    2.6620717702024880e-04    3.5412235821349754e-07   -8.9338854339589041e-04   -2.3951741354326232e-08 
  -1.6569167021374623e-05    1.3241905396475092e-03   -1.3540073297868164e-06    2.4245249537822857e-03    4.9007039094065013e-07 
   1.2418645175174135e-04    1.0300614881833961e-02    2.7800487730926675e-05   -3.1960871645849401e-03    3.2136995855512066e-06 
  -1.6842642878603202e-05   -6.6285752230152246e-03   -3.8617527455864831e-06   -6.1051007939187055e-04   -3.0345304538729773e-07 
  -1.9883948753670308e-06   -3.8833955518543690e-03    2.2811989203679091e-07   -1.9489820464157649e-04    1.9684213484883593e-07 
  -2.6197741953106948e-03   -1.1294061651715159e-04   -5.7374305091802374e-04    1.6355883963616919e-04    7.2753799685219898e-05 
   2.4457925881458693e-04    1.5296665390240286e-05   -5.7661344717748503e-05   -2.4194140191691378e-04   -2.8245889336687638e-05 
  -1.1360186883079559e-03   -9.0454891846000582e-06   -9.4797960014216323e-07    8.4024328665232204e-05    1.7523723123330341e-05 
  -1.3408892765857969e-03    1.6818825893534735e-05   -1.9522487206583320e-04    8.5822750538939923e-05   -1.0942266944371110e-04 
   4.6563651472087927e-04    1.0742673261945553e-05    8.2793856808192868e-05    1.1605409361906811e-06   -2.6207936271780769e-05 
  -3.3799461010121685e-05    1.0261489064302319e-04   -1.5750688160662729e-04   -1.5208087672012894e-04   -5.0922965027289055e-05 
  -1.3027381648438987e-04    9.2421070340227392e-05   -1.9285474716889580e-04   -1.8751902282346616e-04   -7.0450358515069475e-06 
   3.5626593041478014e-05   -9.1853229085600875e-05    3.4406133517243971e-04   -9.2280056313389760e-05   -1.1133268945443056e-04 
   1.9017217036627051e-05    1.8232159663855292e-05    7.8965281462264940e-05    7.1720512832470593e-05   -4.0530536676151348e-05 
  -1.6568704453928480e-05   -9.6580157373532029e-06    2.6990408135668995e-04   -5.8684271883265219e-05   -1.2368429098575696e-05 
   1.2269040388273957e-04    5.8152000508308078e-05    6.8730279968739938e-05   -8.2983749192185464e-05   -1.1697560860109663e-04 
  -4.6679539607683214e-06    1.6820685159739757e-05    2.9145755431371286e-06    5.0781756692581516e-06    6.7879488730966103e-05 
   1.1696737490809012e-05    9.7517123423456807e-05   -7.9208384940923637e-05   -9.7106874235169169e-06   -2.4077975779870892e-04 
  -1.0598072009039040e-05    4.8147264774767200e-05    1.5888243967960417e-04   -7.7574682633434167e-05    1.4004775006008858e-04 
   1.3859142058119650e-04    1.8563461062387266e-05    2.5837781311759787e-05    8.6812431183561527e-06   -4.5321643730289677e-05 
  -1.9252519895255291e-06   -5.4882848166415144e-03   -2.9336728473807702e-07   -4.6860004377024270e-04   -2.0148333395974618e-08 
   8.1656081979143308e-06    4.3246015498428613e-03    2.3534235384445903e-07   -3.0646086881523947e-04    1.6675668578901560e-07 
   4.0359598175526638e-06    3.6156280871531342e-04   -3.8811250076324344e-06   -3.0137271598228987e-03   -5.1060599483450385e-08 
   2.5074994352931353e-04    8.3505463864355872e-04   -8.5381266770598045e-05   -3.0328838411629912e-05   -1.4908374840687976e-05 
   4.0513394332377756e-06    8.3376451041109400e-04    8.6800325475520760e-08    4.2486967166888628e-04   -7.8324104751393481e-07 
   4.4892832159582400e-04   -5.8175182696600114e-04    7.9756018177299062e-05   -1.5674620875075462e-04    1.4970790246733211e-05 
   4.4705294592915703e-04   -1.5587655613001955e-04    6.5499298939097737e-05    3.5468925064786828e-04   -9.8061877407073515e-06 
  -1.1628733966220824e-04    3.3294455923806484e-05    3.5714122337991710e-04    1.1435893507363491e-04    2.9096739697948239e-05 
  -6.1708658337255588e-06   -1.7591187774393301e-02   -9.4030815912528218e-07   -1.5019685815240906e-03   -6.4579942177009638e-08 
   2.6172611644731773e-05    1.3861321060095987e-02    7.5432519923027253e-07   -9.8227604232310056e-04    5.3449270042533295e-07 
   1.2936159359878291e-05    1.1588901583719632e-03   -1.2439878954193002e-05   -9.6596736759145627e-03   -1.6366071065825578e-07 
   8.0370999108277314e-04    2.6765380152493799e-03   -2.7366617192003918e-04   -9.7210751501175728e-05   -4.7784695946969313e-05 
   1.2985454488767093e-05    2.6724028639683243e-03    2.7821457437639320e-07    1.3618028990240714e-03   -2.5104637969320055e-06 
   1.4389162855560297e-03   -1.8646455073222075e-03    2.5563598442278785e-04   -5.0240686902727131e-04    4.7984751367640544e-05 
   1.4329052845599016e-03   -4.9961943669441259e-04    2.0993999131296335e-04    1.1368588581238438e-03   -3.1431038231594056e-05 
  -3.7272708981498477e-04    1.0671622293107341e-04    1.1447179824565271e-03    3.6654611919193430e-04    9.3261597885233117e-05 
   2.3710547706578348e-07    6.7591276196701051e-04    3.6129810737376689e-08    5.7710698410223414e-05    2.4813791794134760e-09 
  -1.0056400085974704e-06   -5.3259870353263255e-04   -2.8983718175939562e-08    3.7742358349848790e-05   -2.0537012169330477e-08 
  -4.9705087082911836e-07   -4.4528468333548623e-05    4.7798210389769261e-07    3.7115724064361072e-04    6.2883964622065203e-09 
  -3.0881248433036761e-05   -1.0284161738244550e-04    1.0515177286019957e-05    3.7351649236382797e-06    1.8360491759564411e-06 
  -4.9894495593275482e-07   -1.0268273092410194e-04   -1.0689942248240811e-08   -5.2325060168700722e-05    9.6460485816229791e-08 
  -5.5288016550265651e-05    7.1645969056060422e-05   -9.8223966741393858e-06    1.9304166315007847e-05   -1.8437359799213897e-06 
  -5.5057053619417193e-05    1.9197063763942981e-05   -8.0666025055018908e-06   -4.3681951475709877e-05    1.2076864925250986e-06 
   1.4321431842339658e-05   -4.1003971939306275e-06   -4.3983925538091191e-05   -1.4083938105188808e-05   -3.5834251228802359e-06 
  -6.4132716546319492e-06   -1.8282210141119401e-02   -9.7724562906215948e-07   -1.5609693663070168e-03   -6.7116791027611541e-08 
   2.7200732103344148e-05    1.4405825672731687e-02    7.8395683020018398e-07   -1.0208621073603073e-03    5.5548880458740545e-07 
   1.3444321490363957e-05    1.2044140326142412e-03   -1.2928546047453517e-05   -1.0039127903277701e-02   -1.7008968026903830e-07 
   8.3528157040545399e-04    2.7816785923184457e-03   -2.8441640938202200e-04   -1.0102941368789564e-04   -4.9661788847690204e-05 
   1.3495553045437829e-05    2.7773810027721829e-03    2.8914348356142978e-07    1.4152976530092403e-03   -2.6090805962513440e-06 
   1.4954402309494755e-03   -1.9378930769633328e-03    2.6567795459795323e-04   -5.2214256784119915e-04    4.9869702905995324e-05 
   1.4891931039914164e-03   -5.1924563874709590e-04    2.1818691764494860e-04    1.1815172921562419e-03   -3.2665721796229238e-05 
  -3.8736866826040417e-04    1.1090828192581881e-04    1.1896851409915804e-03    3.8094489487705221e-04    9.6925128223367685e-05 
   2.8615890922009222e-06    8.1574859039952406e-03    4.3604506141659624e-07    6.9650143521642126e-04    2.9947379036942431e-08 
  -1.2136912714525588e-05   -6.4278508426293662e-03   -3.4979998273377385e-07    4.5550664752421930e-04   -2.4785800284929199e-07 
  -5.9988295835062084e-06   -5.3740715251526816e-04    5.7686916038696170e-06    4.4794389588161060e-03    7.5893677979832147e-08 
  -3.7270098001577275e-04   -1.2411794707055954e-03    1.2690603775418181e-04    4.5079124005597437e-05    2.2158991684547834e-05 
  -6.0216890017674005e-06   -1.2392618947739006e-03   -1.2901524887734515e-07   -6.3150300566852137e-04    1.1641665871916660e-06 
  -6.6726246499050471e-04    8.6468404732002626e-04   -1.1854497639541910e-04    2.3297897815212750e-04   -2.2251762524986422e-05 
  -6.6447500933238283e-04    2.3168637413611360e-04   -9.7354569900806305e-05   -5.2719067233634987e-04    1.4575380276219404e-05 
   1.7284313146999933e-04   -4.9487055419591695e-05   -5.3083515028655014e-04   -1.6997685652727268e-04   -4.3247799971773077e-05 
  -1.8615979481059433e-06   -5.3068272666991411e-03   -2.8366776831349145e-07   -4.5310685806901834e-04   -1.9482174962948372e-08 
   7.8956310908789841e-06    4.1816185181802147e-03    2.2756129867822603e-07   -2.9632844306360837e-04    1.6124325843407346e-07 
   3.9025200627610875e-06    3.4960856369857762e-04   -3.7528045107133220e-06   -2.9140851833427319e-03   -4.9372397870304964e-08 
   2.4245947174784699e-04    8.0744547223571934e-04   -8.2558331008920555e-05   -2.9326084929506468e-05   -1.4415463619314958e-05 
   3.9173911867271083e-06    8.0619799913431926e-04    8.3930471792412000e-08    4.1082233042448007e-04   -7.5734497866101608e-07 
   4.3408553627070500e-04   -5.6251753706988228e-04    7.7119068358709255e-05   -1.5156375485980060e-04    1.4475815403110619e-05 
   4.3227216559923488e-04   -1.5072285530839990e-04    6.3333714843973306e-05    3.4296226406395342e-04   -9.4819686338001811e-06 
  -1.1244256548422863e-04    3.2193651100361609e-05    3.4533316794127853e-04    1.1057791917053184e-04    2.8134722733943153e-05 
  -6.1431149328075308e-06   -1.7512078728416380e-02   -9.3607951451374553e-07   -1.4952141029126668e-03   -6.4289520763720846e-08 
   2.6054911216284690e-05    1.3798985537383859e-02    7.5093293557913222e-07   -9.7785866462292708e-04    5.3208904194845478e-07 
   1.2877984366882362e-05    1.1536785321874991e-03   -1.2383935775781418e-05   -9.6162333136860182e-03   -1.6292471472380694e-07 
   8.0009563988306452e-04    2.6645013994379360e-03   -2.7243547220524991e-04   -9.6773586603126496e-05   -4.7569804163813845e-05 
   1.2927057811444459e-05    2.6603848442788144e-03    2.7696342011449453e-07    1.3556787572360325e-03   -2.4991740308012620e-06 
   1.4324453584048402e-03   -1.8562600401746091e-03    2.5448636797252767e-04   -5.0014750322373790e-04    4.7768959918488969e-05 
   1.4264613893840551e-03   -4.9737260620773250e-04    2.0899587357411757e-04    1.1317463085433370e-03   -3.1289690218005971e-05 
  -3.7105090484878595e-04    1.0623631113122174e-04    1.1395700897351168e-03    3.6489773056873814e-04    9.2842192662026771e-05 
  -4.6134713071232892e-06   -1.3151548298431343e-02   -7.0299449524076946e-07   -1.1229038423087243e-03   -4.8281346293578402e-08 
   1.9567204361426237e-05    1.0363020151901206e-02    5.6394965579536726e-07   -7.3437058251456179e-04    3.9959817693692925e-07 
   9.6713494733593472e-06    8.6641107387822600e-04   -9.3003196254240053e-06   -7.2217786840296314e-03   -1.2235624838879769e-07 
   6.0087078264511689e-04    2.0010370778589344e-03   -2.0459868451249821e-04   -7.2676837396706874e-05   -3.5724860920831002e-05 
   9.7082035662593260e-06    1.9979455503002733e-03    2.0799916749026045e-07    1.0181129795868251e-03   -1.8768764395133803e-06 
   1.0757645970010240e-03   -1.3940488705770065e-03    1.9111893062998632e-04   -3.7561012298975989e-04    3.5874426632996877e-05 
   1.0712706440663864e-03   -3.7352617894775706e-04    1.5695562863263899e-04    8.4994000250963127e-04   -2.3498516568299655e-05 
  -2.7865874588474686e-04    7.9783331182853160e-05    8.5581565198653117e-04    2.7403772002095825e-04    6.9724365671426487e-05 
  -1.1697245376487704e-06   -3.3345148866527818e-03   -1.7824103720889676e-07   -2.8470713055927084e-04   -1.2241514406541624e-08 
   4.9611751219539225e-06    2.6274963360260013e-03    1.4298685446767218e-07   -1.8619630055320251e-04    1.0131628911209135e-07 
   2.4521264007208054e-06    2.1967456289175943e-04   -2.3580534806920299e-06   -1.8310489368678234e-03   -3.1022866849532511e-08 
   1.5234803722112566e-04    5.0735379389973902e-04   -5.1875060168989786e-05   -1.8426879536538530e-05   -9.0578750015555117e-06 
   2.4614705873230569e-06    5.0656995123475915e-04    5.2737237066633856e-08    2.5813788686246305e-04   -4.7587343223396124e-07 
   2.7275519063119010e-04   -3.5345471165664768e-04    4.8457330258435244e-05   -9.5234227808464682e-05    9.0957967034291541e-06 
   2.7161576942994240e-04   -9.4705853333207002e-05    3.9795381375887550e-05    2.1549839812154371e-04   -5.9579413414463297e-06 
  -7.0652649814585930e-05    2.0228698515117408e-05    2.1698814215813088e-04    6.9481009853666000e-05    1.7678293841761964e-05 
  -4.5512813322514388e-06   -1.2974264339399771e-02   -6.9351807128933631e-07   -1.1077670056215945e-03   -4.7630509751441319e-08 
   1.9303436827926988e-05    1.0223325782967313e-02    5.5634756778221528e-07   -7.2447120631107464e-04    3.9421156045485111e-07 
   9.5409788823910150e-06    8.5473178092803801e-04   -9.1749505474994823e-06   -7.1244285099434906e-03   -1.2070687603853203e-07 
   5.9277099478771071e-04    1.9740629325125563e-03   -2.0184067731973646e-04   -7.1697147616369840e-05   -3.5243286840260380e-05 
   9.5773361790699300e-06    1.9710130790011340e-03    2.0519532150565175e-07    1.0043887323980657e-03   -1.8515759898431542e-06 
   1.0612632012402608e-03   -1.3752569764782061e-03    1.8854263163468052e-04   -3.7054686745931393e-04    3.5390836394253354e-05 
   1.0568298271629467e-03   -3.6849101515539265e-04    1.5483985377443446e-04    8.3848274096406982e-04   -2.3181754621031892e-05 
  -2.7490240293802988e-04    7.8707845278390472e-05    8.4427918619995495e-04    2.7034366888516192e-04    6.8784475454191016e-05 
2    101 5 
   2.2554411318028683e-01    1.6365114187918484e-01    1.3191572402828478e-01   -3.4536221603510983e-02   -2.5201591024181392e-03 
   1.5816718779476612e-02    1.3937749949224931e-02    2.9617985468371570e-02   -9.8149908505865326e-03    3.3708453944565433e-03 
  -1.0328469713910342e-02   -1.5213586462430144e-03    1.0477371771479151e-02   -7.1152515200005239e-03    4.4165853799926899e-03 
  -3.8453886115310237e-03    1.1369103736253549e-03    4.7921220400257598e-03   -2.4346335148057604e-03    8.1081631945487034e-04 
  -4.9548392008774866e-02    4.1362598003395354e-02    2.8913556634981567e-02   -1.8841624758821320e-02    1.1137550172879068e-02 
  -6.5784869973733395e-02    5.1576894834985364e-02    4.0631324269292675e-02   -2.0459750192910929e-02    8.3573324223590664e-03 
  -1.5521651352240528e-04   -5.8736142638271356e-03    5.2434195987679112e-03    1.6077766813445511e-03   -2.5519100410552765e-03 
  -1.6322337834960839e-02    1.0182309896716174e-02   -1.6973812626910798e-03    7.6251132738598525e-03   -1.5100732378494396e-02 
  -7.7531542276873602e-03   -1.3839967344520079e-02    1.6692645757932960e-03    2.3906335835446619e-04   -1.1499584856942368e-03 
  -9.9628511853374051e-03   -4.5300400832557668e-03    3.7712025475737689e-03    2.1654896846646805e-04   -1.0340728277394720e-03 
   1.1278573212653685e-02    2.8684906506103967e-02   -1.9715236389367733e-02   -4.2524832389305278e-03    7.9998912739680759e-03 
  -3.8040996306426740e-04    2.5168971011716034e-03   -2.2732989180952864e-03   -1.9007175076327272e-03    2.4931012109146180e-03 
   9.2206104274677385e-04   -2.2459946657627230e-03    2.5144038767683091e-03    2.8822413951977923e-03   -3.8569768329817047e-03 
   8.1304538402223858e-04    2.7548998327089919e-03   -8.6927708871033585e-04   -6.4549740088938688e-04    7.9808946480637132e-04 
   9.8656691218836166e-04    1.3917893386815815e-04    3.7823825536413480e-03    3.4910419355323693e-03    1.1497073577242183e-03 
   6.2944690827149261e-04    2.9791101136813444e-03    9.6238905612941298e-04   -5.5674652582598629e-03   -8.9289107750364352e-04 
   9.1283143815009446e-04    1.9154868324903888e-03    9.2993976430024014e-04    3.0321511050347428e-04   -1.8892679592657639e-03 
  -1.4491301997266951e-03    7.7310926734000204e-04    1.3890867421807594e-03   -3.3070015861157900e-03   -1.0893879103895431e-03 
   1.1013086933647950e-04   -1.5684728602905043e-04   -9.1195610589600812e-04   -5.8388203518141342e-04   -1.4258656222915470e-03 
   3.3657077637960423e-04    1.2699616337188194e-03    1.1806653042498248e-03    5.5701780257049350e-04   -4.4319174452698171e-05 
   5.2964859047934963e-05   -2.2119200222749357e-04   -5.3911780733403446e-04    1.7211848622003198e-03   -6.5059494762869383e-04 
  -5.2155693021618170e-03   -1.5920790722461949e-03   -7.6317019511250826e-04    1.4671844672970696e-04    5.1044499153540603e-06 
   3.9043590233846905e-03   -1.1382103268069402e-03   -1.3404265545742086e-03    6.3359218822944927e-04   -2.4174169818392033e-04 
  -2.9569967393440599e-03   -2.4288484338113347e-04    4.6157887075811739e-04   -3.7903755707438243e-04    2.3186876885757343e-04 
   2.4990703508296226e-04    8.3627395273666431e-04    6.7943955928339019e-05    3.1180344679264164e-05   -3.5037083839100996e-05 
  -1.7147743794145490e-04    6.2546913802103993e-04   -3.0447817011040597e-04   -4.5511528239022023e-04    3.9400698013925738e-04 
  -7.0971421772447806e-04    2.0091608762122008e-04    1.5876447150859249e-04   -3.9073902224144926e-05    1.8217428722455132e-05 
  -4.9538227189695107e-04   -2.6075503883799987e-04    2.0121313607881505e-04   -1.7032610712447253e-05   -1.3076684289738822e-05 
   1.1529880970122124e-04    3.6367971398974688e-04    9.6048394567578506e-05   -2.6538920710152893e-05   -2.4886695097067116e-05 
  -1.6717073185869024e-02   -5.1029716655089609e-03   -2.4461321987767765e-03    4.7026563537002741e-04    1.6360910547810663e-05 
   1.2514349202641455e-02   -3.6482202098736824e-03   -4.2963687212077394e-03    2.0308055299421246e-03   -7.7483653777580945e-04 
  -9.4778399131809753e-03   -7.7850057535574645e-04    1.4794641421629461e-03   -1.2149006589135083e-03    7.4319157774449648e-04 
   8.0100827984660940e-04    2.6804461912796665e-03    2.1777566704380896e-04    9.9940020689175547e-05   -1.1230173751404365e-04 
  -5.4962377330590342e-04    2.0047693262298699e-03   -9.7592104684053800e-04   -1.4587468870505115e-03    1.2628810281556590e-03 
  -2.2747937629424642e-03    6.4398126961715191e-04    5.0887585530209737e-04   -1.2524064877592053e-04    5.8390958219154395e-05 
  -1.5878116490276222e-03   -8.3577857282658729e-04    6.4493337676359633e-04   -5.4593349897273269e-05   -4.1913715576448732e-05 
   3.6955862885763646e-04    1.1656753161083560e-03    3.0785671675494849e-04   -8.5063212486067433e-05   -7.9767457623396192e-05 
  -6.4232633145518689e-04   -1.9607338156519194e-04   -9.3988648851693032e-05    1.8069191719038929e-05    6.2864136171426298e-07 
   4.8084350199989657e-04   -1.4017692437511559e-04   -1.6508097611278840e-04    7.8030397512961617e-05   -2.9771832978973802e-05 
  -3.6417057423061166e-04   -2.9912617660052086e-05    5.6846001951963091e-05   -4.6680580664206537e-05    2.8555926889435281e-05 
   3.0777439575608105e-05    1.0299178268616248e-04    8.3676755935183370e-06    3.8400326505178566e-06   -4.3150115017989108e-06 
  -2.1118399020144376e-05    7.7029998757176488e-05   -3.7498177990682861e-05   -5.6049975139958702e-05    4.8524148268087544e-05 
  -8.7405248294485823e-05    2.4743932256556410e-05    1.9552726584855529e-05   -4.8121681099838234e-06    2.2435775429138203e-06 
  -6.1009078576257065e-05   -3.2113431497467378e-05    2.4780515424179608e-05   -2.0976606234521325e-06   -1.6104663097744824e-06 
   1.4199688886472668e-05    4.4789176977263005e-05    1.1828893328899130e-05   -3.2684155061398333e-06   -3.0649347439630570e-06 
  -1.7373758318549388e-02   -5.3034281442220846e-03   -2.5422219047706034e-03    4.8873875250748336e-04    1.7003604791857074e-05 
   1.3005941658759412e-02   -3.7915307012456531e-03   -4.4651399787335464e-03    2.1105802479235805e-03   -8.0527390135958627e-04 
  -9.8501512915968835e-03   -8.0908187077361729e-04    1.5375809007420352e-03   -1.2626247546042820e-03    7.7238585442270219e-04 
   8.3247372973013203e-04    2.7857402905033853e-03    2.2633039676336927e-04    1.0386589485486539e-04   -1.1671320838455366e-04 
  -5.7121426085624590e-04    2.0835212821704364e-03   -1.0142574730201978e-03   -1.5160498241387800e-03    1.3124899032448067e-03 
  -2.3641529005994717e-03    6.6927833691955989e-04    5.2886567079440299e-04   -1.3016038987796410e-04    6.0684689527209659e-05 
  -1.6501845471910712e-03   -8.6860987989126966e-04    6.7026784502733510e-04   -5.6737902404889321e-05   -4.3560182847867594e-05 
   3.8407574285996619e-04    1.2114657269721371e-03    3.1995003755584412e-04   -8.8404691365567066e-05   -8.2900907056235537e-05 
  -7.7521365025896658e-03   -2.3663791191218834e-03   -1.1343343716606221e-03    2.1807426200341778e-04    7.5869747331428022e-06 
   5.8032253721276971e-03   -1.6917734787662184e-03   -1.9923366023433253e-03    9.4173672049440783e-04   -3.5931161760477745e-04 
  -4.3951179695007154e-03   -3.6101072600458397e-04    6.8606554827005590e-04   -5.6338066121196175e-04    3.4463703629175802e-04 
   3.7144812707552087e-04    1.2429917923797351e-03    1.0098817413165281e-04    4.6344756276416914e-05   -5.2077202091976410e-05 
  -2.5487467024654705e-04    9.2966306364416183e-04   -4.5255967278130745e-04   -6.7645842459446398e-04    5.8563039163272805e-04 
  -1.0548803351818829e-03    2.9863066648551275e-04    2.3597881335523120e-04   -5.8077307803169427e-05    2.7077388104906115e-05 
  -7.3630907197731765e-04   -3.8757200560490785e-04    2.9907218304060969e-04   -2.5316339518992269e-05   -1.9436467189364555e-05 
   1.7137383468751876e-04    5.4055360455141667e-04    1.4276107216787190e-04   -3.9445997945273990e-05   -3.6990220302667090e-05 
  -5.0431284652257928e-03   -1.5394406291959475e-03   -7.3793772296123583e-04    1.4186753779105336e-04    4.9356829860877136e-06 
   3.7752703470225325e-03   -1.1005780128652081e-03   -1.2961084248493788e-03    6.1264391568533274e-04   -2.3374906337416093e-04 
  -2.8592304241043731e-03   -2.3485441309726063e-04    4.4631782403930126e-04   -3.6650554958193084e-04    2.2420255981217687e-04 
   2.4164443213604253e-04    8.0862447250486399e-04    6.5697544856747886e-05    3.0149438095352532e-05   -3.3878663020398054e-05 
  -1.6580792974375667e-04    6.0478943550164364e-04   -2.9441129774408060e-04   -4.4006793939638543e-04    3.8098004300591567e-04 
  -6.8624914486290617e-04    1.9427325799014719e-04    1.5351528838848717e-04   -3.7782013264085453e-05    1.7615111223880159e-05 
  -4.7900359324843392e-04   -2.5213377152709046e-04    1.9456048522177989e-04   -1.6469466503963152e-05   -1.2644333715404385e-05 
   1.1148671899918323e-04    3.5165547835528765e-04    9.2872774690620953e-05   -2.5661472164556792e-05   -2.4063873601946513e-05 
  -1.6641895106468067e-02   -5.0800231741800631e-03   -2.4351317372354390e-03    4.6815081138844230e-04    1.6287334161647865e-05 
   1.2458071125280237e-02   -3.6318138577831807e-03   -4.2770475909316708e-03    2.0216728272446846e-03   -7.7135203291589711e-04 
  -9.4352172726253920e-03   -7.7499959301170459e-04    1.4728108679017309e-03   -1.2094371488131112e-03    7.3984938292243725e-04 
   7.9740607846879685e-04    2.6683920000730174e-03    2.1679631161438756e-04    9.9490582038810904e-05   -1.1179670718691482e-04 
  -5.4715206912594127e-04    1.9957537105229702e-03   -9.7153224808774793e-04   -1.4521867800221305e-03    1.2572017463128959e-03 
  -2.2645638247092664e-03    6.4108523186689960e-04    5.0658739792503284e-04   -1.2467743108026180e-04    5.8128369185506557e-05 
  -1.5806711269459660e-03   -8.3202000652667497e-04    6.4203305730769751e-04   -5.4347839026577876e-05   -4.1725226084145801e-05 
   3.6789669272595444e-04    1.1604331765007955e-03    3.0647225929406443e-04   -8.4680676089218744e-05   -7.9408736680073818e-05 
  -1.2498041532613366e-02   -3.8150907821107799e-03   -1.8287807605231680e-03    3.5158064912843681e-04    1.2231766725215787e-05 
   9.3559951762638219e-03   -2.7274874732057044e-03   -3.2120571657522448e-03    1.5182736580547044e-03   -5.7928437127943353e-04 
  -7.0858358731435292e-03   -5.8202368415687057e-04    1.1060790420176353e-03   -9.0828572228393058e-04    5.5562592219735637e-04 
   5.9885092552878594e-04    2.0039589138645683e-03    1.6281374743318236e-04    7.4717297427362087e-05   -8.3959181372824732e-05 
  -4.1091049071289714e-04    1.4988084351816955e-03   -7.2961945194298687e-04   -1.0905903789031001e-03    9.4415687274616693e-04 
  -1.7006844805475337e-03    4.8145417349154565e-04    3.8044647551617136e-04   -9.3632588226988102e-05    4.3654329489265006e-05 
  -1.1870819559663811e-03   -6.2484594038175875e-04    4.8216598916211528e-04   -4.0815156267747462e-05   -3.1335590401279248e-05 
   2.7628993669194654e-04    8.7148380295298138e-04    2.3016026724999474e-04   -6.3595077363604960e-05   -5.9635857739194159e-05 
  -3.1688212367721614e-03   -9.6729880909896828e-04   -4.6367899292253312e-04    8.9141664675151106e-05    3.1013084778893355e-06 
   2.3721697618237433e-03   -6.9154196724108860e-04   -8.1440239528741422e-04    3.8495133804131973e-04   -1.4687490140358336e-04 
  -1.7965812592722356e-03   -1.4756944164795165e-04    2.8044127943949908e-04   -2.3029168836730726e-04    1.4087640990515557e-04 
   1.5183591169259605e-04    5.0809461204799503e-04    4.1280680589708815e-05    1.8944228839711554e-05   -2.1287466221164070e-05 
  -1.0418447450232037e-04    3.8001601985906399e-04   -1.8499167313901148e-04   -2.7651419978638113e-04    2.3938665441263255e-04 
  -4.3120076733182137e-04    1.2207050244724091e-04    9.6460462859309862e-05   -2.3740114261372702e-05    1.1068355470067516e-05 
  -3.0097919758382614e-04   -1.5842682874958903e-04    1.2225098005308677e-04   -1.0348496092440822e-05   -7.9449955476027590e-06 
   7.0052049083949903e-05    2.2096073013472546e-04    5.8356082496585655e-05   -1.6124240840302393e-05   -1.5120398822803940e-05 
  -1.2329566898846711e-02   -3.7636630427625448e-03   -1.8041286445844701e-03    3.4684131289349223e-04    1.2066881497880573e-05 
   9.2298755873081884e-03   -2.6907207164340629e-03   -3.1687583694387940e-03    1.4978072035441439e-03   -5.7147557003298392e-04 
  -6.9903182193940729e-03   -5.7417795674622200e-04    1.0911690050302699e-03   -8.9604195560913141e-04    5.4813603880169077e-04 
   5.9077836551240173e-04    1.9769453819271240e-03    1.6061900464893060e-04    7.3710102077013709e-05   -8.2827404662351830e-05 
  -4.0537138330530185e-04    1.4786043734857340e-03   -7.1978412137264436e-04   -1.0758891303758265e-03    9.3142955999567711e-04 
  -1.6777591130597391e-03    4.7496413140433113e-04    3.7531802555357952e-04   -9.2370413191883430e-05    4.3065865516422464e-05 
  -1.1710799929979781e-03   -6.1642296541470525e-04    4.7566635174077612e-04   -4.0264964584803056e-05   -3.0913184050416889e-05 
   2.7256552548910948e-04    8.5973612919522141e-04    2.2705768780733622e-04   -6.2737810459807507e-05   -5.8831961443462279e-05 
2    101 5 
  -1.1096079450520963e-03    9.7748652503929348e-02   -7.8603620251906754e-05    2.6828640344059379e-02   -4.3585894855141684e-05 
  -4.1521699327087443e-03    5.8384131391732057e-03   -1.2575086089542462e-03    8.5033297915716802e-02   -3.5907589072076910e-04 
   2.6183395224545035e-04   -1.4987544787282728e-01    5.8938409264280140e-04    7.8615447448938641e-02    2.4234024550587617e-04 
   3.1157671903989533e-03    1.0312893956104987e-02    3.2141083285799673e-03    5.4796047303818457e-02    1.1551195387257238e-03 
  -2.8782030172398543e-03    1.1263640429483572e-01   -4.3271311251200854e-04    3.4440828235972318e-02   -1.3124878750747946e-04 
   6.5092658248732827e-03   -1.2889715724316439e-01    2.0020810782598840e-03   -1.1947673033679902e-01    5.6359190326502029e-04 
  -3.5963148144397905e-03    7.5203291346935013e-05    8.0390011556890333e-03    8.7764141052966915e-04    1.7236129705615645e-03 
  -2.9648323128451184e-03    8.1800391635160089e-05   -5.7825786150312490e-04   -4.9311352266463921e-04   -2.0634276131290745e-05 
  -1.3295698665485094e-02    3.2203463540108918e-04    3.3437109461478039e-03   -3.3897649654390430e-04    1.3631596918606231e-03 
   7.7716705662371748e-03    1.7501224917937312e-04   -5.2702720624916927e-03    3.9694297207722211e-04   -2.5249129447200798e-03 
   4.7449054836914278e-03   -8.0047778481798552e-04   -1.2709163338421002e-02   -8.0607951851282091e-04   -2.0550776657672059e-03 
   2.3959682546162040e-04   -1.8180121729948131e-03   -7.5489036199271849e-04    3.5477470860555463e-03   -3.1013142892514938e-03 
   2.1576837289287378e-04   -6.3443513802152445e-05   -1.6015416149446917e-03    2.4259529099637891e-03   -2.3205989668444041e-04 
   1.4148794106800962e-03    1.0443135433457539e-03    3.2832570491712408e-03   -6.9625640135620968e-04   -2.1322582282895688e-03 
  -8.6363148647382640e-04    1.8209132719473105e-03   -4.9560648873714433e-03    6.6230854060541884e-04   -3.5337726179719732e-03 
  -2.3416693082877176e-03   -8.2754151236509794e-04   -4.5128004923210251e-03    3.7651552244805737e-04   -2.0684061135746983e-03 
  -6.4442097022539410e-04   -1.5275247728541250e-03   -2.1487364963315540e-04    3.2715307584865462e-04   -5.0096268596598137e-04 
  -1.8868613289033972e-03   -1.1005903387513924e-03    1.3208028992057934e-03   -2.8382517463904127e-04   -1.7981219072167498e-03 
   2.5963068802939459e-04    1.5305985119323936e-03    4.7569920806155930e-04    1.7738546448721408e-05   -1.4344319860641879e-03 
   9.6602905583087603e-04   -1.2166943802065949e-03    7.7598259561303473e-04    2.5026508905827004e-04   -2.5126933942111435e-04 
   1.6381857945427008e-04    3.0583721732412843e-03   -5.9310510434015741e-04   -5.6623295049201860e-04    1.2445070141023987e-03 
  -8.2688387748545422e-05    5.4757383944339750e-03   -5.7480061196479189e-06    5.9183889839669950e-04   -2.3168271839845801e-06 
  -3.6171955835761353e-05   -4.0875369124073729e-03   -4.3083407046681389e-06    1.4446021534251171e-03    1.7958862525291429e-06 
  -1.0729098809559342e-05   -3.0189625493695078e-03   -2.5339090808426262e-06    3.1472475401533206e-04    1.5276348761670147e-06 
   8.1193953590820618e-04    1.1484127716223256e-04    2.9877583837016082e-04   -5.3967081955585371e-05    6.3325082357152423e-05 
  -7.4025831356054972e-05   -2.4022827150729179e-04    1.0888760480898772e-05   -9.0131840376964751e-04    3.4139213676864844e-06 
   6.0459590234926354e-04    1.9812409290380511e-04   -3.4238498646733630e-04    1.9213997324056431e-04   -1.1041620108194986e-04 
  -4.8499468124694138e-04   -3.2374035049582273e-04   -6.9153972377779404e-05   -8.8897529759931682e-05    4.0397068575994438e-05 
   2.1327124535610179e-04    1.8508904255475141e-04    2.6200718900128026e-04   -4.1782362615179969e-05    7.7263155558582734e-05 
  -2.6503488872077539e-04    1.7550973668106321e-02   -1.8423652991275319e-05    1.8969768409827881e-03   -7.4259524415920458e-06 
  -1.1593925762462887e-04   -1.3101475554419756e-02   -1.3809201392404629e-05    4.6302749564197847e-03    5.7562195376412404e-06 
  -3.4389175874526421e-05   -9.6764542774437044e-03   -8.1217487673352464e-06    1.0087636538734458e-03    4.8964135162742055e-06 
   2.6024489097771159e-03    3.6809213411927302e-04    9.5764379051259125e-04   -1.7297664097864991e-04    2.0297113794018882e-04 
  -2.3726944629247584e-04   -7.6998566473608990e-04    3.4900927457168236e-05   -2.8889282927067063e-03    1.0942386161135198e-05 
   1.9378659091462650e-03    6.3503229831190242e-04   -1.0974209228021979e-03    6.1585184828472517e-04   -3.5390876958101204e-04 
  -1.5545170836483290e-03   -1.0376606692224998e-03   -2.2165404203405517e-04   -2.8493658600677914e-04    1.2948169466362052e-04 
   6.8358233023221512e-04    5.9325202888353972e-04    8.3979199585033665e-04   -1.3392187376878815e-04    2.4764579880256712e-04 
  -1.0183534275817651e-05    6.7436760037820444e-04   -7.0789888315453195e-07    7.2888247935284849e-05   -2.8533013741906092e-07 
  -4.4547772922724307e-06   -5.0340287656536827e-04   -5.3059609012222098e-07    1.7791077979487454e-04    2.2117336794273089e-07 
  -1.3213481173201845e-06   -3.7180200794826879e-04   -3.1206497888236307e-07    3.8760101717182076e-05    1.8813672083786522e-07 
   9.9994864078821561e-05    1.4143341212755023e-05    3.6795904161067762e-05   -6.6463459238293283e-06    7.7988356559096338e-06 
  -9.1166923365674609e-06   -2.9585446076834032e-05    1.3410113390480506e-06   -1.1100236814539802e-04    4.2044338037529521e-07 
   7.4459343835748366e-05    2.4400082597893823e-05   -4.2166612993090027e-05    2.3663105020261961e-05   -1.3598368512674141e-05 
  -5.9729789085824382e-05   -3.9870422504367006e-05   -8.5166958407706012e-06   -1.0948224605597161e-05    4.9751233962526028e-06 
   2.6265538563102335e-05    2.2794743739186512e-05    3.2267640745627022e-05   -5.1457300523290468e-06    9.5153867950763025e-06 
  -2.7544606950161019e-04    1.8240416332127942e-02   -1.9147376508814233e-05    1.9714944598662998e-03   -7.7176609548087651e-06 
  -1.2049361866196942e-04   -1.3616131685735569e-02   -1.4351658624466433e-05    4.8121628198212170e-03    5.9823370971437310e-06 
  -3.5740061898105063e-05   -1.0056567685479146e-02   -8.4407897625844913e-06    1.0483902132909742e-03    5.0887559152002595e-06 
   2.7046790961625811e-03    3.8255164083107231e-04    9.9526224397278621e-04   -1.7977156178618019e-04    2.1094431166303917e-04 
  -2.4658993655337144e-04   -8.0023247485573536e-04    3.6271916261431635e-05   -3.0024120489903000e-03    1.1372228288891086e-05 
   2.0139897447911418e-03    6.5997782941275166e-04   -1.1405301439130885e-03    6.4004392713762868e-04   -3.6781112107071569e-04 
  -1.6155820946092431e-03   -1.0784223699502071e-03   -2.3036112325478656e-04   -2.9612955128885491e-04    1.3456803381488612e-04 
   7.1043501839331913e-04    6.1655633478498151e-04    8.7278095941394963e-04   -1.3918263338064409e-04    2.5737389608588017e-04 
  -1.2290348989133217e-04    8.1388375893171761e-03   -8.5435214212879668e-06    8.7967691772627987e-04   -3.4436050108114653e-06 
  -5.3764013659686001e-05   -6.0754909519123356e-03   -6.4036816131284427e-06    2.1471775057508454e-03    2.6693069473661443e-06 
  -1.5947144732024076e-05   -4.4872205550442919e-03   -3.7662636505858676e-06    4.6778963379118244e-04    2.2705927963136745e-06 
   1.2068224482418035e-03    1.7069378338513329e-04    4.4408403925552778e-04   -8.0213714309717657e-05    9.4122933476677552e-05 
  -1.1002794060313995e-04   -3.5706214309793466e-04    1.6184457094059387e-05   -1.3396703012693962e-03    5.0742657068028218e-06 
   8.9863822957451109e-04    2.9448079848262021e-04   -5.0890228808424677e-04    2.8558633082440205e-04   -1.6411659270443863e-04 
  -7.2086952626587979e-04   -4.8118992252669244e-04   -1.0278667629757220e-04   -1.3213241844114152e-04    6.0043989785694209e-05 
   3.1699469612885966e-04    2.7510621370198862e-04    3.8943313301500017e-04   -6.2103014959329387e-05    1.1483972195761841e-04 
  -7.9954485855546049e-05    5.2946956631663581e-03   -5.5579614804990083e-06    5.7227110261867783e-04   -2.2402266068478070e-06 
  -3.4976013077346435e-05   -3.9523918792677953e-03   -4.1658953005565359e-06    1.3968396964536497e-03    1.7365093924997566e-06 
  -1.0374365764880432e-05   -2.9191474767414805e-03   -2.4501311886690562e-06    3.0431910185298937e-04    1.4771271326557337e-06 
   7.8509461735723908e-04    1.1104431372423377e-04    2.8889750052438478e-04   -5.2182784165589785e-05    6.1231383746689357e-05 
  -7.1578337022381355e-05   -2.3228567467951279e-04    1.0528748589245101e-05   -8.7151837794553332e-04    3.3010478875788339e-06 
   5.8460632549406117e-04    1.9157357417455312e-04   -3.3106481215841002e-04    1.8578730570324774e-04   -1.0676554263552183e-04 
  -4.6895944445906517e-04   -3.1303661831335092e-04   -6.6867554887490823e-05   -8.5958336827149877e-05    3.9061432155226519e-05 
   2.0621992077139142e-04    1.7896949786907359e-04    2.5334452221706003e-04   -4.0400924624213253e-05    7.4708626525037380e-05 
  -2.6384300461003787e-04    1.7472045468336261e-02   -1.8340800279437903e-05    1.8884459771175914e-03   -7.3925573109926511e-06 
  -1.1541786906465295e-04   -1.3042557120639587e-02   -1.3747100256206964e-05    4.6094522218147679e-03    5.7303333358738207e-06 
  -3.4234524867996523e-05   -9.6329384514434735e-03   -8.0852245823348793e-06    1.0042271591638454e-03    4.8743939342568506e-06 
   2.5907454788833910e-03    3.6643679293735617e-04    9.5333718611357210e-04   -1.7219875052465608e-04    2.0205835971911430e-04 
  -2.3620242570373577e-04   -7.6652297465885444e-04    3.4743975060874377e-05   -2.8759365400142338e-03    1.0893177333339127e-05 
   1.9291511637140710e-03    6.3217650483574420e-04   -1.0924857289226597e-03    6.1308231090011222e-04   -3.5231721217832346e-04 
  -1.5475262900180515e-03   -1.0329942222126250e-03   -2.2065724522720353e-04   -2.8365520229511589e-04    1.2889940462910537e-04 
   6.8050820319287618e-04    5.9058412478117054e-04    8.3601538085066715e-04   -1.3331961587664557e-04    2.4653211488680666e-04 
  -1.9814575254858646e-04    1.3121483372293647e-02   -1.3773917103028197e-05    1.4182204672675254e-03   -5.5518009045196613e-06 
  -8.6678669222901229e-05   -9.7949433969140576e-03   -1.0324054373368682e-05    3.4616926102633274e-03    4.3034728658778028e-06 
  -2.5710083551915379e-05   -7.2343242207107018e-03   -6.0719931224211260e-06    7.5417328754403884e-04    3.6606634909616376e-06 
   1.9456464776616911e-03    2.7519355385365648e-04    7.1595498411724395e-04   -1.2932103718673376e-04    1.5174556477042821e-04 
  -1.7738771381884010e-04   -5.7565775482296567e-04    2.6092679982709530e-05   -2.1598245928306798e-03    8.1807619783206803e-06 
   1.4487900093431666e-03    4.7476373110347773e-04   -8.2045535838980437e-04    4.6042401634667984e-04   -2.6458976710818581e-04 
  -1.1621902266370830e-03   -7.7577731439643853e-04   -1.6571330354376513e-04   -2.1302468718531622e-04    9.6803284858919969e-05 
   5.1106077357037825e-04    4.4352790789724527e-04    6.2784646129119442e-04   -1.0012285774417454e-04    1.8514529693080373e-04 
  -5.0238948799594002e-05    3.3268920622143679e-03   -3.4923136489600335e-06    3.5958330938291812e-04   -1.4076337130633726e-06 
  -2.1976979920568803e-05   -2.4834630744447780e-03   -2.6176167411951617e-06    8.7769631985579947e-04    1.0911258514928958e-06 
  -6.5186740295189598e-06   -1.8342298002821385e-03   -1.5395260693968284e-06    1.9121718579183719e-04    9.2814447612178569e-07 
   4.9330976069945258e-04    6.9774066232593547e-05    1.8152710985344284e-04   -3.2788757176824270e-05    3.8474393526036774e-05 
  -4.4975843073075845e-05   -1.4595538939725066e-04    6.6156796037003267e-06   -5.4761364167378709e-04    2.0741947626141529e-06 
   3.6733407688316312e-04    1.2037417139670092e-04   -2.0802270153326069e-04    1.1673840234184367e-04   -6.7085524628569576e-05 
  -2.9466801352248060e-04   -1.9669478793542402e-04   -4.2015849772532448e-05   -5.4011434587417697e-05    2.4544029882584977e-05 
   1.2957712041083215e-04    1.1245447136484537e-04    1.5918759709512438e-04   -2.5385692396536324e-05    4.6942742770685919e-05 
  -1.9547473141252043e-04    1.2944604690953548e-02   -1.3588243561024875e-05    1.3991027380457289e-03   -5.4769621690511012e-06 
  -8.5510233591238244e-05   -9.6629067496318381e-03   -1.0184885266352870e-05    3.4150287075066449e-03    4.2454616956387246e-06 
  -2.5363509498755442e-05   -7.1368049317522640e-03   -5.9901421528220803e-06    7.4400696923856524e-04    3.6113174442731713e-06 
   1.9194190021881883e-03    2.7148392198217842e-04    7.0630385170359267e-04   -1.2757777890730611e-04    1.4970002200409156e-04 
  -1.7499651276207067e-04   -5.6789784066636295e-04    2.5740948498011996e-05   -2.1307099786467025e-03    8.0704846300951002e-06 
   1.4292602001653089e-03    4.6836387673312470e-04   -8.0939555228611080e-04    4.5421746251750881e-04   -2.6102307515924052e-04 
  -1.1465238062392203e-03   -7.6531977202179012e-04   -1.6347947450327541e-04   -2.1015309677947940e-04    9.5498368570919322e-05 
   5.0417163206487958e-04    4.3754911500771209e-04    6.1938303905406200e-04   -9.8773193339067261e-05    1.8264952301193490e-04 
 TENSORSUMACCUMULATOR_IMPL_H - PrettifyOut: Norm of simple tensor is 8.33511e-05 
 As simple full tensor 3    5 5 5 
   1.4101810652182325e-08    1.2167528644074256e-08   -8.5610712342706697e-08   -3.1799528733246524e-09   -2.8722061944728616e-08 
  -1.2429485140138380e-07   -7.7319648763537390e-08   -2.2637239969439683e-08   -4.9698949460683738e-09    4.6504129285140427e-09 
  -3.2878890390406233e-09   -2.1881276358634022e-08    2.4976113998686435e-08    7.7926085493122647e-09    5.0618804223664427e-09 
  -2.8608836640184004e-10    1.4080325842741558e-08   -9.2414886981898824e-09   -5.7266725556118774e-09   -3.1197571149582295e-09 
  -9.8398208347906469e-10   -7.4455596036196641e-09    4.6484962656860748e-09    1.8201313413171360e-09    2.1400935439705809e-09 

   9.8552522031201680e-07   -4.8075788482561181e-05    2.3980824130113530e-07   -3.4790786265684739e-05    7.1405563699946854e-08 
   2.8102650977087757e-08   -4.3396418841235270e-05   -1.8180559437740762e-07    1.9263420350464066e-06   -3.9240448297571320e-08 
   7.1343934851928472e-08   -3.5150146061934785e-05   -4.1584413256602086e-08    5.4831455513756699e-06    9.3747554382602741e-09 
  -2.1786217637193489e-08    1.3056116440824691e-05    1.0917505826466838e-08   -4.2917129112631848e-06   -5.7727131297085815e-09 
   1.4337938874744882e-08   -3.7015162709836653e-06   -2.7117593014660353e-09    2.2995012354987136e-06    1.6669516217972334e-09 

   1.1781316922189806e-08    1.4877199454502961e-08   -1.9020705097063825e-08    2.6064769209578816e-09   -7.3616942262410635e-09 
   6.1919214016497165e-09   -1.8521980474831648e-08   -6.9291278947373948e-09   -3.4917673362824170e-09   -3.5599191681425151e-09 
  -2.8164679515176585e-09   -9.6946641848428043e-09   -1.8369289875434637e-09    7.3915138137142205e-10   -1.7881083250591505e-09 
   4.5053874060733113e-09    7.2003943395155593e-09    2.4097612312228795e-09   -8.4438052189121392e-10    8.6710525599730982e-10 
  -1.6645113092795852e-09   -2.3151262913257259e-09    2.3649471117765494e-09   -2.5600073133326211e-10    1.1051611691866972e-09 

   5.6922236412722290e-08    5.1161473687651849e-06    4.6716482858239492e-08   -2.4719666043502864e-06    1.5486483808015571e-08 
   5.3394044354717925e-08   -5.7537745025158548e-07   -1.4835377235552191e-08   -9.6505455942814180e-07   -3.1191773107972245e-09 
   5.1037116086881784e-08   -4.1272172361121754e-06   -3.6358273609875871e-09   -5.8709953278791328e-07   -4.9335383987133444e-09 
  -1.6683892244843484e-08    3.0153732353399003e-06    7.3501438567914870e-09   -2.6351027572518271e-07    4.8810286550056715e-10 
   6.4299303124001616e-09   -1.9869665846260244e-06   -5.2396485281566454e-09    3.6656160147929572e-07    5.5911106459617687e-10 

   6.1690414620157650e-09    4.3543942102441815e-09   -2.6324396699391655e-09    1.5450176211326105e-09   -1.6601035337984482e-09 
   4.9374430782771622e-09   -1.2184689382052349e-09    2.1478458269134914e-09   -9.0142438909218312e-10    2.9290109493014652e-10 
  -1.8231575905354034e-09   -2.4222380115888859e-09    2.2480195753387679e-10   -6.1667586253254820e-11    2.4079452241922983e-10 
   9.3706558729839188e-10    1.0367731726756995e-09    2.0100479753684182e-10    3.3653734571777995e-10    3.9471684540894524e-11 
  -4.1480910396826779e-10   -2.6044060368540392e-10    1.9595860761965267e-10   -3.9666539909623504e-10    7.4305703728127848e-11 
