2    109 5 
   4.2789919752802402e-06    2.5773473656066681e-04    7.1652573085412345e-07    4.3341241065198623e-05   -2.4739983201168247e-07 
  -3.7978411414086938e-06    1.3062763861848163e-04    1.5157029571366383e-05    1.1583038717167254e-04   -8.9392664414633531e-06 
   1.6270401818553251e-04   -5.6127193691414256e-06    1.0864810958079223e-06    2.2668737101199637e-05    3.7780905580553207e-06 
   3.0617849967035744e-04    1.1676035133531299e-03   -3.3049275285772830e-05   -3.3193385910627941e-04    4.1525791965016292e-05 
   1.0085303523471372e-04    7.8935642047732934e-04   -1.1373679092650773e-04    6.3197329046250569e-04    3.9076943122769643e-05 
   4.4098570537643256e-05   -8.0782526496313913e-05   -1.6008695427563910e-05    1.3267931275865805e-04    8.7002808381493951e-06 
   1.0752388963836625e-04   -3.0237160164622530e-06   -2.9437325170970604e-04   -1.5951490340261460e-05    2.9314087730045733e-05 
   3.1784966379157299e-05    1.1864228121327384e-04    2.2131329418286369e-05   -2.6349505690716050e-04   -2.6143877553597057e-07 
   3.8826338910691560e-04    1.4251710484883813e-05    2.0056045863761578e-04   -2.7551785937556173e-04   -4.1165239569683071e-05 
   6.4284957042773803e-05   -3.2163683583119889e-05   -3.6846924978314767e-05    8.3860216262369517e-05    7.3386771327079795e-05 
   9.2571107624422143e-05   -7.2738340179165457e-05    5.6807654977020665e-05    4.8246374327138349e-05   -1.5918068048686361e-04 
   2.4991982180982966e-05    5.2338437271771261e-05   -1.6321258267927485e-04   -1.8773484449460367e-04   -1.6141291247342209e-04 
  -8.7005051347067479e-05   -1.5077428674857633e-05   -4.2817908448412362e-05    9.4371975549123073e-05    1.6112296867815884e-05 
  -4.3069662488624591e-05   -1.8709477595648034e-05    3.4002510873970336e-05   -1.2803216395756146e-04    9.0131996012889605e-05 
   4.1826648742792914e-06   -9.7700200471621091e-05   -1.7898916591562600e-04    5.8167939956874407e-05   -1.3903334090717370e-05 
  -1.0513865527848345e-04    6.5161382163617516e-06   -1.9387864753371343e-05    2.7031891326793585e-05   -1.0208730766317076e-04 
   8.5235335149398449e-07    6.0719012149755070e-04    1.8659311385906383e-07    3.0630863765636995e-05    1.8400113223659131e-08 
   7.5544959747964821e-07    5.1698841788559618e-06   -3.9910983873575549e-08   -1.0250242128530281e-04   -7.4104506795128974e-08 
   1.2306626527523412e-05   -2.2178746245627195e-08    1.3344589681215830e-06    8.9074244390482922e-08   -1.6338916002665068e-08 
  -1.2823878936137387e-07   -1.1144203603232633e-10    1.1865082251850842e-06   -1.6347029175094958e-09    3.0702872532806565e-07 
  -1.1128869488710695e-08   -1.0746503012513460e-11    9.7931240071872230e-08    1.5627090933840977e-10   -3.8310135383411709e-07 
   7.0573654277705021e-07    5.0274484919073234e-04    1.5449646423057396e-07    2.5361922796860189e-05    1.5235034003691748e-08 
   6.2550160239660155e-07    4.2805911193385224e-06   -3.3045731243266659e-08   -8.4870557847131165e-05   -6.1357485528889659e-08 
   1.0189713038095567e-05   -1.8363688804746708e-08    1.1049131876929124e-06    7.3752216937298139e-08   -1.3528391801632806e-08 
  -1.0617990730625887e-07   -9.2272432661449448e-11    9.8241206109056384e-07   -1.3535109393875026e-09    2.5421545039563656e-07 
  -9.2145468357850571e-09   -8.8979527911763372e-12    8.1085684331564689e-08    1.2939010693136636e-10   -3.1720251291814784e-07 
  -4.2170775598438077e-06    7.2281986887203561e-04   -5.3242135747998399e-08    2.5006622338923136e-05   -2.0032852433668161e-09 
  -4.2170775598438077e-06    7.2281986887203561e-04   -5.3242135747998399e-08    2.5006622338923136e-05   -2.0032852433668161e-09 
  -4.2170775598438077e-06    7.2281986887203561e-04   -5.3242135747998399e-08    2.5006622338923136e-05   -2.0032852433668161e-09 
  -4.2170775598438077e-06    7.2281986887203561e-04   -5.3242135747998399e-08    2.5006622338923136e-05   -2.0032852433668161e-09 
  -4.2170775598438077e-06    7.2281986887203561e-04   -5.3242135747998399e-08    2.5006622338923136e-05   -2.0032852433668161e-09 
  -8.0271348264578100e-06    8.1483650300900076e-04   -2.4528381647935109e-07    2.2625283527871965e-05   -1.4341636144367406e-08 
  -8.0271348264578100e-06    8.1483650300900076e-04   -2.4528381647935109e-07    2.2625283527871965e-05   -1.4341636144367406e-08 
  -8.0271348264578100e-06    8.1483650300900076e-04   -2.4528381647935109e-07    2.2625283527871965e-05   -1.4341636144367406e-08 
  -8.0271348264578100e-06    8.1483650300900076e-04   -2.4528381647935109e-07    2.2625283527871965e-05   -1.4341636144367406e-08 
  -8.0271348264578100e-06    8.1483650300900076e-04   -2.4528381647935109e-07    2.2625283527871965e-05   -1.4341636144367406e-08 
   8.0826823190080642e-07    5.7578524806671657e-04    1.7694221059773211e-07    2.9046585027266851e-05    1.7448429053506895e-08 
   7.1637649969322671e-07    4.9024892517306559e-06   -3.7846722034205757e-08   -9.7200827183475908e-05   -7.0271699616356721e-08 
   1.1670107528327246e-05   -2.1031624950273050e-08    1.2654385517664250e-06    8.4467177720605304e-08   -1.5493840348609328e-08 
  -1.2160606790193293e-07   -1.0567807032774959e-10    1.1251400650037570e-06   -1.5501533894394675e-09    2.9114869382363820e-07 
  -1.0553266023919081e-08   -1.0190676171820328e-11    9.2866074993434462e-08    1.4818832045078091e-10   -3.6328672065354392e-07 
  -1.1722208637554894e-06   -8.3505382766208632e-04   -2.5661697782418103e-07   -4.2125883024917198e-05   -2.5305228844857466e-08 
  -1.0389514842983283e-06   -7.1100161535496060e-06    5.4888606829094314e-08    1.4096909058371282e-04    1.0191412846714629e-07 
  -1.6925004580229569e-05    3.0501891070755546e-08   -1.8352490097163430e-06   -1.2250164502170829e-07    2.2470514365787185e-08 
   1.7636369255621898e-07    1.5326352563465681e-10   -1.6317759461397134e-06    2.2481672214790648e-09   -4.2224914933575179e-07 
   1.5305263928173375e-08    1.4779404599746451e-11   -1.3468245607820131e-07   -2.1491558636268154e-10    5.2686998779343160e-07 
   1.2777586240849764e-06    8.1937050340022432e-04    2.5818231629433128e-07    3.5065156565703474e-05    2.0190035669539167e-08 
   1.2777586240849764e-06    8.1937050340022432e-04    2.5818231629433128e-07    3.5065156565703474e-05    2.0190035669539167e-08 
   1.2777586240849764e-06    8.1937050340022432e-04    2.5818231629433128e-07    3.5065156565703474e-05    2.0190035669539167e-08 
   1.2777586240849764e-06    8.1937050340022432e-04    2.5818231629433128e-07    3.5065156565703474e-05    2.0190035669539167e-08 
   1.2777586240849764e-06    8.1937050340022432e-04    2.5818231629433128e-07    3.5065156565703474e-05    2.0190035669539167e-08 
  -1.2472789964585298e-06    3.3479534000253768e-05    2.2632091201721657e-08    4.0136768859869138e-06   -2.2583284242861550e-09 
  -5.5174583662578208e-06   -2.2608283774150093e-03    2.9801428607169644e-06   -4.3577333683843348e-04    1.7871905985847171e-07 
  -5.5174583662578208e-06   -2.2608283774150093e-03    2.9801428607169644e-06   -4.3577333683843348e-04    1.7871905985847171e-07 
  -5.5174583662578208e-06   -2.2608283774150093e-03    2.9801428607169644e-06   -4.3577333683843348e-04    1.7871905985847171e-07 
  -5.5174583662578208e-06   -2.2608283774150093e-03    2.9801428607169644e-06   -4.3577333683843348e-04    1.7871905985847171e-07 
  -5.5174583662578208e-06   -2.2608283774150093e-03    2.9801428607169644e-06   -4.3577333683843348e-04    1.7871905985847171e-07 
  -8.0405620123474491e-07   -5.7278472790991237e-04   -1.7602013301538584e-07   -2.8895218065099486e-05   -1.7357502161483518e-08 
  -7.1264333331842354e-07   -4.8769415013016118e-06    3.7649495980370774e-08    9.6694296246461938e-05    6.9905501191058863e-08 
  -1.1609292505732641e-05    2.0922025382021645e-08   -1.2588441246001835e-06   -8.4027004113882987e-08    1.5413099168753811e-08 
   1.2097235688006395e-07    1.0512736295687606e-10   -1.1192767584053211e-06    1.5420752622092742e-09   -2.8963146578179749e-07 
   1.0498271062635848e-08    1.0137570731262968e-11   -9.2382133227234845e-08   -1.4741608454510521e-10    3.6139356842069274e-07 
  -2.1362819027875051e-07   -1.5218210450313675e-04   -4.6766460368015544e-08   -7.6771165168277832e-06   -4.6116823287016170e-09 
  -1.8934087614428386e-07   -1.2957454782619434e-06    1.0003024264774672e-08    2.5690526962776728e-05    1.8573062040989116e-08 
  -3.0844512418507746e-06    5.5587338453005527e-09   -3.3445994417853189e-07   -2.2324977776215509e-08    4.0950775293461012e-09 
   3.2140919545620542e-08    2.7931092705667859e-11   -2.9737855134007840e-07    4.0971109610684954e-10   -7.6951643165902588e-08 
   2.7892660298156265e-09    2.6934322324942408e-12   -2.4544836424516091e-08   -3.9166704156984569e-11    9.6017982177781463e-08 
   2.4938070757922028e-08    1.0635841276581263e-04   -3.5675034607130417e-09    3.3857361593012846e-06   -2.5591671101794057e-10 
  -1.0615376071503143e-07    3.8820452040950992e-07   -1.9106432255367150e-08   -1.2194168546600215e-05    5.1070338249739131e-10 
   7.7792766344732440e-06    4.3406040662905750e-10    1.2305862091966010e-06   -6.9631626987267342e-08    8.4750884895318807e-08 
  -9.5648277536344527e-08    4.4692846364024459e-11    5.8072838393100509e-07   -6.1300375953868055e-11    3.4729763829158119e-07 
   1.6882985522257577e-08   -9.1406049325570167e-12   -1.2097658030751721e-07    5.0956681744292980e-11    2.0693882730121776e-07 
   5.2046460900051332e-06    1.2565718008824514e-03    3.9828671315580439e-07   -2.2887907375593837e-05    3.1769575634028685e-09 
   5.2046460900051332e-06    1.2565718008824514e-03    3.9828671315580439e-07   -2.2887907375593837e-05    3.1769575634028685e-09 
   5.2046460900051332e-06    1.2565718008824514e-03    3.9828671315580439e-07   -2.2887907375593837e-05    3.1769575634028685e-09 
   5.2046460900051332e-06    1.2565718008824514e-03    3.9828671315580439e-07   -2.2887907375593837e-05    3.1769575634028685e-09 
   5.2046460900051332e-06    1.2565718008824514e-03    3.9828671315580439e-07   -2.2887907375593837e-05    3.1769575634028685e-09 
   1.3894813887472452e-05    2.5982581695179830e-03   -1.2926046971642955e-06    2.6235980776067653e-04   -6.6626930819757536e-08 
   1.3894813887472452e-05    2.5982581695179830e-03   -1.2926046971642955e-06    2.6235980776067653e-04   -6.6626930819757536e-08 
   1.3894813887472452e-05    2.5982581695179830e-03   -1.2926046971642955e-06    2.6235980776067653e-04   -6.6626930819757536e-08 
   1.3894813887472452e-05    2.5982581695179830e-03   -1.2926046971642955e-06    2.6235980776067653e-04   -6.6626930819757536e-08 
   1.3894813887472452e-05    2.5982581695179830e-03   -1.2926046971642955e-06    2.6235980776067653e-04   -6.6626930819757536e-08 
   6.7764830630830824e-06    3.8271380467799057e-02    7.0384330709919553e-06    3.0272452477304534e-02    2.0840102534307041e-06 
  -3.4148785929491259e-05   -2.7241179201182786e-02   -2.8451230662541797e-05   -1.6712169624362960e-02   -1.2777537371509909e-06 
   3.7340133464308437e-05   -1.1617572167732095e-02    8.5245537771020421e-06   -3.2917285808644878e-02   -1.9867602541735020e-05 
   1.6949194225516419e-03    5.4836330008455978e-03    1.1690051915870779e-03    4.5988830267619067e-03   -2.3415572300705971e-04 
  -2.6170963925338151e-05    7.7331076415440942e-03   -3.2944534979046782e-05    8.6268742208245597e-03   -1.3921798121585814e-05 
  -1.5792194779533644e-03    4.0849558438853005e-03   -1.7917266431087290e-03    3.7052702651856652e-03   -5.8320240498893324e-04 
  -1.8163954823911628e-03   -2.2751470559417104e-03   -1.9830944956352003e-03   -5.6294270929277144e-03   -7.1593743142521905e-04 
   1.5131515036550074e-03   -2.5687793455752925e-03    2.9803782878738993e-03   -3.9378018910061936e-03    1.9429172685098298e-03 
   9.1827736774297258e-04   -9.8568168889156963e-04    2.8371168232147159e-04   -1.8965528133247788e-03   -8.1717792580760320e-04 
   9.3170985024443087e-08    3.5442064815330358e-04    1.2943066562574098e-08    2.9765079664795137e-05    3.3173582476495192e-09 
  -5.3957186423233192e-07   -2.7791178537006053e-04   -7.0041594906092424e-09    1.5970067442562993e-05   -9.5968334193086385e-10 
   7.7353157381900215e-07    1.8223836479346985e-05   -2.1229573579844529e-07   -1.9136473387856842e-04   -6.1383233565947460e-09 
   2.8579060760840731e-05    4.9396302195685243e-05   -1.6239183600290652e-06    6.2732299068407473e-06   -4.8426994943326467e-07 
  -3.4404209058824714e-07    5.8305377118266775e-05   -9.5685667339599792e-08    2.5301861062547402e-05   -2.3880612032136919e-08 
  -2.1849500432380055e-05    3.5316179349242352e-05   -4.3657698628140714e-06    6.8199671135248415e-06   -8.2889381233004884e-07 
  -2.6364445350784347e-05   -7.6261847767435259e-07   -3.4902784178175170e-06   -3.1198453980283909e-05   -1.7976304049561832e-06 
   1.2034816104204882e-05   -1.3683415610170923e-05    1.5135331410721769e-05   -1.6643139997510881e-05    2.6738296403327976e-06 
   1.6326322677805543e-05   -3.2062744523340187e-06   -1.8870213297349648e-06   -9.3489296493663712e-06   -3.0469376990372649e-06 
   1.1692652104042967e-07    4.4478625360232075e-04    1.6243122731389714e-08    3.7354195759363094e-05    4.1631754654163374e-09 
  -6.7714493862476727e-07   -3.4877014781941760e-04   -8.7899897359075064e-09    2.0041909252650240e-05   -1.2043710221909802e-09 
   9.7075667728376955e-07    2.2870315248687069e-05   -2.6642416426227739e-07   -2.4015644544681471e-04   -7.7033938722397519e-09 
   3.5865781052883485e-05    6.1990734202154973e-05   -2.0379641177139475e-06    7.8726971546048837e-06   -6.0774285488987073e-07 
  -4.3176150529487806e-07    7.3171330136744542e-05   -1.2008236461722592e-07    3.1753003245761928e-05   -2.9969382469246741e-08 
  -2.7420404231632032e-05    4.4320643241707067e-05   -5.4788975515079304e-06    8.5588343622791626e-06   -1.0402344652926541e-06 
  -3.3086511570302797e-05   -9.5706110064433800e-07   -4.3801845902008258e-06   -3.9153033369750488e-05   -2.2559670192698130e-06 
   1.5103298286015145e-05   -1.7172236429912724e-05    1.8994342994070037e-05   -2.0886593166179795e-05    3.3555682342188071e-06 
   2.0488997852694805e-05   -4.0237689567612971e-06   -2.3681496890594219e-06   -1.1732599146240141e-05   -3.8238065732791538e-06 
2    109 5 
   8.6667700909337977e-03   -1.2939229677919644e-02   -3.4052057183708469e-03    3.3129751865950147e-03   -2.0560781319617204e-03 
  -2.3459782255145943e-03   -2.2096167257478162e-03   -9.1109806162687663e-03    1.7972495074821521e-03   -1.3222969380499350e-03 
   1.5526467333708206e-03    8.0471227118303190e-03    3.6034804536099986e-03   -6.8686668867713793e-03    6.2643060020115210e-05 
   1.1260209168590686e-03   -2.1978618185226531e-04   -1.5709386940534666e-03    1.6181229902932175e-03   -1.3353250872778027e-03 
  -5.0897948542810833e-03   -3.9164833873489664e-03   -7.8741597856558983e-03    3.8806356398625539e-03   -2.3874840211731991e-03 
   1.2378802264521770e-02    8.8766369939470378e-03    3.8029647533327224e-03    1.3815753181683542e-03   -4.0679097400748206e-03 
   1.9094474222105153e-03   -1.7677042531393181e-04    1.8130933552860571e-03    8.6146266154653339e-04   -3.3350318812481203e-04 
  -5.6111868245311354e-04   -6.0052958017345359e-04   -3.4695394833852825e-04   -1.3469731759627446e-03   -4.8474467378118386e-03 
  -1.7091422233752873e-03    5.8765696814133553e-04   -2.5456276442914429e-04    3.8102024959519811e-04   -1.0363849530481378e-03 
   1.4306173798941094e-03   -1.4613358000027869e-03    1.3516917689740211e-04   -3.1554000842699916e-03    2.3959312896691489e-03 
  -2.0536669780928827e-03    2.1685055688582216e-03   -1.7024864741389069e-04    3.0801842494147615e-03   -3.9262730224444360e-04 
  -1.2608632026841061e-04    6.7942208241379308e-04   -6.0676259153989525e-04   -1.2029684771143988e-03   -9.9175400485441664e-04 
  -1.0236032173245539e-03   -1.3255750116714961e-03    2.2477186246475339e-03    1.5537884128657390e-03   -7.0835470854610939e-06 
   2.2384233394855593e-03   -2.1770379330567815e-05   -1.2579383452151923e-03    6.8011107173040813e-04    1.1322474933444062e-03 
  -4.5619589373909527e-04    3.2344676070844732e-04   -9.2535800672998673e-04    1.4960842376021792e-03    2.3581954743638256e-03 
   9.8442189837315633e-04    2.0752602195919360e-03   -5.9592941577472751e-04    1.4515649078947620e-03    6.1931828942435232e-04 
  -5.5458972488154333e-04   -2.4348501654211841e-04   -4.9847322098049159e-05    1.5930641460068061e-05   -5.0594504298268254e-06 
  -3.0563014354905467e-05    5.2080748866388344e-05    7.1614031357177687e-05   -3.8980677185860721e-05    1.5475365268525889e-05 
  -3.4601359437839808e-06    9.4331905997638865e-06   -6.5757144649802801e-06    2.7829413372766545e-06   -1.1402286835999580e-06 
  -1.4700860635830570e-08    1.2356436514951043e-08    1.9711774638507453e-07   -9.1320387071149008e-08   -1.2128283730671559e-06 
  -1.2054895383324126e-08    1.4448334888487951e-08    1.7631648504836546e-07    3.5360156668851418e-07    2.3249979772378465e-09 
  -4.5919246332703378e-04   -2.0160215653667229e-04   -4.1272879026650426e-05    1.3190346243776716e-05   -4.1891535340822137e-06 
  -2.5305744442571795e-05    4.3122124862629918e-05    5.9295407023103068e-05   -3.2275450438528292e-05    1.2813383984093571e-05 
  -2.8649437163877294e-06    7.8105486528157553e-06   -5.4445987508233256e-06    2.3042361418283555e-06   -9.4409325396398191e-07 
  -1.2172105081529107e-08    1.0230955004542148e-08    1.6321071139096434e-07   -7.5611991369179928e-08   -1.0042047719881229e-06 
  -9.9812832042653546e-09    1.1963017327513245e-08    1.4598756064551369e-07    2.9277710559581434e-07    1.9250655042811230e-09 
  -7.1610439174107140e-04   -9.7440176204978887e-05    3.8863480569357954e-06    6.4626355450255068e-07   -9.9753295261019753e-07 
   2.0997228479818235e-05   -1.5676129565002185e-04   -6.1596525889519416e-05    4.1441099662694189e-06    1.9381715637820005e-06 
  -6.6676520285438995e-07    4.4495496162102496e-06   -1.1446128663818583e-05    1.4061547636739988e-06    3.3452335649042282e-07 
  -7.1426369889673131e-09    2.4899743380303531e-08   -1.0907032974436263e-07   -1.3084609024305868e-06    1.4226522266347422e-06 
   3.2206006303706405e-09   -2.0456367702265543e-08    1.6383754533619103e-07    1.1460593270083463e-06    1.0670042683789773e-06 
  -8.0711986015308539e-04   -1.0982463213309170e-04    4.3802952982788271e-06    7.2840238902031309e-07   -1.1243174409967239e-06 
   2.3665935176056099e-05   -1.7668534990386011e-04   -6.9425323926572177e-05    4.6708182424383033e-06    2.1845093809703196e-06 
  -7.5150975680284086e-07    5.0150786748398814e-06   -1.2900909243098024e-05    1.5848742855085324e-06    3.7704062120333621e-07 
  -8.0504521884625522e-09    2.8064452092098032e-08   -1.2293295545372347e-07   -1.4747637254645040e-06    1.6034685437637877e-06 
   3.6299326751421230e-09   -2.3056332050903833e-08    1.8466097709310698e-07    1.2917212272545024e-06    1.2026184252032595e-06 
  -5.2590543062295127e-04   -2.3089157034449179e-04   -4.7269136475571815e-05    1.5106682437988594e-05   -4.7977673181411363e-06 
  -2.8982244899840402e-05    4.9387046731877279e-05    6.7910035671119709e-05   -3.6964532341061729e-05    1.4674953881141449e-05 
  -3.2811720121903509e-06    8.9452904407430772e-06   -6.2356076793483208e-06    2.6390030264110975e-06   -1.0812541775550539e-06 
  -1.3940507904047114e-08    1.1717341261143065e-08    1.8692249179014367e-07   -8.6597146201302639e-08   -1.1500988914748699e-06 
  -1.1431396333633530e-08    1.3701043204393747e-08    1.6719710595989026e-07    3.3531271110007185e-07    2.2047452514161295e-09 
  -7.6271377966787999e-04   -3.3485902988736712e-04   -6.8553811471797410e-05    2.1909024302853099e-05   -6.9581393005428229e-06 
  -4.2032571378152847e-05    7.1625389064503887e-05    9.8489038081896955e-05   -5.3609178635236514e-05    2.1282894013623349e-05 
  -4.7586409294039121e-06    1.2973237934060528e-05   -9.0434204035661036e-06    3.8273116336614996e-06   -1.5681288165589628e-06 
  -2.0217736602170212e-08    1.6993507046235867e-08    2.7109124933226509e-07   -1.2559071049981483e-07   -1.6679734063015298e-06 
  -1.6578804851243667e-08    1.9870444074779296e-08    2.4248377980266026e-07    4.8629964697432145e-07    3.1975132523741228e-09 
  -8.1200243139053076e-04   -1.1048900258968578e-04    4.4067933500438235e-06    7.3280876870379972e-07   -1.1311188595594237e-06 
   2.3809099308302753e-05   -1.7775418595920752e-04   -6.9845303791384226e-05    4.6990737766306340e-06    2.1977242988505862e-06 
  -7.5605592163457870e-07    5.0454167697129952e-06   -1.2978951689476801e-05    1.5944617854368864e-06    3.7932148156041723e-07 
  -8.0991523979907395e-09    2.8234224505520683e-08   -1.2367662308236870e-07   -1.4836851252509189e-06    1.6131685273454638e-06 
   3.6518915015178619e-09   -2.3195808464842377e-08    1.8577806071345349e-07    1.2995353342073338e-06    1.2098935158340434e-06 
  -1.1445634970415130e-02   -2.4154051785624719e-03   -8.4332414520701525e-04    2.4088708459079055e-04   -6.5128451179158721e-05 
  -1.5275949500088802e-04   -2.0785952832491776e-05    8.2903634361434795e-07    1.3786103724802276e-07   -2.1279387732421139e-07 
   4.4791318919254349e-06   -3.3440342826218706e-05   -1.3139780033766890e-05    8.8402215232379457e-07    4.1345104529881747e-07 
  -1.4223445191358340e-07    9.4917858372727644e-07   -2.4416898633297860e-06    2.9996114263407791e-07    7.1360571995983974e-08 
  -1.5236683813047072e-09    5.3116169490023211e-09   -2.3266898909556810e-08   -2.7912107367158156e-07    3.0348038387843302e-07 
   6.8701900388965870e-10   -4.3637553906811702e-09    3.4949849458249318e-08    2.4447754552824306e-07    2.2761350870237402e-07 
  -2.1240628664160636e-04   -3.8608599305166450e-03   -2.7199385461622524e-03    8.1337252271860205e-04   -2.6837116193676597e-04 
   5.8738719471256766e-04    2.4962541769742137e-04    5.0253569446510665e-04   -7.7520147781939721e-04    4.6502401170116719e-04 
   8.4381689853454326e-05   -1.4574622364834652e-04    1.0310389800558248e-04    6.1072562437751416e-05   -3.2424354925752383e-05 
   2.8285373117014838e-07    1.6998238705338993e-06   -1.4580694417560344e-06    1.4124887780085505e-05    1.1335467300206074e-05 
   2.4610778199131693e-07    1.2798769089633965e-06   -5.1671951117033338e-06   -4.9045132124587169e-06   -4.4057968069717008e-06 
  -1.4865476936357140e-02   -3.3980522236818499e-03   -8.8175371667223133e-03    9.2126938889759528e-03   -3.7781969408851980e-03 
  -8.8245967810402355e-05    2.6535679796136791e-03    2.5979650773254410e-03   -1.7833169557653818e-03    2.9757886717472000e-03 
  -4.2638625371406441e-04    6.7807821877824209e-04   -8.0522061618401196e-04   -3.1551678302849426e-04   -2.0011098709531820e-04 
   2.8787285628978982e-06   -9.2602664251750645e-06   -3.6489476687546785e-05   -6.4028694401129036e-05   -1.4296605098790876e-04 
   1.7494946850325026e-06   -1.4909883938306644e-05    2.8166497612394911e-05    4.3810994441213609e-05    2.5491311101069531e-05 
  -1.2793096319350069e-03   -1.0110737138815833e-03   -1.5811527196725529e-04    4.2480212160813189e-05   -1.1020041149561753e-05 
  -1.2793096319350069e-03   -1.0110737138815833e-03   -1.5811527196725529e-04    4.2480212160813189e-05   -1.1020041149561753e-05 
  -1.2793096319350069e-03   -1.0110737138815833e-03   -1.5811527196725529e-04    4.2480212160813189e-05   -1.1020041149561753e-05 
  -1.2793096319350069e-03   -1.0110737138815833e-03   -1.5811527196725529e-04    4.2480212160813189e-05   -1.1020041149561753e-05 
  -1.2793096319350069e-03   -1.0110737138815833e-03   -1.5811527196725529e-04    4.2480212160813189e-05   -1.1020041149561753e-05 
   9.9003899603534095e-04   -3.3884553184541392e-03   -9.6405197235188082e-04    8.3772578753019030e-05   -1.4503313590275246e-05 
  -8.8898204385351692e-04    2.1371264515893844e-04   -7.6343453571307395e-04    5.0993899091480099e-04   -1.0262160293010631e-04 
   1.9326830194239706e-05   -9.1648018608780926e-05    6.6033697228840604e-05    7.2050448505314678e-05   -2.0677693411613036e-05 
   2.0140474214982630e-07    1.1613196364805675e-07    1.1247729254954876e-05   -4.3022758921620481e-06    3.2720794695450013e-06 
  -1.0928175235070009e-07    5.5611965762750594e-07   -8.5318125628647942e-06   -1.5642630173496316e-05   -1.4769058353591082e-05 
  -1.7326428739495648e-04   -2.3576035684891002e-05    9.4031726996757387e-07    1.5636602083667112e-07   -2.4135703981199299e-07 
   5.0803624049553990e-06   -3.7929014952518318e-05   -1.4903522848539547e-05    1.0026837825226350e-06    4.6894826888490987e-07 
  -1.6132647567128949e-07    1.0765861128246370e-06   -2.7694360616134843e-06    3.4022470174026356e-07    8.0939248031088181e-08 
  -1.7281892448744495e-09    6.0245913066059179e-09   -2.6389997292354337e-08   -3.1658728595784238e-07    3.4421632809625917e-07 
   7.7923704929138826e-10   -4.9494990025194677e-09    3.9641141527139585e-08    2.7729358302587229e-07    2.5816589919044508e-07 
   7.5143393878879567e-05    2.2753186052776623e-05    1.1079686916575320e-05   -2.3323571043721602e-06    1.0540696149397854e-07 
   5.5564392496522512e-05   -1.7132850315690589e-05   -1.9591558307442896e-05    8.9089511960356467e-06   -3.2311430934815867e-06 
   4.1783021420381361e-05    3.6794525475553982e-06   -6.4042778310247787e-06    5.2269074187061988e-06   -3.2337840178527015e-06 
  -4.8737002109716452e-06   -1.1818500299593216e-05   -3.6965927873683191e-07   -5.6290006333386604e-07    4.6564787342596747e-07 
  -2.8225321492495094e-06    7.4836780951011068e-06   -5.1846367922738152e-06   -7.7788158340461332e-06    7.0419730598436697e-06 
   6.8312608523507428e-06   -6.0750619555444014e-06   -2.1873749955951165e-06   -6.2784739267399557e-07    5.7660699575047265e-07 
  -7.9870450674828300e-06   -3.8957208620829011e-06   -7.3152610350499123e-07   -1.6532282454085087e-06    1.2449398987047994e-06 
  -1.8995612894116123e-06   -6.1126255683532933e-06   -9.8395164474315934e-07   -2.0307479099592370e-07    2.5551115967129522e-07 
  -3.4075985373599813e-06   -1.4082969801877336e-06    1.6244421989761200e-06   -1.5740735752086715e-06   -2.1267835022775003e-07 
  -2.5054335890592087e-04    2.9414202867074492e-03    1.1283969747098574e-03   -6.7587509753389181e-04    2.2061418832645041e-04 
  -1.6192671797794671e-03    1.6032435830239499e-03   -5.3097433154793150e-04    1.0007911647853570e-03   -5.3443583547131451e-04 
  -5.3810594865734494e-04    1.2142346223654201e-03    2.1283272535748204e-04    3.2012134891632935e-04   -2.2348407792451534e-04 
  -3.8836959488501159e-04    7.8474614572441841e-05   -5.4025265673480181e-04    6.8771142821415457e-05    4.9732546235653205e-06 
   3.2538233246472500e-04   -4.9986083231462930e-04    9.8393167515764025e-04    1.1500191128180911e-04    1.8363087914350217e-04 
  -3.5321508397292848e-04    3.1177852426379093e-04   -1.6259740465491713e-04    1.3348275795914261e-04    5.4774832461012972e-07 
  -2.8775064107452628e-05   -2.4606601653164777e-04   -9.2996805136596650e-05    4.7884096716084168e-05    4.5906713682855662e-05 
  -2.1338748509810052e-04    2.6356854680306095e-05   -2.5708643881237994e-04    7.5087634980879802e-05   -7.5080998829635139e-06 
   4.6760225508654606e-06   -1.4480053381498539e-05   -4.4277351673181722e-05   -9.8261866382967437e-06    1.1234036002272501e-04 
  -3.1442367298110670e-04    3.6913856921467173e-03    1.4161010809401171e-03   -8.4820101227615452e-04    2.7686354852213507e-04 
  -2.0321270395165362e-03    2.0120179527371514e-03   -6.6635531794989090e-04    1.2559599874966616e-03   -6.7069939149620782e-04 
  -6.7530526280426106e-04    1.5238245048367954e-03    2.6709806849283511e-04    4.0174176144790251e-04   -2.8046516555327213e-04 
  -4.8739106488862512e-04    9.8483059608492918e-05   -6.7799931081846394e-04    8.6305521788495151e-05    6.2412709410463854e-06 
   4.0834412272382393e-04   -6.2730889999273727e-04    1.2348018826621042e-03    1.4432361529347754e-04    2.3045071218483285e-04 
  -4.4327331021693921e-04    3.9127179097355662e-04   -2.0405439366681278e-04    1.6751646988544396e-04    6.8740612740741233e-07 
  -3.6111758804708243e-05   -3.0880475559826151e-04   -1.1670793101140129e-04    6.0092966074216426e-05    5.7611415420017323e-05 
  -2.6779427371666947e-04    3.3076985528572595e-05   -3.2263502300763143e-04    9.4232511646888921e-05   -9.4224183495394831e-06 
   5.8682544682323113e-06   -1.8171990624915624e-05   -5.5566619701085772e-05   -1.2331540966413227e-05    1.4098345602378819e-04 
2    109 5 
   1.1894534923658970e-03    3.5380610638138910e-02    2.5327663806784641e-03    1.1342728207241685e-02    4.9558588456399171e-04 
  -4.6999581871117694e-03    2.4787254697402530e-03   -2.0831207910945032e-03   -4.2267310693443819e-03    2.5348470830152134e-03 
  -1.5078596634133350e-03    1.2160488353478519e-04   -1.8854515947551889e-03    1.2695657476265577e-03   -2.3054568891055435e-03 
  -9.0409483979332086e-04   -1.7843627106654903e-03   -1.0953289402292152e-03    5.4049460120731843e-03   -9.0786753256885005e-04 
   1.6729529647299336e-03    7.2348167211224162e-04    1.2731098145770468e-03   -2.7550829179195553e-03   -3.4181329941819971e-04 
   8.1707508107253953e-05   -3.1489630561679451e-04   -7.9956630799553341e-04   -7.2751443502552223e-03   -9.0900829581732311e-04 
   1.5170767824185473e-03    1.9381877927311193e-03   -1.3152735569836955e-03    6.2380751599574894e-04   -1.6861446282884611e-03 
   7.7628232474838020e-04    2.2737208959200160e-03   -8.3331558581874274e-04    3.2262286857962121e-04   -1.7247286468158639e-03 
  -8.5218378720068523e-04   -3.5807644709969524e-04    2.7852746558152878e-03    3.5086774806123322e-04    2.9217388486879603e-05 
  -1.5284766466617801e-04   -1.7867718023038771e-03    2.0064639370200249e-03   -5.1088607449398141e-04   -2.8015417711381471e-03 
  -3.0317943832008751e-03    3.2446841840090898e-04   -1.6067427962381210e-03    1.0656329800423192e-05    5.6173917488787752e-04 
  -1.5879926973504006e-03    4.4220149163426295e-04    4.7801331968240170e-04   -2.0100236191332110e-04   -1.1640468415981048e-03 
  -4.5862338614712362e-04    3.7672992807870277e-04    4.7674798045684226e-04    9.4620292019172115e-04    3.3420661799799904e-03 
   1.2611389674086289e-03    4.8198094639835244e-04    2.4100978380221468e-04   -1.1840711690186984e-03   -2.6598518822336663e-03 
   1.2874706028821103e-03   -9.4208210153463227e-04   -7.3847583069228779e-04   -4.3004530501585024e-04    5.6073707798427998e-05 
   1.4265131665921779e-03    5.5131666700907118e-04    1.3347979037829352e-03   -1.0135795561578406e-03    2.0118331199004574e-04 
   9.6577775263665680e-06    6.0756664517725291e-04    1.1283035539055213e-06    2.3177030122860920e-05    1.2898484771256952e-07 
   9.6577775263665680e-06    6.0756664517725291e-04    1.1283035539055213e-06    2.3177030122860920e-05    1.2898484771256952e-07 
   9.6577775263665680e-06    6.0756664517725291e-04    1.1283035539055213e-06    2.3177030122860920e-05    1.2898484771256952e-07 
   9.6577775263665680e-06    6.0756664517725291e-04    1.1283035539055213e-06    2.3177030122860920e-05    1.2898484771256952e-07 
   9.6577775263665680e-06    6.0756664517725291e-04    1.1283035539055213e-06    2.3177030122860920e-05    1.2898484771256952e-07 
   1.0255139113598206e-06    5.0333162193804553e-04    1.0821261002285367e-07    1.2460230726716554e-05    4.0961606153566981e-09 
   1.0255139113598206e-06    5.0333162193804553e-04    1.0821261002285367e-07    1.2460230726716554e-05    4.0961606153566981e-09 
   1.0255139113598206e-06    5.0333162193804553e-04    1.0821261002285367e-07    1.2460230726716554e-05    4.0961606153566981e-09 
   1.0255139113598206e-06    5.0333162193804553e-04    1.0821261002285367e-07    1.2460230726716554e-05    4.0961606153566981e-09 
   1.0255139113598206e-06    5.0333162193804553e-04    1.0821261002285367e-07    1.2460230726716554e-05    4.0961606153566981e-09 
  -1.4485208975532170e-06    7.2260133071812239e-04   -1.8496570614894578e-07    1.2719567629773483e-05   -3.5469811462874153e-08 
   1.3579572751583696e-06    2.9911284288796435e-06    7.6044788974392683e-07   -1.6976061812052642e-04    1.1372287923462056e-07 
  -1.1873555461969799e-05   -2.2754606100014889e-08   -3.3326514225232064e-06   -1.1105674135979955e-07   -1.1159614341747906e-06 
   3.3403778941783073e-07    3.8747397176325553e-10   -1.5581877014970092e-06   -3.5644740345457435e-09    1.0995606527088247e-06 
   3.5488277550838687e-07    4.6570401373651734e-10   -8.3295700745602222e-07   -1.7472225735210469e-09   -1.2881999984404529e-06 
  -1.6326250721901836e-06    8.1444254737447113e-04   -2.0847448584568074e-07    1.4336199812418603e-05   -3.9977955166518132e-08 
   1.5305509904148048e-06    3.3712950053938235e-06    8.5709933007330956e-07   -1.9133686085042641e-04    1.2817683488979610e-07 
  -1.3382661151797713e-05   -2.5646672056611572e-08   -3.7562249039501846e-06   -1.2517183610261862e-07   -1.2577979510745320e-06 
   3.7649333950496176e-07    4.3672115617411122e-10   -1.7562303125481488e-06   -4.0175117168142060e-09    1.2393126623430561e-06 
   3.9998768258167069e-07    5.2489408356492604e-10   -9.3882421491212645e-07   -1.9692911472975954e-09   -1.4519277001814685e-06 
   1.1747195720586124e-06   -5.7651346311700044e-04    1.5656656234460945e-07   -1.1783307729477961e-05    2.9942874642588997e-08 
   1.1747195720586124e-06   -5.7651346311700044e-04    1.5656656234460945e-07   -1.1783307729477961e-05    2.9942874642588997e-08 
   1.1747195720586124e-06   -5.7651346311700044e-04    1.5656656234460945e-07   -1.1783307729477961e-05    2.9942874642588997e-08 
   1.1747195720586124e-06   -5.7651346311700044e-04    1.5656656234460945e-07   -1.1783307729477961e-05    2.9942874642588997e-08 
   1.1747195720586124e-06   -5.7651346311700044e-04    1.5656656234460945e-07   -1.1783307729477961e-05    2.9942874642588997e-08 
   1.7036804578978177e-06   -8.3610994844173891e-04    2.2706644119269223e-07   -1.7089177353985785e-05    4.3425760151817491e-08 
   1.7036804578978177e-06   -8.3610994844173891e-04    2.2706644119269223e-07   -1.7089177353985785e-05    4.3425760151817491e-08 
   1.7036804578978177e-06   -8.3610994844173891e-04    2.2706644119269223e-07   -1.7089177353985785e-05    4.3425760151817491e-08 
   1.7036804578978177e-06   -8.3610994844173891e-04    2.2706644119269223e-07   -1.7089177353985785e-05    4.3425760151817491e-08 
   1.7036804578978177e-06   -8.3610994844173891e-04    2.2706644119269223e-07   -1.7089177353985785e-05    4.3425760151817491e-08 
  -1.6425014345652789e-06    8.1936941629776603e-04   -2.0973562632627586e-07    1.4422924870633758e-05   -4.0219796835475335e-08 
   1.5398098683239986e-06    3.3916892353451931e-06    8.6228424589963540e-07   -1.9249432939948949e-04    1.2895222471507063e-07 
  -1.3463617896447575e-05   -2.5801818410334123e-08   -3.7789477194610366e-06   -1.2592904756136894e-07   -1.2654068433861021e-06 
   3.7877088914945694e-07    4.3936304650687439e-10   -1.7668544094558260e-06   -4.0418151544113142e-09    1.2468097301988891e-06 
   4.0240735833334316e-07    5.2806936505859818e-10   -9.4450351526768672e-07   -1.9812041292332988e-09   -1.4607109562723442e-06 
  -3.0849728279391586e-04    1.3308308196426548e-02   -3.6949334955094720e-04    1.0466994032882629e-02   -4.3496293455894979e-05 
  -3.9059087059147021e-05    2.7945928094340718e-02   -4.0532097489068085e-05    1.9838541040099338e-02   -9.3499469575625519e-06 
   4.6415754897034276e-05   -4.3544683478296863e-03    7.0040127459640119e-05   -1.1104896752902193e-02    3.5547357409373382e-05 
  -3.4317237424520751e-04   -3.7569604756991343e-06   -4.3735405743731829e-04   -7.8993020830432943e-06   -2.0329712126899256e-04 
  -2.1368244633086265e-05   -7.4844485690661762e-08   -3.8586524589381665e-05   -2.2362165205877564e-07    3.4949821440587291e-05 
  -7.9216449298860654e-06   -2.6777457458032973e-08   -7.9823097694033959e-05   -9.4026253155302606e-08   -1.2932244779931051e-04 
   2.1207021189401915e-06   -1.6584532966309015e-03   -4.3404223804081847e-07   -8.6457950273633941e-05   -5.0748494194255887e-08 
   2.1207021189401915e-06   -1.6584532966309015e-03   -4.3404223804081847e-07   -8.6457950273633941e-05   -5.0748494194255887e-08 
   2.1207021189401915e-06   -1.6584532966309015e-03   -4.3404223804081847e-07   -8.6457950273633941e-05   -5.0748494194255887e-08 
   2.1207021189401915e-06   -1.6584532966309015e-03   -4.3404223804081847e-07   -8.6457950273633941e-05   -5.0748494194255887e-08 
   2.1207021189401915e-06   -1.6584532966309015e-03   -4.3404223804081847e-07   -8.6457950273633941e-05   -5.0748494194255887e-08 
  -7.9914919250830208e-07   -1.7533472854275758e-03   -8.9622393215988095e-07   -1.0844973147438926e-04   -1.3516935106322051e-07 
  -7.9914919250830208e-07   -1.7533472854275758e-03   -8.9622393215988095e-07   -1.0844973147438926e-04   -1.3516935106322051e-07 
  -7.9914919250830208e-07   -1.7533472854275758e-03   -8.9622393215988095e-07   -1.0844973147438926e-04   -1.3516935106322051e-07 
  -7.9914919250830208e-07   -1.7533472854275758e-03   -8.9622393215988095e-07   -1.0844973147438926e-04   -1.3516935106322051e-07 
  -7.9914919250830208e-07   -1.7533472854275758e-03   -8.9622393215988095e-07   -1.0844973147438926e-04   -1.3516935106322051e-07 
  -4.3396842774199626e-05    1.9955998656699569e-02   -4.8557753750461104e-05    1.5446487583959376e-02   -1.4652001584443818e-05 
  -2.1254840225391335e-05   -1.3443025368862402e-03    1.0439012172207939e-06   -3.6491732817984148e-03    2.1728594082149871e-05 
   9.5707937725953232e-04   -1.2799558138533083e-05    9.7987958715178955e-04   -4.3626877105393976e-05    2.2807324668177681e-04 
   4.4110499626539356e-05    7.3197359337406666e-07    1.8877076462376813e-04    1.9477468753145922e-06    2.1111187318412940e-04 
   8.2475248602131891e-06    6.2143822138178490e-08   -6.9739760982087665e-06    1.7341498180330030e-07   -6.1288669809822258e-05 
  -8.6188822802919514e-07    4.2995691781609244e-04   -1.1005693116900773e-07    7.5683033805318054e-06   -2.1104985783709133e-08 
   8.0800172893784711e-07    1.7797591914134698e-06    4.5247609841669857e-07   -1.0100971176058990e-04    6.7666549399094381e-08 
  -7.0649154560419782e-06   -1.3539278007084209e-08   -1.9829696858701861e-06   -6.6080163691789386e-08   -6.6401114728446162e-07 
   1.9875670340858603e-07    2.3055190677233388e-10   -9.2714136140435086e-07   -2.1209070678097269e-09    6.5425247517978391e-07 
   2.1115973339264094e-07    2.7709976974681828e-10   -4.9561993920380892e-07   -1.0396194976602607e-09   -7.6649526829644065e-07 
  -4.4301959007925062e-05    3.1697089053799837e-02   -4.5972690522611780e-05    2.2501453518476405e-02   -1.0604983322138500e-05 
   5.2646106849769664e-05   -4.9389653668743677e-03    7.9441561215398901e-05   -1.2595498711716606e-02    4.0318852522215402e-05 
  -3.8923614454790874e-04   -4.2612544613953010e-06   -4.9605976440763504e-04   -8.9596194745736445e-06   -2.3058554131717495e-04 
  -2.4236488076968784e-05   -8.4890804846920602e-08   -4.3765964832420493e-05   -2.5363821862478287e-07    3.9641109748687801e-05 
  -8.9849613849836315e-06   -3.0371775480718071e-08   -9.0537692203907777e-05   -1.0664732656570106e-07   -1.4668130293301072e-04 
   1.1514881104835414e-06   -7.8822405687153506e-05    7.5992582028276107e-08   -8.8398346033699788e-06    3.9595222282693907e-08 
  -4.9427083368524451e-07   -5.8476249480197332e-05   -7.7525974209048751e-08    2.0853109027547419e-05    3.0069029436506725e-08 
   2.5082095026498343e-07   -4.2671564552481009e-05   -5.9685420668807047e-08    4.1500628122305332e-06   -5.3516368363854365e-09 
   1.2004068015768782e-05    3.0765614476121345e-06    3.1614635800512274e-06   -1.0614801469847827e-07    7.2885996353383156e-07 
   1.0491348058154970e-06    3.2141220099857697e-06   -5.4256851888170290e-07    1.3755514678500876e-05   -1.1007172221007480e-07 
  -4.2597347836590142e-06   -3.1076200545408439e-07    7.5915802188920336e-06   -2.6633688345418711e-06    2.4731038644026529e-06 
   7.3148448483249429e-06    5.3367521805829510e-06   -1.3129809377732519e-06    2.0341681542471764e-07   -1.8580374701896882e-07 
   1.7300902283516084e-07    5.2133330567960672e-06    3.7480340643713209e-06   -4.5256209172498131e-07    7.6541826222374542e-07 
   1.1761146309088009e-06    2.3551126320640613e-06    3.3087483419189059e-06   -3.2687859304522299e-07   -8.7881397085854785e-07 
   5.1629135961163433e-06   -3.5341508635283449e-04    3.4072703954625945e-07   -3.9635061661204120e-05    1.7753262895500048e-07 
  -2.2161562800033647e-06   -2.6218926686479000e-04   -3.4760229189685915e-07    9.3498837842459750e-05    1.3482015097365789e-07 
   1.1246029225348336e-06   -1.9132598833612478e-04   -2.6761081339477001e-07    1.8607587453946274e-05   -2.3995070667684802e-08 
   5.3822497516967478e-05    1.3794342106141185e-05    1.4175016791288382e-05   -4.7593459567497990e-07    3.2679807816803914e-06 
   4.7039932968384131e-06    1.4411120769596087e-05   -2.4327080388027066e-06    6.1675438164435299e-05   -4.9352727654972975e-07 
  -1.9099322372653523e-05   -1.3933599213990375e-06    3.4038278269036274e-05   -1.1941715283151688e-05    1.1088626491132866e-05 
   3.2797483167272560e-05    2.3928332512842810e-05   -5.8869970721838376e-06    9.1205756487919419e-07   -8.3308605877898650e-07 
   7.7571850557046805e-07    2.3374959650006660e-05    1.6805015921114432e-05   -2.0291472879147493e-06    3.4318967923092627e-06 
   5.2733312339287023e-06    1.0559590600864206e-05    1.4835395732785289e-05   -1.4656216742037172e-06   -3.9403277874030999e-06 
   6.4792867121437458e-06   -4.4352430662398672e-04    4.2760122529666422e-07   -4.9740698459415178e-05    2.2279760882021156e-07 
  -2.7812032236721830e-06   -3.2903890433913491e-04   -4.3622944081268313e-07    1.1733796554124646e-04    1.6919485412072943e-07 
   1.4113396702782569e-06   -2.4010782106570968e-04   -3.3584276687469863e-07    2.3351910097061780e-05   -3.0113024291366980e-08 
   6.7545463716146744e-05    1.7311445533064368e-05    1.7789179739381336e-05   -5.9728226014203356e-07    4.1012083700588327e-06 
   5.9033568342389065e-06    1.8085482464742484e-05   -3.0529685567847452e-06    7.7400645880470754e-05   -6.1936049587088561e-07 
  -2.3969021242805841e-05   -1.7486208622095633e-06    4.2716919426797266e-05   -1.4986459818450360e-05    1.3915861449621534e-05 
   4.1159762394109727e-05    3.0029270102610854e-05   -7.3879876535067885e-06    1.1446022387973310e-06   -1.0454955966683690e-06 
   9.7350120468556412e-07    2.9334805364767427e-05    2.1089742124862628e-05   -2.5465130908753420e-06    4.3069175708430877e-06 
   6.6178572150477804e-06    1.3251938811705744e-05    1.8617933585627972e-05   -1.8393069846919870e-06   -4.9449817431801068e-06 
 TENSORSUMACCUMULATOR_IMPL_H - PrettifyOut: Norm of simple tensor is 1.68619e-07 
 As simple full tensor 3    5 5 5 
  -4.0260141895527730e-10    6.4301611892619497e-10   -3.6159759677370454e-09    2.6624601355905485e-10   -1.3404040959225961e-09 
  -3.8753103063762535e-09   -2.0436327841652774e-09   -3.4415716611303064e-09   -6.5733807848968313e-10   -2.4195994370988851e-09 
  -1.2636094682729969e-09    2.2743681106728909e-10   -2.3154800182291838e-09   -1.4156469918525514e-09   -1.8293395741282107e-09 
   9.5754401361771397e-10    4.3634157455842968e-11    1.2309246952694266e-09    1.9109730293738079e-10    2.2084689423756616e-09 
   5.5485741236883787e-11   -3.2911569579123015e-10   -4.6253883438890954e-10   -5.1596537518173448e-10    6.1198267314057999e-10 

  -4.2252104746490482e-09    5.4665854775289648e-08    3.4005008039975258e-10    4.2552083858861868e-08    1.9697593405673499e-09 
  -7.1628999466477568e-09   -1.3194506662182580e-07   -1.0309103314416194e-08   -2.7393095198200740e-08   -4.0701875972812984e-10 
  -4.0386434294901588e-09   -4.2055632118585286e-08   -5.4514288852613865e-09    3.8597953776779129e-09    6.2950797091289574e-10 
   3.7082383186720132e-09    3.3127367259278602e-08    4.3109542839243793e-09    1.1499173567647863e-08   -1.8393016223462013e-09 
  -2.2756055284885461e-09   -2.0361064133062427e-08   -1.5539246070901833e-09   -1.1003696996758572e-08    2.3881558383598843e-09 

   1.0691564055318427e-09   -2.9497077171386264e-10    8.6098969854901762e-10   -6.5605750565680752e-10    8.8670221851881267e-10 
   4.6269151843844899e-10   -8.2573080821408649e-11    8.4501526106856693e-10    7.8554098911773714e-11    2.6588193413867944e-11 
   1.4071037457776942e-09   -1.0467805831713107e-09    1.8618129502895586e-09   -1.6771208513442195e-09   -4.9601668269862914e-11 
  -2.4640120971140768e-09   -4.9303525214620977e-10    2.2899507000689757e-10    8.0562838573002358e-10    2.7686598125549248e-11 
   6.6723597344428448e-11    6.4714982452520477e-10   -9.4331260483972018e-11   -8.0092676314142557e-10   -3.1144838570877548e-10 

  -3.6232441213124835e-09    9.3979877779397931e-09   -1.9515135923834573e-09    3.3773943657992824e-10   -8.0159122414125965e-10 
  -3.5110694428400315e-09   -2.2764589004443936e-08   -6.4593367779372592e-09   -6.7362029593688958e-09   -1.7820933469861683e-09 
  -4.2688273446716429e-09   -1.2743411154753790e-08   -5.2327027267578039e-09    1.5711448810234601e-08   -2.1691002682827297e-09 
   3.5957785473129444e-09    1.0101338627876228e-08    2.5926699558772707e-09   -1.0079884704139709e-08    1.1448399421936030e-09 
  -1.8516732622030240e-09   -3.2173354162444171e-09   -1.7519527858132815e-09    1.0571129473277491e-08   -2.4311636543833604e-09 

  -1.3638053126071503e-09   -2.4389348618071351e-10   -7.3165828278130498e-10   -2.3831470432966901e-10   -8.7228499828816901e-10 
   5.7290439321743208e-10   -4.4543348675179819e-11   -4.0094124509831060e-10    6.2204697615741389e-11    1.0479307823434066e-10 
  -1.0790505614292783e-09    2.3065189648133607e-10   -4.9593794996714626e-10    5.0756653733953326e-11    5.2932531682575345e-10 
   1.4007563373841518e-09    2.8707987602378859e-10    3.7324364278414904e-10    7.8274991512983253e-11   -1.1178470110330813e-10 
  -6.8858722321195744e-10   -1.1958218770686716e-10    3.7035216544209825e-10    1.6087744304531314e-11   -7.7059132377729433e-10 
