2    13 5 
  -3.8752981410811742e-03    4.5405488550752613e-06   -7.8069914412277466e-05    1.2151566920966623e-07   -7.9208557966267341e-06 
  -3.8752981410811742e-03    4.5405488550752613e-06   -7.8069914412277466e-05    1.2151566920966623e-07   -7.9208557966267341e-06 
  -3.8752981410811742e-03    4.5405488550752613e-06   -7.8069914412277466e-05    1.2151566920966623e-07   -7.9208557966267341e-06 
  -3.8752981410811742e-03    4.5405488550752613e-06   -7.8069914412277466e-05    1.2151566920966623e-07   -7.9208557966267341e-06 
  -3.8752981410811742e-03    4.5405488550752613e-06   -7.8069914412277466e-05    1.2151566920966623e-07   -7.9208557966267341e-06 
  -3.8752981410811742e-03    4.5405488550752613e-06   -7.8069914412277466e-05    1.2151566920966623e-07   -7.9208557966267341e-06 
  -3.8752981410811742e-03    4.5405488550752613e-06   -7.8069914412277466e-05    1.2151566920966623e-07   -7.9208557966267341e-06 
  -3.8752981410811742e-03    4.5405488550752613e-06   -7.8069914412277466e-05    1.2151566920966623e-07   -7.9208557966267341e-06 
   9.8259915936629828e-06    4.6501248250159044e-04    9.9155637551691858e-07   -3.4877902599968250e-06    1.5468851630544914e-07 
   9.8259915936629828e-06    4.6501248250159044e-04    9.9155637551691858e-07   -3.4877902599968250e-06    1.5468851630544914e-07 
   9.8259915936629828e-06    4.6501248250159044e-04    9.9155637551691858e-07   -3.4877902599968250e-06    1.5468851630544914e-07 
   9.8259915936629828e-06    4.6501248250159044e-04    9.9155637551691858e-07   -3.4877902599968250e-06    1.5468851630544914e-07 
   9.8259915936629828e-06    4.6501248250159044e-04    9.9155637551691858e-07   -3.4877902599968250e-06    1.5468851630544914e-07 
2    13 5 
   3.9810662434349321e-03   -1.6115499824546849e-04    4.0160140459259663e-05   -5.9764270963448247e-06    1.4530659251661689e-06 
  -5.9233274539918712e-05    4.4495695506872892e-05   -4.8565927033398496e-06    1.3200979884453455e-06   -2.3232220860304539e-07 
  -1.4349853832370165e-03    1.7547158651137098e-04   -6.0445972093867168e-05    1.1370243353691603e-05   -2.6378636921901841e-06 
  -3.7113644085845688e-05   -4.7555905097734012e-05   -3.7427821998989737e-07   -2.6940032129803649e-08   -6.1468720665578316e-08 
   6.6715358106728991e-05    6.4808112982506767e-05    5.3644507944788603e-05   -9.0156008173776162e-06    2.0985265583925514e-06 
   4.0274162143534108e-05   -7.6041013245910688e-05    2.0080203496762824e-05   -7.2601917702218074e-06    1.6550127331107861e-06 
  -3.5498702711338938e-05    7.3509729538894211e-06   -3.1447850289285750e-06   -1.3684274917010296e-06    5.2119383616767966e-07 
   2.6353713611421528e-05    4.9797060729818585e-05   -3.0471090908846321e-05    1.9234414933520434e-05   -6.8276841144675245e-06 
   4.4799839688292297e-04   -2.3609281211539705e-05    5.6145804159901597e-06   -2.9637246387636666e-06    9.2597762120968283e-07 
  -1.5644374829260847e-04    5.4099771569542542e-05   -2.8545298359316842e-05    9.2150342125862339e-06   -2.9899575690873472e-06 
  -9.5138288511133559e-05   -8.5454662784357405e-06    4.1919355612078146e-06   -1.1491529553796345e-06    8.9103249834186651e-08 
   2.1336546964779415e-05    8.6708899840232597e-07   -2.9954040007619970e-05    1.0639702749419145e-05   -2.9885508308667377e-06 
   8.5048828964668004e-07   -6.9952816860674963e-06    6.2795149576418156e-07   -7.5050063631028461e-07    2.5079597140096056e-07 
2    13 5 
   3.9680942861140163e-03   -1.2286545105175303e-05   -3.6095488223367476e-04    8.7396310961771064e-06   -1.4899771756501947e-05 
  -1.0602497870484265e-05   -6.9209455159868326e-05   -1.5695104916091892e-05   -1.9098096438793809e-05   -6.2897203715545429e-07 
   5.4610836020815335e-04   -3.7948713477581591e-05   -1.3365869172011059e-03    2.5082093817378838e-05   -8.3636950390341956e-05 
   2.6505457363508887e-05   -4.2535480300813260e-05    2.5268246657112865e-05    2.2051399760041672e-05    1.6051169362075236e-06 
  -1.0604411091623292e-04   -1.7185485588180989e-05    1.2630520026506411e-07    8.2229167011699106e-06    2.4742540535775886e-06 
  -3.0496962990401363e-05   -6.4756274243063454e-05   -4.7345401678287327e-05    2.1086027765868734e-05    7.2979739301324949e-06 
   2.9493228106295815e-05   -6.4083645648960322e-07   -8.3978020661088022e-06   -1.4974664278910896e-06    1.9575544603196779e-05 
   3.0014034070791287e-05   -1.4222190628425030e-05    3.8464891863250457e-05   -8.6772072336385493e-06   -4.3143690951494720e-05 
   4.5100562279309713e-06   -4.4860708435618676e-04    3.1749576886243633e-07   -5.6891585220323437e-06    4.8068092652165692e-08 
   9.2352010442473074e-06    1.4799628408016438e-04    1.3420737492810468e-06    7.9498962302345451e-05    2.1729008624603004e-07 
   5.9099218192206703e-06   -9.0937511372257527e-05    3.2875175286060022e-07   -2.8957785680894792e-05    1.3063401945236665e-08 
  -3.4867249666915839e-06    2.9090426858837940e-05   -3.2440507768557895e-07   -2.4836664224064969e-05   -6.3157723439028906e-08 
  -3.0354886964914134e-06   -6.2275437419716944e-06   -1.5746165871350515e-07    1.6298247828999545e-06   -1.2386365301117812e-08 
 TENSORSUMACCUMULATOR_IMPL_H - PrettifyOut: Norm of simple tensor is 5.8235e-08 
 As simple full tensor 3    5 5 5 
  -5.8147585902025783e-08   -2.9679512576061488e-11   -1.8617047409964213e-09   -1.4264885403541179e-12   -2.2982700959664242e-10 
   2.1245430080489119e-09    1.0414682074580970e-11    6.6965709144076365e-10    1.6705860255375123e-12    5.7269950534240334e-11 
  -4.6148075903124517e-10   -1.4954718781151460e-12   -2.4907525937991234e-10   -2.2191749844362479e-13   -2.3220605339995400e-11 
   6.1253039238746799e-11    4.0211114836620383e-13    4.6377932338510981e-11    7.2171286073599867e-13    6.9550927813309767e-12 
  -1.4972783329150196e-11   -2.2049682513435503e-13   -1.0301502642232091e-11   -2.3511172406182030e-13   -2.0192850113432270e-12 

   6.8099914211565857e-11   -9.9880893183709770e-11    2.1319755360072425e-12   -5.9317548146555014e-12    2.6227677973132031e-13 
  -2.3214471000674430e-12    9.0296063163398922e-12   -7.5526063837143611e-13    2.1602710955632749e-12   -6.2199464591259930e-14 
   4.8908750338293834e-13   -3.7183603581682580e-12    2.7996016960198401e-13   -7.7989731554393095e-13    2.5349489614575405e-14 
  -5.7759090540913767e-14    1.4466961222848217e-12   -5.0751665022481597e-14    2.3968609044389407e-13   -7.5992926483818743e-15 
   1.1381003051277206e-14   -4.4360966893864840e-13    1.0786695068598110e-14   -7.9202896617267971e-14    2.1713720071743397e-15 

  -1.1714136783195119e-09   -7.6842471623265298e-13   -3.7505103004757786e-11   -3.8863302737111324e-14   -4.6299976498958630e-12 
   4.2800320013687636e-11    2.2523992112966017e-13    1.3490643567804226e-11    3.7344875641141477e-14    1.1537415681278634e-12 
  -9.2968601110960266e-12   -3.6475783083522051e-14   -5.0177720508627129e-12   -5.8020553538162254e-15   -4.6779444797188199e-13 
   1.2339985223095647e-12    1.0570465352717830e-14    9.3431390411098779e-13    1.4949773929515709e-14    1.4011493158705865e-13 
  -3.0164509250287187e-13   -5.1995262151166191e-15   -2.0753136581792282e-13   -4.8720862584286196e-15   -4.0679888089441382e-14 

   1.8235245741499537e-12    7.5025564948781747e-13    5.8746349732584751e-14    4.4542902024939383e-14    7.2590857960313885e-15 
  -6.7876629583976441e-14   -6.8136287653978192e-14   -2.1218215390371043e-14   -1.6268177369869593e-14   -1.8325441210030430e-15 
   1.4857483573391489e-14    2.7946154369254511e-14    7.8991591313632460e-15    5.8578066471571743e-15    7.4204492236644607e-16 
  -2.0257399772450410e-15   -1.0865747648968726e-14   -1.4811545124797618e-15   -1.8265157674482250e-15   -2.2220998755053790e-16 
   5.1570656297936659e-16    3.3357353176461129e-15    3.3264227686720078e-16    6.0342622990114164e-16    6.4776709352010636e-17 

  -1.1884986889333881e-10   -8.9584352904201161e-14   -3.8052169339771158e-12   -4.6331258404327655e-15   -4.6975339465787054e-13 
   4.3424754483040080e-12    2.3904150896186941e-14    1.3687437681915818e-12    4.0404424508615428e-15    1.1705744991852056e-13 
  -9.4325141146211315e-13   -4.1334623269894065e-15   -5.0909696698719631e-13   -6.7940748482081329e-16   -4.7461935333607963e-14 
   1.2520125872812536e-13    1.2407827552352171e-15    9.4794497167233536e-14    1.5447576382540289e-15    1.4215913623274349e-14 
  -3.0605172950026015e-14   -5.7916215022038085e-16   -2.1055968693961261e-14   -5.0355861344345949e-16   -4.1273427336669166e-15 
