2    103 5 
   2.6394563164452126e-03   -3.7087517605309968e-06    9.1316199180773870e-04    2.1046975357113078e-06    1.4906226495630534e-04 
  -1.7780958087410412e-04   -5.6417007754524574e-04    4.3464390347123057e-04   -9.7866030876107363e-05    6.1928844905697835e-05 
   1.8993067751539588e-04   -2.9269206773044163e-06   -5.4705452715835928e-05   -1.0867179994154481e-06   -1.1152400515629970e-06 
   2.0586460000001272e-04   -5.5101299271519025e-04   -4.6604695245958832e-04   -8.6829549807159644e-05   -6.8616527229998749e-05 
  -9.6169669918771302e-05   -1.5538082233371990e-05   -4.2183884815198041e-04   -4.4369473675761622e-06   -9.9952869463178153e-05 
   4.5307157415676968e-05   -1.6133323707062295e-04   -2.0743676542864880e-05    2.0327478862503000e-04    4.0976071904917522e-06 
  -8.0146914262966293e-05    5.3428170749292282e-08    1.0374935166606668e-04   -5.4106544320344882e-06    5.9872340768516688e-05 
   4.9430068856057770e-05   -5.9545257274042402e-05   -5.5789637128007732e-04    2.4970439138110749e-05    1.9240264349710200e-04 
   9.1695030993253329e-05    4.7230633392033104e-05   -2.7945114046053882e-04    1.2057463607000860e-04    8.3376245217608145e-04 
   3.7377243816331658e-05   -7.8109588118110366e-04    1.9300717062739872e-05   -3.5852383092304312e-04    1.8115886759986758e-05 
   1.6990906503009206e-04    1.7919296707018725e-04   -6.6493449560368076e-04    1.2462523498070225e-04    1.5107239616071878e-03 
  -7.0460875478049127e-04   -3.4414809306182399e-04    3.3463969158638529e-05    2.2153253630765907e-04    3.2699316905751596e-04 
  -8.1720719785821221e-05    1.1711259357334736e-04    3.7801094809681061e-05   -2.5433190464833964e-04    1.2735771070650030e-04 
  -9.0337317964444798e-06    5.6420194028829975e-05    6.6926813607209968e-05    1.5909093812105328e-04    6.8178724554368824e-05 
  -6.6628775517861224e-04    2.2479481666657314e-05   -2.0160539471196124e-04    2.9714984679890451e-04    1.3377622772199025e-04 
  -5.2156355403282413e-05    1.0736459924853256e-04    5.2472167741085502e-07    1.4287641910876319e-04   -7.2775539390924321e-05 
   3.5097596549779240e-05    6.0823916856608888e-05   -2.3513212514462703e-06    2.5355787853501995e-05    1.0920355988132844e-04 
  -1.8524117795614284e-05    2.9189429550261007e-04   -2.2231230557026281e-05   -1.4377085282710078e-04    4.1726131830486381e-06 
  -1.8293006319620376e-04    2.8053189727736069e-04    3.2909881194246321e-05    1.5929766891137383e-04   -1.2918701485615832e-05 
  -9.7228173505751011e-05    1.9554499425224147e-05    3.4785799983054755e-05   -8.7981381708146973e-06   -1.2069370419009822e-04 
   8.1036051316049447e-05   -5.8820859527288047e-04    1.7615964036444799e-05   -1.4784370891964043e-04    1.0259842345525108e-05 
   1.1475326696165661e-06    5.4537209781932872e-04    1.1612366054751619e-06    2.2368901683694176e-04   -2.4553827111289492e-07 
   1.1475326696165661e-06    5.4537209781932872e-04    1.1612366054751619e-06    2.2368901683694176e-04   -2.4553827111289492e-07 
   1.1475326696165661e-06    5.4537209781932872e-04    1.1612366054751619e-06    2.2368901683694176e-04   -2.4553827111289492e-07 
   1.1475326696165661e-06    5.4537209781932872e-04    1.1612366054751619e-06    2.2368901683694176e-04   -2.4553827111289492e-07 
   1.1475326696165661e-06    5.4537209781932872e-04    1.1612366054751619e-06    2.2368901683694176e-04   -2.4553827111289492e-07 
  -2.1502995225375594e-06    1.5179011687413322e-03   -3.2734104962928953e-07    5.6183097148698388e-05   -2.6172415005389364e-08 
  -5.4657935714192888e-06    7.6915567209312313e-06   -1.0934644984068968e-07   -2.0801291430746997e-04    7.8338582061230718e-08 
  -5.3301329971981911e-05   -1.2764933346628864e-07   -2.0245539693508413e-06    1.3968825521182572e-06   -5.1211009873504971e-08 
   1.7059367259044528e-07   -6.4679100218488851e-10   -4.4827421018499489e-06   -2.3003913634712668e-09   -3.9927219103987991e-07 
   8.7816787942121960e-07    5.6273446957530178e-04    1.3884851389359896e-07    1.7517363801383287e-05    6.5629636600427036e-09 
  -3.9830355946531319e-04    6.5051520238487805e-07   -1.3930758045459419e-04    1.7728116995027363e-07   -8.0426183641224462e-06 
  -4.8078308773678131e-05    5.0926999906459065e-08    1.3755180333987693e-04   -3.1548140430199088e-07   -1.5256465475928187e-06 
  -2.2407842759179498e-08   -1.9433844029888193e-06    1.3581043059527283e-07    6.2430076813143110e-05   -2.3726476610835199e-08 
   3.2099321802359812e-07   -1.4315937822364996e-10   -5.3800967794189466e-08   -5.4596887641833779e-09   -1.4965141230345655e-05 
   1.8242341891145981e-06   -1.6276081716195749e-03    5.7202207330271978e-06   -1.1535907181394580e-03    2.3462764031074977e-06 
   1.8242341891145981e-06   -1.6276081716195749e-03    5.7202207330271978e-06   -1.1535907181394580e-03    2.3462764031074977e-06 
   1.8242341891145981e-06   -1.6276081716195749e-03    5.7202207330271978e-06   -1.1535907181394580e-03    2.3462764031074977e-06 
   1.8242341891145981e-06   -1.6276081716195749e-03    5.7202207330271978e-06   -1.1535907181394580e-03    2.3462764031074977e-06 
   1.8242341891145981e-06   -1.6276081716195749e-03    5.7202207330271978e-06   -1.1535907181394580e-03    2.3462764031074977e-06 
   9.7808318668036291e-06    1.3097550476091845e-03    1.4731342195119863e-07    2.3439865270053084e-05   -8.7592473910694309e-09 
   9.7808318668036291e-06    1.3097550476091845e-03    1.4731342195119863e-07    2.3439865270053084e-05   -8.7592473910694309e-09 
   9.7808318668036291e-06    1.3097550476091845e-03    1.4731342195119863e-07    2.3439865270053084e-05   -8.7592473910694309e-09 
   9.7808318668036291e-06    1.3097550476091845e-03    1.4731342195119863e-07    2.3439865270053084e-05   -8.7592473910694309e-09 
   9.7808318668036291e-06    1.3097550476091845e-03    1.4731342195119863e-07    2.3439865270053084e-05   -8.7592473910694309e-09 
   1.1771613511768069e-06   -8.3096079035528431e-04    1.7919979437214333e-07   -3.0756910774370684e-05    1.4327843674050824e-08 
   2.9921975419464147e-06   -4.2106707495240617e-06    5.9860690704592230e-08    1.1387472335921034e-04   -4.2885723659394409e-08 
   2.9179314300965299e-05    6.9880433067607890e-08    1.1083231248077328e-06   -7.6471028117345073e-07    2.8034988124204883e-08 
  -9.3389909649331042e-08    3.5407968149593696e-10    2.4540352142959065e-06    1.2593277249411628e-09    2.1857782460797599e-07 
   1.2370454824051748e-06   -8.7323313047715269e-04    1.8831598221805756e-07   -3.2321565338632683e-05    1.5056724612877646e-08 
   3.1444155450977991e-06   -4.4248744858868573e-06    6.2905902352078717e-08    1.1966771755700644e-04   -4.5067390854698861e-08 
   3.0663713941682304e-05    7.3435365464880662e-08    1.1647053424052355e-06   -8.0361234908766889e-07    2.9461174012942459e-08 
  -9.8140807730766591e-08    3.7209229641130438e-10    2.5788760159965554e-06    1.3233917945476848e-09    2.2969723752392827e-07 
  -1.3668181050988679e-06    7.1038384023939811e-04   -1.6510754845534509e-07    2.2735986796387914e-05   -1.1155468912471697e-08 
  -1.3668181050988679e-06    7.1038384023939811e-04   -1.6510754845534509e-07    2.2735986796387914e-05   -1.1155468912471697e-08 
  -1.3668181050988679e-06    7.1038384023939811e-04   -1.6510754845534509e-07    2.2735986796387914e-05   -1.1155468912471697e-08 
  -1.3668181050988679e-06    7.1038384023939811e-04   -1.6510754845534509e-07    2.2735986796387914e-05   -1.1155468912471697e-08 
  -1.3668181050988679e-06    7.1038384023939811e-04   -1.6510754845534509e-07    2.2735986796387914e-05   -1.1155468912471697e-08 
   8.9965296763500663e-07   -6.3506701123351597e-04    1.3695457011505910e-07   -2.3506162537349260e-05    1.0950144657980891e-08 
   2.2868057940155235e-06   -3.2180316077793736e-06    4.5748909427947180e-08    8.7029473662478065e-05   -3.2775684081692239e-08 
   2.2300474508591934e-05    5.3406560558621539e-08    8.4704292010179806e-07   -5.8443464283883309e-07    2.1425916029556122e-08 
  -7.1373825923857090e-08    2.7060762394095314e-10    1.8755118497689430e-06    9.6244913565650254e-10    1.6704947743245612e-07 
   1.2839068943768387e-06   -9.0631270439470461e-04    1.9544971573803377e-07   -3.3545961862807229e-05    1.5627099255575585e-08 
   3.2635314178484421e-06   -4.5924963471323219e-06    6.5288886201499152e-08    1.2420093666002958e-04   -4.6774621186459866e-08 
   3.1825308201586635e-05    7.6217223499436197e-08    1.2088263853679656e-06   -8.3405456798078117e-07    3.0577213990636010e-08 
  -1.0185855043927356e-07    3.8618779301318397e-10    2.6765682780259927e-06    1.3735241534352835e-09    2.3839856421681084e-07 
  -1.1127558005439608e-05   -1.6793499887375102e-03   -8.9120926873045280e-08   -3.1752750275502842e-05    1.5610872888689103e-08 
  -1.1127558005439608e-05   -1.6793499887375102e-03   -8.9120926873045280e-08   -3.1752750275502842e-05    1.5610872888689103e-08 
  -1.1127558005439608e-05   -1.6793499887375102e-03   -8.9120926873045280e-08   -3.1752750275502842e-05    1.5610872888689103e-08 
  -1.1127558005439608e-05   -1.6793499887375102e-03   -8.9120926873045280e-08   -3.1752750275502842e-05    1.5610872888689103e-08 
  -1.1127558005439608e-05   -1.6793499887375102e-03   -8.9120926873045280e-08   -3.1752750275502842e-05    1.5610872888689103e-08 
  -3.0890880758034627e-06   -1.3893991494159201e-03    3.0680805708574391e-06   -2.6196662479885665e-05    1.6190785576917513e-07 
  -3.0890880758034627e-06   -1.3893991494159201e-03    3.0680805708574391e-06   -2.6196662479885665e-05    1.6190785576917513e-07 
  -3.0890880758034627e-06   -1.3893991494159201e-03    3.0680805708574391e-06   -2.6196662479885665e-05    1.6190785576917513e-07 
  -3.0890880758034627e-06   -1.3893991494159201e-03    3.0680805708574391e-06   -2.6196662479885665e-05    1.6190785576917513e-07 
  -3.0890880758034627e-06   -1.3893991494159201e-03    3.0680805708574391e-06   -2.6196662479885665e-05    1.6190785576917513e-07 
  -1.3653679827306011e-06    9.6381626607210200e-04   -2.0785057333307102e-07    3.5674379877529733e-05   -1.6618604573248424e-08 
  -3.4705953586520821e-06    4.8838802101963608e-06   -6.9431323437931666e-08   -1.3208121483222009e-04    4.9742368743445577e-08 
  -3.3844554499468290e-05   -8.1053039869578463e-08   -1.2855237794033903e-06    8.8697350871683697e-07   -3.2517271436711232e-08 
   1.0832125300225583e-07   -4.1069056503316026e-10   -2.8463906895545016e-06   -1.4606712611492933e-09   -2.5352443244614342e-07 
   1.8628057045733396e-06   -1.3149586494690317e-03    2.8357573826313968e-07   -4.8671449150342917e-05    2.2673178068218906e-08 
   4.7350200928495503e-06   -6.6631999805737949e-06    9.4726891953035534e-08    1.8020170647650415e-04   -6.7864758384746520e-08 
   4.6174972599157762e-05    1.1058269049205612e-07    1.7538722600248685e-06   -1.2101201527655565e-06    4.4364127103906931e-08 
  -1.4778539600408029e-07    5.6031541462413754e-10    3.8834020432664205e-06    1.9928303521030374e-09    3.4588972715246143e-07 
   9.8597509625347889e-07    6.3181788563064088e-04    1.5589408364733423e-07    1.9667861766430659e-05    7.3686579503266766e-09 
  -4.4720081385890190e-04    7.3037491385873521e-07   -1.5640950695906177e-04    1.9904487820808667e-07   -9.0299606732621447e-06 
  -5.3980584159004631e-05    5.7178991410806280e-08    1.5443818399194986e-04   -3.5421109706022108e-07   -1.7129406994514917e-06 
  -2.5158714454320735e-08   -2.1819616370588359e-06    1.5248303373001383e-07    7.0094229631263694e-05   -2.6639228794774883e-08 
   3.6039956192217289e-07   -1.6073416601923682e-10   -6.0405778487785225e-08   -6.1299408472189091e-09   -1.6802318680525886e-05 
  -1.5777438827176181e-06    1.1137328816059058e-03   -2.4018065074278728e-07    4.1223344426864696e-05   -1.9203542221862067e-08 
  -4.0104284454880802e-06    5.6435424171531252e-06   -8.0231005273835552e-08   -1.5262576196249064e-04    5.7479535912290566e-08 
  -3.9108899212685743e-05   -9.3660419350207245e-08   -1.4854803281570128e-06    1.0249376323530567e-06   -3.7575164161486113e-08 
   1.2517006144440786e-07   -4.7457134989722380e-10   -3.2891319813195634e-06   -1.6878710912283318e-09   -2.9295884147759574e-07 
  -7.5126768737854697e-07   -4.8141617733122341e-04   -1.1878412359780462e-07   -1.4986006321146137e-05   -5.6145785410408471e-09 
   3.4074645748984441e-04   -5.5651210110573972e-07    1.1917685246174238e-04   -1.5166304494316603e-07    6.8804148278171504e-06 
   4.1130723056368822e-05   -4.3567762316778365e-08   -1.1767479500389595e-04    2.6989256903486561e-07    1.3051820505237960e-06 
   1.9169783595280206e-08    1.6625544390022582e-06   -1.1618506040375891e-07   -5.3408579987219419e-05    2.0297867447408065e-08 
  -2.7460789470883850e-07    1.2247204381412428e-10    4.6026425699044695e-08    4.6707330657299968e-09    1.2802594249774899e-05 
  -3.2662218570032362e-06   -1.5522924211755992e-03   -3.3052273650932776e-06   -6.3668597444681990e-04    6.9887549964716584e-07 
  -3.2662218570032362e-06   -1.5522924211755992e-03   -3.3052273650932776e-06   -6.3668597444681990e-04    6.9887549964716584e-07 
  -3.2662218570032362e-06   -1.5522924211755992e-03   -3.3052273650932776e-06   -6.3668597444681990e-04    6.9887549964716584e-07 
  -3.2662218570032362e-06   -1.5522924211755992e-03   -3.3052273650932776e-06   -6.3668597444681990e-04    6.9887549964716584e-07 
  -3.2662218570032362e-06   -1.5522924211755992e-03   -3.3052273650932776e-06   -6.3668597444681990e-04    6.9887549964716584e-07 
2    103 5 
   6.7962993676857320e-02    1.2642603567113668e-04    4.5773247999137054e-03   -2.5486309282965174e-03    8.9812408375300619e-04 
   2.4472826920478953e-02   -3.1455897056475632e-03    3.6890179024539772e-03   -2.0586938817220685e-03    7.7774306777023518e-04 
  -2.7073633613968881e-03   -4.9354446141258220e-03    7.4545439270299399e-02   -5.8267709293290289e-02    2.2258273183881197e-02 
   1.8473041930240960e-02   -2.7256507009877865e-03    2.6696915345329583e-03   -1.3592163416216506e-03    7.9113496152160331e-04 
  -4.2623701919770295e-03   -2.7262130317338738e-02    3.4493702322346306e-03   -3.9059464033246788e-03    1.1479492043509239e-03 
   9.1065111013477022e-03   -4.8596830278916786e-03   -7.2556283737031926e-03    1.0317095986782560e-02   -7.6203396589994195e-03 
   1.2450448302749097e-04    8.1343954486351715e-03    9.8022113236417609e-03    1.1862363574603739e-02    9.1072504783950257e-04 
   1.3635692005152473e-04    1.4210177904443802e-03    1.5578002217955286e-03   -2.1597763179611951e-03   -4.5257416243029286e-03 
  -7.6183107507419596e-03   -9.6497827283120786e-05    4.4521765426460769e-03   -3.3098663173559569e-03    1.5790963144907129e-03 
  -1.7694986556162921e-03   -7.3380865533562529e-03    3.5683626751112003e-03   -3.2265215935517407e-03    2.1120763116414996e-03 
   5.0654066644329520e-03    6.0977669031846565e-03    1.1881129870320193e-03   -1.6894542599590269e-03   -1.4391947266868127e-04 
   6.4979076344329095e-05    7.1115756629913424e-04    1.2480334034780766e-03   -4.1095735403257538e-04   -2.3607257124706850e-03 
   1.2179019972555843e-03    2.3331124094121505e-03   -4.0456213108328908e-03   -1.7168418997387034e-03    1.2932443850626819e-03 
  -3.2885418677560110e-03   -4.9832171562946305e-04   -2.0076563752468505e-03    2.8357094324505750e-03   -1.3485649940704590e-03 
   3.2712036071550887e-04    3.2908120123344787e-03   -4.9762420487938972e-04   -3.6629507014886526e-03   -5.1252983977155488e-04 
  -3.2605255081660511e-03    3.1373593097325501e-03   -7.9218269807935400e-03   -4.4164203512579844e-03    1.1160959478778119e-03 
  -1.1555705726516092e-03   -1.1375400824963102e-03   -8.1573983407536564e-04   -3.1037101193659095e-03   -1.6677030726254772e-03 
  -5.9432641701919582e-04   -3.2389029368946328e-04   -1.4871282412476830e-03   -1.5594378045047600e-03   -2.2420400717331371e-03 
   1.4088134532228447e-03   -1.3545623435955736e-03   -4.6149177193666635e-04   -2.4105453057869011e-03   -3.9861362411398090e-03 
   6.1857458250457375e-04   -2.7396222502864339e-04   -9.3458251479743883e-04   -1.5683083660812793e-03    1.5386666430378235e-03 
   3.5759511378088331e-04   -8.8224120244883544e-04    5.1491629049400215e-04   -6.2542348859587703e-04    2.0238544874163870e-04 
  -5.8362197427104870e-04   -7.9481382514220677e-05    3.1786437859788231e-06    5.4809792877400716e-07   -8.3481063384430716e-07 
   1.7110771009994521e-05   -1.2764977803108321e-04   -5.0326324947841664e-05    3.3155537024066030e-06    1.6850114079130040e-06 
  -5.4497169466042332e-07    3.6347139110361021e-06   -9.3174981032047098e-06    1.1966641796447732e-06    2.4466791645382034e-07 
  -7.6033118904162098e-09    3.2143681810724345e-08   -1.5821775201573731e-07   -1.4731732163958687e-06    6.8551422437692201e-07 
   4.8440913504142847e-10   -8.1565270104442335e-09    9.2567320538201367e-08    5.1501111504221001e-07    1.1285137647111880e-06 
   1.3604935235843876e-03    6.6327283156603718e-04    1.2179224903343099e-04   -3.6780373403424782e-05    1.1207385766100710e-05 
   5.9896416354027058e-05   -8.9605076806954440e-05   -1.5160258733082889e-04    8.7745520039050404e-05   -3.2544650903994751e-05 
   1.7980625806763683e-05   -4.2108566987166578e-05    2.4789855705104535e-05   -1.0925686116759405e-05    4.0937650425719850e-06 
  -6.3481617165336503e-08    7.0881297618997414e-08    8.8823076991485714e-07    2.8884305887016183e-06    3.3380329095235128e-06 
  -2.8237332052062560e-04    5.1977627758511137e-04    4.9174941776923462e-05    1.0242187073200146e-04   -3.7738218025575909e-05 
  -2.8237332052062560e-04    5.1977627758511137e-04    4.9174941776923462e-05    1.0242187073200146e-04   -3.7738218025575909e-05 
  -2.8237332052062560e-04    5.1977627758511137e-04    4.9174941776923462e-05    1.0242187073200146e-04   -3.7738218025575909e-05 
  -2.8237332052062560e-04    5.1977627758511137e-04    4.9174941776923462e-05    1.0242187073200146e-04   -3.7738218025575909e-05 
  -2.8237332052062560e-04    5.1977627758511137e-04    4.9174941776923462e-05    1.0242187073200146e-04   -3.7738218025575909e-05 
  -1.9751954990314615e-03   -2.6899478758484152e-04    1.0757721908828999e-05    1.8549688148652513e-06   -2.8253120670660009e-06 
   5.7909262114594343e-05   -4.3201469124646717e-04   -1.7032314563537277e-04    1.1221076379055532e-05    5.7027101367857670e-06 
  -1.8443884669306452e-06    1.2301234144434931e-05   -3.1533905724970011e-05    4.0499600866447086e-06    8.2804792938202548e-07 
  -2.5732457113939549e-08    1.0878626651119858e-07   -5.3546817190817830e-07   -4.9857703009781376e-06    2.3200370620083896e-06 
   1.6394220666872794e-09   -2.7604744421901704e-08    3.1328250639093153e-07    1.7429906364528215e-06    3.8193135401330320e-06 
  -1.2970136960766653e-03   -1.7663564130327919e-04    7.0640666512135329e-06    1.2180667482560969e-06   -1.8552434169033655e-06 
   3.8026163045203483e-05   -2.8368279075552643e-04   -1.1184282910540403e-04    7.3683287327729784e-06    3.7446891488934884e-06 
  -1.2111191543661911e-06    8.0776151888770035e-06   -2.0706764285424792e-05    2.6594095133964034e-06    5.4373833169579511e-07 
  -1.6897238438853592e-08    7.1434588464411732e-08   -3.5161560114864311e-07   -3.2739100352506017e-06    1.5234541827914618e-06 
   1.0765278045572564e-09   -1.8126677389381873e-08    2.0571720709646649e-07    1.1445361883019785e-06    2.5079552751070201e-06 
   7.4478944802998652e-04    3.6310250475419755e-04    6.6674027005254809e-05   -2.0135071230108942e-05    6.1353784592827037e-06 
   3.2789732624201669e-05   -4.9053460776431726e-05   -8.2993417741942136e-05    4.8035463825517345e-05   -1.7816264585556027e-05 
   9.8433253357729789e-06   -2.3051940946457740e-05    1.3570974523057036e-05   -5.9811646223874060e-06    2.2410933632294665e-06 
  -3.4752417258154794e-08    3.8803303076530791e-08    4.8625362295383450e-07    1.5812442959406488e-06    1.8273748791099920e-06 
   7.8267811044550320e-04    3.8157412550721663e-04    7.0065844260140830e-05   -2.1159375372129039e-05    6.4474952378569289e-06 
   3.4457800174540281e-05   -5.1548890888374155e-05   -8.7215429205519945e-05    5.0479106760674115e-05   -1.8722607225308997e-05 
   1.0344071461647455e-05   -2.4224631041427500e-05    1.4261352285139646e-05   -6.2854362898078914e-06    2.3551014632443817e-06 
  -3.6520329799209462e-08    4.0777290832080276e-08    5.1099014334513563e-07    1.6616847902089622e-06    1.9203364403731512e-06 
  -7.0370241627691469e-04   -9.5834707036426521e-05    3.8326509475088116e-06    6.6086928497917280e-07   -1.0065732375886712e-06 
   2.0631318618757212e-05   -1.5391376815425897e-04   -6.0680985345637198e-05    3.9977301310382418e-06    2.0317031425753968e-06 
  -6.5709982701398222e-07    4.3825576733399925e-06   -1.1234576862994550e-05    1.4428782873363308e-06    2.9500843282852477e-07 
  -9.1676961884029250e-09    3.8757256504084146e-08   -1.9077111435092707e-07   -1.7762791630096313e-06    8.2655903539059919e-07 
   5.8407649784096423e-10   -9.8347355286725964e-09    1.1161308175959700e-07    6.2097484680444348e-07    1.3607058987470597e-06 
   5.6921002079584563e-04    2.7750337337464404e-04    5.0956044555394758e-05   -1.5388354848382194e-05    4.6890015824419737e-06 
   2.5059759423660084e-05   -3.7489415971877094e-05   -6.3428241583931777e-05    3.6711405398375041e-05   -1.3616192283702078e-05 
   7.5228233078431427e-06   -1.7617590877830918e-05    1.0371702648206926e-05   -4.5711426875041308e-06    1.7127697005690072e-06 
  -2.6559753501534245e-08    2.9655668470547827e-08    3.7162239014758933e-07    1.2084759000767299e-06    1.3965827465618520e-06 
   8.1232730434860746e-04    3.9602881011457241e-04    7.2720059032125645e-05   -2.1960928928954245e-05    6.6917374543509498e-06 
   3.5763120951005901e-05   -5.3501651596820969e-05   -9.0519299771652222e-05    5.2391342205141604e-05   -1.9431851810773227e-05 
   1.0735922691956402e-05   -2.5142301758664782e-05    1.4801596855135227e-05   -6.5235394344276474e-06    2.4443167600737150e-06 
  -3.7903782747709258e-08    4.2322004791226838e-08    5.3034732944810624e-07    1.7246322700135290e-06    1.9930820898553019e-06 
  -1.6630342750463653e-03   -2.2648267059223513e-04    9.0575643092404967e-06    1.5618082968373107e-06   -2.3787978493960787e-06 
   4.8757243415367047e-05   -3.6373879913089260e-04   -1.4340516124314382e-04    9.4476899276213230e-06    4.8014499945850763e-06 
  -1.5529000742002128e-06    1.0357138833901368e-05   -2.6550266073622023e-05    3.4099016730052895e-06    6.9718267817982014e-07 
  -2.1665682299613478e-08    9.1593611848125287e-08   -4.5084242218877985e-07   -4.1978158122072588e-06    1.9533768456791959e-06 
   1.3803267015873587e-09   -2.3242072063260745e-08    2.6377112855715985e-07    1.4675272249897682e-06    3.2157066616972550e-06 
  -1.3758756395433199e-03   -1.8737556641030916e-04    7.4935810245604083e-06    1.2921285036023616e-06   -1.9680472384075517e-06 
   4.0338256687233439e-05   -3.0093147230352978e-04   -1.1864317585019257e-04    7.8163430642525763e-06    3.9723763852376593e-06 
  -1.2847584771982637e-06    8.5687560567780276e-06   -2.1965791602864927e-05    2.8211088102770390e-06    5.7679909404900342e-07 
  -1.7924636273231348e-08    7.5778004801559805e-08   -3.7299478144847788e-07   -3.4729726271845464e-06    1.6160843207774815e-06 
   1.1419836090102711e-09   -1.9228828439786221e-08    2.1822537012144714e-07    1.2141270865711638e-06    2.6604457443446695e-06 
   8.6386769766025296e-04    4.2115597317653013e-04    7.7333987954738079e-05   -2.3354301906112788e-05    7.1163135808571030e-06 
   3.8032212867526988e-05   -5.6896214541290704e-05   -9.6262551645066481e-05    5.5715458443661137e-05   -2.0664760368369932e-05 
   1.1417093539156426e-05   -2.6737525893646645e-05    1.5740725848424238e-05   -6.9374437639196172e-06    2.5994033200330265e-06 
  -4.0308694979956136e-08    4.5007243562594150e-08    5.6399670920575843e-07    1.8340564208928733e-06    2.1195387955004622e-06 
   1.1785963165621327e-03    5.7459363283104872e-04    1.0550869490244664e-04   -3.1862858487446117e-05    9.7089646905605860e-06 
   5.1888299698877215e-05   -7.7624929218116136e-05   -1.3133340799642630e-04    7.6013994127947042e-05   -2.8193449666847695e-05 
   1.5576626406497722e-05   -3.6478675632376880e-05    2.1475466156697743e-05   -9.4649281234361901e-06    3.5464309946396365e-06 
  -5.4994161209494532e-08    6.1404508613019385e-08    7.6947482331316210e-07    2.5022490687938664e-06    2.8917398161238394e-06 
   1.8312007279666669e-04   -6.2724262935478473e-04   -1.7871105682779268e-04    1.5569584589624656e-05   -2.7098271142075792e-06 
   1.8312007279666669e-04   -6.2724262935478473e-04   -1.7871105682779268e-04    1.5569584589624656e-05   -2.7098271142075792e-06 
   1.8312007279666669e-04   -6.2724262935478473e-04   -1.7871105682779268e-04    1.5569584589624656e-05   -2.7098271142075792e-06 
   1.8312007279666669e-04   -6.2724262935478473e-04   -1.7871105682779268e-04    1.5569584589624656e-05   -2.7098271142075792e-06 
   1.8312007279666669e-04   -6.2724262935478473e-04   -1.7871105682779268e-04    1.5569584589624656e-05   -2.7098271142075792e-06 
   9.9823783236444984e-04    4.8666459793525311e-04    8.9362888221336179e-05   -2.6986942299481261e-05    8.2232192066224302e-06 
   4.3947926095315877e-05   -6.5746125277365999e-05   -1.1123569170638682e-04    6.4381708699872434e-05   -2.3879056541092280e-05 
   1.3192963155466829e-05   -3.0896409210752947e-05    1.8189114019811138e-05   -8.0165271184488493e-06    3.0037270089606131e-06 
  -4.6578503179610848e-08    5.2007886596880661e-08    6.5172346874771139e-07    2.1193343737529592e-06    2.4492220493523471e-06 
   4.5888524287015879e-05    3.9475240040081770e-04    3.1625354102321235e-04   -8.8570509080969804e-05    2.7863959497440977e-05 
   4.5888524287015879e-05    3.9475240040081770e-04    3.1625354102321235e-04   -8.8570509080969804e-05    2.7863959497440977e-05 
   4.5888524287015879e-05    3.9475240040081770e-04    3.1625354102321235e-04   -8.8570509080969804e-05    2.7863959497440977e-05 
   4.5888524287015879e-05    3.9475240040081770e-04    3.1625354102321235e-04   -8.8570509080969804e-05    2.7863959497440977e-05 
   4.5888524287015879e-05    3.9475240040081770e-04    3.1625354102321235e-04   -8.8570509080969804e-05    2.7863959497440977e-05 
  -1.6611630318363187e-03   -2.2622783269388383e-04    9.0473727539806055e-06    1.5600509529180040e-06   -2.3761212302845261e-06 
   4.8702381851747707e-05   -3.6332952088069818e-04   -1.4324380201063229e-04    9.4370594037091225e-06    4.7960474115863006e-06 
  -1.5511527537971820e-06    1.0345484999696473e-05   -2.6520391761432146e-05    3.4060648577043178e-06    6.9639820946965497e-07 
  -2.1641304112403204e-08    9.1490550878892004e-08   -4.5033513509675745e-07   -4.1930924373174647e-06    1.9511789095247908e-06 
   1.3787735604364225e-09   -2.3215920125090632e-08    2.6347433375219100e-07    1.4658759659649088e-06    3.2120883542778031e-06 
2    103 5 
  -1.4299573649400883e-02    9.2196352308292250e-05   -9.4824051104062668e-03    2.5836181059392307e-05   -8.1704298159213833e-04 
  -7.5822355229086631e-03   -1.8119400704281467e-02    1.3242503027392979e-02   -1.0972448808492864e-02   -6.2809114000988518e-03 
   3.3444736035458905e-03    6.1419926458390140e-04   -6.6459445784178804e-03    8.6196325731804804e-04   -1.5532133115715975e-02 
   9.7946302953911893e-03   -2.2335825480306652e-02   -1.7832718947441185e-02   -1.3749274215446382e-02    8.5617411931970342e-03 
  -1.9771151499086023e-02   -6.7698542248730700e-06    9.9870831341771858e-03   -1.8496338982287226e-04    5.9212069145342010e-03 
  -2.0682602181847746e-04    2.0210275594727919e-02    1.2138457205357826e-03    1.8463619707878479e-02    7.2300593092134791e-04 
  -5.5451443284097379e-03    1.1089289948281438e-03   -8.4727463065750758e-03   -2.0376109353664458e-04    3.4534398880735570e-03 
   3.0647887106456714e-03   -1.3645857340722823e-03    3.8659738331104066e-03   -1.6415822261434069e-03    5.1726274101451921e-03 
  -4.2714695506456115e-03    2.4872028770705508e-04   -1.5610771606393975e-03    3.3523196718742945e-04    9.4721468076515252e-04 
   5.9490427873526831e-04    7.9995970554716713e-03    4.7545873366207445e-05   -1.0907381457632056e-02    4.0444454117842922e-04 
  -2.5259527814908496e-03    4.4132569346415720e-06   -2.0873885755161464e-03    7.9185242493057381e-05   -2.0588622024819841e-03 
  -1.2334380612788129e-03    2.8435596030289669e-03    2.9574299675203838e-03    1.6493970293670317e-03   -1.5195201412983020e-03 
   1.0324779088450877e-03    3.4890652121803999e-03   -3.6304516636152459e-04   -3.6813593297420487e-03    1.8593024649320472e-03 
  -1.8647890191880970e-03    3.2931808426718964e-03   -3.8942612613558094e-03   -2.2303404290423458e-03    3.3124921308396445e-03 
   1.3742598863426974e-03   -1.1020207968719694e-04   -2.5184488909559309e-03    2.6867593732539185e-04    1.5006648375532762e-03 
   5.5368630193574860e-04   -5.7676589238302677e-04    1.9726625810833429e-03    1.2265213895642853e-03    1.6965960616357318e-03 
  -1.9088714513223944e-04    9.6441902371942312e-04   -5.6495330522347625e-04    3.0388917768274519e-03    2.9095950653397479e-04 
  -8.2013764603990394e-06    1.9057740897086584e-04    8.1289375361890347e-04   -8.1412375567192546e-04    1.5058696135188962e-03 
  -1.0162387981206832e-04   -4.2867018998416515e-04   -4.1071205326418081e-04   -6.3097143844242232e-05    6.4877642327927263e-04 
  -2.2895693426906467e-04   -2.5771667037949460e-05    9.8186044461863443e-04   -2.0287186469465156e-03   -1.1624317112295850e-03 
   8.0464511148423785e-04   -1.1463595630020183e-03   -1.5011334383346374e-03    4.8275809015911099e-04   -4.2353908716734220e-04 
  -1.1802842269731973e-06    5.8892733048795845e-04   -1.5101325608107922e-07    1.0304503111394117e-05   -2.9307927538134828e-08 
   1.0976458506780515e-06    2.4221713799491164e-06    6.0665858083027116e-07   -1.3829811613257521e-04    8.2203619483772234e-08 
  -9.6702244381762524e-06   -1.8558203458837633e-08   -2.7277961246951984e-06   -8.9590580672219439e-08   -9.2373943988898677e-07 
   3.2437041043018007e-09   -2.9140880868250782e-11   -5.3400349779685151e-07   -1.4000228793466343e-09    1.5430880541386370e-06 
   3.5506866169677039e-07    4.4440283409560533e-10   -1.1264109927539819e-06   -2.3473635339353608e-09   -3.9055607977697616e-07 
  -2.1813457695190951e-05   -1.2251840818439410e-03   -2.4615058267581007e-05   -8.9745121421546845e-04   -4.2330778843062625e-06 
  -2.1813457695190951e-05   -1.2251840818439410e-03   -2.4615058267581007e-05   -8.9745121421546845e-04   -4.2330778843062625e-06 
  -2.1813457695190951e-05   -1.2251840818439410e-03   -2.4615058267581007e-05   -8.9745121421546845e-04   -4.2330778843062625e-06 
  -2.1813457695190951e-05   -1.2251840818439410e-03   -2.4615058267581007e-05   -8.9745121421546845e-04   -4.2330778843062625e-06 
   1.2498429705876218e-06   -5.6162840675494895e-04    4.4510570137313587e-07   -3.9363694223158867e-05    6.2129057513032830e-08 
  -3.7691737275872395e-04   -9.9183423115533859e-07   -1.8900824685726659e-04    1.7907881228405113e-08   -1.8046008988509596e-05 
   6.5334995597325619e-05    3.5313776631222077e-08   -1.3025214245861356e-04    9.7158273156171805e-08   -3.9892919035676860e-07 
   3.0671252849662679e-09    4.3670242486059146e-06   -4.4046501977057667e-08   -6.2307533960288160e-05    9.5419394936328222e-08 
   5.5375677075206783e-07    1.4465971048022356e-09    3.2355295357665693e-07   -2.3002431171131349e-08   -1.4954917210858620e-05 
  -3.9945241876937566e-06    1.9931508128859261e-03   -5.1108545746240888e-07    3.4874300596380081e-05   -9.9189011228660636e-08 
   3.7148449499314833e-06    8.1975357653966383e-06    2.0531600096131051e-06   -4.6805265831667922e-04    2.7820785776827859e-07 
  -3.2727663842278471e-05   -6.2807916010685018e-08   -9.2318844479819548e-06   -3.0320810301977893e-07   -3.1262804767169303e-06 
   1.0977910410260268e-08   -9.8623662689659379e-11   -1.8072679779283647e-06   -4.7382021440855750e-09    5.2223883155714256e-06 
   1.2016854288369725e-06    1.5040257501592988e-09   -3.8121969717232313e-06   -7.9443579769434834e-09   -1.3217881520968688e-06 
  -2.6230074862406289e-06    1.3088040672060116e-03   -3.3560467230681637e-07    2.2900237235645453e-05   -6.5132543146720587e-08 
   2.4393558922268595e-06    5.3829183830214850e-06    1.3482091539854599e-06   -3.0734715050712811e-04    1.8268541116995460e-07 
  -2.1490646503013375e-05   -4.1242868023867329e-08   -6.0621242684590769e-06   -1.9910184210672593e-07   -2.0528745625773412e-06 
   7.2086536058795334e-09   -6.4761306578744860e-11   -1.1867439557265477e-06   -3.1113442080403017e-09    3.4292854428071956e-06 
   7.8908769301143900e-07    9.8761970557605000e-10   -2.5032821747981627e-06   -5.2166689867834099e-09   -8.6795324180424232e-07 
  -1.3312348859321072e-05   -8.3087915044613263e-04   -1.5416244973839687e-06   -3.2032276934316110e-05   -1.7228627628621591e-07 
  -1.3312348859321072e-05   -8.3087915044613263e-04   -1.5416244973839687e-06   -3.2032276934316110e-05   -1.7228627628621591e-07 
  -1.3312348859321072e-05   -8.3087915044613263e-04   -1.5416244973839687e-06   -3.2032276934316110e-05   -1.7228627628621591e-07 
  -1.3312348859321072e-05   -8.3087915044613263e-04   -1.5416244973839687e-06   -3.2032276934316110e-05   -1.7228627628621591e-07 
   1.7797898772014315e-06   -8.7372700287583545e-04    2.3746114779199025e-07   -1.7766656837187019e-05    4.5794881298022652e-08 
   1.7797898772014315e-06   -8.7372700287583545e-04    2.3746114779199025e-07   -1.7766656837187019e-05    4.5794881298022652e-08 
   1.7797898772014315e-06   -8.7372700287583545e-04    2.3746114779199025e-07   -1.7766656837187019e-05    4.5794881298022652e-08 
   1.7797898772014315e-06   -8.7372700287583545e-04    2.3746114779199025e-07   -1.7766656837187019e-05    4.5794881298022652e-08 
  -1.4231281532056100e-06    7.1009935154261008e-04   -1.8208429065206208e-07    1.2424658525028976e-05   -3.5338044717068648e-08 
   1.3234868997234588e-06    2.9205340577450142e-06    7.3147881335105356e-07   -1.6675300584868033e-04    9.9117045292357410e-08 
  -1.1659876774832170e-05   -2.2376560841551696e-08   -3.2890412093485105e-06   -1.0802387654001004e-07   -1.1137991791211584e-06 
   3.9110974509407780e-09   -3.5136628131657795e-11   -6.4387491949617216e-07   -1.6880781164378138e-09    1.8605790050686029e-06 
   4.2812417317272780e-07    5.3583888534009839e-10   -1.3581704806641243e-06   -2.8303344691121456e-09   -4.7091314094876286e-07 
   1.3345466366817719e-05    6.3463626776542718e-04    1.4403599140197355e-06    3.1491175197200647e-05    1.7667273453982135e-07 
   1.3345466366817719e-05    6.3463626776542718e-04    1.4403599140197355e-06    3.1491175197200647e-05    1.7667273453982135e-07 
   1.3345466366817719e-05    6.3463626776542718e-04    1.4403599140197355e-06    3.1491175197200647e-05    1.7667273453982135e-07 
   1.3345466366817719e-05    6.3463626776542718e-04    1.4403599140197355e-06    3.1491175197200647e-05    1.7667273453982135e-07 
   5.5386608071218445e-07    9.0678304019338799e-04    2.4074825935798545e-08    2.0489174626340694e-05   -1.2925972553305508e-08 
   5.5386608071218445e-07    9.0678304019338799e-04    2.4074825935798545e-08    2.0489174626340694e-05   -1.2925972553305508e-08 
   5.5386608071218445e-07    9.0678304019338799e-04    2.4074825935798545e-08    2.0489174626340694e-05   -1.2925972553305508e-08 
   5.5386608071218445e-07    9.0678304019338799e-04    2.4074825935798545e-08    2.0489174626340694e-05   -1.2925972553305508e-08 
  -3.3632269007770994e-06    1.6781519190334196e-03   -4.3031316831904083e-07    2.9362742694831434e-05   -8.3513113239730998e-08 
   3.1277483576933529e-06    6.9019917043441500e-06    1.7286772219840565e-06   -3.9408130166805551e-04    2.3423970097276028e-07 
  -2.7555361855873583e-05   -5.2881710757856899e-08   -7.7728712260582862e-06   -2.5528889066471588e-07   -2.6322010093370168e-06 
   9.2429540719403667e-09   -8.3037112763743942e-11   -1.5216461322245728e-06   -3.9893734931941417e-09    4.3970385567685004e-06 
   1.0117702561390067e-06    1.2663285099088789e-09   -3.2097148005412255e-06   -6.6888263037119114e-09   -1.1128918643066824e-06 
  -2.7824934413375086e-06    1.3883828971514029e-03   -3.5601034479482755e-07    2.4292633645732171e-05   -6.9092778070232555e-08 
   2.5876753333011922e-06    5.7102143911450292e-06    1.4301839198683819e-06   -3.2603468918250837e-04    1.9379317866034197e-07 
  -2.2797335981088341e-05   -4.3750546035548616e-08   -6.4307178328857064e-06   -2.1120777303391895e-07   -2.1776948926847410e-06 
   7.6469592574367905e-09   -6.8698969314064037e-11   -1.2589012005027581e-06   -3.3005223576481182e-09    3.6377952800893594e-06 
   8.3706636064211826e-07    1.0476696569553522e-09   -2.6554885068879267e-06   -5.5338565816132853e-09   -9.2072714827409345e-07 
  -6.0609196724642131e-04    1.4769549348401362e-06   -7.4992510150388020e-04    2.8037112988666237e-07   -2.5375745911911925e-05 
  -6.0609196724642131e-04    1.4769549348401362e-06   -7.4992510150388020e-04    2.8037112988666237e-07   -2.5375745911911925e-05 
  -6.0609196724642131e-04    1.4769549348401362e-06   -7.4992510150388020e-04    2.8037112988666237e-07   -2.5375745911911925e-05 
  -6.0609196724642131e-04    1.4769549348401362e-06   -7.4992510150388020e-04    2.8037112988666237e-07   -2.5375745911911925e-05 
   1.5241175993722743e-06   -1.0713941534159219e-03    1.5943405834855950e-06   -7.6413697346037048e-04    3.8029340816592613e-07 
   1.5241175993722743e-06   -1.0713941534159219e-03    1.5943405834855950e-06   -7.6413697346037048e-04    3.8029340816592613e-07 
   1.5241175993722743e-06   -1.0713941534159219e-03    1.5943405834855950e-06   -7.6413697346037048e-04    3.8029340816592613e-07 
   1.5241175993722743e-06   -1.0713941534159219e-03    1.5943405834855950e-06   -7.6413697346037048e-04    3.8029340816592613e-07 
   1.4032784301323507e-06   -6.3057603834686354e-04    4.9974856407136469e-07   -4.4196130500868956e-05    6.9756256061112165e-08 
  -4.2318917782591277e-04   -1.1135955600828936e-06   -2.1221161551777395e-04    2.0106320592720544e-08   -2.0261405440112200e-05 
   7.3355767254036473e-05    3.9649029677549945e-08   -1.4624238907769615e-04    1.0908579096529356e-07   -4.4790324956951844e-07 
   3.4436572082996432e-09    4.9031366948860981e-06   -4.9453817480868669e-08   -6.9956642953396963e-05    1.0713344146543103e-07 
   6.2173805047747308e-07    1.6241868474937112e-09    3.6327354031224337e-07   -2.5826296793009564e-08   -1.6790839521661102e-05 
   4.3455841232023087e-07   -9.9393740598604976e-04    7.5968846374264215e-07   -5.0439140764790250e-04    2.8291912162793716e-07 
   4.3455841232023087e-07   -9.9393740598604976e-04    7.5968846374264215e-07   -5.0439140764790250e-04    2.8291912162793716e-07 
   4.3455841232023087e-07   -9.9393740598604976e-04    7.5968846374264215e-07   -5.0439140764790250e-04    2.8291912162793716e-07 
   4.3455841232023087e-07   -9.9393740598604976e-04    7.5968846374264215e-07   -5.0439140764790250e-04    2.8291912162793716e-07 
   1.0692336398349566e-06   -4.8046994680217065e-04    3.8078542696186180e-07   -3.3675419266301905e-05    5.3151059667073796e-08 
  -3.2245069490798549e-04   -8.4850861271998522e-07   -1.6169549335545998e-04    1.5320091786072353e-08   -1.5438259308852697e-05 
   5.5893721687521248e-05    3.0210737518464199e-08   -1.1142997612879800e-04    8.3118356858870336e-08   -3.4128168120274772e-07 
   2.6239084504611369e-09    3.7359647111421396e-06   -3.7681534992179451e-08   -5.3303745265036479e-05    8.1630756310651914e-08 
   4.7373580642383230e-07    1.2375556963089450e-09    2.7679773409412164e-07   -1.9678450641362049e-08   -1.2793847658541341e-05 
  -3.3594426038468691e-06    1.6762636654772318e-03   -4.2982898070697958e-07    2.9329703788946873e-05   -8.3419144433167852e-08 
   3.1242290208012101e-06    6.8942255955475092e-06    1.7267321174468034e-06   -3.9363788208794361e-04    2.3397613487761381e-07 
  -2.7524356611696193e-05   -5.2822208350915501e-08   -7.7641252051719026e-06   -2.5500164005874545e-07   -2.6292392614403519e-06 
   9.2325539164490365e-09   -8.2943679552070226e-11   -1.5199339787014954e-06   -3.9848846572311718e-09    4.3920910168006683e-06 
   1.0106318140453376e-06    1.2649036393205747e-09   -3.2061032351532948e-06   -6.6813000482451356e-09   -1.1116396403592583e-06 
 TENSORSUMACCUMULATOR_IMPL_H - PrettifyOut: Norm of simple tensor is 3.39278e-06 
 As simple full tensor 3    5 5 5 
  -2.5042020290150197e-06    1.7358293962517968e-08   -1.8183337405103503e-06    8.1364799939713009e-09   -7.8583014926300310e-08 
  -7.1200756348204503e-08   -7.4242025263637781e-09    5.3810814344829751e-08   -1.8401779114930703e-09    1.4201587843536853e-08 
  -1.0398233631446467e-07    1.3009226550469097e-09   -2.2777069851822675e-07    2.4894060498171624e-09   -2.2227738553341184e-07 
   5.6279887656997399e-08    2.8628554166035770e-10    1.5556170385524796e-07    4.7897511697503970e-10    1.7560694322771570e-07 
  -1.7423186928596277e-08   -3.8085153628916388e-10   -5.3723221319384200e-08   -6.2369554078640558e-10   -6.9014385113210578e-08 

   7.2131260750820082e-09    4.7236168058888831e-07   -2.1247315392919013e-09    2.4754946988384542e-07   -3.5888200966262562e-09 
  -5.6887492399246564e-09   -3.0145032505047110e-09   -1.7506178592189182e-09   -9.0101728910406987e-08    5.0238253702904788e-09 
  -2.1768544618146151e-09    6.9384869751173418e-08   -2.3014356551440072e-09    9.5069794383436050e-08   -1.0395901285079533e-10 
   8.0173626011412668e-10   -5.1278603582341432e-08   -5.3457193214614694e-10   -8.1273544832269855e-08   -4.5066335833735747e-09 
  -2.0460486164749277e-09    3.1886952490298792e-08    7.7391548892696266e-09    5.2304301973289292e-08   -1.0721074199580657e-09 

  -1.0879982956376031e-06    1.3115856577938490e-09   -2.7304594093223410e-07    7.6952134748076412e-10   -1.7515492863168590e-07 
  -2.0322779422074422e-07   -2.1400731056850441e-10    7.1402784344615651e-08   -5.0101259164585509e-10    8.9496715261336130e-08 
  -6.9799870464920974e-08    1.3607408082452996e-09    8.5815347489213434e-09    1.4714826522306004e-10    2.9611697689640190e-08 
   1.5071072343257835e-08   -7.3031979291931003e-10   -1.8226211637030125e-08   -1.5179679415186170e-09   -1.6237460926841566e-08 
  -3.0935936056922783e-09    1.2131014498368158e-09    1.6154334879248989e-08   -1.6166956691913281e-09    2.2992925380267731e-08 

   2.8018940107862149e-09    1.2521272791057856e-07   -8.1388915170310295e-10    7.7046705990333760e-08   -1.9822083540643422e-09 
  -1.0901061997316269e-09   -1.1378104358819448e-08   -1.7618694685342967e-09   -5.0538422987806893e-08    1.6939676005585407e-11 
  -1.9261226676194988e-09   -2.4277517405517549e-08   -2.5982905006210694e-09   -1.0539738260020930e-08   -1.3363332193848146e-09 
   2.6138580547295477e-10    4.8561421039990436e-08    3.9427327215159067e-09    1.8082065368130492e-08    1.5888756981583699e-10 
  -6.8850539201362259e-10   -3.7354541462460225e-08   -1.5799073433944824e-09   -1.7688533044333857e-08   -1.9727097566069929e-09 

  -1.6858101743191560e-07    3.0122097757554153e-10   -5.3895292514025029e-08    4.9414278501160360e-10   -4.7754956188271217e-08 
  -7.5112983385903337e-08   -3.8952894715391442e-10   -1.8594415636871926e-09   -9.4071985108273495e-10    3.1424296759808623e-09 
  -2.9984208652334959e-08   -4.5622345538397009e-10   -1.3080014416745674e-08    2.6148970799090796e-09   -2.2267611623128483e-09 
   1.1888080648831181e-08    2.9431186657867397e-10    6.9446173828742800e-09   -8.0242851479676257e-11    6.1056696762858634e-09 
  -7.4140949243421841e-09   -4.7801037674185233e-10   -8.1941236113945603e-09   -8.9410555133788343e-10   -2.6834586196185893e-09 
