2    16 5 
   3.8028599513987983e-03   -3.6278335730299561e-04    2.2710635982776673e-05    7.4541164030971901e-06   -6.4937107045387028e-07 
   2.6947532222911029e-04   -6.3775233119130030e-04    1.3799185999858633e-04    2.3865558721624345e-05   -8.5191858842406113e-06 
   6.7146954629914335e-04   -8.7486230256968004e-04    5.6782943535411458e-04   -1.2204495616026250e-04    2.4303011172537123e-05 
  -5.4616139483080540e-04    5.9181552691092145e-03   -1.0653111339377910e-03   -2.1718912277719758e-05    3.0406065380686034e-05 
  -1.2500068993978042e-03    4.6874498270667059e-04   -2.2273299421528143e-04    4.9232331149887553e-05   -2.8706796130456499e-06 
   1.0292348386239400e-03   -1.8242352410597579e-04    1.1443539282532107e-04   -3.4851344830089188e-05    7.3831303369259193e-06 
  -4.6476361110745314e-04   -2.2471394377362598e-04    6.3967880654818520e-04   -1.8461378910882952e-04   -1.8261171007249472e-05 
   1.4008271846702381e-04    7.2535587366376724e-05   -3.4538625444101930e-04    1.8412651341188124e-04   -4.1834994562051780e-05 
  -9.9145526923335070e-05    1.8417750819427087e-04    2.8450500719463806e-04   -1.9787802526181222e-04    4.7986452794439486e-05 
   6.0461174938106891e-05    3.9076671383436798e-05    2.8086385632523073e-04    1.1275381561310938e-04   -7.0500156820663517e-06 
  -1.7066611307436442e-06   -9.7169675419225571e-05   -2.2160250474408854e-04   -6.5755856885797693e-05   -1.4051993551830345e-06 
  -2.0077657977287267e-04    7.5840980854397980e-05   -2.6743866938268987e-05    5.3358098933307964e-05   -1.1211992245738107e-05 
  -3.5283993784505512e-04   -6.3256738992231848e-05    2.8899193856847316e-04    6.9480103863436393e-04   -2.3641629334532512e-04 
   6.1341053374735071e-06    5.0405276457034697e-05    3.9835444504245769e-05    1.7229798685999064e-04   -4.3090787174990172e-05 
   1.4218590410874701e-04    4.8220430819319336e-05    7.0571518935794427e-05    1.0163864756295964e-04   -1.6861018378648457e-06 
   4.2163706531450820e-05   -5.0902370031769062e-05   -2.9182573177115865e-04    8.7489246414763379e-05   -2.7239616673475489e-05 
2    16 5 
  -5.5244777839560062e-02    2.9405552575812371e-04   -1.8243970194054063e-03    1.1703695462013822e-03   -3.9652668589428220e-04 
   2.0857976441647198e-02   -3.9893249593877182e-02   -2.1131324629565008e-02    1.8010376424095427e-02   -9.3567406868511251e-03 
  -3.2500947242534078e-02   -2.1354913799412491e-02   -3.8149937006356049e-02    1.7642749880161041e-02   -4.5554759845550744e-03 
  -1.3712037674221715e-03   -2.1789362798272236e-02   -1.4989251853391573e-02    8.5397356183171350e-03   -3.4825796363958292e-03 
  -2.2891868137915702e-02    4.7845444024158489e-02   -4.0837897995951722e-02    1.8659057642945062e-02   -3.5485453096465802e-03 
   1.5267553209593536e-03   -1.7780286564697663e-02    3.9915090404204989e-02   -2.1670925223043293e-02    5.5406360767785851e-03 
   2.9667273711493728e-04   -7.0067268879720444e-03   -2.1465298923809624e-04   -3.8925568605857031e-03    2.3820877836232797e-03 
  -1.2258741308551057e-03    1.0724309898470915e-02    1.2848597019338652e-03    5.6255669026532016e-03   -4.6756487183113923e-03 
  -4.5016147258944549e-03    1.3695202512815806e-03   -3.3370914036827959e-03    1.0893976410177435e-02   -6.4571120765726424e-03 
  -7.7150969249218217e-04    1.4372061638877186e-03   -1.5776190700764726e-02   -1.4892365183340254e-02    1.4096204142313992e-02 
   1.0135873383443008e-02    7.6816516957369906e-04    3.8846504550062222e-02    2.9759013702028585e-02   -3.0767384831500318e-02 
  -7.4762858948371861e-05   -1.9854192723484698e-04   -1.6028139898942890e-03   -1.6930314177036870e-03    1.2138486932246585e-03 
   2.2689485166025371e-04    4.6299745154311056e-04    1.4061843623704657e-03    1.1632964830818639e-03    1.9467739172254834e-03 
   3.3861208297749521e-03    1.5714627251678681e-03    3.6099918357687005e-04   -3.6003235960237203e-03   -5.5617673998745111e-04 
  -7.6694296249696511e-04    5.7485465613415061e-05    4.8064423805553331e-04   -1.8592512300870433e-03   -1.9242151856314839e-03 
   2.1439526247513359e-03   -2.4026065827301727e-04   -9.8655388554731108e-04    6.9879608067570484e-04   -3.8394380749379989e-04 
2    16 5 
  -4.6815479046474285e-04    1.7153994455321320e-01   -3.8770658891164946e-04    1.3585388955783607e-02   -5.6587372100582408e-05 
  -2.0291056102464556e-03    5.9068298491651234e-03    1.1034808368317077e-03   -4.6120497259912754e-02    4.1652362145862677e-04 
   2.2385128357307032e-03   -7.1498858425906500e-03    9.7543900685743989e-04   -1.7369299086433330e-02    3.4592708918972824e-04 
   2.5484171624929719e-04   -1.5096275589090033e-02    5.1201285174130927e-04   -2.4331358783164756e-02    1.8192935240134522e-04 
   3.2794508981200186e-03   -1.0547429136725576e-02    6.8183444249076753e-04    3.5447522050953040e-03    4.6226054677020944e-04 
  -3.0999671203782338e-03    1.9279893056417370e-02    8.0466864178262138e-05   -5.5895414396230865e-02   -3.4287755163029743e-04 
  -5.3636903160399919e-03   -3.2424469576840310e-03   -3.0469759975129671e-03    3.9014889631962374e-03   -9.4099605045016210e-04 
  -3.7304723849349583e-03    6.4337099528173486e-03   -1.5624722526703613e-04   -7.5213445310407046e-03   -4.2684065405065329e-05 
  -1.0022899397352569e-02    2.2439004011728738e-04   -3.3361031350719115e-03   -1.2315192980095783e-04   -1.1274570570758019e-03 
   6.4719431365821813e-03    1.6385839866792321e-03    5.1399516022070605e-03    1.4849031393003723e-03    1.7977479236587803e-03 
  -4.0620029630710998e-03    8.4169933640415118e-04   -3.2315078970353763e-03   -7.9325873666208813e-04   -1.0161427286660074e-03 
   1.3601123690394766e-03   -1.4056083919058873e-04   -1.6766860588493921e-03   -1.1778932355365916e-04   -3.1593148305089306e-03 
   5.9089316761276264e-04   -4.8774596277407562e-04   -8.5630233346131268e-04   -8.6703213478529502e-04   -3.2739803350135546e-05 
   2.1478278340990959e-03    6.8555427675195144e-04   -2.8823107749427327e-03    1.2510099373822389e-03   -1.0321905367707768e-03 
   4.2826622178321479e-04    1.4141888952343501e-04   -2.7829864025527211e-03    1.7001352894435427e-03    1.6383816034200205e-03 
   5.0571021937952153e-04    4.5755123543965540e-04   -1.3125206100552578e-03   -6.9558315578280869e-04    2.0852033739787884e-03 
 TENSORSUMACCUMULATOR_IMPL_H - PrettifyOut: Norm of simple tensor is 3.66342e-05 
 As simple full tensor 3    5 5 5 
   1.2394977785855258e-07   -3.6132670213311450e-05    8.5330587169086923e-08   -2.7384357655467724e-06    1.9016412399138967e-08 
  -1.6834625125692651e-07    3.2847722500178314e-07   -7.1658583657060281e-08    1.2831166963329386e-06   -3.1664143058433806e-08 
  -1.0667833514722599e-08   -9.1108442271015208e-07    7.3412601424279940e-09   -1.7030492084135821e-06   -2.9395925387475335e-09 
  -1.3128941211072106e-09    5.9139495850020778e-07   -1.0854204787034376e-08    9.0816852464132751e-07   -1.6095682707116739e-09 
   2.7258151021869469e-09   -2.1596651404574261e-07    6.6159293827422150e-09   -1.9845481831451542e-07    5.5887940805381731e-10 

   5.7947982886395036e-08    3.3850756383927920e-06   -4.2067795809324519e-10    5.6837272609150782e-07   -1.6779343042048241e-09 
   7.8096711367153970e-09    1.7711576404042272e-06   -9.5653085128487609e-09    1.5369724840966710e-06    1.2353053135759962e-09 
   9.9915149395412209e-10    1.3514127459353574e-06   -8.7195876106121246e-10    1.3070379558109861e-06   -1.4876261910836161e-09 
  -7.4700951512943195e-10   -8.1256070382614017e-07    2.6207473958760518e-09   -6.2633694472537807e-07    9.4641820756256283e-10 
  -3.3888058833073111e-09    3.4335673099425619e-07   -2.2656406032583052e-09    2.0854100267953204e-07   -8.7374345627989337e-10 

  -1.2060503510989050e-08   -1.3938977302634273e-07    1.9571043878719434e-10    1.4315437429153545e-07   -9.5226104832033460e-10 
  -1.1877249537582391e-09   -2.3060355249417666e-07    1.7031364064759625e-09   -1.3256432446732542e-08   -1.5914006544248403e-09 
  -4.1285200409427579e-09   -1.3556769844659442e-07   -1.8218723660615183e-09   -9.8725384547978458e-08   -6.6968703262942363e-10 
  -1.8408774506696356e-09    6.4455421244211334e-08    2.8576591602825200e-09    5.9950243627150234e-08   -7.5974658410601470e-10 
   7.8821174637876473e-10   -2.5786303154093161e-08   -2.0372879860498764e-09   -2.4877699104970672e-08    2.6671210226457417e-10 

   2.9276599057795739e-10   -8.7028653114896767e-08    9.1856884100305086e-10   -9.7090300600459070e-08    3.5185979181102536e-10 
   4.1043174683332202e-09   -3.5230598859266324e-08    1.2598159155061614e-11   -4.8535754420573914e-08    5.2328523730201431e-10 
   9.7576006795046818e-10   -5.3107778613498119e-08   -1.4700807537004760e-09    1.9732641619092476e-09   -3.1192802077283117e-10 
   4.8689286392693392e-09    2.5749049560593857e-08    3.1885134896945762e-09   -2.4244789755958865e-08    9.6243627169540941e-10 
  -2.8427952833090581e-09   -9.1198396338054705e-09   -1.3576205331126947e-09    1.2683478824876007e-08   -6.3023481427252469e-10 

   4.6855267536362811e-10    1.1100824248041608e-08    3.8517768648108915e-10    2.2565291227966345e-08   -2.9587015457547964e-11 
  -1.9999177494297975e-09    1.1310382647307020e-08   -8.8531912419978809e-10    2.0165029986211741e-08   -2.8950607699766729e-10 
  -5.5263046734125809e-10    1.9124223870900074e-08    7.0921513283691256e-10    3.7444843139289150e-09    8.3860243079740624e-11 
  -2.0473129743528384e-09   -1.1802968409085881e-08   -1.1434761084765510e-09    4.6751341230591744e-09   -4.9885548112589838e-10 
   1.0280630704993175e-09    5.0380123784803595e-09    7.4615696437523179e-10   -2.7795558939729782e-09    1.8609994161875110e-10 
