2    5 5 
   6.8117264568558092e-04   -6.6010645347562846e-03    1.1453855962048952e-03   -1.5778764243835059e-04    1.1002299947973202e-04 
   4.2113140365616447e-04    2.4869716625635437e-03    3.5283644664125689e-04    8.1490576886272578e-05   -9.3883813990383583e-05 
  -1.2864279108601784e-03    2.0497404718332010e-03   -1.8224030954096160e-03    5.3059731110089434e-04   -2.1262609564200055e-04 
   1.1520912066077540e-03   -5.1736247826419924e-04    1.5247391908884600e-03   -2.8201982698447780e-04    1.1380880931449704e-04 
   1.5007986148579108e-04   -1.0057285484962723e-03    3.9733746514295334e-05   -1.0424231791470358e-03   -1.7237495731424124e-04 
2    5 5 
   5.4110648591536195e-04    2.8605244913787447e-05   -5.9572208927616515e-06   -4.1034090286174808e-06    2.1513966876907941e-06 
   1.9850190475084384e-04   -3.4599282045443382e-05    6.5275313678903355e-06   -9.2819400479408727e-07    7.4629083118142458e-08 
  -1.4430928767519794e-04   -1.0309589431940789e-04   -1.6054786312393841e-05    7.3415326841407340e-06   -2.7912725374425049e-06 
   1.0774197404143329e-05   -9.7015141154949469e-05   -2.3944180334344503e-05    9.4024141198541675e-06   -3.3770238323621571e-06 
  -6.1200652560560015e-05    1.3573779673734409e-05   -4.3622007000405991e-06    1.6151473842610938e-06   -8.6528928434662747e-07 
2    5 5 
   1.8721051863149602e-03    2.0448415287203001e-04   -2.1407788046198646e-05    1.0876931327204048e-07    3.8842850787631467e-06 
   1.8721051863149602e-03    2.0448415287203001e-04   -2.1407788046198646e-05    1.0876931327204048e-07    3.8842850787631467e-06 
   1.8721051863149602e-03    2.0448415287203001e-04   -2.1407788046198646e-05    1.0876931327204048e-07    3.8842850787631467e-06 
   1.8721051863149602e-03    2.0448415287203001e-04   -2.1407788046198646e-05    1.0876931327204048e-07    3.8842850787631467e-06 
   1.8721051863149602e-03    2.0448415287203001e-04   -2.1407788046198646e-05    1.0876931327204048e-07    3.8842850787631467e-06 
 TENSORSUMACCUMULATOR_IMPL_H - PrettifyOut: Norm of simple tensor is 6.68042e-09 
 As simple full tensor 3    5 5 5 
   1.2001199386444168e-09    1.3108532084224964e-10   -1.3723541531920218e-11    6.9726969683462720e-14    2.4900352845977256e-12 
   5.2056808996576124e-11    5.6860012817116802e-12   -5.9527698630746742e-13    3.0245006568443805e-15    1.0800861399857560e-13 
  -1.6654585359255693e-11   -1.8191279013151345e-12    1.9044754321207543e-13   -9.6763142669487559e-16   -3.4555300565820071e-14 
  -2.9121241258471039e-12   -3.1808214585644695e-13    3.3300551970090013e-14   -1.6919441474056215e-16   -6.0421392837437699e-15 
   1.9978548014664543e-12    2.1821938725747190e-13   -2.2845752711716815e-14    1.1607536604313217e-16    4.1451931502559751e-15 

  -6.2117006678180289e-09   -6.7848449875492051e-10    7.1031677212984756e-11   -3.6089981526090023e-13   -1.2888173375152106e-11 
  -8.4179560280297117e-10   -9.1946682263827577e-11    9.6260519840236161e-12   -4.8908325398388346e-14   -1.7465760595280499e-12 
   7.3807091891454222e-11    8.0617161747625090e-12   -8.4399455280005537e-13    4.2881921156588562e-15    1.5313658005787086e-13 
   6.2411973466425953e-11    6.8170632807630197e-12   -7.1368975914446129e-13    3.6261357233128649e-15    1.2949373734121712e-13 
  -3.2050254877047105e-11   -3.5007483905143292e-12    3.6649920541325622e-13   -1.8621198416913024e-15   -6.6498574812732479e-14 

   1.8099514515304115e-09    1.9769529618910589e-10   -2.0697051282968821e-11    1.0515818121641328e-13    3.7553271407274967e-12 
   1.1430133345867738e-10    1.2484774635151748e-11   -1.3070519423632271e-12    6.6409075928318202e-15    2.3715492445710105e-13 
  -2.2360103251755656e-11   -2.4423236498620245e-12    2.5569094867309969e-13   -1.2991220221833253e-15   -4.6393234768693048e-14 
  -7.5002393556643721e-12   -8.1922752107715483e-13    8.5766299669236334e-14   -4.3576391436495764e-16   -1.5561661828256880e-14 
   4.4815812720616488e-12    4.8950900656845084e-13   -5.1247516798432794e-14    2.6037987656799005e-16    9.2984835422622280e-15 

  -1.5915807168575672e-10   -1.7384334865002835e-11    1.8199950993123010e-12   -9.2470841304797769e-15   -3.3022467302202779e-13 
  -9.1405354424567062e-11   -9.9839189614480984e-12    1.0452331781957846e-12   -5.3106511871363318e-15   -1.8964984281106028e-13 
   7.9625770748569249e-12    8.6972721390476147e-13   -9.1053196992414780e-14    4.6262573633091343e-16    1.6520930312280442e-14 
   2.4691457177435712e-13    2.6969700960245684e-14   -2.8235031112050289e-15    1.4345736876901431e-17    5.1230379248090461e-16 
   7.4811825153342448e-14    8.1714600243182913e-15   -8.5548382000079946e-16    4.3465671192195536e-18    1.5522122276161306e-16 

   1.5605423565979817e-10    1.7045312632138278e-11   -1.7845022946026104e-12    9.0667512541433426e-15    3.2378476566495795e-13 
   2.7960766166232383e-11    3.0540664194244897e-12   -3.1973532260452865e-13    1.6245205433395670e-15    5.8013613553448008e-14 
   3.2252849737608392e-13    3.5228771890139682e-14   -3.6881590634750314e-15    1.8738906033006241e-17    6.6918923092126675e-16 
  -2.1223341587841184e-12   -2.3181587538069565e-13    2.4269191798934464e-14   -1.2330761683275700e-16   -4.4034656628142957e-15 
   1.1008225187846014e-12    1.2023937643119850e-13   -1.2588061467321065e-14    6.3957789486330077e-17    2.2840108105774557e-15 
