2    21 5 
  -1.6143249474706567e-04   -1.4782732438576319e-02    2.3673678238002451e-05    1.9929032899615161e-04   -8.9923693235385599e-07 
  -5.2726190969153023e-04   -3.1424411395929541e-03    1.1676870259846785e-05   -2.1308465965418108e-03    1.6691182792871991e-05 
   7.0103921303742850e-04    1.6574748067535942e-03    4.7494712548772078e-07    9.3980864174559914e-04   -5.9071988556927185e-06 
  -2.6831048983107870e-04    3.2864743940899661e-03    9.8887441999324758e-05   -2.3634683513359088e-03   -3.8284149334233593e-06 
  -3.3332952871956687e-04    4.2154696191974863e-04    2.4366943841117543e-05   -4.2838595766935981e-04   -5.6757915231650882e-06 
  -1.6856734000788563e-03    1.6327337745189306e-04   -2.9562793378218387e-05    5.6599149684735987e-04    9.1737300469626765e-06 
  -1.2120345476544871e-04    2.7296564533938389e-04    5.5585846992072396e-05   -5.1164550734196545e-04    5.1026572879644868e-06 
  -9.4713732277070591e-05    3.4312551036414597e-04   -4.5357705862793393e-06   -2.1190489267168029e-04   -2.9732229614239852e-06 
  -7.1600205173907810e-06    1.9829261816986114e-05    1.2645590665686418e-05   -1.8942559257755770e-04   -3.6099144798994792e-06 
   2.3304558126127910e-04    3.3871651228136119e-04    2.2637225114312967e-05    3.0629518305433140e-05   -1.2186678803245236e-05 
  -1.7353414993113487e-04    1.6285582784879909e-04   -9.9390275248364827e-05    5.3881239131811436e-04    1.1563760863733557e-05 
  -3.5619802906173420e-04   -2.4870708927716116e-04    2.8263128774166335e-05    1.0746485413769933e-04    1.2469114789175479e-04 
  -2.3424646240343219e-05    1.5039985994546066e-04    1.8201970800781915e-04    1.0790061693555883e-05   -7.7348633911299367e-05 
   6.0901072375889033e-05    1.1279017551151860e-04    1.1128007343668641e-04   -4.4415310644377749e-05   -4.1869100545195763e-04 
  -1.6391417564423955e-04    6.4275333821759844e-05   -4.6868514682145109e-04   -1.1892341031262834e-04    1.6222087607014400e-04 
  -4.7055172766920824e-04   -1.2143396420557977e-04    4.2955107043059578e-04    6.9590083791190325e-05   -2.0798426730916632e-04 
  -1.1429029445132505e-06    4.5056233328120294e-06    4.4848033056183405e-04   -1.3048330475884506e-06   -9.1761078826888164e-05 
   4.4539324435633810e-05    6.1582327597660365e-05    6.7799221981680331e-05   -4.0570057804178253e-05    2.5180095869600078e-04 
  -8.9645027053991723e-05    2.8576516676638721e-05    3.4625258369987990e-05   -7.2205960098033456e-05   -1.1386309931422055e-04 
  -3.8540605367511782e-05    2.2798285821942060e-05    1.6325291690118020e-05   -5.5675957819404341e-05    7.3301450335605363e-05 
  -2.3757910415953647e-05   -1.8936550858174735e-05    5.4449086398381945e-05    1.2081754911232369e-05    2.0314903321495825e-04 
2    21 5 
  -3.3488591933554329e-02   -3.0240379069254147e-04    1.2656034075030618e-04   -1.4335133742885412e-04    2.1685603895057014e-05 
  -1.7471332185328592e-03    6.9641210909914151e-03   -2.2804255386508062e-03    5.3969330429490866e-04   -1.5350224852424336e-04 
  -1.0200126444756279e-03    1.0927819841752937e-02   -6.3492819756524365e-03    8.5230951864470866e-04   -2.9018924810127222e-04 
  -3.0951941330167555e-03   -1.7688487674704201e-02   -4.9180822894551854e-03   -1.1292881199186167e-03    3.2691305792106624e-04 
  -1.2970953700371707e-03    2.3994298716504076e-02    2.6811826879379235e-03    7.5750081782398858e-04   -3.3217615835667337e-04 
   2.8521327562412255e-02    6.0431168137315425e-03   -1.1016704395000562e-02   -6.4725761026830815e-05   -2.8545350532137374e-04 
  -3.7021846129567664e-03   -3.6591697592945301e-04    2.0846721265804446e-03   -3.5831843460954642e-04    6.9991380697781457e-04 
   4.9947513572933446e-03    1.4387420385636195e-03    9.4163296155733572e-03    7.5527228553504012e-03   -8.3802123271460517e-04 
   2.7455755526147436e-02    1.2580478641580038e-02    2.3399697838889549e-02    1.1789178304997107e-02    5.4526997708470642e-03 
   8.1643734700267145e-03    5.7772989342035012e-03    8.0783212481785136e-03   -2.6695817222225499e-03    1.3565676299167055e-03 
  -6.3880074539885614e-03   -2.0024719269230410e-03   -7.5061251066423354e-03    1.7497881840489470e-03   -1.6378226880558477e-03 
   8.2900388271727745e-04    8.0809030965377964e-04   -2.5194270640146407e-03    3.1644718706634531e-03    3.3633389360162615e-03 
   3.4870289343495232e-04   -1.0464714854131400e-03   -9.6427896025744653e-04   -6.7752951758884945e-04   -5.2618271403064827e-03 
  -2.1304061199438986e-03    6.6416824958435549e-04    1.6089164679482133e-03   -1.0867113740548684e-03   -4.2446216635660564e-04 
  -6.1853663106913514e-04   -1.5921666554759057e-03   -1.4406273176777575e-03   -2.4245702523992903e-04    2.3713480734006771e-03 
  -9.9762889388948120e-05   -1.0541529229583313e-03    2.6038977724193481e-03   -2.0971712897584004e-04   -2.3231037450575052e-03 
   6.7931540995392985e-04   -1.0130640707860412e-03    5.3915594831110492e-04   -9.3871812318999039e-04   -2.2852932865021150e-04 
   7.1737940767113424e-04   -3.6678410693569770e-04   -1.0808726962776700e-04   -2.4489923154167714e-03    7.4559412757497915e-05 
  -5.6043017837913199e-04    3.7933955249510958e-04    7.4395325571495832e-04    1.7955727037509751e-03    4.3657371341393218e-03 
   2.2216848284468629e-04   -3.0270129674571849e-04   -7.7954733957465432e-04   -7.8090258963040807e-04   -2.3989976741613283e-03 
   1.3342333210469119e-03   -2.5388013953964229e-03    1.6253585820954748e-03   -9.6799738331067840e-04    1.4847468160914231e-03 
2    21 5 
  -3.6453340744586123e-02   -3.3272911043674244e-03   -1.4954384820776415e-03    4.7037935814200687e-04   -2.0170412906878694e-04 
  -5.4789937046505668e-03   -5.5922766414700171e-03    1.1083377828008525e-02   -2.1595348141950535e-02    2.2604797600814821e-02 
   6.3461458835265766e-03   -1.6920692534330938e-02   -3.6478714400414690e-03   -8.3749579463248368e-03    1.2555421396799583e-02 
   2.0079185377309978e-03   -1.9564408527536965e-03    5.0354368996041558e-03   -6.5671636195377076e-03    2.3144496939208632e-03 
  -7.9119996952353704e-03   -1.8396767453252357e-02    5.9382503710093421e-03   -1.3460777095680811e-02    8.2267624267022554e-03 
  -5.4932836949588134e-04   -9.7774486874064766e-03   -3.6470995407504592e-03   -2.9506534496933430e-04    7.3994212428230358e-04 
  -7.0145434521617089e-03    9.6351770164972567e-03   -1.5976177701749097e-02   -8.1811540878503168e-03    1.1786728451565422e-02 
   4.0434196247359968e-03   -3.9568360336117913e-03   -3.3176340053899319e-03   -3.0445528590219888e-03   -5.6913371455364990e-03 
   1.3440161712862751e-03    2.5270714474547764e-03    2.6360155973569042e-03    2.6283133013529723e-03    6.0456197893858611e-04 
  -1.6802424841915733e-03    4.1004290410437917e-03   -2.9801126526229002e-03   -1.1762641618813519e-04    8.5330922718587048e-03 
  -6.8333588172144692e-03   -5.0625388512865344e-03    4.4552020111203374e-03   -1.8540475959682781e-03   -2.5955964359966827e-03 
   1.6698729701744588e-03   -4.3126196719792196e-04    1.5634553400386800e-03   -1.9740237304046419e-04    8.3940892869995920e-04 
  -7.6144978258792793e-04   -1.6878842737318371e-03   -1.0387620270209479e-03    2.2927461967761861e-03    1.2368198270934776e-03 
  -4.4152744212886297e-04    8.7176261002082074e-04   -2.1666495516756905e-03    1.9715546258456847e-03   -1.0295294529805727e-03 
  -2.6006886887086299e-03    6.4379150424808480e-04    3.5864568044580180e-04   -1.8321334624982555e-03   -1.0767152498831517e-03 
   2.6505069913551555e-03    4.6725095190007531e-04    1.0313376463072887e-03   -5.5860422991981093e-04    2.3794546826413270e-04 
   5.3911233503673372e-04    1.1805002353683419e-03    9.1380407814923670e-04    1.7033290293838592e-03   -3.2036964440864671e-05 
   1.2514505965262947e-04    4.2403189749621836e-04   -1.1406395669450479e-03    7.8425324822692713e-04   -7.4385276239307850e-06 
   4.9116696469937921e-04   -5.1802249725103209e-05    6.8428468540184266e-04    1.1844752421653569e-03    3.0585102791908327e-04 
   1.6061903763335752e-03   -7.0087375886192162e-04    1.2785592812284182e-03    9.5173124431536019e-04    1.7552059577507998e-03 
  -8.1777091589939777e-04   -5.3200171128858103e-04    5.2046944433575566e-04    8.7262511910289674e-04    1.0306989796840524e-03 
 TENSORSUMACCUMULATOR_IMPL_H - PrettifyOut: Norm of simple tensor is 1.82235e-05 
 As simple full tensor 3    5 5 5 
  -1.9862516479615441e-07    4.5749437834437946e-07    1.7986064916297199e-07   -1.3856947947045141e-08    1.6252622712711010e-09 
   1.3981143028344952e-07    1.3317187065619018e-07   -5.8033226876699959e-08    9.3120281881784925e-08   -3.7691683865185332e-08 
  -5.1071616317191656e-08   -9.8017144475095608e-08   -3.0084530629939776e-08    1.1123332079487133e-08   -4.4516771424781278e-09 
   5.0938077601833319e-09   -3.1850592930286975e-09   -5.2352057337226179e-09    4.5404838047633601e-09   -1.0684901607380045e-09 
  -2.7222253499860159e-09   -4.4188834960905540e-09    2.8987412178003281e-10   -1.1501617426934084e-09    6.8296247929020497e-10 

  -1.8088701111495958e-05   -1.6635845161990864e-06   -7.4566073586548978e-07    2.0708789527353698e-07   -1.6446439813545802e-08 
  -1.2312691872144650e-07   -2.7319560219593801e-07   -5.5841013371831278e-07    5.6864425810759635e-07   -3.0533576758189756e-07 
  -6.4317501505637930e-08    1.8386869961199106e-07    2.0670832553126626e-08    1.2864426712603414e-08    1.6042264543789921e-08 
  -5.9027807315896589e-08   -3.5399066129632218e-08   -4.6975830791727872e-08    3.8599709959809480e-08   -5.1847337749815216e-08 
   7.5492121162744411e-09    1.5855927609663458e-08    7.9159962596796981e-09   -1.3767062988922747e-08    1.2981332600561658e-08 

   2.5612149475349903e-08    8.8950882712350254e-09    9.6596138057994785e-09    3.9894538465960783e-09   -3.9721769986038400e-09 
  -1.2568069727063427e-08   -6.1709456408294203e-09   -3.1104147200666854e-09   -2.2613890033158783e-10    1.6910212547595842e-09 
  -6.4542354157179934e-09   -2.5553245385131128e-09   -3.3267260190103445e-10   -2.0401570063008962e-11   -4.2866434142504685e-10 
   7.7970230952678875e-10    3.4401610138274909e-10    1.2516459071681958e-10   -1.9660049170288026e-10   -1.1060773756357042e-10 
  -1.6925955788607604e-10    6.0071626340705665e-11    5.9212262728614348e-11   -1.9217005107830100e-10    2.5741321804356737e-10 

   2.1665173898687867e-07   -1.3694990581899358e-07   -2.0536994131270131e-08   -1.5531090303188028e-07    1.4309474918020241e-07 
   3.1291584717670923e-07   -1.3492893234116245e-08   -7.8266378373678619e-08    9.1903946177678134e-08   -1.8508939001765300e-07 
  -9.2320693032402800e-09    1.4120098248308786e-07    1.4327143080456548e-07   -1.0389390921150849e-07    5.6242794936122407e-08 
   3.7757723320887865e-09   -8.6281716945201548e-09   -2.7620243660142904e-09    6.5290240870135598e-10   -5.4615146871527357e-09 
   2.5215352364304500e-09    7.3081810754386070e-10    7.9466211804504057e-10   -5.5453561903590304e-11    6.5619528205863979e-10 

  -5.2661353267783894e-10   -2.5959361231471473e-09   -2.9988836324400618e-09    2.6389500651675008e-09   -1.5871780922276800e-09 
   2.2235840809996741e-09    1.8613121065735354e-09    1.5578355923417496e-09   -1.1054804681052878e-09    5.4382413822698708e-10 
  -4.2345291079377136e-10   -3.3690783618331433e-10   -3.0332019530110913e-10    2.3093062357613652e-10   -6.6236617334181098e-11 
   2.0263700844680876e-10    2.3409888239554196e-10    1.7533594241420762e-10   -1.0652552028565865e-11    3.6667982388554961e-11 
  -4.2071005065410982e-11   -2.3656929979206791e-10   -9.8624675989524716e-11   -2.4337175629516313e-10    1.2099084845017504e-10 
