2    104 5 
   1.3289014692519196e-03    5.5977478122469786e-04    2.8617400170062297e-04    7.1161192188118739e-06    3.0316092799130236e-05 
   8.8850619286870216e-05    1.1067432416158559e-03    4.0858892433875172e-05   -3.6165419113406755e-04   -2.4175841944919329e-05 
  -5.7785508506262128e-04    1.1857024957784763e-04   -1.4076903390771142e-04    4.0605832771852538e-04    4.8839965745118923e-06 
   1.9138300023404504e-04    9.2285730482138224e-04    9.2371362890935604e-05    4.3018089788947344e-04    2.4935761516881293e-05 
  -3.5974309456317602e-04    9.1609971890651253e-04   -2.4596881553935453e-04   -2.3309434582776455e-04   -2.7337216367269678e-05 
  -1.0347421991987963e-03    2.6040059384835374e-03   -2.0910343147520624e-04   -1.5858774028479794e-04   -1.4210675762765177e-05 
   5.1418047202315682e-04   -4.7562196420633261e-06    8.8855061459973753e-04    2.5682378798100796e-04   -5.8015595484521652e-04 
   3.1676175051039866e-05   -1.1026654359052669e-04    1.3398290400948535e-03    2.7756262468076889e-04    3.5852007736790140e-04 
   1.5440588308042662e-03   -1.0644569846781328e-04   -9.8402285424741367e-04   -1.0329024144573168e-04    4.7437442254906850e-05 
  -5.4667701982452710e-03    8.0350275481293762e-04   -4.1557089055690626e-03   -1.0735523314313743e-03   -6.4169200078700341e-05 
   1.2593511228737187e-03    1.3079045248732093e-04   -8.2563361987598300e-04    2.1834319348734802e-04   -2.2477668451553446e-03 
   1.2610833569912395e-04   -1.1671406425153756e-05   -2.9703344509784334e-05   -3.7979100707663912e-06   -1.4184270970045529e-04 
   5.5346501824255729e-05    1.5212842991504960e-04   -8.3424768973332567e-05   -4.1352066589385352e-05   -1.1264078425752655e-04 
  -9.1635182698667134e-05    1.1639700988457303e-05    5.9173818640588773e-05    5.9736771697137485e-05   -1.8830296834652683e-04 
  -6.0295545991077208e-04    2.4868719373360570e-05    4.0732237876280741e-04   -1.0570453970331350e-03    3.9003037843210356e-06 
  -1.4297558037542542e-04   -4.4300358291533251e-04    2.3853930003638128e-04   -1.0149668342429559e-03    1.2664995591895678e-04 
   8.5620249746722702e-06    3.0323297708328673e-05    1.8476755952282669e-05   -4.8934772455172129e-05   -1.7121201126186704e-05 
  -4.5897509949587988e-04   -1.1713996425986137e-04   -2.1048462938356947e-04    2.5167449064040023e-04   -4.4199509075804879e-04 
  -2.6233726789733154e-05    2.8101385826997217e-04    7.9923893973834155e-05   -4.0948496055761411e-05   -5.7299678052569070e-06 
  -1.1372247468527433e-04   -2.1450465877929169e-04    2.0708266239030426e-04   -1.1007898665625114e-04   -1.3405257563134555e-06 
  -1.2971821025339729e-04    1.7627860094894307e-04    5.9027985107081367e-05    1.2368281304739193e-04    2.2927511257527964e-04 
   2.4759220558820944e-07    9.8564430854350209e-04   -2.4462025882761881e-07   -1.6216673706807730e-04   -8.4859309031173146e-07 
  -4.8339194676685768e-04    4.5889345558027877e-06   -4.2664240105180221e-05   -4.9577360636800898e-07   -2.0436404792099809e-06 
  -6.7811502636861254e-07    7.7288981625999809e-04    1.0521175211139663e-07   -1.3545710213746011e-06   -4.6791588651769042e-07 
  -4.0516242963803178e-04    2.1256381986447821e-06    1.1885532222156934e-05   -3.4263346290654704e-06    5.8703592368077072e-05 
  -6.6361306138486752e-06   -2.4847060834946828e-04   -2.4251758820185469e-07   -4.6640741288013211e-04   -1.3270862260880355e-06 
   3.3475793241004184e-04    1.2276519722340380e-05    1.4811643207379469e-04   -5.9915021286961207e-06    3.0123951717125656e-05 
  -1.6325347764117716e-04    4.5254191867657257e-05    1.3074062464631036e-04    6.8071981948151555e-06   -6.3395032223892268e-05 
   1.8118187657806810e-07    7.2127022349571183e-04   -1.7900707915302524e-07   -1.1866962318435594e-04   -6.2097951827116488e-07 
  -3.5373431821036130e-04    3.3580692588405368e-06   -3.1220639868971437e-05   -3.6279491168242925e-07   -1.4954857572939658e-06 
  -4.9622787083044645e-07    5.6558172728169765e-04    7.6991368287714503e-08   -9.9124170338021288e-07   -3.4240931857510257e-07 
  -2.9648788477145750e-04    1.5554896683501492e-06    8.6975396782928365e-06   -2.5073072732789747e-06    4.2957842723093608e-05 
  -4.8561569011343975e-06   -1.8182467007917260e-04   -1.7746839658869954e-07   -3.4130545472861330e-04   -9.7112900728158762e-07 
   2.4496760812543831e-04    8.9836546988909565e-06    1.0838795612092575e-04   -4.3844336562198618e-06    2.2043965758491769e-05 
  -1.1946487316373223e-04    3.3115902764899250e-05    9.5672768301133314e-05    4.9813399426099708e-06   -4.6390922835249672e-05 
  -6.7713588603339004e-04    7.8680020063487323e-07   -1.1979620988289660e-05    1.5052106800386087e-08   -1.0199020253230351e-06 
   9.7468027932338100e-08    7.9494901299381952e-05   -2.5718020993908721e-07    2.3434842537394330e-05   -1.8462526927226548e-08 
  -1.2930901833473536e-06    2.2053090813831766e-07    7.2862052389544073e-05    5.9157687780070197e-08    2.8555675982967883e-06 
   6.4616409339467271e-09    5.9297799230675090e-06   -1.8829895607797650e-09   -2.0114844095005682e-05    9.7360271652412824e-09 
  -1.0444387813587481e-03    1.2165849968380158e-06   -1.8152862835307978e-05    2.4161793725116546e-08   -1.5603960870655589e-06 
  -1.0444387813587481e-03    1.2165849968380158e-06   -1.8152862835307978e-05    2.4161793725116546e-08   -1.5603960870655589e-06 
  -1.0444387813587481e-03    1.2165849968380158e-06   -1.8152862835307978e-05    2.4161793725116546e-08   -1.5603960870655589e-06 
  -1.0444387813587481e-03    1.2165849968380158e-06   -1.8152862835307978e-05    2.4161793725116546e-08   -1.5603960870655589e-06 
  -1.0444387813587481e-03    1.2165849968380158e-06   -1.8152862835307978e-05    2.4161793725116546e-08   -1.5603960870655589e-06 
  -1.0444387813587481e-03    1.2165849968380158e-06   -1.8152862835307978e-05    2.4161793725116546e-08   -1.5603960870655589e-06 
  -1.0444387813587481e-03    1.2165849968380158e-06   -1.8152862835307978e-05    2.4161793725116546e-08   -1.5603960870655589e-06 
  -7.5376968007335428e-08   -3.0006954110365497e-04    7.4472188572294873e-08    4.9370039427511518e-05    2.5834566992006846e-07 
  -3.2063884133447116e-04    3.0438874060141942e-06   -2.8299628500717454e-05   -3.2885172327192255e-07   -1.3555677121657800e-06 
  -1.4172247710919489e-07    1.6152991016791810e-04    2.1988703317894602e-08   -2.8309822538158454e-07   -9.7791961448122632e-08 
   8.1175283332157527e-04   -4.2587680992731971e-06   -2.3812954388417263e-05    6.8647451974669608e-06   -1.1761408251380544e-04 
  -1.1870594734911928e-06   -4.4445989189820671e-05   -4.3381123325462662e-08   -8.3430144791074793e-05   -2.3738687022373911e-07 
  -4.8980826469451825e-04   -1.7962653725325712e-05   -2.1671974146962017e-04    8.7665951317189051e-06   -4.4076507493281919e-05 
  -2.3899268850165883e-04    6.6249253226893334e-05    1.9139594348663855e-04    9.9653043919731482e-06   -9.2806287545912650e-05 
   6.9675745564312395e-05   -8.1159823064755920e-08    1.2109989352667836e-06   -1.6118618170980836e-09    1.0409586725656477e-07 
   1.0444387813587481e-03   -1.2165849968380158e-06    1.8152862835307978e-05   -2.4161793725116546e-08    1.5603960870655589e-06 
   1.0444387813587481e-03   -1.2165849968380158e-06    1.8152862835307978e-05   -2.4161793725116546e-08    1.5603960870655589e-06 
   1.0444387813587481e-03   -1.2165849968380158e-06    1.8152862835307978e-05   -2.4161793725116546e-08    1.5603960870655589e-06 
   1.0444387813587481e-03   -1.2165849968380158e-06    1.8152862835307978e-05   -2.4161793725116546e-08    1.5603960870655589e-06 
   1.0444387813587481e-03   -1.2165849968380158e-06    1.8152862835307978e-05   -2.4161793725116546e-08    1.5603960870655589e-06 
   1.0444387813587481e-03   -1.2165849968380158e-06    1.8152862835307978e-05   -2.4161793725116546e-08    1.5603960870655589e-06 
   1.0444387813587481e-03   -1.2165849968380158e-06    1.8152862835307978e-05   -2.4161793725116546e-08    1.5603960870655589e-06 
  -1.9318930684141696e-07   -7.6907082073659051e-04    1.9087037950166454e-07    1.2653419138331743e-04    6.6213356966656579e-07 
  -2.6548751098012173e-04    2.5203250104171613e-06   -2.3431964452741628e-05   -2.7228774009295426e-07   -1.1224039369968258e-06 
  -4.5350143556529597e-07    5.1688375508313414e-04    7.0362222875919632e-08   -9.0589336451985233e-07   -3.1292703746138772e-07 
  -1.7776149283922632e-04    9.3260527577730694e-07    5.2146739096388817e-06   -1.5032745241792341e-06    2.5755690683604429e-05 
   3.6687266419943236e-06    1.3736479789923229e-04    1.3407372289080767e-07    2.5784924999609212e-04    7.3366798774462781e-07 
   1.5725693574400665e-04    5.7670563897836989e-06    6.9579639453411641e-05   -2.8145868224217212e-06    1.4151121992631487e-05 
  -5.2891329793260279e-05    1.4661582841503983e-05    4.2357722453813646e-05    2.2054155898682166e-06   -2.0538904316501465e-05 
   7.5377048880789172e-08    3.0006986305425602e-04   -7.4472268474992703e-08   -4.9370092397612405e-05   -2.5834594710429516e-07 
   3.2063918535428504e-04   -3.0438906718617581e-06    2.8299658863953828e-05    3.2885207610350144e-07    1.3555691665814398e-06 
   1.4172262916606982e-07   -1.6153008347658340e-04   -2.1988726910013359e-08    2.8309852912332212e-07    9.7792066371070319e-08 
  -8.1175370426739540e-04    4.2587726685905100e-06    2.3812979937811409e-05   -6.8647525627891259e-06    1.1761420870430254e-04 
   1.1870607471109997e-06    4.4446036876809767e-05    4.3381169869935912e-08    8.3430234304942682e-05    2.3738712492085121e-07 
   4.8980879021958356e-04    1.7962672997815488e-05    2.1671997399255724e-04   -8.7666045375738317e-06    4.4076554783846720e-05 
   2.3899294492168540e-04   -6.6249324307039674e-05   -1.9139614883916721e-04   -9.9653150839471708e-06    9.2806387119631278e-05 
  -1.6224333195080278e-07   -6.4587742718528508e-04    1.6029586133607522e-07    1.0626534745311684e-04    5.5606988966198759e-07 
   4.0099635355495812e-05   -3.8067370296236449e-07    3.5391993647800341e-06    4.1126752249814906e-08    1.6952958890226500e-07 
   3.6653387513686508e-07   -4.1776142452505498e-04   -5.6868922987656761e-08    7.3217101274297150e-07    2.5291730230765038e-07 
  -3.3033445673903890e-05    1.7330618246128763e-07    9.6904365816153864e-07   -2.7935373704557712e-07    4.7861839783277045e-06 
  -3.1424880586195356e-06   -1.1766132481278805e-04   -1.1484231840451188e-07   -2.2086360421670696e-04   -6.2843136473793547e-07 
   9.6839354455162703e-06    3.5513728869949653e-07    4.2847377993298798e-06   -1.7332321124775253e-07    8.7143089244311234e-07 
  -5.4009574945676914e-06    1.4971562643550027e-06    4.3253262762339259e-06    2.2520431808566449e-07   -2.0973144300212430e-06 
   3.5309236215749885e-05   -4.1128965906462112e-08    6.1369199735205519e-07   -8.1683531602157670e-10    5.2752152650491165e-08 
   4.7576106478656492e-07    1.8939658646338461e-03   -4.7005031734219982e-07   -3.1161166530738898e-04   -1.6306149511374474e-06 
  -9.2886230710165186e-04    8.8178720542427456e-06   -8.1981515744923819e-05   -9.5265429821734095e-07   -3.9269595265327183e-06 
  -1.3030326468736951e-06    1.4851472447324080e-03    2.0216975366272140e-07   -2.6028773802760385e-06   -8.9912426714456728e-07 
  -7.7854029563716241e-04    4.0845223311278421e-06    2.2838657025306981e-05   -6.5838769341166036e-06    1.1280195006737648e-04 
  -1.2751663807052073e-05   -4.7744896054247179e-04   -4.6600992837505780e-07   -8.9622565802921896e-04   -2.5500639427935790e-06 
   6.4325445944787341e-04    2.3589959470242962e-05    2.8461328686984810e-04   -1.1512977258906008e-05    5.7884711315812380e-05 
  -3.1369989280621683e-04    8.6958240296226063e-05    2.5122478571090891e-04    1.3080378898376216e-05   -1.2181679128938567e-04 
  -4.8121929388199237e-07   -1.9156946279842656e-03    4.7544302916401126e-07    3.1518666961930848e-04    1.6493223877658110e-06 
   9.3951879760816807e-04   -8.9190362086230873e-06    8.2922059071492438e-05    9.6358374535641408e-07    3.9720120672527166e-06 
   1.3179818540112075e-06   -1.5021857846680561e-03   -2.0448917177683780e-07    2.6327392208098497e-06    9.0943958421982024e-07 
   7.8747219782112070e-04   -4.1313825310870108e-06   -2.3100676411723022e-05    6.6594112964306583e-06   -1.1409608473170619e-04 
   1.2897958885734026e-05    4.8292655423581789e-04    4.7135628632252016e-07    9.0650772044413770e-04    2.5793198744743286e-06 
  -6.5063427773522520e-04   -2.3860598269149714e-05   -2.8787854886440660e-04    1.1645061349220854e-05   -5.8548801000465591e-05 
   3.1729885457269834e-04   -8.7955879725768206e-05   -2.5410699389554663e-04   -1.3230445202592098e-05    1.2321434986182922e-04 
  -1.8607522687177830e-07   -7.4075025056379669e-04    1.8384169263586015e-07    1.2187464592962724e-04    6.3775089941320155e-07 
   3.6328795548690320e-04   -3.4487638112118730e-06    3.2063845216868501e-05    3.7259325697593795e-07    1.5358757554985638e-06 
   5.0962996624603885e-07   -5.8085692788995783e-04   -7.9070746985735134e-08    1.0180131055313732e-06    3.5165709087586372e-07 
   3.0449541347923528e-04   -1.5975002489294088e-06   -8.9324423580925561e-06    2.5750244920971320e-06   -4.4118045808944921e-05 
   4.9873117232792591e-06    1.8673538090488982e-04    1.8226145341630893e-07    3.5052341393449187e-04    9.9735720682760726e-07 
  -2.5158367999647671e-04   -9.2262847576455769e-06   -1.1131529215991665e-04    4.5028482025565198e-06   -2.2639327989837101e-05 
   1.2269137397730512e-04   -3.4010295270273680e-05   -9.8256693237271708e-05   -5.1158757015479679e-06    4.7643846362529416e-05 
2    104 5 
  -4.7132857758011230e-02   -3.5964676493644740e-03   -5.2645028244333826e-03    9.0676078811708083e-03   -6.3702557296364086e-03 
   6.6957025694923018e-03    1.1994605012112303e-02    3.0620514676186355e-02   -7.9475921182113104e-03   -1.1647302665440968e-03 
   1.8683949237987694e-02   -9.5438148456261206e-03   -1.2930495217508260e-02    2.2131907198904836e-02   -2.1295095852117033e-02 
  -5.7179704995794058e-03   -5.6401902550269742e-03    5.3102696867213542e-02   -3.1335944602619958e-02    2.6508303571903511e-02 
   4.6255124323406607e-03    1.9272954606969400e-02    5.2880762679774047e-02   -4.5368675929615902e-02    3.6140785384232862e-02 
  -3.3666622143226119e-02   -7.9567433321201270e-03   -1.4698165797126387e-02    2.1826733742876716e-02   -1.8904393403488321e-02 
  -1.0702065896145826e-02   -3.5380282991129774e-03   -1.6993386288100421e-03    7.2759215672356251e-04   -3.7545965192940767e-04 
   1.8856292890353430e-02    1.4985848764228897e-02    3.0849317355406479e-03   -3.0747498088026927e-03    5.1370399098254170e-04 
   3.6972841767259415e-04   -1.1230059012952699e-02    2.5279915976110989e-03   -1.0416721198396764e-03    1.4991303619343470e-04 
   3.5551121228179165e-03    7.2808286944873936e-04    2.1718382996943619e-03   -1.1287027945239506e-03   -1.2077951522444344e-04 
  -8.9091184655050171e-03   -5.5824023186329579e-03   -2.8258577227542733e-03    1.6602657757885755e-03   -5.3306219233716480e-04 
  -1.1955973102289008e-03    6.7547520858328288e-03   -2.0878893357425816e-03    3.2234120551260137e-03   -9.5769381346005322e-03 
   2.1732038071483489e-03   -1.8882817408761260e-03    6.6335648546275196e-04    4.6387902563912089e-03    5.0092238857041126e-03 
   1.3982781356974760e-03   -1.7828579149163188e-03    3.3822086926100321e-03    7.2527396100870055e-03   -5.5205236030547999e-03 
   6.7819267415013078e-04   -1.7446295639026337e-03    1.0214316134471589e-03    2.1509938570162361e-03    3.8028843806677580e-03 
   5.6562702761067782e-04    4.4563921021028401e-03   -3.6855242928583182e-03   -1.8133458448615048e-03    8.2066492036888487e-03 
   1.3200447936191936e-03   -2.8896160395429004e-03    1.4969568537081845e-03   -4.2268866092497366e-03   -7.1711467101234013e-04 
  -1.0707694695306725e-04   -1.7495785093548578e-04    3.0573501786259141e-04    1.3438484376567968e-03    1.5117363150636701e-03 
  -6.7961717889954880e-04   -2.9944657119689716e-03    2.4923593926458932e-03    8.6524819408400353e-04   -7.5330486207036008e-04 
  -1.2182022211829823e-03    2.5659588378911932e-03    3.4863780678892173e-03    9.9333584915337579e-04   -1.2740825923187498e-05 
  -6.6069617860780271e-04   -1.2746822590005091e-04    2.7056843221588828e-03    2.9351161735873170e-03    2.4118464635789383e-04 
  -9.4312507770080549e-04   -3.0077590666322305e-04   -1.3155312063088789e-04    4.5264854948993109e-06    2.2711758866616369e-05 
   4.8040495815006372e-04   -1.0084209779865649e-05   -6.3860079872745328e-05    2.2809987046402909e-05   -4.9468928207746157e-06 
   7.2143865224771550e-04   -1.2092137990526376e-04   -2.0793703816376506e-04    1.2443663732060285e-04   -5.9524744205015953e-05 
   2.8365726484262682e-04    2.9537220675500869e-04    6.5650680433928330e-06    3.3043909088531067e-06   -1.6306759228043391e-07 
  -4.7001075254915703e-04   -1.8567548747280239e-04   -1.4688121647782714e-04    4.7275702673948470e-05   -1.1171312717822635e-05 
   3.4045815888819213e-04    1.2658658562217335e-04    5.4565965174538914e-05   -1.3195468149800662e-05    2.8156198048417987e-06 
   1.7654071162244626e-04   -1.3434040104192085e-04    9.3648895644783709e-06   -2.2177500689122254e-05    8.0318073145178861e-06 
  -6.9015569783270083e-04   -2.2010039883625364e-04   -9.6267332846685860e-05    3.3123705745134210e-06    1.6619905630979559e-05 
   3.5154851352550720e-04   -7.3793762908745295e-06   -4.6731233248161268e-05    1.6691786593081299e-05   -3.6200142987909933e-06 
   5.2793103296470642e-04   -8.8487286898212823e-05   -1.5216320196789914e-04    9.1059665675860554e-05   -4.3558741408165945e-05 
   2.0757339847226835e-04    2.1614610436438583e-04    4.8041550627119697e-06    2.4180718629295339e-06   -1.1932884683605428e-07 
  -3.4394228992958871e-04   -1.3587274758891652e-04   -1.0748405577751949e-04    3.4595194572719099e-05   -8.1748914399263688e-06 
   2.4913889343620841e-04    9.2632944878648688e-05    3.9930029073933283e-05   -9.6561185196730716e-06    2.0604012099640351e-06 
   1.2918814365820881e-04   -9.8306995986405834e-05    6.8529954778162787e-06   -1.6228948658220265e-05    5.8774787279777874e-06 
   8.1604838507611923e-05    6.7122290911097852e-04   -2.7710326287696993e-05    2.7113422237333174e-05   -6.1733215553335872e-06 
   8.1604838507611923e-05    6.7122290911097852e-04   -2.7710326287696993e-05    2.7113422237333174e-05   -6.1733215553335872e-06 
   8.1604838507611923e-05    6.7122290911097852e-04   -2.7710326287696993e-05    2.7113422237333174e-05   -6.1733215553335872e-06 
   8.1604838507611923e-05    6.7122290911097852e-04   -2.7710326287696993e-05    2.7113422237333174e-05   -6.1733215553335872e-06 
   3.8443857291289652e-05    1.2260289017664542e-05    5.3623952064628115e-06   -1.8450952743322763e-07   -9.2578135959541379e-07 
   8.7058892273998299e-04   -1.8274585180686011e-05   -1.1572711146985330e-04    4.1336213778705023e-05   -8.9647494653938314e-06 
   4.9026416512410168e-05   -8.2173888493782451e-06   -1.4130664900767323e-05    8.4562732973570268e-06   -4.0450908654499903e-06 
   4.7055898926088132e-04    4.8999290444228427e-04    1.0890790280452580e-05    5.4816535266792058e-06   -2.7051280159264720e-07 
  -9.9788075001960630e-05   -3.9420799140172438e-05   -3.1184379861045191e-05    1.0037113701361473e-05   -2.3717835928441917e-06 
  -5.1361325334987136e-04   -1.9096780727527877e-04   -8.2317906514540318e-05    1.9906608635921815e-05   -4.2476281164289685e-06 
   1.8576046058349030e-04   -1.4135626022561643e-04    9.8539661635182802e-06   -2.3335709393833799e-05    8.4512643704161287e-06 
  -2.8712498699173393e-04   -9.1568213304896995e-05   -4.0050030417967994e-05    1.3780431880887171e-06    6.9143675884794621e-06 
   3.1865754111717567e-04   -6.6889598827953654e-06   -4.2359046638812812e-05    1.5130098600795249e-05   -3.2813247983711281e-06 
   1.5077688725819062e-04   -2.5271932974864434e-05   -4.3457748295491849e-05    2.6006603302472702e-05   -1.2440358744447556e-05 
   5.6831426505651688e-04    5.9178543758865287e-04    1.3153274329838848e-05    6.6204279727020815e-06   -3.2670990786294835e-07 
  -8.4074703908310419e-05   -3.3213307456565892e-05   -2.6273855902422613e-05    8.4565952647090473e-06   -1.9983049407361166e-06 
   4.9814867359693855e-04    1.8521788383270838e-04    7.9839364884070745e-05   -1.9307232870493637e-05    4.1197346414477673e-06 
   2.5844435236706086e-04   -1.9666578674647220e-04    1.3709601577095544e-05   -3.2466447824103460e-05    1.1758054109223797e-05 
   4.1958368084207640e-03    1.5368723244302894e-03   -3.0171036761403455e-04    1.5551717202556283e-04   -3.3047605114510552e-05 
   3.8443857291289652e-05    1.2260289017664542e-05    5.3623952064628115e-06   -1.8450952743322763e-07   -9.2578135959541379e-07 
   8.7058892273998299e-04   -1.8274585180686011e-05   -1.1572711146985330e-04    4.1336213778705023e-05   -8.9647494653938314e-06 
   4.9026416512410168e-05   -8.2173888493782451e-06   -1.4130664900767323e-05    8.4562732973570268e-06   -4.0450908654499903e-06 
   4.7055898926088132e-04    4.8999290444228427e-04    1.0890790280452580e-05    5.4816535266792058e-06   -2.7051280159264720e-07 
  -9.9788075001960630e-05   -3.9420799140172438e-05   -3.1184379861045191e-05    1.0037113701361473e-05   -2.3717835928441917e-06 
  -5.1361325334987136e-04   -1.9096780727527877e-04   -8.2317906514540318e-05    1.9906608635921815e-05   -4.2476281164289685e-06 
   1.8576046058349030e-04   -1.4135626022561643e-04    9.8539661635182802e-06   -2.3335709393833799e-05    8.4512643704161287e-06 
  -5.7939268658819382e-04   -3.2130517772245749e-04   -5.9032432434230487e-05    1.6388389993541987e-05   -4.1422306547285935e-06 
  -5.7939268658819382e-04   -3.2130517772245749e-04   -5.9032432434230487e-05    1.6388389993541987e-05   -4.1422306547285935e-06 
  -5.7939268658819382e-04   -3.2130517772245749e-04   -5.9032432434230487e-05    1.6388389993541987e-05   -4.1422306547285935e-06 
  -5.7939268658819382e-04   -3.2130517772245749e-04   -5.9032432434230487e-05    1.6388389993541987e-05   -4.1422306547285935e-06 
  -5.7939268658819382e-04   -3.2130517772245749e-04   -5.9032432434230487e-05    1.6388389993541987e-05   -4.1422306547285935e-06 
  -5.7939268658819382e-04   -3.2130517772245749e-04   -5.9032432434230487e-05    1.6388389993541987e-05   -4.1422306547285935e-06 
  -5.7939268658819382e-04   -3.2130517772245749e-04   -5.9032432434230487e-05    1.6388389993541987e-05   -4.1422306547285935e-06 
  -2.8712529505386442e-04   -9.1568311550261041e-05   -4.0050073388445160e-05    1.3780446666187639e-06    6.9143750070424811e-06 
   3.1865788301121294e-04   -6.6889670595139574e-06   -4.2359092086679576e-05    1.5130114834180086e-05   -3.2813283189700101e-06 
   1.5077704902972299e-04   -2.5271960089625835e-05   -4.3457794922177556e-05    2.6006631205476560e-05   -1.2440372091956803e-05 
   5.6831487481223729e-04    5.9178607252706288e-04    1.3153288442249460e-05    6.6204350758914188e-06   -3.2671025839653067e-07 
  -8.4074794113738656e-05   -3.3213343091786510e-05   -2.6273884092167121e-05    8.4566043379589281e-06   -1.9983070847573803e-06 
   4.9814920807059507e-04    1.8521808255667351e-04    7.9839450545319185e-05   -1.9307253585609220e-05    4.1197390615933075e-06 
   2.5844462965716591e-04   -1.9666599775312088e-04    1.3709616286400766e-05   -3.2466482658003466e-05    1.1758066724674780e-05 
  -6.1801523472443734e-04   -1.9709378633964885e-04   -8.6204719445730167e-05    2.9661357350678041e-06    1.4882663306096023e-05 
   3.9851850602055915e-05   -8.3653262683742700e-07   -5.2974939566070069e-06    1.8921956998706277e-06   -4.1036802450384280e-07 
   3.8995110652234914e-04   -6.5360271104626376e-05   -1.1239386449050202e-04    6.7260333590260561e-05   -3.2174239342301973e-05 
   2.3126963811916889e-05    2.4082099009376667e-05    5.3525895466330976e-07    2.6941149916210004e-07   -1.3295123280760350e-08 
  -2.2256993770228219e-04   -8.7925183531498805e-05   -6.9554458113564802e-05    2.2387041449380133e-05   -5.2900882845195148e-06 
   9.8488325842989739e-06    3.6619186724211956e-06    1.5784936908538295e-06   -3.8172078796183429e-07    8.1450737351928946e-08 
   5.8405425312242643e-06   -4.4444186201371503e-06    3.0982109055121695e-07   -7.3370405511951630e-07    2.6571838185043021e-07 
  -5.0701391838848218e-03    3.1005451262036765e-03    2.3870057941747968e-04   -1.8932770127923270e-05    2.8348543373092471e-06 
  -1.8122629915907763e-03   -5.7795626189556385e-04   -2.5278603823030495e-04    8.6978729951456521e-06    4.3641804296248300e-05 
   9.2312265596257350e-04   -1.9377323979169888e-05   -1.2271040409140901e-04    4.3830554759116322e-05   -9.5057071372880982e-06 
   1.3862812060506256e-03   -2.3235660558261384e-04   -3.9956163583716834e-04    2.3911135219084159e-04   -1.1437983524904187e-04 
   5.4506191758081483e-04    5.6757277661576087e-04    1.2615113449555067e-05    6.3495558494344766e-06   -3.1334270459447434e-07 
  -9.0314965918527387e-04   -3.5678492953750580e-04   -2.8223975703363071e-04    9.0842676526331899e-05   -2.1466247780572662e-05 
   6.5420773567208463e-04    2.4324258762598470e-04    1.0485128815291553e-04   -2.5355765793967000e-05    5.4103572170345632e-06 
   3.3923199133079925e-04   -2.5814193985516183e-04    1.7995113457711335e-05   -4.2615199929638001e-05    1.5433527848897356e-05 
  -1.8330544083783287e-03   -5.8458693833811403e-04   -2.5568615808228460e-04    8.7976604451164366e-06    4.4142490425521183e-05 
   9.3371329759417410e-04   -1.9599632783657870e-05   -1.2411821474994593e-04    4.4333406351989435e-05   -9.6147625668084487e-06 
   1.4021854928310167e-03   -2.3502234618010210e-04   -4.0414565732938815e-04    2.4185458747462960e-04   -1.1569207240103873e-04 
   5.5131520949044965e-04    5.7408432720783482e-04    1.2759841936959496e-05    6.4224019334156719e-06   -3.1693756847394029e-07 
  -9.1351115808073718e-04   -3.6087818984682784e-04   -2.8547778840641325e-04    9.1884880642688021e-05   -2.1712522028042113e-05 
   6.6171321680871570e-04    2.4603321903173632e-04    1.0605420784107042e-04   -2.5646663029653073e-05    5.4724282257076288e-06 
   3.4312387333256038e-04   -2.6110350596713364e-04    1.8201564676863666e-05   -4.3104108210242585e-05    1.5610590952595704e-05 
  -7.0879538547960659e-04   -2.2604485846782746e-04   -9.8867315749816078e-05    3.4018308992975518e-06    1.7068775140650119e-05 
   3.6104311670769800e-04   -7.5786780854157178e-06   -4.7993347860611477e-05    1.7142597459876846e-05   -3.7177834485910917e-06 
   5.4218936566336048e-04   -9.0877146742425317e-05   -1.5627281747196791e-04    9.3519000186551143e-05   -4.4735173533105628e-05 
   2.1317952955758715e-04    2.2198376662537939e-04    4.9339054220257590e-06    2.4833790166258929e-06   -1.2255167385794850e-07 
  -3.5323146463752991e-04   -1.3954239138485631e-04   -1.1038697932507123e-04    3.5529539710989230e-05   -8.3956784644573586e-06 
   2.5586762315463256e-04    9.5134770428699570e-05    4.1008457133003520e-05   -9.9169104448189801e-06    2.1160484140683274e-06 
   1.3267725003382019e-04   -1.0096206600096422e-04    7.0380808079139485e-06   -1.6667259223179514e-05    6.0362173546164909e-06 
2    104 5 
   1.2343371687576734e-02   -1.3335179443855455e-02    3.9352633357091930e-02   -2.3832858487367159e-02    3.0462482468487501e-02 
   3.9860298898550268e-03   -5.6809793247802418e-03    7.5691517093269588e-03    2.8845331390079214e-02    5.8546297546787640e-03 
   3.1509025640710795e-03    1.6744390302571053e-02    1.1338032845394933e-02    3.6277485942600898e-02    3.8640916818841794e-03 
   3.0472649068694963e-04    1.6661385756568482e-02    1.1427427134090649e-03    7.9982651837295026e-04   -5.5157225394658681e-04 
  -4.9141158244425266e-03    5.4550409516144855e-03   -1.2828582279810898e-02    2.9147350550178821e-03   -9.0829650073470467e-03 
  -3.5954157922129157e-03   -1.7374439343287161e-02   -1.1319079620508481e-02   -3.1483273562483177e-02   -8.6145176839604824e-03 
  -3.6761474236646366e-03    4.0198148464510473e-03    2.6524852303657434e-02   -1.5394229880933964e-02   -5.0464983886783343e-03 
   2.2155307178269436e-04    2.7126408300421918e-03    6.2043939694634018e-03   -7.3922919712861579e-03    6.6251811250627665e-03 
   1.0990633804547524e-02   -8.6199998800763069e-04    4.4103889243995460e-03    3.3258830515968999e-03   -4.6350912094859464e-04 
  -1.7964473486667347e-03    1.8313518195270376e-04   -2.3728375624983478e-03    2.9604864840754059e-04    5.7378215342974064e-03 
   9.7865324098031295e-03   -2.4797510983390063e-03   -1.1985280138447338e-02    6.4919927230541559e-03   -1.7469025430021674e-03 
  -3.6099055736584832e-03   -7.6870909198924761e-04   -7.1665205851585813e-03    5.6436431984025291e-03    1.0909552459102460e-02 
  -6.3063641330872045e-03    2.4604065209516996e-04   -5.4589730692234427e-03    3.3136034789296473e-03    1.3430072062553543e-02 
  -9.6978817269565143e-03    1.7793800394168828e-03    2.9026609935812130e-03   -3.2817652880567341e-03   -4.5974082275480211e-03 
   1.0789724943102389e-03    7.6093954713792554e-04    3.4716189336631968e-03   -5.0299791281939853e-03   -2.3057928516554997e-03 
   1.5171841134535829e-04   -3.2072410888368191e-05   -3.1059110563917735e-03    1.2612938637826237e-03    2.7990542227423806e-03 
   3.2530129947107157e-03   -8.9219639560450916e-04   -4.5261494043354914e-03   -7.4066867208341246e-04   -8.5984859751201716e-04 
   1.8781655139563444e-04    2.7402287608089991e-03    5.5934644840082402e-04   -8.2558142141611244e-04    3.6286423511927899e-04 
   2.1417970665584436e-03   -2.4937727533239106e-04   -7.7697715046251808e-04    4.1875752601876231e-04   -1.6596720194898720e-04 
   1.4250198409810622e-03    1.4477237785941433e-03   -4.0381777924839476e-04    5.9086900315709128e-04   -4.7491100686483201e-04 
  -1.8911361431939539e-03    2.7606803308403054e-03   -5.6419021500959108e-04   -9.9811041659649945e-04   -4.6516802773459898e-04 
   9.1775612547604411e-06   -9.9800854748356899e-04   -1.6794980735435284e-06   -4.1054635117014424e-05    5.0670421290397770e-08 
  -4.5841429530829189e-05   -1.5970200658637239e-05    4.1632976050016420e-04   -2.8593326071817298e-06    2.4457792813222076e-04 
  -4.2976114134098326e-06   -6.8486224198008739e-04   -3.2191285995764012e-06    3.5818272493706455e-04   -1.0980026002563956e-06 
   3.9631323637000400e-04    1.5453029015768313e-05    1.0207086444446496e-04    3.5514632721492929e-06   -5.1164873119763608e-06 
  -3.1599144026707581e-06    5.2009350805103886e-04   -1.0727132448812384e-06    9.3866711409187309e-05   -1.5428836454291176e-07 
   2.1334380700269672e-04    1.9850985262346775e-06   -2.9879912018970062e-04   -6.8519582924521755e-07   -1.7161291938479779e-05 
  -2.1150184392673398e-04    2.5448176450073871e-06   -7.0236425625951147e-05   -1.6187434432190478e-06    1.3518022713129693e-05 
   6.7159132356259050e-06   -7.3031806895715887e-04   -1.2290153155304232e-06   -3.0042770591493723e-05    3.7079366026830809e-08 
  -3.3545628820119935e-05   -1.1686599413685199e-05    3.0465986238748340e-04   -2.0923891618449086e-06    1.7897610259295598e-04 
  -3.1448861600269894e-06   -5.0116531699624797e-04   -2.3556790054507089e-06    2.6210929422341132e-04   -8.0349125340771915e-07 
   2.9001226313912765e-04    1.1308145946035262e-05    7.4692944069296014e-05    2.5988733317246932e-06   -3.7441193694665226e-06 
  -2.3123475149058442e-06    3.8059161660961900e-04   -7.8498512615126880e-07    6.8689346988629093e-05   -1.1290442425533699e-07 
   1.5611974220766225e-04    1.4526461982964932e-06   -2.1865383519336330e-04   -5.0140942793889756e-07   -1.2558210669560378e-05 
  -1.5477183900571131e-04    1.8622348606493253e-06   -5.1397285988116512e-05   -1.1845565737584636e-06    9.8921560029368678e-06 
   6.7688669381116610e-04   -1.9128860903846895e-07    2.1872548289820365e-05   -5.6788498982942823e-10    2.0341424614529393e-06 
   8.5720708744837314e-09    7.8745859676943719e-05    4.2266568189223593e-07    2.5838300934064278e-05    1.5123275780884198e-08 
   2.3639374218831496e-06    3.5742735737418066e-07   -7.2779815624694752e-05    1.0279618070705340e-07   -4.0161021639311449e-06 
  -1.6796921174008494e-09   -6.5379749407908840e-06   -3.0564973591429972e-09    1.9925459837916588e-05   -1.7457052991172731e-08 
   3.7409762872619482e-07   -4.0681028510533505e-05   -6.8460043939989654e-08   -1.6734774325290142e-06    2.0654380750074219e-09 
  -8.3073748667762654e-05   -2.8941166304535399e-05    7.5447197525637169e-04   -5.1816769415274593e-06    4.4322364156802746e-04 
  -2.9205045571909945e-07   -4.6540813171471055e-05   -2.1876058212036844e-07    2.4340829820530562e-05   -7.4616369173128015e-08 
   6.5744396160782946e-04    2.5635027252742060e-05    1.6932533997540705e-04    5.8915218288764125e-06   -8.4877399470994089e-06 
  -6.7088204621554193e-07    1.1042115463943967e-04   -2.2774795928654883e-07    1.9928859898386542e-05   -3.2756992918641123e-08 
   3.2184926087404304e-04    2.9947084117736177e-06   -4.5076666313381160e-04   -1.0336825535027730e-06   -2.5889427978444082e-05 
  -2.2254742025800369e-04    2.6777194534513283e-06   -7.3904487265904196e-05   -1.7032814970291705e-06    1.4223994580577975e-05 
  -7.0134274335884917e-04    2.0916404607434449e-07   -2.2534550271012016e-05    4.4294448743702412e-09   -2.1005559299094359e-06 
  -7.0134274335884917e-04    2.0916404607434449e-07   -2.2534550271012016e-05    4.4294448743702412e-09   -2.1005559299094359e-06 
  -7.0134274335884917e-04    2.0916404607434449e-07   -2.2534550271012016e-05    4.4294448743702412e-09   -2.1005559299094359e-06 
  -7.0134274335884917e-04    2.0916404607434449e-07   -2.2534550271012016e-05    4.4294448743702412e-09   -2.1005559299094359e-06 
  -7.0134274335884917e-04    2.0916404607434449e-07   -2.2534550271012016e-05    4.4294448743702412e-09   -2.1005559299094359e-06 
  -7.0134274335884917e-04    2.0916404607434449e-07   -2.2534550271012016e-05    4.4294448743702412e-09   -2.1005559299094359e-06 
  -7.0134274335884917e-04    2.0916404607434449e-07   -2.2534550271012016e-05    4.4294448743702412e-09   -2.1005559299094359e-06 
   4.3640495379369717e-04   -8.2276751879345510e-05    3.1928226192977308e-03   -4.6117978526317458e-06    1.2483154141148594e-03 
   3.7409762872619482e-07   -4.0681028510533505e-05   -6.8460043939989654e-08   -1.6734774325290142e-06    2.0654380750074219e-09 
  -8.3073748667762654e-05   -2.8941166304535399e-05    7.5447197525637169e-04   -5.1816769415274593e-06    4.4322364156802746e-04 
  -2.9205045571909945e-07   -4.6540813171471055e-05   -2.1876058212036844e-07    2.4340829820530562e-05   -7.4616369173128015e-08 
   6.5744396160782946e-04    2.5635027252742060e-05    1.6932533997540705e-04    5.8915218288764125e-06   -8.4877399470994089e-06 
  -6.7088204621554193e-07    1.1042115463943967e-04   -2.2774795928654883e-07    1.9928859898386542e-05   -3.2756992918641123e-08 
   3.2184926087404304e-04    2.9947084117736177e-06   -4.5076666313381160e-04   -1.0336825535027730e-06   -2.5889427978444082e-05 
  -2.2254742025800369e-04    2.6777194534513283e-06   -7.3904487265904196e-05   -1.7032814970291705e-06    1.4223994580577975e-05 
   7.1609956100582798e-06   -7.7871829225039865e-04   -1.3104656016878283e-06   -3.2033789117233048e-05    3.9536719434275610e-08 
  -2.5176933764228175e-05   -8.7711201046541642e-06    2.2865575771672527e-04   -1.5703966564240374e-06    1.3432657663164501e-04 
  -2.8741037577653219e-06   -4.5801375552118658e-04   -2.1528492724826182e-06    2.3954104191366272e-04   -7.3430868821365386e-07 
   1.7387898624266751e-04    6.7798821060110574e-06    4.4782704199025344e-05    1.5581736282531208e-06   -2.2448143167727311e-06 
  -1.7469309798253686e-06    2.8752913713501023e-04   -5.9304011474746466e-07    5.1893388629907816e-05   -8.5296969949184359e-08 
   1.0022105557788549e-04    9.3252610666514174e-07   -1.4036481138998680e-04   -3.2187974073066134e-07   -8.0617422990532822e-06 
  -6.8522973848061957e-05    8.2447731754685791e-07   -2.2755398567662593e-05   -5.2444514226005804e-07    4.3796077596853956e-06 
  -7.0134346219647000e-04    2.9053688935856853e-07   -2.2534689372887118e-05    3.6357796923370033e-08   -2.1005706601196732e-06 
  -7.0134346219647000e-04    2.9053688935856853e-07   -2.2534689372887118e-05    3.6357796923370033e-08   -2.1005706601196732e-06 
  -7.0134346219647000e-04    2.9053688935856853e-07   -2.2534689372887118e-05    3.6357796923370033e-08   -2.1005706601196732e-06 
  -7.0134346219647000e-04    2.9053688935856853e-07   -2.2534689372887118e-05    3.6357796923370033e-08   -2.1005706601196732e-06 
  -7.0134346219647000e-04    2.9053688935856853e-07   -2.2534689372887118e-05    3.6357796923370033e-08   -2.1005706601196732e-06 
  -7.0134346219647000e-04    2.9053688935856853e-07   -2.2534689372887118e-05    3.6357796923370033e-08   -2.1005706601196732e-06 
  -7.0134346219647000e-04    2.9053688935856853e-07   -2.2534689372887118e-05    3.6357796923370033e-08   -2.1005706601196732e-06 
   1.8685966458724738e-06   -5.7479193535034216e-04    8.0616744530633282e-07    3.0847066980129842e-05    7.8636853238062687e-08 
   1.8685966458724738e-06   -5.7479193535034216e-04    8.0616744530633282e-07    3.0847066980129842e-05    7.8636853238062687e-08 
   1.8685966458724738e-06   -5.7479193535034216e-04    8.0616744530633282e-07    3.0847066980129842e-05    7.8636853238062687e-08 
   1.8685966458724738e-06   -5.7479193535034216e-04    8.0616744530633282e-07    3.0847066980129842e-05    7.8636853238062687e-08 
   1.8685966458724738e-06   -5.7479193535034216e-04    8.0616744530633282e-07    3.0847066980129842e-05    7.8636853238062687e-08 
   1.8685966458724738e-06   -5.7479193535034216e-04    8.0616744530633282e-07    3.0847066980129842e-05    7.8636853238062687e-08 
   1.8685966458724738e-06   -5.7479193535034216e-04    8.0616744530633282e-07    3.0847066980129842e-05    7.8636853238062687e-08 
  -6.2966987403791324e-04   -1.4307252255548158e-04    3.6261923407569720e-03   -1.6310710545327062e-05    1.7206919329726443e-03 
   1.7635152545838781e-05   -1.9177243810597844e-03   -3.2272413013881423e-06   -7.8888577575742639e-05    9.7365801677932420e-08 
  -8.8086647449632654e-05   -3.0687555984073260e-05    7.9999889207871776e-04   -5.4943535986518392e-06    4.6996897674964002e-04 
  -8.2580797615388395e-06   -1.3159977661755470e-03   -6.1857199687722530e-06    6.8826639432920079e-04   -2.1098680590342309e-06 
   7.6153611894388973e-04    2.9693784266162387e-05    1.9613437764091031e-04    6.8243180107144214e-06   -9.8315916114151810e-06 
  -6.0719368660151127e-06    9.9938623104509159e-04   -2.0612732714379628e-06    1.8036967868981579e-04   -2.9647297024042091e-07 
   4.0995101822404031e-04    3.8144681748116617e-06   -5.7415776575444179e-04   -1.3166387711380439e-06   -3.2976298693923996e-05 
  -4.0641159212524355e-04    4.8899970400926417e-06   -1.3496287802444528e-04   -3.1104981771641001e-06    2.5975570856636926e-05 
   1.7837474067822049e-05   -1.9397257170001411e-03   -3.2642662361147875e-06   -7.9793636777285279e-05    9.8482843174080327e-08 
  -8.9097232673213193e-05   -3.1039622858261399e-05    8.0917698072918915e-04   -5.5573882664554809e-06    4.7536075538119729e-04 
  -8.3528216279145869e-06   -1.3310957172869508e-03   -6.2566864248542908e-06    6.9616261774256040e-04   -2.1340737876650512e-06 
   7.7027293855627893e-04    3.0034449968404379e-05    1.9838455413892500e-04    6.9026108637440015e-06   -9.9443857918550220e-06 
  -6.1415979310342743e-06    1.0108518162045392e-03   -2.0849214902110501e-06    1.8243899268170226e-04   -2.9987429395508852e-07 
   4.1465423322204441e-04    3.8582301442462128e-06   -5.8074486346873760e-04   -1.3317440762600962e-06   -3.3354623458838144e-05 
  -4.1107420060887840e-04    4.9460981507053017e-06   -1.3651125674258636e-04   -3.1461837616065505e-06    2.6273578884434743e-05 
   6.8972962559630524e-06   -7.5004245974463117e-04   -1.2622084944995892e-06   -3.0854164109842733e-05    3.8080803532970119e-08 
  -3.4451627343481612e-05   -1.2002230456665315e-05    3.1288809942339437e-04   -2.1489002948182892e-06    1.8380987946253700e-04 
  -3.2298230748305095e-06   -5.1470076269003557e-04   -2.4193010562370213e-06    2.6918832782266681e-04   -8.2519190159127030e-07 
   2.9784489860915455e-04    1.1613555738291756e-05    7.6710247050712491e-05    2.6690635616819977e-06   -3.8452403422828667e-06 
  -2.3747992711462048e-06    3.9087061434435027e-04   -8.0618596185381398e-07    7.0544505145779218e-05   -1.1595374082068882e-07 
   1.6033621573588875e-04    1.4918791880156847e-06   -2.2455922611254437e-04   -5.1495146656778150e-07   -1.2897382142055252e-05 
  -1.5895190843738175e-04    1.9125299987416240e-06   -5.2785421099839389e-05   -1.2165490134416884e-06    1.0159322815626000e-05 
 TENSORSUMACCUMULATOR_IMPL_H - PrettifyOut: Norm of simple tensor is 7.47843e-06 
 As simple full tensor 3    5 5 5 
  -9.6953663491460130e-07    2.1953754324942360e-08   -2.9171511432910428e-06    2.1252671594061187e-08   -2.2898722754450533e-06 
  -2.8232787224601079e-07   -2.2952718079971137e-08   -1.4953076266587277e-07   -1.7933819947891204e-08   -1.1215831505042729e-07 
   2.5681653230712988e-08    1.5513092227386413e-09   -2.3763482003243187e-08   -7.1637849500704615e-09   -1.8857126314940272e-07 
   9.7367114379826876e-08    3.9687330420442173e-09    3.1436009693068195e-07    3.4622993522534848e-10    4.0781313084098574e-07 
  -8.0515321237737362e-08   -7.6776829199737326e-09   -2.3681850981186228e-07   -1.9325576534591108e-09   -2.6822917951455446e-07 

  -1.5990598909704218e-08    1.8034964894577038e-06   -3.0754386469659774e-08    3.6998382667550746e-06   -2.4008470918094700e-08 
   1.4286542343135795e-08    2.9805954224098049e-07    2.2679968482684834e-08    1.0965646685420055e-06    1.6501076244134805e-08 
  -2.6101100117927932e-09    1.5675100745691792e-06   -1.8205275936354631e-08    2.3787644467340697e-06   -2.0214958628263745e-08 
   2.5836334773624864e-08   -1.6686486680281631e-06    1.6218442131473200e-08   -2.2118201013534864e-06    2.4407783463290335e-08 
  -4.1733785725220116e-08    1.4560025680638831e-06   -1.0984823836379500e-08    1.6202865780570623e-06   -1.5567607768395965e-08 

  -5.8265074329706453e-08    6.4910231429083382e-09   -7.7285102361796638e-07    8.3015852969685723e-09   -3.5410140637555021e-07 
   1.9887764073033106e-07   -9.3051209762733367e-09    5.6443364443623092e-08   -8.5820479892271942e-09    1.2895692151026650e-07 
   6.4393648272188579e-08    2.5582014727772517e-09    8.0489179806574128e-08    8.5955756097927645e-10    3.2815503459271009e-08 
  -3.2946121687975709e-08    3.2935031191958044e-09   -2.0670215024087365e-08   -1.8457763527186762e-09   -8.7319396722033638e-09 
   2.6616724852681950e-08   -2.5439909873094682e-09    2.0799907061314876e-08    1.1835786675150967e-09    1.0335387836978902e-08 

  -6.8020988646161147e-09    1.2480385807879983e-08   -2.9097678091254661e-09    3.2488956421205377e-08   -1.3400115091747282e-09 
  -4.2534293674552162e-09   -1.1657585108530977e-07    5.3422908902035081e-09   -3.5559865887255790e-07    3.7006156742434021e-09 
  -8.9552429432141894e-09    2.5034335826509464e-07    4.2671115113574539e-09   -5.9640495934507996e-07    5.9400455992521022e-10 
  -6.6860959732898106e-09    2.4721227803660139e-08   -4.8816079226458562e-09    5.5366980070820956e-07   -8.1701963639006266e-11 
   5.7801301761748041e-09   -5.6666814943944727e-08    1.7178344563041887e-09   -4.0066211829222832e-07   -3.6788497702402794e-10 

   1.5985524122756043e-07    2.7793753094586210e-09   -9.3783906843550799e-08    2.8107147897789043e-09   -6.9788061544826850e-08 
   1.0936941841214678e-07   -1.1260052883811251e-08   -6.1817067315665458e-08   -9.4287910503192338e-09   -5.5599981162665407e-09 
   6.6181493958428199e-08    6.9076551331037398e-09   -3.9559097387141608e-08   -8.9224558998660747e-09   -4.9094663610596117e-09 
  -1.9602994024679415e-08   -1.2172946515662422e-09    2.8379122391479207e-08    5.5447369254015336e-09   -3.4392689668348348e-09 
   1.0880947167199003e-09   -1.0163966334780441e-09   -1.2882303674969334e-08   -1.9662949702268550e-09    3.3023716394406844e-09 
