2    5 5 
  -1.2921600246193451e-06   -1.6002024578213687e-03   -1.1081640719802770e-06   -8.7088520203633705e-04    1.3276315556019448e-06 
  -1.2921600246193451e-06   -1.6002024578213687e-03   -1.1081640719802770e-06   -8.7088520203633705e-04    1.3276315556019448e-06 
  -1.2921600246193451e-06   -1.6002024578213687e-03   -1.1081640719802770e-06   -8.7088520203633705e-04    1.3276315556019448e-06 
  -1.2921600246193451e-06   -1.6002024578213687e-03   -1.1081640719802770e-06   -8.7088520203633705e-04    1.3276315556019448e-06 
  -1.2921600246193451e-06   -1.6002024578213687e-03   -1.1081640719802770e-06   -8.7088520203633705e-04    1.3276315556019448e-06 
2    5 5 
   1.7319730127408784e-03    9.1559634754170296e-05   -1.9067865726549746e-05   -1.3134186861168750e-05    6.8861880235592032e-06 
  -1.0904629199974866e-03    1.9006988460109679e-04   -3.5858753721982222e-05    5.0989996597884957e-06   -4.0997212593950585e-07 
  -4.5855311662832489e-04   -3.2759460193686429e-04   -5.1015235533002009e-05    2.3328246902018583e-05   -8.8694687779495884e-06 
   2.0295460670890789e-05   -1.8274836704161454e-04   -4.5103885889962013e-05    1.7711419126917452e-05   -6.3613327103149208e-06 
   7.9333298284074897e-05   -1.7595444928190990e-05    5.6546418188740058e-06   -2.0936863227321800e-06    1.1216588389994211e-06 
2    5 5 
  -1.6682545930408227e-03   -4.6962087019833220e-04    3.9339184934792737e-05   -5.6042714911844903e-05    1.9791089882453901e-05 
  -4.4389325946750879e-04    9.7056468171024721e-04    2.6599763402099859e-04   -1.2353475989594306e-04    3.8669802476433453e-05 
   4.0748987647299252e-04    3.1899208720544424e-04    2.0802481049230070e-04   -9.5079190054926294e-05    2.6387260839581329e-05 
  -1.2703869301231748e-04   -1.2790477878075237e-04   -5.7239327014944243e-05    1.9920712597263270e-05   -5.0749895761678379e-06 
   7.4955980849771456e-05    2.0314664488296465e-05    4.1626261383313891e-07    2.3427301405354869e-05   -7.8033409380526172e-06 
 TENSORSUMACCUMULATOR_IMPL_H - PrettifyOut: Norm of simple tensor is 6.04685e-09 
 As simple full tensor 3    5 5 5 
   3.3451572457246123e-12    2.6088640385253830e-12    4.1148222242632966e-13   -1.0790483263881783e-13    2.6763705416488158e-14 
   4.5058883251946979e-13   -7.7521408887937777e-14    4.5674171150251971e-15    1.9598838933760934e-15   -2.0447850372941822e-15 
  -4.2761593263053270e-14    4.6825493914488625e-14    2.3668266147225674e-14   -1.2382609571634067e-14    3.7800855071585651e-15 
  -3.4561159413975251e-14   -2.0998396027622845e-14   -6.0445004645114965e-15    2.3363343312364794e-15   -6.1927861526505779e-16 
   1.8126342314347714e-14    7.2679626902791867e-15    1.7038924026305316e-15   -5.2666142890809453e-16    1.1639564334516067e-16 

   4.1426206850690898e-09    3.2308000302051759e-09    5.0957687216053975e-10   -1.3362863353577754e-10    3.3143996387357560e-11 
   5.5800624034699153e-10   -9.6002001820786070e-11    5.6562592512578270e-12    2.4271072959007867e-12   -2.5322483129428370e-12 
  -5.2955675253963488e-11    5.7988383035404450e-11    2.9310624798440156e-11   -1.5334542079343777e-11    4.6812329774030917e-12 
  -4.2800312024581852e-11   -2.6004275239521665e-11   -7.4854695357589970e-12    2.8933010369504411e-12   -7.6691055545948183e-13 
   2.2447542850797802e-11    9.0005970922718197e-12    2.1100891210094116e-12   -6.5221404231779707e-13    1.4414359755131303e-13 

   2.8688266191554303e-12    2.2373772141936272e-12    3.5288958523986594e-13   -9.2539822038379847e-14    2.2952711901417306e-14 
   3.8642764512136206e-13   -6.6482818305892259e-14    3.9170439049217264e-15    1.6808080071444937e-15   -1.7536197298161953e-15 
  -3.6672595043875531e-14    4.0157820254541348e-14    2.0298044894361356e-14   -1.0619399132616168e-14    3.2418236659816814e-15 
  -2.9639854521759294e-14   -1.8008348504574710e-14   -5.1837993129473055e-15    2.0036541269515249e-15   -5.3109699952573489e-16 
   1.5545258270231150e-14    6.2330477467240581e-15    1.4612681921277871e-15   -4.5166795326737852e-16    9.9821591469009343e-17 

   2.2545566247836859e-09    1.7583124705825992e-09    2.7732925611723822e-10   -7.2725297318369859e-11    1.8038102521973306e-11 
   3.0368618357438764e-10   -5.2247590511400832e-11    3.0783307804114442e-12    1.3209152488318284e-12   -1.3781366056804137e-12 
  -2.8820299404681240e-11    3.1559272033805474e-11    1.5951849889140920e-11   -8.3455850924550948e-12    2.5476879549699778e-12 
  -2.3293401533387194e-11   -1.4152420767189827e-11   -4.0738499163797905e-12    1.5746339132281267e-12   -4.1737909523301525e-13 
   1.2216724699605894e-11    4.8984344317422780e-12    1.1483830570832027e-12   -3.5495730883215338e-13    7.8447902302705324e-14 

  -3.4369863122663838e-12   -2.6804808660148459e-12   -4.2277796298747613e-13    1.1086696545611157e-13   -2.7498405134636307e-14 
  -4.6295810213670344e-13    7.9649475849298348e-14   -4.6927988592513350e-15   -2.0136853428263445e-15    2.1009171373601203e-15 
   4.3935456524101418e-14   -4.8110916715470741e-14   -2.4317991893224555e-14    1.2722528862354306e-14   -3.8838539395735444e-15 
   3.5509909734051546e-14    2.1574830247136908e-14    6.2104301337600244e-15   -2.4004698516342561e-15    6.3627864635231211e-16 
  -1.8623934795738708e-14   -7.4674780435146056e-15   -1.7506665412816092e-15    5.4111899363453540e-16   -1.1959086033879412e-16 
