2    16 5 
   4.4193431584104673e-06    2.2026097852641795e-03    7.3515987146472387e-07   -8.4308346329305996e-06    6.4250450460487623e-08 
   2.0248760855124968e-04    9.3762793156488018e-03    9.7042492048102591e-05    6.7708400619876964e-03    2.2869539474247522e-05 
   3.1341150113921230e-06    5.3431312044443049e-04   -1.0746792570706875e-06   -1.1230230498416721e-03   -6.6165438992204903e-07 
  -4.9700736467640888e-05    4.6391837103039492e-03   -2.4541085634606510e-05   -3.6385771320175432e-03   -7.0775324429583095e-06 
  -6.1217510420600839e-06   -2.4780339961801411e-03   -1.9997782281944446e-06    3.1822000373676944e-04    9.0534436830644344e-08 
  -6.2917853078188464e-08   -1.0536000542174493e-03    1.8259830296198629e-06    1.9040875160283191e-03    1.5487986078210399e-06 
   1.6348786833677290e-04    1.6388007986547353e-05    7.2209096102356554e-05    2.6604025676064124e-05    1.3539951966084517e-05 
  -5.8231583823029954e-04    1.4867128298023779e-05    1.1657187240912014e-04    3.4230208850709888e-05    4.3935342916075586e-05 
  -2.3384256983549230e-04   -2.1865953169694721e-05    1.1716258105796944e-04   -2.1892738719412003e-04    2.2658895413746024e-05 
   5.6938317757515794e-04   -1.8206649650173037e-04    1.1059603510460493e-04   -1.6837139847699012e-04    2.8458973175406740e-05 
   4.4346529660581639e-04    6.8469990676942768e-05    1.9273389028910077e-04   -7.5331256690410790e-05    5.3084077659963992e-05 
  -1.7545404139228897e-05    1.3032984988596788e-05   -1.2117374356648950e-06   -1.3733721291734832e-04    3.8615375829589220e-05 
   2.2682631266063779e-04    3.2146954052706737e-05   -1.2421510369393781e-05    3.8779901887850517e-05   -4.6420604256975502e-06 
  -2.7893161981860717e-05   -1.7906351387270607e-05    1.8137512027042191e-04    4.6645609027825416e-05    4.8319278275826889e-06 
  -1.2525468723240961e-04    1.1152323645301075e-04    3.5597174570792966e-04   -4.2476991201691002e-06    1.9272978860049127e-04 
  -1.3050623545872721e-04    2.9384989021267649e-05   -6.6886526206481247e-06   -1.6438592033621906e-05   -1.6706403604320675e-05 
2    16 5 
   7.2441287535182683e-02    9.7867617095215256e-02    7.9201349653002004e-02   -3.0723536080599381e-02    1.1309239820022380e-02 
  -3.2235645326585065e-02    9.5732340404180022e-03    1.3746248788340952e-02   -8.1033122714030820e-03    3.6172033703873504e-03 
  -1.3905393618883906e-02    5.1862839898947366e-04    3.5541733979261449e-02   -2.1018043708149900e-02    1.2543873147123902e-02 
  -4.1049242405108662e-02    1.0163893376936916e-02    1.1372311059631606e-02   -7.7485269642159800e-03    3.4881977070882449e-03 
  -6.4005401818248514e-02    1.5508192731495141e-02    2.5339684735380341e-02   -1.6401897344831797e-02    7.5004522320402320e-03 
   6.4999300415047090e-02   -6.8944473074401119e-04    1.7295554431338424e-03    7.4011655117876517e-03   -6.0227693655978713e-03 
   4.1182785601730956e-02   -8.5881454723731598e-02   -1.0267513872060374e-02   -2.8040289992918604e-02    2.0558506969377228e-02 
  -2.8761860813374352e-03   -1.1376755671196420e-02   -2.1708023988289554e-03   -1.4311971646561346e-03    1.4535782583047962e-03 
   1.1514018125189870e-02    5.8690701021409954e-04   -1.9186708396604212e-03    2.2263857277111563e-04    5.3124088566580463e-05 
  -3.1938539153658955e-03    2.2174942058119807e-03   -1.4885398229589246e-03   -1.9631487036323443e-03    7.8103869400279844e-04 
  -2.8569230895320437e-02    1.6832798298428386e-02    7.8565940210215193e-03    3.0088691058448489e-03    1.3339366630210378e-03 
  -7.2158922418642953e-04   -1.0717432367608273e-03    1.4879753807113337e-03    1.1267507839041457e-03   -1.3439462935522901e-03 
   1.7509368824464099e-04    2.7346245918893295e-04    9.6582558021597717e-04   -2.2215808214856806e-03   -2.8180830844641395e-04 
   1.2728451824615791e-03    1.1738458552996648e-03    1.3021322131824098e-03   -4.4943092446487944e-05   -4.1755845734517578e-03 
  -1.6161055546747979e-03   -3.3040908661127067e-03    1.3054059262270585e-04    1.3786131223739212e-03    2.3208889466455095e-03 
   1.0325502237118296e-03    9.5808978280748970e-04    1.7619301584382760e-04    4.3619138523541892e-03    6.2489595039378152e-03 
2    16 5 
   1.5250076859156059e-03   -1.1606453298410577e-01   -7.4888863938169870e-05   -1.8115701082365970e-02    8.0941194629165713e-05 
  -4.2732810650741634e-03    2.1538334406061753e-02   -2.8572617067392455e-03    6.4035312692760481e-03   -7.4024005282275222e-04 
  -2.6326822202506883e-03    1.0816871188220924e-01   -1.8305528625839102e-03   -2.1904619110618650e-02   -5.5467937971922154e-04 
  -1.0974486628084239e-02    6.2137373932720924e-02   -6.4195365401800049e-03    3.1226264426059275e-02   -1.5821235223403588e-03 
  -1.5455836534453258e-02    1.4688493601265734e-01   -1.1423505907282590e-02   -7.0131549112463568e-02   -2.9888036992619721e-03 
   3.9621669499470200e-03    1.9915586105010777e-02    1.3686347164441602e-03   -5.0756488920655159e-02    2.3718634732616361e-04 
   9.2763343482272272e-04    2.7047576374159379e-05    1.1657062188647762e-03   -5.5703248157226758e-04    4.1339489704781557e-04 
  -1.3621660975357879e-02   -2.0010309385333513e-04   -6.7596029303586356e-03   -5.3069389149865826e-04   -2.0155770948313344e-03 
  -1.8703722805331704e-03    1.9321996623685768e-04    5.3862567305400953e-03    5.6689069429020610e-05    8.5354499689045595e-04 
  -9.6678478935183863e-03    4.1148766795658142e-04    8.8129747396155401e-03    4.1124530639894183e-04    2.4478726774356859e-03 
  -1.4897321405694364e-03   -1.6376834172383728e-04    2.6891186089680785e-03   -4.7609907792724735e-04    8.3765569142707854e-04 
   3.2284435445520409e-04   -6.5476382882558688e-04   -7.1740664839191315e-04    4.4565597883117084e-04   -1.7355704952297390e-03 
   8.7551383102836284e-04   -5.8101004777691596e-04    4.5432038560283996e-05   -2.0326188088756821e-03   -1.8496443811758224e-03 
  -9.4677713017509661e-06   -6.6151573120032544e-04    2.1702140492849790e-03    1.0831782053113892e-03    5.6992273768570814e-04 
   2.1357883897956201e-04    2.5587237636652305e-04   -6.3919757263198609e-05    6.4081252276389526e-04    2.1265962657535643e-05 
  -9.7089968317048189e-04    1.0754908833264284e-03    3.1721614018370448e-04   -2.2159950504000887e-04    7.5283406619748485e-04 
 TENSORSUMACCUMULATOR_IMPL_H - PrettifyOut: Norm of simple tensor is 4.32127e-05 
 As simple full tensor 3    5 5 5 
   2.5169884725410503e-08    2.3363894647231195e-09   -6.7083946431845583e-08   -9.6692866345932763e-09   -1.7685570428573352e-08 
  -1.2668314335236469e-07   -5.6095122443053215e-08   -3.2081427481793699e-08   -3.1734633659387296e-09   -1.0499983320896822e-08 
  -1.9463118160502283e-08   -2.7779104647772285e-08   -9.0243413184197669e-09    5.8786473841386520e-11   -3.1493325759291616e-09 
  -5.4225815518936081e-09    1.0631012119245472e-08   -1.6497040454293037e-08    4.4858679921500179e-10   -4.3723183603338854e-09 
   9.6271919902913422e-09   -3.9449248249305817e-09    1.4545012498402692e-08   -5.5047643132068790e-10    4.0442409821784007e-09 

   9.2056875388675601e-07   -1.5732300004378864e-05    1.8174408783992564e-07   -1.8256617935265249e-05    5.1722582067814919e-08 
   2.6910542924168672e-08   -2.5756862966447442e-05   -1.3684762738412386e-07    7.9415239910352201e-07   -8.9850066689011733e-09 
   4.6376625912696002e-08   -2.1398495796228926e-05   -3.5941159946586971e-08    3.3926604034536914e-06    1.2995654028152257e-08 
  -1.7587005756863662e-08    8.5845273395418774e-06    1.8091435999965975e-09   -2.5912281602048981e-06   -8.3580596925820447e-09 
   1.1348914748690290e-08   -3.0336609542311429e-06    5.5307343364949420e-09    1.1057523994532817e-06    4.7028938950155851e-09 

   1.7146361207662948e-08    1.2677712098367717e-08   -3.2459531141354861e-09   -3.9055220300637116e-09   -1.9403526285659163e-09 
   4.0833087883543418e-09   -9.2481336683626866e-09    1.2820632513871493e-08    1.3119792336021579e-09    3.3870318997885410e-09 
   8.6075095983908037e-10   -7.3462436885061045e-09    1.3953979191446134e-09    3.0579722487043182e-09    6.6932160285292465e-10 
   2.4638116001830109e-09    4.9144493382120802e-09   -8.7182095025736162e-10   -1.0615775120838967e-09   -4.1698023590111629e-10 
  -2.2571490519497548e-09   -1.9388910248144642e-09    8.7500928801100462e-11    3.8050745503665296e-11    1.7541325661368236e-10 

   5.5393361046334506e-08    5.8123611193747457e-06    3.7269222715742026e-08   -1.9194898984919144e-06    8.2340718888831352e-09 
   5.6668186478600377e-08   -1.7048833723716069e-07   -1.2255905042604141e-08   -9.8946945192705157e-07   -6.7769401829392022e-09 
   4.7266271939672416e-08   -3.5561344605467659e-06   -1.1451018132170975e-08   -5.4187679657532336e-07   -3.8330320919683871e-09 
  -3.0391044089927686e-09    2.6075074349441238e-06    1.3044071636367211e-08   -3.4111999543279419e-07    2.6198221716105402e-09 
  -9.3343630014438563e-09   -1.6517979275245266e-06   -7.4461795229540017e-09    4.8505664978566784e-07   -8.7562946779652870e-10 

   5.2623467251286823e-09    4.0011484082428340e-09   -1.4939514805078436e-09   -3.8182533400501057e-10   -6.2866548684461733e-10 
   3.4672987249793083e-09   -5.4163720547423046e-10    4.9503401664890032e-09   -8.9493013467319191e-10    1.4408934626122861e-09 
   6.4730773440135828e-10   -1.0890417121070168e-09    6.0492747734190560e-10   -4.0626167398434268e-10    1.5565286031442880e-10 
   1.1664957367045698e-09    1.0691502497734785e-09    6.0261182456774851e-11    1.0995672492290425e-10   -1.2309682413465892e-10 
  -8.5992800258207161e-10   -7.7916712840011311e-10    1.3412066659800783e-10    4.0197007718878921e-10    8.6418986478817834e-11 
