2    102 5 
  -4.2285083367874380e-03   -2.3055996364039171e-04   -5.6112267575064205e-05    5.6562732053318617e-05   -1.1078587946774008e-05 
   1.1670386530243609e-03    1.6453768427337142e-03    6.4369919909534933e-04   -6.8312456185129402e-04    2.2985039377222243e-04 
  -2.0408820035292762e-03    5.1231440641148665e-04   -2.0165008547033193e-04   -1.1371823137326328e-04    3.6264401425647745e-05 
  -1.7361564167617531e-03    7.6317303900067766e-03   -1.2704744596444735e-03   -7.4193194596468520e-04    1.6364508727138399e-05 
  -1.5676100061435803e-03   -1.7942877311153340e-04    2.5637455665164012e-04    6.5402989040675295e-05   -5.3522516671417788e-05 
  -2.0012059994366478e-03    6.7144651961325548e-03   -1.1286238182847139e-03   -6.8603529664633942e-04    2.3007967935948566e-04 
  -2.4170803956017142e-04   -5.3001663337075928e-04   -7.8698700148949489e-04    7.5825909009352504e-04    3.8337923639192859e-04 
  -5.1967361385394793e-05   -8.0711148087474067e-05    1.3272387465556473e-03   -4.0718406802023929e-04   -7.8655460503646146e-05 
   3.2022550353538016e-04    1.4681766377154306e-04    8.5519888940014809e-04    6.2485405483042264e-04   -1.3523630609070192e-04 
  -6.4793233888753863e-04    5.3125195692586217e-04    3.6168014974249539e-05    2.3696149604391002e-04    1.0842570758352696e-04 
  -1.0171073422103262e-04   -2.4544783705517536e-05    6.7967675739694588e-04    7.0260419311712473e-04    5.0144738621095967e-05 
  -3.8654036558585596e-04   -2.1267923373044021e-04   -1.0499067598630243e-05    1.7931207942264180e-04   -2.0736376863435480e-04 
  -6.2297712946205263e-05    3.8047630421017190e-04    1.7811165897688066e-04   -3.3585182529525990e-05   -2.0394457215681499e-04 
  -2.3180733295889643e-04   -2.2951632065328727e-05    2.3299567138278956e-04   -2.8752395357798928e-04    8.6874297471601768e-04 
   1.3346310385333249e-04    1.5491872442685857e-04   -1.8059554504957693e-04    3.3567662059106988e-04    1.4040577397199779e-04 
   9.9548656614752197e-05    1.8131533305147034e-04   -2.1405477572086873e-04    2.2785521418992286e-04   -2.9768467480516432e-04 
  -3.2415706461946097e-06   -2.8319849128314270e-05   -4.4127408727549512e-04   -8.6166277160725619e-05   -2.8555526491705943e-04 
  -1.8977896560222419e-04   -1.6646206755842932e-04   -5.1848111869566018e-04   -4.6404608406324478e-05    1.1269453707500105e-04 
   2.9143167436567898e-05    2.8632111719374115e-05   -1.7497281538148204e-05   -6.7975770376144860e-05    1.1246414674947919e-04 
   1.5493708012420837e-06    2.2504989001934331e-05   -3.6690571650746186e-06    1.3208552440205454e-04    3.6532970777933025e-05 
   9.5900198883088746e-06   -5.0469676760602115e-05   -3.1103842912266275e-05   -1.4396892021734756e-05   -1.6377166061201098e-04 
  -6.4939736608583820e-04   -4.6732400345505501e-04   -1.2351768778706011e-05   -7.5108845593910107e-06   -4.3203965815878562e-07 
   5.8312473586811911e-05   -7.9588122708831294e-05   -3.9427312992376659e-05   -2.4864217750364748e-05   -1.7991464851532935e-06 
  -1.4736573486626781e-05    2.2226327524344695e-05   -5.2723600899526267e-05   -2.1955338296973346e-05   -2.0151264244091433e-06 
  -1.1868559579387255e-07    1.7796194585707495e-07    1.2951292675738564e-06   -3.0930556083990677e-06    2.6448281715946030e-06 
  -9.8011805189503936e-04   -7.0531960212726801e-04   -1.8642193801634692e-05   -1.1335976902292810e-05   -6.5206588478835250e-07 
   8.8009454608001082e-05   -1.2012022200449173e-04   -5.9506587522001511e-05   -3.7526897915012972e-05   -2.7154036036991998e-06 
  -2.2241515675336999e-05    3.3545600847205043e-05   -7.9574318747244074e-05   -3.3136604064208175e-05   -3.0413763414510673e-06 
  -1.7912899098841792e-07    2.6859319854683738e-07    1.9547039162443249e-06   -4.6682659887881418e-06    3.9917683232453634e-06 
   3.6942773203010250e-03    2.6570705161146515e-03    6.9078157006372616e-05    4.2105271956363527e-05    2.4080926525158552e-06 
   3.6942773203010250e-03    2.6570705161146515e-03    6.9078157006372616e-05    4.2105271956363527e-05    2.4080926525158552e-06 
   3.6942773203010250e-03    2.6570705161146515e-03    6.9078157006372616e-05    4.2105271956363527e-05    2.4080926525158552e-06 
   3.6942773203010250e-03    2.6570705161146515e-03    6.9078157006372616e-05    4.2105271956363527e-05    2.4080926525158552e-06 
   3.6942773203010250e-03    2.6570705161146515e-03    6.9078157006372616e-05    4.2105271956363527e-05    2.4080926525158552e-06 
  -4.2672811998494366e-04   -3.4300851403529032e-03    4.3499551757458988e-04   -5.6368033459343308e-05    6.7858053229202292e-06 
  -4.2672811998494366e-04   -3.4300851403529032e-03    4.3499551757458988e-04   -5.6368033459343308e-05    6.7858053229202292e-06 
  -4.2672811998494366e-04   -3.4300851403529032e-03    4.3499551757458988e-04   -5.6368033459343308e-05    6.7858053229202292e-06 
  -4.2672811998494366e-04   -3.4300851403529032e-03    4.3499551757458988e-04   -5.6368033459343308e-05    6.7858053229202292e-06 
  -4.2672811998494366e-04   -3.4300851403529032e-03    4.3499551757458988e-04   -5.6368033459343308e-05    6.7858053229202292e-06 
  -3.4801837108603502e-04    1.2969930293564242e-03    7.2973990455809770e-05    1.8880610259107471e-05   -2.0228472377325556e-08 
  -3.4801837108603502e-04    1.2969930293564242e-03    7.2973990455809770e-05    1.8880610259107471e-05   -2.0228472377325556e-08 
  -3.4801837108603502e-04    1.2969930293564242e-03    7.2973990455809770e-05    1.8880610259107471e-05   -2.0228472377325556e-08 
  -3.4801837108603502e-04    1.2969930293564242e-03    7.2973990455809770e-05    1.8880610259107471e-05   -2.0228472377325556e-08 
  -3.4801837108603502e-04    1.2969930293564242e-03    7.2973990455809770e-05    1.8880610259107471e-05   -2.0228472377325556e-08 
  -5.7785095413062322e-05   -4.6448262448046116e-04    5.8904619381982590e-05   -7.6330385534699898e-06    9.1889516925495051e-07 
  -5.7785095413062322e-05   -4.6448262448046116e-04    5.8904619381982590e-05   -7.6330385534699898e-06    9.1889516925495051e-07 
  -5.7785095413062322e-05   -4.6448262448046116e-04    5.8904619381982590e-05   -7.6330385534699898e-06    9.1889516925495051e-07 
  -5.7785095413062322e-05   -4.6448262448046116e-04    5.8904619381982590e-05   -7.6330385534699898e-06    9.1889516925495051e-07 
  -5.7785095413062322e-05   -4.6448262448046116e-04    5.8904619381982590e-05   -7.6330385534699898e-06    9.1889516925495051e-07 
  -6.0258463542233278e-04   -4.3340272790184356e-04   -1.1267545028790607e-05   -6.8679169838598022e-06   -3.9279120306031190e-07 
  -6.0258463542233278e-04   -4.3340272790184356e-04   -1.1267545028790607e-05   -6.8679169838598022e-06   -3.9279120306031190e-07 
  -6.0258463542233278e-04   -4.3340272790184356e-04   -1.1267545028790607e-05   -6.8679169838598022e-06   -3.9279120306031190e-07 
  -6.0258463542233278e-04   -4.3340272790184356e-04   -1.1267545028790607e-05   -6.8679169838598022e-06   -3.9279120306031190e-07 
  -6.0258463542233278e-04   -4.3340272790184356e-04   -1.1267545028790607e-05   -6.8679169838598022e-06   -3.9279120306031190e-07 
  -5.8012997015852467e-04   -4.1725244359757090e-04   -1.0847672139417896e-05   -6.6119914791809318e-06   -3.7815426334294573e-07 
  -5.8012997015852467e-04   -4.1725244359757090e-04   -1.0847672139417896e-05   -6.6119914791809318e-06   -3.7815426334294573e-07 
  -5.8012997015852467e-04   -4.1725244359757090e-04   -1.0847672139417896e-05   -6.6119914791809318e-06   -3.7815426334294573e-07 
  -5.8012997015852467e-04   -4.1725244359757090e-04   -1.0847672139417896e-05   -6.6119914791809318e-06   -3.7815426334294573e-07 
  -5.8012997015852467e-04   -4.1725244359757090e-04   -1.0847672139417896e-05   -6.6119914791809318e-06   -3.7815426334294573e-07 
  -7.7459123372370080e-04    2.9230908951194086e-04   -2.7191967288444151e-05   -9.8674089146685365e-06    1.7610251871935950e-06 
   7.4925018416312217e-04    5.0687811802851170e-05    2.3778284692196760e-05    1.3641590055698533e-05   -1.9251783715430246e-06 
  -5.1042547632027003e-05   -4.1476465096621136e-05    3.2959709232797195e-06    5.5933465890460242e-07    1.7042527053212549e-07 
  -4.2338833233767845e-05    6.1545092945268724e-06    4.3018554983264071e-06    5.1035376539863779e-06    1.3336240028152079e-07 
   3.4497996258002458e-05   -2.8452324353477014e-06    4.1600902921416588e-06   -6.6678269105549179e-07    1.3244602912665686e-07 
   5.0737884345372522e-04   -1.9147059934386396e-04    1.7811496326543279e-05    6.4634278120365871e-06   -1.1535205717160014e-06 
  -4.0957780467520245e-04   -2.7708505277433100e-05   -1.2998405404531197e-05   -7.4571786906303203e-06    1.0523992488643866e-06 
   1.8018477261441841e-04    1.4641564300750705e-04   -1.1635073069555297e-05   -1.9745015287374040e-06   -6.0161649531995145e-07 
  -2.1011530590474281e-04    3.0543038254576273e-05    2.1348856710296589e-05    2.5327371905668638e-05    6.6183877521201119e-07 
  -1.4461565434525770e-04    1.1927218825258931e-05   -1.7439105020305769e-05    2.7951540852380278e-06   -5.5521396153956245e-07 
  -1.0353674650257019e-03    3.9071875311192137e-04   -3.6346497371464883e-05   -1.3189400692335482e-05    2.3538972615863926e-06 
   9.2398103052202007e-04    6.2508595358994396e-05    2.9323561686517532e-05    1.6822912698649506e-05   -2.3741446225520746e-06 
   2.2756577770498068e-04    1.8491678950295466e-04   -1.4694607170793496e-05   -2.4937122568527482e-06   -7.5981629108360229e-07 
  -2.8722929590878750e-04    4.1752576448449402e-05    2.9184057082143618e-05    3.4622719027348121e-05    9.0473887464182723e-07 
  -1.5197623545331956e-04    1.2534284927157735e-05   -1.8326712572441970e-05    2.9374205531876618e-06   -5.8347298657210569e-07 
  -8.6606370038242657e-04    3.2682824268629904e-04   -3.0403101384579046e-05   -1.1032663817717168e-05    1.9689868974576726e-06 
   7.7289122693960995e-04    5.2287161062159299e-05    2.4528559376730360e-05    1.4072022267612230e-05   -1.9859234006348144e-06 
   1.9035411694599445e-04    1.5467911093361585e-04   -1.2291738239705683e-05   -2.0859392803165692e-06   -6.3557078128814896e-07 
  -2.4026142917947331e-04    3.4925175921523282e-05    2.4411866629502245e-05    2.8961196069051487e-05    7.5679555724950475e-07 
  -1.2712501145052449e-04    1.0484672884126629e-05   -1.5329920093577813e-05    2.4570921917176032e-06   -4.8806321513230052e-07 
   4.8025305427403502e-03   -1.8123408440256987e-03    1.6859247527519980e-04    6.1178761942079637e-05   -1.0918503695652536e-05 
  -4.6454139124439808e-03   -3.1426867969783885e-04   -1.4742735718719009e-04   -8.4579001209564883e-05    1.1936267191033673e-05 
   3.1646807155776398e-04    2.5715755841161447e-04   -2.0435295853969375e-05   -3.4679217451107808e-06   -1.0566509551762776e-06 
   2.6250431310934514e-04   -3.8158473238141277e-05   -2.6671864490190570e-05   -3.1642361018557273e-05   -8.2685805457182365e-07 
  -2.1389046697047553e-04    1.7640679466851480e-05   -2.5792908335049016e-05    4.1341085462204617e-06   -8.2117647663998482e-07 
  -1.8917024037142323e-03    7.1387563295675059e-04   -6.6408071304893012e-05   -2.4098131181494892e-05    4.3007659195943437e-06 
   1.5270627216894257e-03    1.0330790633651881e-04    4.8463027312738842e-05    2.7803214572305112e-05   -3.9237469485173422e-06 
  -6.7179775401590030e-04   -5.4589352195550712e-04    4.3380002885508342e-05    7.3616969572966318e-06    2.2430564163140578e-06 
   7.8339023072294175e-04   -1.1387612950043566e-04   -7.9596703876168005e-05   -9.4430130329404267e-05   -2.4675881111192449e-06 
   5.3918247571665078e-04   -4.4469234010199250e-05    6.5019654073428322e-05   -1.0421403592242374e-05    2.0700500211453586e-06 
   4.7512794003699340e-03   -1.7930000948531007e-03    1.6679330775798922e-04    6.0525880838995548e-05   -1.0801984751650463e-05 
  -4.2401294081062108e-03   -2.8685062212948433e-04   -1.3456520442543481e-04   -7.7199990592065776e-05    1.0894899462917453e-05 
  -1.0442945411772214e-03   -8.4857923628701396e-04    6.7433241535541489e-05    1.1443592808028169e-05    3.4867808906873352e-06 
   1.3180891644111155e-03   -1.9160169031095061e-04   -1.3392502074629817e-04   -1.5888292539243705e-04   -4.1518275617177903e-06 
   6.9741573040176918e-04   -5.7519568447414509e-05    8.4100896409549302e-05   -1.3479760796073824e-05    2.6775451957084155e-06 
   2.0140791138282964e-03   -7.6005718414594043e-04    7.0704096554613350e-05    2.5657070900606223e-05   -4.5789881088653739e-06 
  -1.7974013652261611e-03   -1.2159668967787173e-04   -5.7042523674823523e-05   -3.2725267351592595e-05    4.6183748852598883e-06 
  -4.4267904428145889e-04   -3.5971484145953841e-04    2.8585118219715357e-05    4.8509673541847918e-06    1.4780550615234717e-06 
   5.5874126366829149e-04   -8.1220431406209636e-05   -5.6771148226546897e-05   -6.7350865864030551e-05   -1.7599699936866248e-06 
   2.9563625665713185e-04   -2.4382687626691594e-05    3.5650578431468805e-05   -5.7141040109449118e-06    1.1350180447371158e-06 
  -1.4164750937812118e-04   -1.1385774556010855e-03    1.4439177726853670e-04   -1.8710722762634659e-05    2.2524703156435104e-06 
  -1.4164750937812118e-04   -1.1385774556010855e-03    1.4439177726853670e-04   -1.8710722762634659e-05    2.2524703156435104e-06 
  -1.4164750937812118e-04   -1.1385774556010855e-03    1.4439177726853670e-04   -1.8710722762634659e-05    2.2524703156435104e-06 
2    102 5 
  -2.8616232819917137e-01    2.2126809768945946e-02   -1.5854416566124810e-02    1.6781556475738396e-02   -7.3737968046294483e-03 
   7.0200365979360118e-03   -6.1074692157764895e-03   -7.9730183838613803e-03    3.7815092757935778e-03   -1.4819390759948409e-03 
  -4.0538843950988033e-03   -5.0613845844952911e-03    5.1805779953389190e-02   -4.5976372946061529e-02    2.1882123131276979e-02 
  -4.3658571093707415e-03   -5.6220867208769454e-02   -3.7286798105999851e-02    2.7593735779477165e-02   -1.6814547114745997e-02 
   5.5086680263297010e-03    2.5860677519973278e-02   -8.9254829741596976e-03    7.8715407061255883e-03   -1.8983768562571297e-03 
  -3.2090266559224291e-02   -4.6777672287702486e-02   -6.1530914806852334e-02    4.0279308367679005e-02   -2.0236325099631729e-02 
   4.1951815632893328e-03    9.7046346052764472e-03   -1.7632838729187790e-03   -1.3997182567414539e-04    3.1641660692158084e-04 
   3.4991925544825171e-03    9.3634429921320549e-03   -4.1087867392095943e-03    5.5706114507657880e-03   -1.1780601830888888e-03 
   3.2806627045145437e-03    8.5452587137333294e-03   -3.8409147795959394e-03    7.8572682965622376e-04    3.5684256908780146e-03 
   5.0334348199898814e-03   -7.8772840606403962e-04   -1.0611836859844258e-02   -8.9556463624779238e-03    6.4307457120019833e-03 
  -4.7564533942094280e-03   -4.4089128455268578e-03   -6.5173175306760533e-03   -6.6256264230452723e-03    7.8567631070532787e-03 
  -1.5574141183854451e-03   -6.9658748255699656e-04    2.2350334422598056e-03    4.4421729565288373e-03   -8.4061735336689210e-03 
   2.5148487567260025e-04   -8.2113307530490322e-03   -6.5023481082991446e-03   -1.1793327186700033e-02    1.3507692106445599e-03 
  -5.1919497640674685e-04    3.7675960732566640e-03    5.4650975953953922e-03   -2.8634968208201333e-03   -5.5674525669148858e-04 
  -7.1220361920396372e-04   -9.4946325568372506e-04   -6.8152523784929834e-03   -1.4765920313822198e-03    8.8678926788679719e-04 
   1.5794393565281999e-03   -4.4489504920651218e-04   -1.2570091268858067e-03    7.4971080292540629e-04   -7.6104384169440264e-04 
   6.9248391032188268e-04    7.8426814988038682e-04    1.4998185732315679e-03   -5.8629570443940896e-04    1.7517379448081303e-03 
  -1.3150690231218570e-04   -2.0301576555439374e-04    1.0214187572642620e-03   -1.3772140288487449e-04    3.3888985150798715e-03 
   1.2388127870102122e-03    1.2750714396695616e-03   -2.0646833802699677e-03    3.5842929266640274e-03    5.5353145135474948e-04 
   5.5017926451419574e-03   -1.7006525232107184e-03    1.5121084551497099e-03   -7.9981493710580250e-04    2.1895948948411730e-03 
  -1.1111805697837770e-03    1.0734716157850095e-03   -9.3091767142715115e-04   -1.4106745927633005e-03   -2.8020754620011377e-03 
   5.3532363781092179e-04   -5.9254409995897011e-04    4.1466300768046718e-05   -2.9564067553973744e-05    1.2944028301499385e-05 
   5.3532363781092179e-04   -5.9254409995897011e-04    4.1466300768046718e-05   -2.9564067553973744e-05    1.2944028301499385e-05 
   5.3532363781092179e-04   -5.9254409995897011e-04    4.1466300768046718e-05   -2.9564067553973744e-05    1.2944028301499385e-05 
   5.3532363781092179e-04   -5.9254409995897011e-04    4.1466300768046718e-05   -2.9564067553973744e-05    1.2944028301499385e-05 
   6.9490689638871230e-04    9.7539500677995159e-04    1.5010341332727812e-04   -4.3485226824413020e-05    1.2289287186470450e-05 
   6.9490689638871230e-04    9.7539500677995159e-04    1.5010341332727812e-04   -4.3485226824413020e-05    1.2289287186470450e-05 
   6.9490689638871230e-04    9.7539500677995159e-04    1.5010341332727812e-04   -4.3485226824413020e-05    1.2289287186470450e-05 
   6.9490689638871230e-04    9.7539500677995159e-04    1.5010341332727812e-04   -4.3485226824413020e-05    1.2289287186470450e-05 
  -4.5027169032736654e-03   -6.4358957604632074e-04    1.8269039811954058e-05    8.8950590988547641e-06   -1.3418250198810535e-05 
   1.3099028494272495e-04   -9.2800210182066446e-04   -3.6958324885076474e-04   -3.3549932322196027e-06    4.9077573058671396e-05 
  -4.2469966023547631e-06    2.7687744386143465e-05   -7.0320323119630069e-05    6.6021637097589301e-06    5.7773234944716682e-06 
  -1.3737645727831461e-07    5.9777786581936926e-07   -3.6687838820872648e-07   -1.3490307672241894e-05    7.9849527018954469e-06 
  -5.1592771565858109e-09   -2.3817585296253991e-08    9.1981693267084467e-07    3.9764337677294376e-06    6.7620068391813952e-06 
  -3.4470671162728922e-03   -4.9270174244184521e-04    1.3985912890921909e-05    6.8096365762355104e-06   -1.0272377769211667e-05 
   1.0027996729019324e-04   -7.1043452158682594e-04   -2.8293545679332766e-04   -2.5684241524698418e-06    3.7571468931131376e-05 
  -3.2512997475493379e-06    2.1196427678554367e-05   -5.3833913754410588e-05    5.0543043031673060e-06    4.4228456431238581e-06 
  -1.0516891881207506e-07    4.5763046364376319e-07   -2.8086474340548578e-07   -1.0327541563090503e-05    6.1129021599573762e-06 
  -3.9496985958133119e-09   -1.8233616908949156e-08    7.0416834318307993e-07    3.0441696369611139e-06    5.1766726436671806e-06 
  -1.3306319587365126e-03   -1.9019202774535801e-04    5.3988222558566407e-06    2.6286462520397061e-06   -3.9653286956323418e-06 
   3.8709930731392115e-05   -2.7424092630817147e-04   -1.0921834370198862e-04   -9.9145944815904507e-07    1.4503285143601925e-05 
  -1.2550621167477749e-06    8.1822149464347024e-06   -2.0780891026843848e-05    1.9510553778383319e-06    1.7073006015799435e-06 
  -4.0597156863143030e-08    1.7665386245052490e-07   -1.0841900985721417e-07   -3.9866229450984504e-06    2.3596938209499022e-06 
  -1.5246570495118415e-09   -7.0385149357461637e-09    2.7182206500900876e-07    1.1751060452619013e-06    1.9982918310649053e-06 
  -3.8681009234601464e-04   -4.8385485483194382e-05   -5.0141310100025092e-05    1.3324894219045180e-05    2.7524614563560870e-06 
  -2.4963246330118719e-04   -5.9400112081643893e-05   -3.1277461059386747e-05    6.1593925600046764e-06    1.8249078417161169e-06 
   2.0981355880110088e-05   -9.3524592660402682e-05   -1.5130970050544762e-04    6.7684690552640987e-05   -2.1060646769636476e-05 
   1.1973433035565201e-06   -4.5252189780453200e-05    1.2604535185828468e-05   -1.3973213373152817e-05    8.5183011314760954e-06 
   9.7031409711643150e-07   -6.3531670643255024e-06   -2.0304023977510203e-06    6.9163410618077443e-07   -4.9380787940434254e-07 
   1.2244952849193135e-03    1.5317025073819502e-04    1.5872853116313080e-04   -4.2181604012218979e-05   -8.7132578542321487e-06 
  -1.1327395227705905e-03   -2.6953567545700256e-04   -1.4192551659893417e-04    2.7949038745647955e-05    8.2807548761467194e-06 
   3.8604882416226533e-05   -1.7208162920028528e-04   -2.7840399018181137e-04    1.2453720984926525e-04   -3.8750774582792675e-05 
  -7.9256068761984775e-06    2.9953904232953222e-04   -8.3433540274835706e-05    9.2493268775875983e-05   -5.6385420806731308e-05 
  -2.8987285202446731e-05    1.8979531079645488e-04    6.0656496235855687e-05   -2.0661964152826005e-05    1.4752078608409103e-05 
  -5.8594106510817003e-04   -7.3294475663364687e-05   -7.5954203955067650e-05    2.0184588938224671e-05    4.1694367063302584e-06 
  -3.7814398932856807e-04   -8.9979464417719722e-05   -4.7379189968555651e-05    9.3302659585212419e-06    2.7643757638641934e-06 
   3.1782619572418030e-05   -1.4167132792446309e-04   -2.2920437917646710e-04    1.0252896824226301e-04   -3.1902729644987977e-05 
   1.8137391564190679e-06   -6.8548150120956852e-05    1.9093386956851031e-05   -2.1166664698926499e-05    1.2903547597781955e-05 
   1.4698346470373115e-06   -9.6237961473638495e-06   -3.0756595215002611e-06    1.0476893774482603e-06   -7.4802162751782816e-07 
   3.3902036688987714e-04    4.7586054301599641e-04    7.3230118339725391e-05   -2.1214896022640040e-05    5.9955062648302611e-06 
   3.3902036688987714e-04    4.7586054301599641e-04    7.3230118339725391e-05   -2.1214896022640040e-05    5.9955062648302611e-06 
   3.3902036688987714e-04    4.7586054301599641e-04    7.3230118339725391e-05   -2.1214896022640040e-05    5.9955062648302611e-06 
   3.3902036688987714e-04    4.7586054301599641e-04    7.3230118339725391e-05   -2.1214896022640040e-05    5.9955062648302611e-06 
   3.3902036688987714e-04    4.7586054301599641e-04    7.3230118339725391e-05   -2.1214896022640040e-05    5.9955062648302611e-06 
   2.6913668366188964e-04    3.7776942314050502e-04    5.8134888398971612e-05   -1.6841780958899790e-05    4.7596275344561919e-06 
   2.6913668366188964e-04    3.7776942314050502e-04    5.8134888398971612e-05   -1.6841780958899790e-05    4.7596275344561919e-06 
   2.6913668366188964e-04    3.7776942314050502e-04    5.8134888398971612e-05   -1.6841780958899790e-05    4.7596275344561919e-06 
   2.6913668366188964e-04    3.7776942314050502e-04    5.8134888398971612e-05   -1.6841780958899790e-05    4.7596275344561919e-06 
   2.6913668366188964e-04    3.7776942314050502e-04    5.8134888398971612e-05   -1.6841780958899790e-05    4.7596275344561919e-06 
   1.0891223414741605e-03    1.3623665536544684e-04    1.4118044523996233e-04   -3.7518255802798759e-05   -7.7499716927817756e-06 
   8.9464173793696007e-04    2.1288024323284956e-04    1.1209328206109272e-04   -2.2074251047509325e-05   -6.5401699021728531e-06 
  -3.1979399366640534e-05    1.4254847572194664e-04    2.3062348154046427e-04   -1.0316376894604349e-04    3.2100253092052261e-05 
   7.0688239055687104e-06   -2.6715793202270990e-04    7.4414112790801868e-05   -8.2494456215157191e-05    5.0289979903135447e-05 
  -2.1941965693633402e-05    1.4366582345409805e-04    4.5914018860614433e-05   -1.5640102391034680e-05    1.1166606340499041e-05 
   9.1102855468118166e-04    1.1395917474632574e-04    1.1809455382406194e-04   -3.1383253337654119e-05   -6.4826927528991117e-06 
   7.4834950898811060e-04    1.7806996783308811e-04    9.3763736962152982e-05   -1.8464659351549167e-05   -5.4707183081757220e-06 
  -2.6750113256449103e-05    1.1923888333168643e-04    1.9291182364229934e-04   -8.6294381943506564e-05    2.6851204925031216e-05 
   5.9129265655036012e-06   -2.2347214395843627e-04    6.2245882801307924e-05   -6.9004924748105299e-05    4.2066539232026341e-05 
  -1.8354005359653318e-05    1.2017352184816420e-04    3.8406137354205109e-05   -1.3082625646154800e-05    9.3406377297420618e-06 
  -3.6166668033068739e-03   -5.1681072625888347e-04    1.4727743228382003e-05    7.1449527327787513e-06   -1.0784788158235124e-05 
  -3.6166668033068739e-03   -5.1681072625888347e-04    1.4727743228382003e-05    7.1449527327787513e-06   -1.0784788158235124e-05 
  -3.6166668033068739e-03   -5.1681072625888347e-04    1.4727743228382003e-05    7.1449527327787513e-06   -1.0784788158235124e-05 
  -3.6166668033068739e-03   -5.1681072625888347e-04    1.4727743228382003e-05    7.1449527327787513e-06   -1.0784788158235124e-05 
  -3.6166668033068739e-03   -5.1681072625888347e-04    1.4727743228382003e-05    7.1449527327787513e-06   -1.0784788158235124e-05 
  -1.7265474191648551e-03   -2.4671839407576144e-04    7.0308238065601097e-06    3.4109030142214389e-06   -5.1485108176996192e-06 
  -1.7265474191648551e-03   -2.4671839407576144e-04    7.0308238065601097e-06    3.4109030142214389e-06   -5.1485108176996192e-06 
  -1.7265474191648551e-03   -2.4671839407576144e-04    7.0308238065601097e-06    3.4109030142214389e-06   -5.1485108176996192e-06 
  -1.7265474191648551e-03   -2.4671839407576144e-04    7.0308238065601097e-06    3.4109030142214389e-06   -5.1485108176996192e-06 
  -1.7265474191648551e-03   -2.4671839407576144e-04    7.0308238065601097e-06    3.4109030142214389e-06   -5.1485108176996192e-06 
   4.9979593915483811e-03    6.2518713024952658e-04    6.4787407742915412e-04   -1.7217048241826140e-04   -3.5564456196670311e-05 
   4.1054920149200518e-03    9.7690293406396634e-04    5.1439370075580422e-04   -1.0129827121622171e-04   -3.0012701365250972e-05 
  -1.4675278737211496e-04    6.5415194037897050e-04    1.0583262794119214e-03   -4.7341635391806737e-04    1.4730738256213519e-04 
   3.2438683406511540e-05   -1.2259821000203271e-03    3.4148478983832557e-04   -3.7856531492426796e-04    2.3077965420987412e-04 
  -1.0069121652494287e-04    6.5927942549140765e-04    2.1069846153145118e-04   -7.1772099105272671e-05    5.1243320337805222e-05 
   2.1186473734834065e-03    2.6501837403453539e-04    2.7463542717341325e-04   -7.2983494220391068e-05   -1.5075861128014894e-05 
   1.7403282405567475e-03    4.1411157499654131e-04    2.1805276467143627e-04   -4.2940588235585783e-05   -1.2722458494992213e-05 
  -6.2208870292757034e-05    2.7729662883747814e-04    4.4862713289670948e-04   -2.0068236578486311e-04    6.2443964568366774e-05 
   1.3750838295061436e-05   -5.1969685078634626e-04    1.4475624878003735e-04   -1.6047477526778039e-04    9.7828067405262252e-05 
  -4.2683256247372040e-05    2.7947018248507488e-04    8.9315600057788581e-05   -3.0424370697351378e-05    2.1722170497392869e-05 
  -9.1446192098031955e-04   -5.6603052585415062e-04   -3.6420236900146875e-04    1.0263559678249805e-04   -1.2050264665061683e-05 
   3.2550639362853134e-04   -3.0026997672055316e-04   -3.0774556230750102e-04    1.4552050624219237e-04   -5.6760773497205480e-05 
  -3.9643066898249113e-06    2.0035058179809366e-05   -1.8050301089440789e-05    1.0725373744862143e-05   -3.3592169338448466e-06 
2    102 5 
  -3.2093571900876328e-04    4.2093616617399209e-02   -1.4687777592034478e-04    8.0314825519813299e-03   -2.2211353611377763e-06 
  -2.6618267677354598e-03   -1.4763801300780756e-02   -1.4142863911067381e-04    3.1038406188186988e-02   -9.1072707967354127e-04 
  -2.9187009006043712e-03   -1.3385611103280781e-03   -1.4605140905343296e-04   -3.3071992331247045e-02   -1.9753287535812116e-04 
   1.3653284740330744e-03   -1.2898379706433370e-02    1.8057723294172867e-04   -6.6650546326245787e-03    5.4486549251556569e-05 
  -1.6201796459107163e-02   -2.9434767939630933e-02   -3.0755176274059647e-03    1.5669186006039518e-02   -1.2087152606553074e-03 
  -1.2740799756132796e-03    2.6631269593586516e-03   -3.3683261419064892e-05   -5.7981692198931295e-03   -4.0380258997368138e-06 
  -6.9817573502854134e-03   -3.3292927375644312e-03   -2.2894389515404866e-03    4.4459898562818241e-04   -9.1562093625589488e-05 
   2.0046525686319458e-03   -7.1412680003786330e-03    4.8269145595558464e-04   -2.4461784757430793e-03    6.6846411137310422e-04 
   5.3324589075912643e-03    3.6528274493067376e-04    2.2884975843045596e-03    9.1753014963503673e-03    8.2262747476922104e-04 
   7.0618060419578368e-03    1.7380045268569744e-04   -8.7500081224696198e-04    1.1779068281095419e-03    2.7454027005395564e-04 
  -4.4296929537174486e-03   -4.5456240656751292e-03   -8.5241542178255444e-04    9.0590764716190070e-03   -3.2061115373543036e-04 
  -1.6240373781924698e-03   -9.7294678648545665e-04    4.1603217673587666e-03   -3.5476985832922676e-04    1.0345139622674837e-03 
   1.9936785614216911e-04    9.6881664208079029e-04    1.8367266996313176e-03    3.3511365172090191e-04    4.2925624835899037e-04 
  -2.1833360554507860e-03    3.9268660532478298e-04    2.1608833238029646e-03    4.6906935266288145e-04    1.6571382233568788e-04 
  -1.4410663974998166e-04   -9.1955469137320071e-04    6.9688085303055303e-03   -3.3102483051809534e-04    1.2208343222093378e-04 
   2.4216222669592780e-03   -1.7042809172337467e-03   -1.5591317833978432e-02   -3.2264726893351152e-03   -7.6003639762266175e-03 
   6.1103212985653781e-04    1.7983489060564325e-03   -1.4543374646382916e-04    4.0674263075618147e-04    8.7699355549196868e-04 
  -6.8667080440213942e-04   -9.0835529453391929e-04    5.0278099025660619e-05   -1.4549485956547628e-06    5.5949512208454215e-04 
   7.2711452450724759e-04   -7.6523224717236550e-04    1.1382168750301573e-03    9.5036197818451618e-05   -4.2249463299094204e-03 
   5.6154884030425341e-04   -2.6502479096521763e-04   -2.5264125030296982e-05    5.3518873004515315e-05   -5.2745458800625578e-03 
   4.7558723228244249e-04    4.1446780323103362e-04   -7.5598654492841451e-04    2.7439884493770418e-03    1.9935059318704324e-03 
  -1.0067482206239687e-05   -7.9936650222120769e-04   -1.1031947444888421e-06   -3.5049163602039376e-05   -9.7685158247761010e-08 
   5.2177818046686955e-05    3.5309680547042758e-06    4.7716045288363668e-06   -9.5669608079539990e-05    3.9819963728334116e-07 
  -5.4976941342442408e-05    2.0257283965576687e-06   -6.0918419661973195e-06   -3.0215829309032902e-05   -6.1433306838446305e-07 
  -4.5416361432458156e-07    1.3656628034994429e-09    4.2218983247827843e-06   -3.4982914052424128e-08    5.0329899241644847e-07 
  -1.5194581257607596e-05   -1.2064624524572543e-03   -1.6650222811133592e-06   -5.2898763906659609e-05   -1.4743359305248359e-07 
   7.8750583305095892e-05    5.3291955154356499e-06    7.2016549180128192e-06   -1.4439157716584635e-04    6.0099204761460583e-07 
  -8.2975225126767865e-05    3.0573776140633814e-06   -9.1942539224474542e-06   -4.5603941908886340e-05   -9.2719644649758719e-07 
  -6.8545697928590078e-07    2.0611582929248684e-09    6.3719980669556223e-06   -5.2798775235779733e-08    7.5961568945252179e-07 
  -9.0280825556479518e-06    4.5480729642755555e-03   -1.0544939674916684e-06    6.4881763235998129e-05   -1.8150840273459739e-07 
   8.7301475359604124e-06    1.4405229474094073e-05    4.1903572501906572e-06   -1.0084922690195704e-03    2.3631044072326588e-07 
  -7.3858785538897408e-05   -1.4075755422700816e-07   -1.7977617905341325e-05   -7.1731079150156629e-07   -5.2642901800979705e-06 
  -1.1633687235846457e-06   -1.5590437924677088e-09    1.9761096777384652e-07   -5.6053432520137652e-09    1.5648200229763755e-05 
   1.8514797424014216e-06    2.1302598327657362e-09   -7.6746445799028501e-06   -1.5775723390003492e-08    2.3456131736208016e-07 
  -6.9114730437405774e-06    3.4817895715730717e-03   -8.0727071182421710e-07    4.9670409510757455e-05   -1.3895424914205856e-07 
   6.6833880827686011e-06    1.1027962425621933e-05    3.2079393381507498e-06   -7.7205398701067586e-04    1.8090809769916731e-07 
  -5.6542793239762174e-05   -1.0775732673536656e-07   -1.3762814061298412e-05   -5.4913921853160076e-07   -4.0300916002826750e-06 
  -8.9062007612635114e-07   -1.1935301963882296e-09    1.5128161140507038e-07   -4.2911857028788332e-09    1.1979522052931112e-05 
   1.4174053296215968e-06    1.6308261825887792e-09   -5.8753449370159574e-06   -1.2077147753517795e-08    1.7956905157431225e-07 
  -2.6679570207762283e-06    1.3440354716794734e-03   -3.1162149510646130e-07    1.9173701024425176e-05   -5.3638922154372439e-08 
   2.5799119876685949e-06    4.2569984129419174e-06    1.2383241930162392e-06   -2.9802718494704826e-04    6.9833887265014377e-08 
  -2.1826568843373248e-05   -4.1596330418168701e-08   -5.3127019620995764e-06   -2.1197794221187266e-07   -1.5556902430637692e-06 
  -3.4379589848759107e-07   -4.6072483344867836e-10    5.8397513049411864e-08   -1.6564774181994023e-09    4.6243181105374896e-06 
   5.4714479482407792e-07    6.2952920975998278e-10   -2.2679923187127401e-06   -4.6620034450009332e-09    6.9316990579265783e-08 
  -4.8350482429877952e-06    3.7078121641063392e-04   -5.3573992869546509e-07    1.3099659288359980e-04    8.7118881430875482e-09 
  -5.1948616704078895e-07    2.0405986839849467e-04    9.9576228865205068e-07    1.5881618531347617e-04    1.2652289222394466e-07 
   1.9785070288660333e-07    1.3401279651627389e-04    1.3227539981907502e-06   -1.3836628975997251e-04    1.0851902701984806e-07 
   1.7016067067328871e-06   -4.9673923475804395e-05   -1.2518100461857462e-08    2.3409368707868538e-06   -8.0518950304393080e-08 
   2.3531819441782741e-06    4.9996108140158031e-06    4.6280861638139337e-07   -3.9220616333185845e-06    1.3655117979604678e-07 
  -1.5305944423497323e-05    1.1737538916780197e-03   -1.6959511388440774e-06    4.1468594925640013e-04    2.7578561586269557e-08 
  -2.3572355340248253e-06    9.2594799125727764e-04    4.5183999097096232e-06    7.2064893956994046e-04    5.7411395401883340e-07 
   3.6403763248426531e-07    2.4657835658203908e-04    2.4338161393161365e-06   -2.5458861558213283e-04    1.9967080783353858e-07 
   1.1263491243830223e-05   -3.2880794363502952e-04   -8.2861400571367132e-08    1.5495426670650799e-05   -5.3298126301890421e-07 
   7.0299252944852007e-05    1.4935900137677056e-04    1.3826002731554081e-05   -1.1716816181939670e-04    4.0793470951743019e-06 
  -7.3241452935291912e-06    5.6166047671632881e-04   -8.1154041906432745e-07    1.9843402403031595e-04    1.3196793772117177e-08 
  -7.8691917312373301e-07    3.0911048858645143e-04    1.5083836423931999e-06    2.4057522443274876e-04    1.9165724911838165e-07 
   2.9970482641407968e-07    2.0300297816073522e-04    2.0037116453586869e-06   -2.0959766252556851e-04    1.6438494117581725e-07 
   2.5775988420860191e-06   -7.5246205322580543e-05   -1.8962455382861494e-08    3.5460580542268993e-06   -1.2197034264696583e-07 
   3.5646069274007622e-06    7.5734251599366978e-06    7.0106385275277089e-07   -5.9411504930198551e-06    2.0684812861578701e-07 
  -1.0184922899565051e-05    7.8104248643766480e-04   -1.1285243897814738e-06    2.7594144496078884e-04    1.8351400976332634e-08 
  -1.5096834152080550e-06    5.9302021608316859e-04    2.8937937293517619e-06    4.6153714236540666e-04    3.6768931331264449e-07 
   6.7639399143688134e-08    4.5815076225033095e-05    4.5221110841245130e-07   -4.7303408906613977e-05    3.7099498137679799e-08 
   1.4808048013540378e-06   -4.3228193738314298e-05   -1.0893741306028236e-08    2.0371749501290757e-06   -7.0070744161358814e-08 
   1.2079164236363059e-05    2.5663599999056659e-05    2.3756519554746682e-06   -2.0132411236283243e-05    7.0093353023816683e-07 
  -6.6714083202366592e-06    5.1160459375702166e-04   -7.3921492364950992e-07    1.8074933604928417e-04    1.2020679033980031e-08 
  -8.2526882478664527e-07    3.2417465269314946e-04    1.5818930817809714e-06    2.5229939683929931e-04    2.0099745710084266e-07 
   2.3877314749928632e-07    1.6173132954555084e-04    1.5963457845094993e-06   -1.6698527744287304e-04    1.3096455694645758e-07 
   7.3488032158043096e-06   -2.1452894322537011e-04   -5.4062467293918776e-08    1.0109906323220550e-05   -3.4774070799604424e-07 
   5.0635875397553497e-05    1.0758185139108232e-04    9.9587367181612993e-06   -8.4395099434436034e-05    2.9383144565797858e-06 
   1.5462007813934340e-05    7.7523662432334194e-04    1.6133917384747111e-06    2.6380753132750959e-05    1.4237303590619322e-07 
   1.5462007813934340e-05    7.7523662432334194e-04    1.6133917384747111e-06    2.6380753132750959e-05    1.4237303590619322e-07 
   1.5462007813934340e-05    7.7523662432334194e-04    1.6133917384747111e-06    2.6380753132750959e-05    1.4237303590619322e-07 
   1.5462007813934340e-05    7.7523662432334194e-04    1.6133917384747111e-06    2.6380753132750959e-05    1.4237303590619322e-07 
   1.5462007813934340e-05    7.7523662432334194e-04    1.6133917384747111e-06    2.6380753132750959e-05    1.4237303590619322e-07 
   2.3337913074394539e-07    6.4781756790651410e-04    1.3633737811404018e-07    3.8745067259497047e-05    1.2570843490753610e-08 
   2.3337913074394539e-07    6.4781756790651410e-04    1.3633737811404018e-07    3.8745067259497047e-05    1.2570843490753610e-08 
   2.3337913074394539e-07    6.4781756790651410e-04    1.3633737811404018e-07    3.8745067259497047e-05    1.2570843490753610e-08 
   2.3337913074394539e-07    6.4781756790651410e-04    1.3633737811404018e-07    3.8745067259497047e-05    1.2570843490753610e-08 
   2.3337913074394539e-07    6.4781756790651410e-04    1.3633737811404018e-07    3.8745067259497047e-05    1.2570843490753610e-08 
  -6.3147375249103760e-05    4.8425288500395522e-03   -6.9969457620872008e-06    1.7108600765611080e-03    1.1378022349572568e-07 
  -9.3601636524477522e-06    3.6767750217242836e-03    1.7941763558041552e-05    2.8615689492938619e-03    2.2797045467894903e-06 
   4.1936994137999669e-07    2.8405731088764624e-04    2.8037467574696802e-06   -2.9328509820288512e-04    2.3001999657292832e-07 
   9.1811138271622351e-06   -2.6801842274631893e-04   -6.7542108752517323e-08    1.2630655361109181e-05   -4.3444448418261785e-07 
   7.4891830232877467e-05    1.5911647003754318e-04    1.4729241151156135e-05   -1.2482263631677980e-04    4.3458466102398038e-06 
  -2.4873562069802452e-05    1.9074576172186579e-03   -2.7560759893149686e-06    6.7390266244983293e-04    4.4817689417377584e-08 
  -3.0769178488651350e-06    1.2086471039046923e-03    5.8979024920594702e-06    9.4066865738378518e-04    7.4939540275252029e-07 
   8.9023762597623646e-07    6.0299625970731009e-04    5.9517876960731402e-06   -6.2258498713374294e-04    4.8828596299084469e-07 
   2.7399149347912810e-05   -7.9984595889583913e-04   -2.0156555727565650e-07    3.7693597870141178e-05   -1.2965103722252493e-06 
   1.8878991199494606e-04    4.0110629266137076e-04    3.7129979759239007e-05   -3.1465721230133432e-04    1.0955160216267880e-05 
   7.1910237733881435e-06   -3.5597901184485801e-03    8.7640815415828200e-07   -6.0909962933006995e-05    1.4685815164184083e-07 
   7.1910237733881435e-06   -3.5597901184485801e-03    8.7640815415828200e-07   -6.0909962933006995e-05    1.4685815164184083e-07 
   7.1910237733881435e-06   -3.5597901184485801e-03    8.7640815415828200e-07   -6.0909962933006995e-05    1.4685815164184083e-07 
   7.1910237733881435e-06   -3.5597901184485801e-03    8.7640815415828200e-07   -6.0909962933006995e-05    1.4685815164184083e-07 
   7.1910237733881435e-06   -3.5597901184485801e-03    8.7640815415828200e-07   -6.0909962933006995e-05    1.4685815164184083e-07 
  -4.9814591194455835e-06    1.4922184654354855e-03   -1.2556735491076411e-06    2.2589018833206961e-04   -1.2144054641053016e-07 
  -4.9814591194455835e-06    1.4922184654354855e-03   -1.2556735491076411e-06    2.2589018833206961e-04   -1.2144054641053016e-07 
  -4.9814591194455835e-06    1.4922184654354855e-03   -1.2556735491076411e-06    2.2589018833206961e-04   -1.2144054641053016e-07 
  -4.9814591194455835e-06    1.4922184654354855e-03   -1.2556735491076411e-06    2.2589018833206961e-04   -1.2144054641053016e-07 
  -4.9814591194455835e-06    1.4922184654354855e-03   -1.2556735491076411e-06    2.2589018833206961e-04   -1.2144054641053016e-07 
   1.7666288476024840e-05   -1.1136232681774251e-03    7.4319149202017144e-07   -2.4389415644905137e-04    9.0857843282263888e-08 
  -2.2357950930285700e-05   -1.2035737451287723e-04   -4.4362292792137445e-06    5.4791988941271471e-04   -3.8021581477113123e-07 
   2.8248473475332110e-05    1.7823700795682836e-07    8.1371175692807136e-06    1.2564279929356640e-06   -1.8577722786003605e-06 
 TENSORSUMACCUMULATOR_IMPL_H - PrettifyOut: Norm of simple tensor is 5.31881e-05 
 As simple full tensor 3    5 5 5 
  -3.7864478535198624e-07    5.1023448161758541e-05   -1.4717029513369605e-07    9.1669740030372918e-06   -2.1495274859928715e-09 
   7.2283378047681668e-07   -3.6546701975601413e-06    1.6302189651110273e-07   -3.1072484458137068e-06    6.1310934190237152e-08 
   5.7337038645217426e-08    2.1779812404471147e-06   -4.8894671160254736e-08    2.8243197035509507e-06    1.6117771202559517e-08 
   1.4628817438203419e-08   -2.4071049959602823e-06    1.6046961767114828e-08   -2.9259027569070538e-06   -1.0767676999430465e-08 
   4.0520296734109582e-08    1.0413068679798343e-06    1.9746177104744316e-08    1.2879872586888200e-06    1.1690687158856749e-08 

   2.3497072438512852e-07    2.5546540746801081e-06   -6.7923773492419353e-09    2.4334579987086421e-06   -1.1395376832896271e-08 
  -3.7832549649366206e-08    4.7993196685710075e-06   -4.0518490727602437e-08    4.3543374499805107e-06   -6.6454542297765988e-09 
   1.9039486413122108e-08    2.8344208165629640e-06   -5.4131145958653884e-08    3.0517107998085377e-06   -1.0942286707747183e-08 
  -1.4912292627806575e-08   -2.1823167023704508e-06    2.4610723625901244e-08   -2.0561304439558111e-06    5.3903304444589082e-09 
  -7.9688389595500955e-09    1.3770986830604507e-06   -1.0974859824803613e-08    1.2227952647539279e-06   -2.6091632937859172e-09 

  -1.8892093235890445e-08    5.7632841858017443e-07    1.7204764518876824e-08    2.6195921353823536e-09    3.5765057885330024e-09 
   5.8678034286759486e-08   -1.0223956510022495e-06    3.3113069825260156e-08   -8.3826617755058000e-07    1.3590151670883759e-08 
   3.3413826390146156e-08   -1.8142297827635087e-07    1.1156923406318900e-08   -6.1880274364762361e-07    3.4950800060411443e-09 
  -1.9809239842822862e-08    1.4946793757051532e-07   -4.8616633937615281e-09    2.3684695997336949e-07   -5.7658758556581467e-10 
   1.7473054990373379e-08   -1.7384909656943665e-07    4.1677185601938845e-09   -8.2999651217089495e-08    7.5076635293835074e-10 

  -2.3927244310378971e-09   -5.8972298583376025e-07   -7.9925867686561726e-09   -4.4322016689307405e-07   -7.2000120277146209e-10 
  -4.0486235416055405e-08   -4.9344758421235660e-07   -6.3369257602899128e-09   -2.8370433648141804e-07    3.0209935551514642e-10 
   1.4820048086953306e-09   -3.2389374358289260e-07   -2.5726078204287232e-09   -1.5186206101186121e-07   -1.3219979308264236e-09 
  -8.0550879589842344e-09    2.8416794426766272e-07    6.1546147527210615e-10    2.4499240225256170e-08    9.4542926678609930e-10 
   5.3398551220342108e-09   -1.7622824521245704e-07   -1.0223034228018644e-10    1.7093372298170767e-08   -5.7874331915859893e-10 

  -5.1926055393243182e-10    9.7239756761754151e-08    2.3169889533907154e-09    1.1646836779528538e-07    7.9565330991053566e-10 
  -8.4849869057669344e-10    3.0097886227109160e-08    1.5443223577558574e-09   -7.7696760894116555e-10    7.9542678370131110e-10 
   1.5514955633616669e-09   -7.3496156817414880e-09    9.8563090914692280e-10   -2.2434282681609730e-08   -1.6374032376397484e-10 
  -8.1259994184138667e-10    2.0369881566823061e-08   -4.8143953980427765e-10    1.4693636555391032e-08   -1.1295571118468569e-10 
   8.6010675979278503e-10   -1.1125142593131495e-08    2.8179994440027892e-10   -6.5933241897238251e-09   -3.4366010039426479e-10 
