2    2 5 
  -1.7692708372679815e-06   -9.7562377245905278e-04   -2.1413027392817825e-06   -5.6204901766074083e-04    3.9701555785043148e-07 
  -2.3089526343633578e-06   -4.7496338381392748e-04   -1.8187721266008906e-06   -5.1472063283852071e-04   -4.2747863352013268e-07 
2    2 5 
  -1.1240084998817409e-03   -6.5580974444393454e-05   -7.2155982963240432e-06    8.1737169074771612e-07   -1.0857243642811530e-07 
   6.9916379735201898e-04    4.1055148341107233e-05    4.5339659140654324e-06   -5.1524747722819980e-07    6.8600902079501886e-08 
2    2 5 
   9.8959906470025261e-06   -1.1258504374519508e-03    2.1686600840549574e-08   -1.0563055749268830e-05    3.8669492300244905e-11 
   1.9650418991182063e-06   -7.0034886999642023e-04    7.9912893676185140e-10   -6.6307367910762127e-06   -5.2871759598190861e-11 
 TENSORSUMACCUMULATOR_IMPL_H - PrettifyOut: Norm of simple tensor is 1.10426e-09 
 As simple full tensor 3    5 5 5 
   1.6507675689395030e-14   -1.1083526785832949e-12    4.1837548210947637e-17   -1.0302252031112905e-14    1.6225386012941607e-19 
   9.6196184394697405e-16   -6.4243849486110877e-14    2.4405543170731646e-18   -5.9708003019088464e-16    9.4987870950349787e-21 
   1.0576419805951470e-16   -7.0412470754910560e-15    2.6849283431896184e-19   -6.5436364423212317e-17    1.0471674345246629e-21 
  -1.1973330617759614e-17    7.9495828604906058e-16   -3.0411409588086536e-20    7.3873147566439214e-18   -1.1882254134794393e-22 
   1.5897056420068014e-18   -1.0533654196515488e-16    4.0392878749537154e-21   -9.7881637821355532e-19    1.5802866796414552e-23 

   1.0199490876079854e-11   -1.0020482933679266e-09    2.3516358114036110e-14   -9.3816298363474888e-12    5.9962835296367178e-17 
   5.9485110111152492e-13   -5.8377978010451936e-11    1.3719770837599268e-15   -5.4655188489189964e-13    3.5051483251363009e-18 
   6.5433242260800408e-14   -6.4174809814400805e-12    1.5094646568592305e-16   -6.0081762938384434e-14    3.8607961331624458e-19 
  -7.4106382562171047e-15    7.2641438154017029e-13   -1.7098354476387353e-17    6.8007814408307784e-15   -4.3775852244055325e-20 
   9.8421442472136177e-16   -9.6437255763633107e-14    2.2711336764426740e-18   -9.0285191522019447e-16    5.8188149741338669e-21 

   2.1319304822723498e-14   -1.8191672902089582e-12    5.1180044104778543e-17   -1.6991836251513469e-14    1.6030414393488953e-19 
   1.2429517029558428e-15   -1.0580671436549595e-13    2.9857506767072766e-18   -9.8823955315438984e-16    9.3782394609576749e-21 
   1.3669654991571035e-16   -1.1620015420752798e-14    3.2848508949902178e-19   -1.0852873595815858e-16    1.0334676249488455e-21 
  -1.5478885406169946e-17    1.3141993831261044e-15   -3.7207883557742105e-20    1.2274104092331973e-17   -1.1722796588716111e-22 
   2.0555066739671529e-18   -1.7436286336819957e-16    4.9421341171960236e-21   -1.6284542830037226e-18    1.5586911376875952e-23 

   5.5446034927212363e-12   -4.5921624758861635e-10    1.3412878205228266e-14   -4.2869580184368435e-12    4.3456542836175788e-17 
   3.2323833511033761e-13   -2.6698809783141736e-11    7.8247494552722796e-16   -2.4923102262341819e-13    2.5426291714000694e-18 
   3.5547518351395291e-14   -2.9314866620058114e-12    8.6085494194808313e-17   -2.7364361605553398e-14    2.8021308657884489e-19 
  -4.0251015249484523e-15    3.3148054023447581e-13   -9.7509527357975003e-18    3.0941712257054634e-15   -3.1786919518329981e-20 
   5.3449712795427032e-16   -4.3973277899285766e-14    1.2951646382891577e-18   -4.1045637743713053e-16    4.2266473154038314e-21 

  -5.0033815373602996e-15    7.1172805476618149e-13   -9.9164626637501399e-18    6.6955302001157284e-15   -1.4540331105068385e-21 
  -2.9214549043590250e-16    4.1604654940501740e-14   -5.7867167941091387e-19    3.9139751495586941e-16   -7.8914812821072890e-23 
  -3.2157683977543119e-17    4.5826267908914979e-15   -6.3674559722423851e-20    4.3111555014164598e-17   -8.3020333690630861e-24 
   3.6441555762150449e-18   -5.1960585474059101e-16    7.2135171480918726e-21   -4.8882776919388745e-18    9.0321866428296990e-25 
  -4.8419182534105041e-19    6.9067747453010026e-17   -9.5823455877847407e-22    6.4976909256489405e-19   -1.1635984355519651e-25 
