2    7 5 
   4.6543109186680478e-04   -8.5836486368944681e-05    3.2068996621447395e-05   -3.9424727276198068e-06    8.1166601546585516e-07 
   3.4100110176451051e-04    3.7178654414086474e-05    1.8430840600638763e-05   -6.0089639505007230e-06   -4.6293053960631696e-07 
  -1.4716248772656961e-04    1.0997026983546711e-04   -1.2034597343200159e-05    1.2560539803969829e-05   -2.8377421936772054e-06 
   1.8366756265169188e-05   -4.1527333828841778e-05   -2.5155541099442212e-07   -3.7270341933069718e-06    8.1258131229505443e-07 
  -5.3633589969190859e-06   -6.6831840701364262e-05    9.7147275738055270e-05    6.1099606251818340e-06    2.6422428448844119e-06 
   4.0191888128842550e-06    2.9471271978128898e-05    2.2748174200300038e-05    2.5489089547902148e-06   -7.6684657738401052e-07 
   6.2354968731286328e-06   -2.0793353693816594e-05   -6.8451059047366029e-06   -4.7763780152793863e-06   -7.8961417144203185e-07 
2    7 5 
  -4.6545152813427782e-04   -8.2511029008961449e-05    3.0860340007350643e-05   -2.3346247739551810e-05    9.3820725956123567e-06 
   8.0667728191540031e-05   -3.1839412175348512e-04   -9.0772951191905993e-05    4.1317167727902230e-05   -1.4528779385761791e-05 
   1.2708847696719957e-04    1.1593601738594511e-04    6.1268652470633237e-05   -2.5423951342359603e-05    8.2488382887273435e-06 
  -2.9168495588598472e-05   -3.2880175392549534e-05   -1.1146952660881374e-05    4.3089619148987166e-06   -1.3201393385861600e-06 
   1.0724192769334567e-04    4.4286879638994066e-05   -1.2588923425643424e-05    1.7831703181751125e-05   -6.2094609877512899e-06 
   3.3318326283115565e-05    1.6008064706609411e-05    6.4357608824949845e-06    1.1335413594283327e-06   -4.4859178924788620e-07 
   9.9354135039602585e-06    7.2474809798147358e-06   -1.9611082634592002e-05   -2.3806267260475341e-06    1.9329683282280877e-07 
2    7 5 
  -1.0679241505365138e-05    5.0937707046868881e-04   -5.8657289273774277e-06   -1.1353895890810186e-04   -5.4066803544869861e-07 
  -1.0679241505365138e-05    5.0937707046868881e-04   -5.8657289273774277e-06   -1.1353895890810186e-04   -5.4066803544869861e-07 
  -1.0679241505365138e-05    5.0937707046868881e-04   -5.8657289273774277e-06   -1.1353895890810186e-04   -5.4066803544869861e-07 
  -1.0679241505365138e-05    5.0937707046868881e-04   -5.8657289273774277e-06   -1.1353895890810186e-04   -5.4066803544869861e-07 
  -1.0679241505365138e-05    5.0937707046868881e-04   -5.8657289273774277e-06   -1.1353895890810186e-04   -5.4066803544869861e-07 
  -1.0679241505365138e-05    5.0937707046868881e-04   -5.8657289273774277e-06   -1.1353895890810186e-04   -5.4066803544869861e-07 
  -1.0679241505365138e-05    5.0937707046868881e-04   -5.8657289273774277e-06   -1.1353895890810186e-04   -5.4066803544869861e-07 
 TENSORSUMACCUMULATOR_IMPL_H - PrettifyOut: Norm of simple tensor is 1.42253e-10 
 As simple full tensor 3    5 5 5 
   2.2292439057699581e-12   -1.0633018548281756e-10    1.2244446815520904e-12    2.3700749916199001e-11    1.1286203448654165e-13 
   1.7596108792545626e-12   -8.3929690548643222e-11    9.6649190208744272e-13    1.8707731931482509e-11    8.9085480159126076e-14 
   2.7595581551300298e-13   -1.3162504548117275e-11    1.5157275064146097e-13    2.9338915111379257e-12    1.3971075433503595e-14 
  -7.4090414182414748e-14    3.5339549262080148e-12   -4.0695239029179137e-14   -7.8771029638343313e-13   -3.7510453023711196e-15 
   1.9148753916718392e-14   -9.1335477040420599e-13    1.0517731967771104e-14    2.0358464437754166e-13    9.6946203119775947e-16 

  -5.5262140944307289e-13    2.6358864014730946e-11   -3.0353535741558132e-13   -5.8753292045106790e-12   -2.7978085488596812e-14 
  -7.1777722111997376e-14    3.4236444410360536e-12   -3.9424959227870349e-14   -7.6312234696602443e-13   -3.6339584589204713e-15 
  -2.7933321371394031e-14    1.3323599247636466e-12   -1.5342783579114672e-14   -2.9697991432820134e-13   -1.4142066158763562e-15 
   5.8048014681933000e-15   -2.7687666441808272e-13    3.1883717464913923e-15    6.1715161609162804e-14    2.9388516070182116e-16 
  -1.5179551493449633e-16    7.2403227016425942e-15   -8.3375897300393906e-17   -1.6138510140372177e-15   -7.6850947521250510e-18 

   4.1154885009046345e-14   -1.9630003451885624e-12    2.2604919963573865e-14    4.3754819062404984e-13    2.0835871925716322e-15 
   5.6433331909254703e-14   -2.6917497155843634e-12    3.0996829436070403e-14    5.9998472264843380e-13    2.8571035388489292e-15 
   2.5205562386332551e-14   -1.2022516319549101e-12    1.3844522229977616e-14    2.6797907984379463e-13    1.2761057881265771e-15 
  -2.2341886212705246e-14    1.0656603787876858e-12   -1.2271606385547255e-14   -2.3753320864215219e-13   -1.1311237526347801e-15 
   7.2683272448871590e-15   -3.4668372630662687e-13    3.9922345938671016e-15    7.7274992608163169e-14    3.6798046102030060e-16 

  -4.0026078925230640e-14    1.9091586996173469e-12   -2.1984906782308963e-14   -4.2554701362087227e-13   -2.0264380619491453e-15 
  -4.3721436914705647e-14    2.0854194037194300e-12   -2.4014635976558293e-14   -4.6483511275290731e-13   -2.2135264374152635e-15 
  -1.3541855446204016e-14    6.4591765739471507e-13   -7.4380613249785798e-15   -1.4397353672295688e-13   -6.8559629227891011e-16 
   3.9344307390001269e-15   -1.8766396497232496e-13    2.1610433837386007e-15    4.1829859337639773e-14    1.9919213711905248e-16 
  -1.2691015371764487e-15    6.0533439833669720e-14   -6.9707250226106078e-16   -1.3492762309691673e-14   -6.4252000907123721e-17 

   5.8684228499141115e-15   -2.7991126879741424e-13    3.2233167169719265e-15    6.2391567835320952e-14    2.9710618042033226e-16 
   1.8824633518085693e-15   -8.9789491784335518e-14    1.0339704118390807e-15    2.0013867936184765e-14    9.5305248197185686e-17 
   1.4797758323088284e-15   -7.0582154924874918e-14    8.1278842708512427e-16    1.5732597425885233e-14    7.4918007215861873e-17 
  -9.1518836965784843e-16    4.3652535662680578e-14   -5.0268054067364966e-16   -9.7300482102171883e-15   -4.6334105061657923e-17 
   2.8145573028148531e-16   -1.3424838766440695e-14    1.5459365892782095e-16    2.9923651954892967e-15    1.4249524807601623e-17 
