2    102 5 
   1.7132827066073104e-03   -2.6634918855978056e-04    1.1436591984580365e-03   -9.6599595121661425e-05    3.8776925570173089e-04 
   1.8008615088370935e-03    1.5458782935946016e-03    8.9542022191969227e-06   -4.1685455240297886e-04   -7.0862594657238341e-05 
   4.0128271224995659e-04    8.6158940407544851e-04   -1.4731104100153364e-04    1.5008850998049982e-04   -1.4785731604663863e-06 
  -1.0277723813196170e-04    7.1194354700684264e-04    5.2369162982328539e-04   -1.2366656668652354e-03    1.8941515994632603e-04 
   4.4486405558238814e-04    1.4600688656523364e-03    3.0742273750054345e-04   -3.0265096889676589e-04   -4.3026020620007510e-05 
  -3.0311080350690748e-04    1.2936055611887662e-03    3.8967317586360519e-04    5.4917905457611805e-04    9.2599406594962735e-05 
   5.2515288998375823e-05   -2.7183097869578547e-03   -1.7997766172646720e-03    6.7092142089586481e-04   -2.1274966907190181e-04 
   2.7650798318860692e-04   -7.5517815865143472e-05   -1.0253875211142445e-04   -1.2792377696944686e-05   -2.2788809489984036e-04 
   7.4405950597829630e-04   -2.2155513236521169e-04    7.0607791647072217e-04    1.3946250003825825e-04   -6.1328663278740982e-04 
  -4.1838904179996108e-04   -5.2579914977971020e-05    5.8027447792078225e-04    7.4993029235885731e-05    5.0062557036571558e-04 
   8.2377695927167178e-04   -1.0365999855918187e-03    1.2986248751960434e-03    8.6904614206999493e-04   -1.0124467856841295e-06 
   3.6798417867918047e-04   -2.2578339979785738e-05    2.3063666754026303e-06   -1.0828743749224783e-04    4.8620304794208779e-04 
   2.5123319387570728e-04   -7.9136130106197133e-07    2.1048803799394783e-04    3.1877941926573307e-04   -4.0649960469898370e-04 
  -5.2243456584951042e-05   -2.6694327336208580e-04    4.4688244638305385e-04   -2.7778846964774892e-04    3.6754710901628479e-05 
   1.9508738737841197e-04    1.9774741653144694e-06    6.5918748690023851e-05    6.6285027520296080e-05    3.2134647270660251e-04 
   6.4255793123979511e-05    1.5584512292674774e-04   -2.9316825117495362e-04    4.2388104475411982e-04    3.4732385136211315e-04 
  -1.0496352316226024e-04   -4.7343256034089374e-05   -5.2915914155762668e-05    5.0810182106429975e-05    2.2779375575910821e-04 
   2.3458027118494084e-05   -8.4586648492499439e-05   -1.2496558428118761e-04    2.1560162907763834e-04    4.0114798698273401e-04 
   1.0849713609558000e-05   -1.6040542725482366e-04   -1.4540433800906605e-05   -3.8490048567068778e-04    3.4560451477775136e-06 
  -8.5197832603960025e-05   -3.3797006890933288e-05    3.4774408641364836e-05    4.7889232374843788e-05   -1.2448449332226277e-04 
   1.1336998266468980e-04   -3.1646372380028594e-04   -3.8022964849940228e-04    2.2515520833869891e-04   -5.9334547785723155e-04 
   8.3731958836601129e-05    1.3665196443236195e-05   -1.0387844921994719e-04   -8.3764582109408046e-05   -1.5417209099308573e-04 
  -2.9765178657537515e-05    3.2219249884721724e-05    1.5760329455801286e-04    8.5536994424878978e-05    3.1979314410307997e-04 
   1.1596648784608892e-04    8.0622340259192500e-05    2.0708042257705946e-05   -1.1861794216733839e-04   -3.6410608866781766e-05 
  -1.2409459633970098e-04   -9.0920798227219027e-05    1.6129640089998382e-04   -2.3724084117946403e-04    1.5631540280874165e-04 
   3.3515894084425678e-03   -4.8876542594322197e-06   -4.2335562265313114e-04    1.2445111349069352e-06   -1.0997882686573764e-05 
   4.5310849512346199e-07   -3.6103744595674787e-05    2.6805569053013728e-08   -5.0951782552207287e-06    6.0227739869240177e-09 
  -1.1482593396382103e-03    1.9165535063960583e-06   -1.0699684489153148e-03    2.7931296840432013e-06   -4.0958267217188687e-05 
   1.2797585872167694e-04   -2.5553798958136835e-07    1.3476256861628826e-06    6.7306381810930179e-08    1.0099830072405905e-06 
  -2.7850922984326739e-07    3.1848934548171574e-05   -2.4421008663526098e-07   -9.7579848824960365e-06   -4.4199885214079377e-09 
   4.6195615414986611e-05   -1.2340088222122550e-08    1.4212664166456953e-04   -4.8004847747533376e-07   -3.1004230312918175e-05 
  -5.2403051912564621e-04    7.6419861944459647e-07    6.6192853502533412e-05   -1.9458284909247818e-07    1.7195501808815804e-06 
  -7.0844799581260196e-08    5.6449229655618185e-06   -4.1911268220758988e-09    7.9664558534386361e-07   -9.4167781142703583e-10 
   1.7953360764470685e-04   -2.9965858179373521e-07    1.6729260461343377e-04   -4.3671375575642569e-07    6.4039413593576279e-06 
  -2.0009388832814692e-05    3.9954090139840313e-08   -2.1070510192212041e-07   -1.0523543878019474e-08   -1.5791371050975716e-07 
   4.3545708769819394e-08   -4.9796713352882265e-06    3.8182940354457731e-08    1.5256886391614308e-06    6.9107775360798312e-10 
  -7.2228156188419222e-06    1.9294078268674545e-09   -2.2221903919811637e-05    7.5056942304210027e-08    4.8475994300027976e-06 
  -3.6206702884022503e-03    4.8319717946039646e-06   -6.7155349234843657e-05    8.0577333435563464e-08   -7.2663609726849463e-06 
  -3.6206702884022503e-03    4.8319717946039646e-06   -6.7155349234843657e-05    8.0577333435563464e-08   -7.2663609726849463e-06 
  -3.6206702884022503e-03    4.8319717946039646e-06   -6.7155349234843657e-05    8.0577333435563464e-08   -7.2663609726849463e-06 
  -4.2368759445750980e-03    4.9230515056358643e-06   -7.4957137905859862e-05    9.4181848183108003e-08   -6.3815822585151085e-06 
   6.0986273424494552e-07    4.9740390662903779e-04   -1.6091905146169749e-06    1.4663308009449556e-04   -1.1552103178619442e-07 
  -8.0909353720479801e-06    1.3798738465922405e-06    4.5590181145178189e-04    3.7015285921458940e-07    1.7867441254967183e-05 
   4.0430837591393987e-08    3.7102954415607857e-05   -1.1781967753456824e-08   -1.2585966987253364e-04    6.0918849736028313e-08 
  -3.6204616495273709e-03    4.8321575450237819e-06   -6.6100968649119066e-05    7.8747667655050727e-08   -7.2549010817075764e-06 
   9.1368361335135722e-06   -3.7346104837798464e-07   -4.9950050641276681e-04    8.2925125287736004e-07   -8.7991311106931946e-06 
  -8.6335180140641486e-08    2.0929977143861311e-06   -9.3606860489992069e-07    5.7375227649625120e-07    5.3013421165832585e-05 
  -3.6161883658996446e-03    4.8288969376465774e-06   -6.3228430278850403e-05    7.4131705688468188e-08   -7.1863132697940602e-06 
  -3.6161883658996446e-03    4.8288969376465774e-06   -6.3228430278850403e-05    7.4131705688468188e-08   -7.1863132697940602e-06 
  -3.6161883658996446e-03    4.8288969376465774e-06   -6.3228430278850403e-05    7.4131705688468188e-08   -7.1863132697940602e-06 
  -3.6161883658996446e-03    4.8288969376465774e-06   -6.3228430278850403e-05    7.4131705688468188e-08   -7.1863132697940602e-06 
  -3.6161883658996446e-03    4.8288969376465774e-06   -6.3228430278850403e-05    7.4131705688468188e-08   -7.1863132697940602e-06 
  -3.6161883658996446e-03    4.8288969376465774e-06   -6.3228430278850403e-05    7.4131705688468188e-08   -7.1863132697940602e-06 
  -4.2372388780443481e-03    4.9356279554664048e-06   -7.3645308395680118e-05    9.8023257621823360e-08   -6.3304533336659219e-06 
  -4.2372388780443481e-03    4.9356279554664048e-06   -7.3645308395680118e-05    9.8023257621823360e-08   -6.3304533336659219e-06 
  -4.2372388780443481e-03    4.9356279554664048e-06   -7.3645308395680118e-05    9.8023257621823360e-08   -6.3304533336659219e-06 
  -4.2372388780443481e-03    4.9356279554664048e-06   -7.3645308395680118e-05    9.8023257621823360e-08   -6.3304533336659219e-06 
  -4.2372388780443481e-03    4.9356279554664048e-06   -7.3645308395680118e-05    9.8023257621823360e-08   -6.3304533336659219e-06 
  -4.2372388780443481e-03    4.9356279554664048e-06   -7.3645308395680118e-05    9.8023257621823360e-08   -6.3304533336659219e-06 
  -3.3603606819853694e-03    4.9004454898807142e-06    4.2446356504094863e-04   -1.2477680814660317e-06    1.1026664683912874e-05 
   7.4628448892674562e-06   -5.9464046412511769e-04    4.4149647637191470e-07   -8.3919249828939661e-05    9.9197054461055328e-08 
  -1.1518026427452784e-03    1.9224676146115551e-06   -1.0732701616892784e-03    2.8017487344147249e-06   -4.1084656396428038e-05 
   7.5320578978262771e-05   -1.5039765717117850e-07    7.9314917627174252e-07    3.9613374722154369e-08    5.9442855569355006e-07 
   2.9266789365634316e-06   -3.3468049136675459e-04    2.5662507380956971e-06    1.0254054716598437e-04    4.6446889077020885e-08 
   1.6042997278914990e-05   -4.2855149777885118e-09    4.9358306086042557e-05   -1.6671314687985729e-07   -1.0767272566383753e-05 
  -4.3314300438714910e-04    6.3165650452388819e-07    5.4712407748471889e-05   -1.6083452543709388e-07    1.4213125082566632e-06 
   3.8031109195267134e-06   -3.0303237918812665e-04    2.2498927622592079e-07   -4.2765757578844514e-05    5.0551419278226049e-08 
  -2.9384301299234441e-04    4.9045179728988798e-07   -2.7380813896543828e-04    7.1477027332188372e-07   -1.0481343569856208e-05 
   2.1499120950891644e-04   -4.2928738282628639e-07    2.2639244551860672e-06    1.1307039138272876e-07    1.6967064763545739e-06 
  -1.2299689834432755e-06    1.4065315419532396e-04   -1.0784950724053256e-06   -4.3093791732262164e-05   -1.9519815524844391e-08 
   2.6294405051138592e-05   -7.0239410204720418e-09    8.0898056036587287e-05   -2.7324214641426410e-07   -1.7647514440995702e-05 
  -3.9221940304983100e-03    5.7197723298668753e-06    4.9543147849951188e-04   -1.4563878653885838e-06    1.2870260812002294e-05 
  -5.3024974666188092e-07    4.2250369682840516e-05   -3.1369189393845252e-08    5.9626270707896537e-06   -7.0481450141384990e-09 
   1.3437493017635829e-03   -2.2428447538895591e-06    1.2521294680625243e-03   -3.2686571169982859e-06    4.7931369747782426e-05 
  -1.4976361599116730e-04    2.9904306738077489e-07   -1.5770575620927286e-06   -7.8765223534926339e-08   -1.1819315671320710e-06 
   3.2592513748202569e-07   -3.7271182635887753e-05    2.8578660070219907e-07    1.1419271692233759e-05    5.1724869847924065e-09 
  -5.4060371046479573e-05    1.4440975448458171e-08   -1.6632355505938437e-04    5.6177623307936300e-07    3.6282668380322337e-05 
  -3.4105022034817329e-03    4.9735673408147151e-06    4.3079718544218165e-04   -1.2663866156057481e-06    1.1191198731476764e-05 
   7.5742015062655292e-06   -6.0351337404052627e-04    4.4808425285056692e-07   -8.5171448407447717e-05    1.0067722034482477e-07 
  -1.1689892314589217e-03    1.9511536576726098e-06   -1.0892849303336825e-03    2.8435549444287831e-06   -4.1697699869087371e-05 
   7.6444472746632234e-05   -1.5264181131822557e-07    8.0498412800327976e-07    4.0204464509278311e-08    6.0329830362362959e-07 
   2.9703492888554802e-06   -3.3967441631720509e-04    2.6045429717952233e-06    1.0407060287623460e-04    4.7139944944380537e-08 
   1.6282382383388819e-05   -4.3494611614627037e-09    5.0094804575298528e-05   -1.6920075211902582e-07   -1.0927936102217520e-05 
  -4.3314300438714910e-04    6.3165650452388819e-07    5.4712407748471889e-05   -1.6083452543709388e-07    1.4213125082566632e-06 
   3.8031109195267134e-06   -3.0303237918812665e-04    2.2498927622592079e-07   -4.2765757578844514e-05    5.0551419278226049e-08 
  -2.9384301299234441e-04    4.9045179728988798e-07   -2.7380813896543828e-04    7.1477027332188372e-07   -1.0481343569856208e-05 
   2.1499120950891644e-04   -4.2928738282628639e-07    2.2639244551860672e-06    1.1307039138272876e-07    1.6967064763545739e-06 
  -1.2299689834432755e-06    1.4065315419532396e-04   -1.0784950724053256e-06   -4.3093791732262164e-05   -1.9519815524844391e-08 
   2.6294405051138592e-05   -7.0239410204720418e-09    8.0898056036587287e-05   -2.7324214641426410e-07   -1.7647514440995702e-05 
  -3.3473748799839201e-03    4.8815081730648028e-06    4.2282326498565979e-04   -1.2429461975127672e-06    1.0984053161557759e-05 
  -4.5253872406417215e-07    3.6058345162594191e-05   -2.6771861811506283e-08    5.0887712133246008e-06   -6.0152005197493224e-09 
   1.1468154361419698e-03   -1.9141434948132309e-06    1.0686229939898249e-03   -2.7896174028215095e-06    4.0906763359834048e-05 
  -1.2781493271527418e-04    2.5521665781959483e-07   -1.3459310851501119e-06   -6.7221745948053835e-08   -1.0087129823037518e-06 
   2.7815901239950358e-07   -3.1808885417841717e-05    2.4390299938960358e-07    9.7457144937417515e-06    4.4144305114191702e-09 
  -4.6137525741072261e-05    1.2324570911779179e-08   -1.4194792145065592e-04    4.7944483015363199e-07    3.0965243374165140e-05 
   3.7190399330515084e-04   -4.9653556721215156e-07    6.5026772858875509e-06   -7.6009475642486529e-09    7.3907062404153892e-07 
  -1.1165502322532004e-04    1.3005819824193820e-07   -1.9406195534462515e-06    2.5830002559208248e-09   -1.6681309086909480e-07 
   1.5133262371950721e-06   -1.7627552982068616e-09    2.6302358835370519e-08   -3.5008922528083291e-11    2.2609159877238767e-09 
  -9.0836544978086593e-04    1.0552938383524633e-06   -1.6079286043624150e-05    1.9748361438188191e-08   -1.3717838377954504e-06 
  -4.1671228769697075e-07    1.5115197201986574e-07    2.3472335396472421e-05   -1.5638592439237364e-07    9.1996197570362858e-07 
  -1.0125499809103944e-05   -2.4404993390305063e-04    5.5406180536793760e-04   -6.5128693983284390e-05    2.1736412222437354e-05 
   5.1421059363792969e-06    1.6441814244842369e-04   -2.7871103937265087e-04    4.4366408512179672e-05   -1.0938229557339323e-05 
2    102 5 
   3.0549858878180559e-02    1.5510602150205938e-02    1.2751331297085625e-02    4.6249900939668472e-03    2.1542300911155483e-03 
  -1.9122373266015052e-03   -2.9657324643864954e-03   -1.4392319782543718e-02    1.5936499008073234e-03   -3.0350338862821283e-04 
  -6.7029633986406753e-02   -4.8331460959527360e-02   -7.2029651241446351e-03   -2.4168608454607780e-02   -8.7909945649390815e-04 
   4.0894075289697136e-02    4.3529895192110498e-03    1.8856545368303036e-02   -1.0590206461221781e-02   -4.8634706645604448e-04 
   2.9149955600464841e-03   -2.4555052905791924e-03   -2.2692438462602570e-02    4.7728015644396687e-03   -8.2360291214162405e-04 
   3.8328982789147613e-02    2.6857645045047958e-02    1.6175394389370611e-02    9.3507127496310523e-03    1.5060642948697058e-03 
  -1.4064394512259264e-03    4.6538324421419829e-03   -1.1111161365558590e-03   -5.3965019511014170e-03   -5.4358169553834069e-04 
   1.8568580570037841e-02   -1.3680262622713862e-02   -5.4497688104940094e-03   -7.4156442619007883e-03   -6.6950318089775505e-03 
   9.0217655011131954e-03   -2.1228969496879604e-02   -3.8410565417216882e-03    7.9094915177582020e-03   -5.1819784594459763e-03 
  -1.1019525993990482e-02   -2.5597005985294125e-03    6.8334035687914758e-03    1.4665869628229479e-02    9.1815882455808222e-03 
   3.9381147015046100e-03   -2.5800414337795387e-03   -2.6677014037000419e-03   -4.1051082081191084e-03    3.8153025673488676e-04 
   1.5837438773039915e-03   -7.9345991110893422e-04    1.0074806156007384e-03    9.2324662946207552e-04    9.0603294311195626e-03 
  -2.8219267412186999e-03   -6.5088187274079459e-03    8.3395842919245285e-03   -6.6877591710916761e-03    2.4843882166449434e-03 
   4.7925651528308287e-06    3.2670577774204903e-03   -1.5971081512558319e-03    1.5981730491528272e-04   -8.2167752713755270e-03 
   3.9017817952634965e-03    5.9341094504885171e-03   -1.2055104998009271e-02    7.4441174165030769e-03    1.5669869747287717e-02 
   3.1501382254027419e-03   -2.7320474572448991e-03   -2.7387939776889847e-03   -5.1491626579398125e-04    3.3804097624302639e-03 
  -3.2843889591337998e-03   -2.0288751440989726e-03   -2.9916166113706719e-03    2.9906085526878443e-03    7.7420931419989775e-04 
  -8.4959874296994308e-04   -2.0603975405105511e-03   -2.0389445052911411e-04   -3.4506047337103849e-03   -1.2246010268133494e-03 
  -2.6698984830430237e-04   -2.6099437657823451e-03    1.8996182229360334e-03    4.1594810325975128e-03   -2.4735320686438828e-03 
   1.9758558165527359e-03   -4.3242962515294683e-03   -1.5570738538704498e-03    3.1190797192477944e-03   -3.5762992931102292e-04 
   2.1058282755454134e-04    2.7449161708877252e-04   -1.0498886743000885e-03   -7.7454611302466703e-05    1.4714531942262451e-03 
   3.7636190050761387e-04   -6.2656908494473126e-04    3.1359218620693335e-04   -1.8243633008642362e-03    2.8072176040899854e-03 
   3.6679254240195317e-04    1.0623712936852173e-04   -6.7081326314844816e-04   -7.6273014721466319e-04   -6.3347446311981016e-04 
  -6.5851590628931620e-04    9.3619994544489758e-04    8.3240481600472269e-04    1.0110007897008199e-03    1.5979400475134588e-03 
   3.0161641727539256e-04   -3.3638604225352890e-04    3.8689168159771050e-04   -1.1354397977826444e-03    2.5965778206960386e-03 
   3.3765250870841706e-03   -9.9842437241197795e-05    4.0445397127463330e-05   -8.8800920944068611e-07    1.0689807981898746e-06 
  -3.0055901104139222e-05   -2.0453261428678136e-05   -2.8148497111700712e-06   -1.7069215774138765e-07    4.0846567106031901e-08 
  -1.5602330182106845e-03   -1.7454746669766122e-04   -1.5055964324111258e-05    6.8534778892719758e-07    7.8333380909514828e-08 
  -3.9211606179282435e-06   -1.0191698908079129e-04   -7.7290912254859246e-05   -1.0845015076248628e-06   -1.7935945569069303e-06 
   2.8664197639031255e-05   -1.6963445744238402e-05    5.5021605060218635e-07    1.1249679778032093e-07    3.9083939370675506e-09 
   1.5376730451818650e-05    1.2420181634943415e-04   -8.7175321445839515e-05   -4.9126577395102947e-06    3.0502707086108983e-06 
   5.2792928327330521e-04   -1.5610648513950028e-05    6.3237526647980267e-06   -1.3884276094182895e-07    1.6713818261858453e-07 
  -4.6993254659167933e-06   -3.1979254908981559e-06   -4.4010974366056633e-07   -2.6688203455524442e-08    6.3864767298632044e-09 
  -2.4394686187704880e-04   -2.7290991956006245e-05   -2.3540427657478169e-06    1.0715607249159481e-07    1.2247646492580044e-08 
  -6.1308459473346258e-07   -1.5935010583694253e-05   -1.2084653558870652e-05   -1.6956488960182286e-07   -2.8043360096236497e-07 
   4.4817286781204081e-06   -2.6522829010978807e-06    8.6027841567356260e-08    1.7589193709795258e-08    6.1108848793646406e-10 
   2.4041954604654364e-06    1.9419306593460802e-05   -1.3630108997580443e-05   -7.6810798453933505e-07    4.7691848496737247e-07 
  -3.6207207880134115e-03    3.7759169610979499e-05   -3.9178511735728421e-05    1.1289437153395228e-06   -9.5761847109594250e-07 
  -1.0737499297357220e-06   -3.5203888102554759e-04   -2.4003092103984475e-04   -3.5615748574266811e-06   -5.1311533602001212e-06 
   6.4699910317628538e-07    2.4602570035327507e-05   -3.6060115346343036e-05   -1.7324108008966414e-07   -1.0906379087133962e-06 
  -4.2374441704924812e-03    4.5587948921367246e-05   -4.4898585827857080e-05    1.3353768548594759e-06   -1.1003440349839964e-06 
  -4.2374441704924812e-03    4.5587948921367246e-05   -4.4898585827857080e-05    1.3353768548594759e-06   -1.1003440349839964e-06 
  -4.2374441704924812e-03    4.5587948921367246e-05   -4.4898585827857080e-05    1.3353768548594759e-06   -1.1003440349839964e-06 
  -4.2374441704924812e-03    4.5587948921367246e-05   -4.4898585827857080e-05    1.3353768548594759e-06   -1.1003440349839964e-06 
   3.6206751199822818e-03   -3.7829165631481112e-05    3.8292542759622753e-05   -1.1453481887073906e-06    9.3936557702780473e-07 
   5.5474498886244650e-06    4.9860111414881051e-04   -3.2010799912669956e-05   -1.9590751377850635e-06   -3.3912105942216669e-07 
   5.2156861061692720e-07   -3.4075072432187468e-06   -5.2824893775719418e-05   -2.9924071154442552e-06    2.1700900490066208e-06 
  -3.3583083305253531e-03    9.9303775354627136e-05   -4.0227189374109438e-05    8.8321829358099117e-07   -1.0632135189710218e-06 
   6.0447906059434077e-05    4.1135243996378290e-05    5.6611768292250861e-06    3.4329310176005799e-07   -8.2149906027463939e-08 
  -1.3378330742676492e-03   -1.4966698643870753e-04   -1.2909845390203060e-05    5.8765641330582238e-07    6.7167523425532227e-08 
   1.2484577372639510e-05    3.2449334769608750e-04    2.4608641886174831e-04    3.4529427131297805e-06    5.7106230024009238e-06 
   2.9630969609195559e-05   -1.7535580505150098e-05    5.6877346713815029e-07    1.1629103448622344e-07    4.0402143268897274e-09 
   9.0917588536905873e-06    7.3436480334859838e-05   -5.1543922361258163e-05   -2.9046941830902481e-06    1.8035255159126641e-06 
  -3.9350587037332635e-03    1.1635804311680613e-04   -4.7135741002242248e-05    1.0349007569857744e-06   -1.2458080676288891e-06 
   7.0829130458196026e-05    4.8199743438333427e-05    6.6334180672834074e-06    4.0224969688866594e-07   -9.6258196362116680e-08 
  -1.5675903356424702e-03   -1.7537054959900985e-04   -1.5126961096696654e-05    6.8857956339643211e-07    7.8702763906880974e-08 
   1.4628658246204349e-05    3.8022130384772707e-04    2.8834889745248229e-04    4.0459454402354237e-06    6.6913560452687234e-06 
   3.4719743806990071e-05   -2.0547112385303746e-05    6.6645369097613499e-07    1.3626266631377847e-07    4.7340741192421095e-09 
   1.0653162630800619e-05    8.6048341209939196e-05   -6.0395991180622564e-05   -3.4035416054441317e-06    2.1132600346100279e-06 
  -3.6320353002850573e-03    3.7551068950141786e-05   -4.0177410857036413e-05    1.3129361045076250e-06   -9.2930617960640741e-07 
  -3.6320353002850573e-03    3.7551068950141786e-05   -4.0177410857036413e-05    1.3129361045076250e-06   -9.2930617960640741e-07 
  -3.6320353002850573e-03    3.7551068950141786e-05   -4.0177410857036413e-05    1.3129361045076250e-06   -9.2930617960640741e-07 
  -3.6320353002850573e-03    3.7551068950141786e-05   -4.0177410857036413e-05    1.3129361045076250e-06   -9.2930617960640741e-07 
  -3.6320353002850573e-03    3.7551068950141786e-05   -4.0177410857036413e-05    1.3129361045076250e-06   -9.2930617960640741e-07 
  -3.6320353002850573e-03    3.7551068950141786e-05   -4.0177410857036413e-05    1.3129361045076250e-06   -9.2930617960640741e-07 
   5.8520356867684592e-04   -6.2958305346454399e-06    6.2006274532112432e-06   -1.8441949192723044e-07    1.5196076458750775e-07 
   5.8520356867684592e-04   -6.2958305346454399e-06    6.2006274532112432e-06   -1.8441949192723044e-07    1.5196076458750775e-07 
   5.8520356867684592e-04   -6.2958305346454399e-06    6.2006274532112432e-06   -1.8441949192723044e-07    1.5196076458750775e-07 
   5.8520356867684592e-04   -6.2958305346454399e-06    6.2006274532112432e-06   -1.8441949192723044e-07    1.5196076458750775e-07 
   5.8520356867684592e-04   -6.2958305346454399e-06    6.2006274532112432e-06   -1.8441949192723044e-07    1.5196076458750775e-07 
   5.8520356867684592e-04   -6.2958305346454399e-06    6.2006274532112432e-06   -1.8441949192723044e-07    1.5196076458750775e-07 
   3.9513749825767939e-03   -1.1684050867072028e-04    4.7331184056994998e-05   -1.0391918567120227e-06    1.2509736708250164e-06 
  -3.5172887106920950e-05   -2.3935407982167029e-05   -3.2940749562254532e-06   -1.9975232063322671e-07    4.7800652808505330e-08 
  -1.8258610720028388e-03   -2.0426399194234735e-04   -1.7619226641149175e-05    8.0202753946360438e-07    9.1669557797898175e-08 
  -4.5887341479008501e-06   -1.1926825081023072e-04   -9.0449609935557926e-05   -1.2691367649503487e-06   -2.0989521707265443e-06 
   3.3544247569714996e-05   -1.9851454795487945e-05    6.4388976278543196e-07    1.3164926097232927e-07    4.5737939528593713e-09 
   1.7994602869547216e-05    1.4534704681775629e-04   -1.0201682954372604e-04   -5.7490326265060987e-06    3.5695761344098789e-06 
  -3.6860876872792788e-03    5.1266661554305857e-05   -3.9018379304792644e-05    4.4936720060546973e-06   -8.0507313774628981e-07 
  -3.6860876872792788e-03    5.1266661554305857e-05   -3.9018379304792644e-05    4.4936720060546973e-06   -8.0507313774628981e-07 
  -3.6860876872792788e-03    5.1266661554305857e-05   -3.9018379304792644e-05    4.4936720060546973e-06   -8.0507313774628981e-07 
  -3.6860876872792788e-03    5.1266661554305857e-05   -3.9018379304792644e-05    4.4936720060546973e-06   -8.0507313774628981e-07 
  -3.6860876872792788e-03    5.1266661554305857e-05   -3.9018379304792644e-05    4.4936720060546973e-06   -8.0507313774628981e-07 
  -3.6860876872792788e-03    5.1266661554305857e-05   -3.9018379304792644e-05    4.4936720060546973e-06   -8.0507313774628981e-07 
   5.8520356867684592e-04   -6.2958305346454399e-06    6.2006274532112432e-06   -1.8441949192723044e-07    1.5196076458750775e-07 
   5.8520356867684592e-04   -6.2958305346454399e-06    6.2006274532112432e-06   -1.8441949192723044e-07    1.5196076458750775e-07 
   5.8520356867684592e-04   -6.2958305346454399e-06    6.2006274532112432e-06   -1.8441949192723044e-07    1.5196076458750775e-07 
   5.8520356867684592e-04   -6.2958305346454399e-06    6.2006274532112432e-06   -1.8441949192723044e-07    1.5196076458750775e-07 
   5.8520356867684592e-04   -6.2958305346454399e-06    6.2006274532112432e-06   -1.8441949192723044e-07    1.5196076458750775e-07 
   5.8520356867684592e-04   -6.2958305346454399e-06    6.2006274532112432e-06   -1.8441949192723044e-07    1.5196076458750775e-07 
   3.3722792027180821e-03   -9.9716888213004237e-05    4.0394538189675300e-05   -8.8689256308916647e-07    1.0676365852071116e-06 
  -3.0018106662423115e-05   -2.0427542033532004e-05   -2.8113101176313583e-06   -1.7047751720258627e-07    4.0795203708393517e-08 
  -1.5582710695182800e-03   -1.7432797821738104e-04   -1.5037031876730766e-05    6.8448598355413218e-07    7.8234878908561599e-08 
  -3.9162298698558333e-06   -1.0178883136259982e-04   -7.7193721128621530e-05   -1.0831377777909462e-06   -1.7913391627096820e-06 
   2.8628153224882646e-05   -1.6942114693165818e-05    5.4952416955081811e-07    1.1235533625327421e-07    3.9034792427336071e-09 
   1.5357394650145895e-05    1.2404563609408966e-04   -8.7065700955871452e-05   -4.9064802119770566e-06    3.0464350798564816e-06 
  -6.7117064399043903e-03    6.9978047999497429e-05   -7.2636607580142502e-05    2.0925812662044921e-06   -1.7754067781514154e-06 
   2.7800019467906809e-02   -2.9001868901277838e-04    3.0074410108072873e-04   -8.6691057404670885e-06    7.3511342008998660e-06 
   9.3194035111210849e-04    3.0500557678333368e-01    2.0796227636277295e-01    3.0857395291011519e-03    4.4456208129871810e-03 
  -4.8074535199312011e-03    5.0830078618242375e-05   -5.2239117684852456e-05    1.6303839716194950e-06   -1.2357953081243474e-06 
  -4.1816385610742935e-03    4.4019227246927534e-05   -4.5614172534126757e-05    1.4373796181625034e-06   -1.0737436069340213e-06 
  -9.5379479388769137e-04    1.0028218832897257e-05   -1.0415176155725024e-05    3.2905979957935150e-07   -2.4483758363915045e-07 
   7.1372759720914069e-04   -7.5014319358719622e-06    7.7961569531604729e-06   -2.4650534471510095e-07    1.8319627566410982e-07 
2    102 5 
   2.4076586949668077e-02    5.8027483432001778e-04    3.1366001633957613e-02    2.8768372074584681e-03    1.9572485481717122e-02 
  -1.0714623470506160e-02   -1.6028609518472737e-03   -3.9614468253291193e-02    4.3813287138599619e-03    1.0591005199145890e-02 
   9.1657998274392999e-03    7.4451150447079097e-03    2.5919410664463514e-03    8.6172059135641126e-03   -5.0464366386806956e-03 
   2.6679274878840600e-03    9.6801802645238612e-03   -1.9423429564364462e-03    9.0028831267006341e-04   -8.8720492382161789e-04 
   1.2877072813351237e-02    1.0908332216927261e-02    2.4479560016701211e-02   -1.4928501765186114e-03   -1.0292497909416514e-02 
   1.2143370145849989e-02   -1.5211337784924756e-02    4.5353323780534336e-03   -1.1638401008551867e-02   -1.7305581021696183e-03 
   6.2033452091510928e-04    4.3504018021419330e-03   -2.1040292711428875e-03   -6.8205131542652233e-03    6.9663429870112862e-04 
  -7.8039802616827860e-03    1.8517333639346947e-02    1.7134528854710201e-02   -1.1216057583500524e-02   -1.0848608897215152e-02 
   8.5925038780609777e-03   -3.4905357352741197e-03   -3.4359464473574094e-03    2.4578961159547937e-03   -1.8030646052985260e-03 
  -7.2673750260869472e-03   -4.3482353470482380e-03   -9.8888002423757511e-03    5.0392936795260589e-03   -6.3331062429102195e-03 
   9.9914043269448850e-03   -1.2195248963261711e-02   -9.7120154312193407e-03   -4.7712405511535407e-03   -7.6290467654388325e-03 
   7.9983548441012252e-04   -3.6165830755424044e-03    1.2719430864544635e-04   -2.5982708759405724e-03    4.4732342315432399e-03 
   2.0581317535771256e-03    1.9865637876707669e-03   -1.1289538727187679e-03    2.2400314829114690e-03    5.1937711270693618e-03 
  -1.2438035004120299e-03   -2.5728184079489578e-03    4.6086823704147850e-03    3.6484371119373648e-03    1.1539134927876981e-03 
  -1.4166825096829459e-03    3.4704143101182841e-03   -1.6547157283998038e-03    1.6562087421638214e-03    3.5820579807287296e-03 
   5.9321395980640890e-03    3.3312434220492569e-03    2.8471214977795790e-03   -6.8210726204917232e-03    4.3939596792732585e-03 
  -6.4657129379631050e-04   -3.7053644711938674e-04    2.5877619886244159e-03    7.5328335645234051e-04    6.8372685157608819e-05 
   1.5847378053786647e-03   -8.5925656037971298e-04    7.6992182718103679e-04    1.8681014708450744e-03    6.6055252658442636e-04 
  -1.3970394906438841e-03    9.1975000866317732e-05   -2.7693801740281106e-03   -1.8185208244343108e-04    3.1892796997630576e-04 
   3.4680517090344533e-03    1.7406898293273417e-03    8.0368878211553433e-04   -6.4557967598834740e-04    2.6328022444289782e-04 
  -2.6395829150917586e-03    1.0653507529909184e-03   -4.2025263716981471e-04   -1.4157047789355244e-03    1.2703216378602631e-03 
  -6.4483420759020962e-04   -7.4017424452873994e-04    3.1024581980956540e-04   -3.4394135946706837e-04    1.1731280759315497e-03 
  -5.9134970939494808e-04   -9.2891621548659635e-04    2.6754295901801957e-05    9.2736896909305778e-06    1.3695146740649888e-03 
  -4.8703591903496220e-04    6.5496952327138844e-05    4.0917433810005300e-04   -5.7034540131675423e-04    3.0424401081151234e-04 
  -3.3320557948140697e-04    9.1916579149731344e-04   -2.5076587333680111e-04    2.8055797234819314e-07   -4.6485252750190254e-04 
  -3.6192496920745536e-03    2.7897346577452403e-06   -1.2437268493666704e-04    8.0239032388155050e-08   -1.0960427850450310e-05 
  -3.6192496920745536e-03    2.7897346577452403e-06   -1.2437268493666704e-04    8.0239032388155050e-08   -1.0960427850450310e-05 
  -3.6192496920745536e-03    2.7897346577452403e-06   -1.2437268493666704e-04    8.0239032388155050e-08   -1.0960427850450310e-05 
  -3.6192496920745536e-03    2.7897346577452403e-06   -1.2437268493666704e-04    8.0239032388155050e-08   -1.0960427850450310e-05 
  -3.6192496920745536e-03    2.7897346577452403e-06   -1.2437268493666704e-04    8.0239032388155050e-08   -1.0960427850450310e-05 
  -3.6192496920745536e-03    2.7897346577452403e-06   -1.2437268493666704e-04    8.0239032388155050e-08   -1.0960427850450310e-05 
  -5.5455402297907672e-04   -1.0139184224517829e-06   -1.1395819673299335e-04   -1.3577226712675170e-07   -9.1502751755435967e-06 
  -5.5455402297907672e-04   -1.0139184224517829e-06   -1.1395819673299335e-04   -1.3577226712675170e-07   -9.1502751755435967e-06 
  -5.5455402297907672e-04   -1.0139184224517829e-06   -1.1395819673299335e-04   -1.3577226712675170e-07   -9.1502751755435967e-06 
  -5.5455402297907672e-04   -1.0139184224517829e-06   -1.1395819673299335e-04   -1.3577226712675170e-07   -9.1502751755435967e-06 
  -5.5455402297907672e-04   -1.0139184224517829e-06   -1.1395819673299335e-04   -1.3577226712675170e-07   -9.1502751755435967e-06 
  -5.5455402297907672e-04   -1.0139184224517829e-06   -1.1395819673299335e-04   -1.3577226712675170e-07   -9.1502751755435967e-06 
   3.6189862281110793e-03   -2.8008936866366845e-06    1.2406920095462068e-04   -8.1656471372640844e-08    1.0935694520307440e-05 
  -1.4652914601633033e-05    3.5261287904657957e-06    4.2457497339635678e-04    2.5214451045602696e-07    3.3094866613986951e-05 
  -4.4091066764668253e-08   -4.2996485295757484e-05    7.2356768447134485e-07   -6.0145810162332379e-06   -4.6752599594807370e-06 
   4.2353167353326214e-03   -1.1969031959803047e-06    1.3685772029977368e-04   -3.5532871648378928e-09    1.2727739646549700e-05 
   5.3635912129905998e-08    4.9271711259396642e-04    2.6446420831377122e-06    1.6167164956729381e-04    9.4627156351958337e-08 
   1.4791284591234484e-05    2.2364423502390450e-06   -4.5538725155629204e-04    6.4320127498076929e-07   -2.5128968941511404e-05 
  -1.0509924630042638e-08   -4.0908463610073334e-05   -1.9124669660428702e-08    1.2467468230993025e-04   -1.0922972686434363e-07 
  -3.6192496920744370e-03    2.7897346577451505e-06   -1.2437268493666303e-04    8.0239032388152469e-08   -1.0960427850449958e-05 
  -3.6192496920744370e-03    2.7897346577451505e-06   -1.2437268493666303e-04    8.0239032388152469e-08   -1.0960427850449958e-05 
  -3.6192496920744370e-03    2.7897346577451505e-06   -1.2437268493666303e-04    8.0239032388152469e-08   -1.0960427850449958e-05 
   3.3592841488956906e-03   -3.5172701543658951e-06    6.9695429114463705e-05   -2.2998687225052944e-07    7.5066632774990144e-06 
   2.2485621434067710e-07   -7.2201521578676972e-05    3.6682476683201022e-08   -1.2849884790668046e-05   -2.0330897189501718e-09 
   1.3370311958711351e-03   -1.1703600863571147e-06    1.5685237144221975e-04   -2.2582987410432386e-07    1.0394685762372271e-05 
   4.2345294843279412e-05    4.2021286181547879e-06   -4.0401027812654719e-04    8.6244435832720689e-07   -3.1922193304876911e-05 
   2.7001295902780704e-07    3.4429951950635749e-05   -1.6815166128532752e-07   -5.5244736050516881e-07   -3.9281259235222299e-09 
  -7.8632738390335517e-05   -1.9791412153381292e-07    4.4231062779614939e-05   -1.5159796696056013e-07   -2.1180166838053927e-06 
   3.9362021075525482e-03   -4.1213203708885196e-06    8.1664807979198327e-05   -2.6948444107044261e-07    8.7958453360643159e-06 
   2.6347265237298132e-07   -8.4601292659305154e-05    4.2982265158524561e-08   -1.5056702961987380e-05   -2.3822492179489564e-09 
   1.5666507439632735e-03   -1.3713558110374969e-06    1.8378994085642964e-04   -2.6461352686999746e-07    1.2179852073140799e-05 
   4.9617606436134216e-05    4.9237953057424892e-06   -4.7339434169550086e-04    1.0105591401103497e-06   -3.7404458508120682e-05 
   3.1638454244519341e-07    4.0342895517063202e-05   -1.9702975223377581e-07   -6.4732376552520389e-07   -4.6027358370332698e-09 
  -9.2136996114608116e-05   -2.3190356866712183e-07    5.1827233069772531e-05   -1.7763315355356299e-07   -2.4817614006742711e-06 
   3.3863452977202684e-03   -3.5456039799325211e-06    7.0256869676221296e-05   -2.3183956130623702e-07    7.5671341763942958e-06 
   1.8414316224346971e-06   -5.9128525939443051e-04    3.0040651868010276e-07   -1.0523251166333563e-04   -1.6649731966266831e-08 
   1.5641095236930724e-03   -1.3691313732053283e-06    1.8349182034363304e-04   -2.6418430468321293e-07    1.2160095476403724e-05 
   7.8276526449772712e-06    7.7677586882251700e-07   -7.4682491499458321e-05    1.5942538332985821e-07   -5.9009115837117168e-06 
   2.7448209787749289e-06    3.4999821768771244e-04   -1.7093483556257425e-06   -5.6159123259978840e-06   -3.9931425813688756e-08 
  -4.6185350757285622e-05   -1.1624589592040282e-07    2.5979346397722724e-05   -8.9041859936362182e-08   -1.2440281930122614e-06 
   4.3649236345672681e-04   -4.5702045273534487e-07    9.0559539556377219e-06   -2.9883602869871752e-08    9.7538673432745887e-07 
   9.3840469884543087e-07   -3.0132254655220044e-04    1.5308897993208178e-07   -5.3627124794139757e-05   -8.4848041715520428e-09 
   3.9902899857613406e-04   -3.4928699844455088e-07    4.6811656223250249e-05   -6.7397581141485916e-08    3.1022320668969446e-06 
   2.2342851483457185e-05    2.2171893235670416e-06   -2.1316988523470643e-04    4.5505566278772914e-07   -1.6843260312078636e-05 
   1.1535411783028714e-06    1.4709059700337363e-04   -7.1837242994209844e-07   -2.3601488664913114e-06   -1.6781620492056609e-08 
  -7.5697595600609079e-05   -1.9052653439521710e-07    4.2580039457050856e-05   -1.4593923385816359e-07   -2.0389569750218587e-06 
  -4.2357388887593597e-03    1.2632401097419536e-06   -1.3609675415831622e-04    2.6751502154469561e-08   -1.2686245811456309e-05 
  -4.2357388887593597e-03    1.2632401097419536e-06   -1.3609675415831622e-04    2.6751502154469561e-08   -1.2686245811456309e-05 
  -4.2357388887593597e-03    1.2632401097419536e-06   -1.3609675415831622e-04    2.6751502154469561e-08   -1.2686245811456309e-05 
  -4.2357388887593597e-03    1.2632401097419536e-06   -1.3609675415831622e-04    2.6751502154469561e-08   -1.2686245811456309e-05 
  -4.2357388887593597e-03    1.2632401097419536e-06   -1.3609675415831622e-04    2.6751502154469561e-08   -1.2686245811456309e-05 
  -4.2357388887593597e-03    1.2632401097419536e-06   -1.3609675415831622e-04    2.6751502154469561e-08   -1.2686245811456309e-05 
   3.4368745478838042e-03   -3.5985096037634551e-06    7.1305205457562512e-05   -2.3529894839205306e-07    7.6800469428736869e-06 
   1.8689084893601372e-06   -6.0010810472271598e-04    3.0488902557134118e-07   -1.0680273544138733e-04   -1.6898170444246524e-08 
   1.5874483372095389e-03   -1.3895608260759530e-06    1.8622978805748309e-04   -2.6812632289074912e-07    1.2341541977666704e-05 
   7.9444527300003771e-06    7.8836650673624494e-07   -7.5796864064581188e-05    1.6180424442300049e-07   -5.9889618595672270e-06 
   2.7857777429844179e-06    3.5522070563371135e-04   -1.7348543460326242e-06   -5.6997099939462383e-06   -4.0527261390670498e-08 
  -4.6874504088423068e-05   -1.1798045558252609e-07    2.6366996438638349e-05   -9.0370495388505800e-08   -1.2625909225181763e-06 
   4.3649236345672681e-04   -4.5702045273534487e-07    9.0559539556377219e-06   -2.9883602869871752e-08    9.7538673432745887e-07 
   9.3840469884543087e-07   -3.0132254655220044e-04    1.5308897993208178e-07   -5.3627124794139757e-05   -8.4848041715520428e-09 
   3.9902899857613406e-04   -3.4928699844455088e-07    4.6811656223250249e-05   -6.7397581141485916e-08    3.1022320668969446e-06 
   2.2342851483457185e-05    2.2171893235670416e-06   -2.1316988523470643e-04    4.5505566278772914e-07   -1.6843260312078636e-05 
   1.1535411783028714e-06    1.4709059700337363e-04   -7.1837242994209844e-07   -2.3601488664913114e-06   -1.6781620492056609e-08 
  -7.5697595600609079e-05   -1.9052653439521710e-07    4.2580039457050856e-05   -1.4593923385816359e-07   -2.0389569750218587e-06 
  -3.6147781937731832e-03    2.8216128550535413e-06   -1.2189320063016073e-04    8.3768690817186114e-08   -1.0763791603759710e-05 
  -3.6147781937731832e-03    2.8216128550535413e-06   -1.2189320063016073e-04    8.3768690817186114e-08   -1.0763791603759710e-05 
  -3.6147781937731832e-03    2.8216128550535413e-06   -1.2189320063016073e-04    8.3768690817186114e-08   -1.0763791603759710e-05 
  -3.6147781937731832e-03    2.8216128550535413e-06   -1.2189320063016073e-04    8.3768690817186114e-08   -1.0763791603759710e-05 
  -3.6147781937731832e-03    2.8216128550535413e-06   -1.2189320063016073e-04    8.3768690817186114e-08   -1.0763791603759710e-05 
  -3.6147781937731832e-03    2.8216128550535413e-06   -1.2189320063016073e-04    8.3768690817186114e-08   -1.0763791603759710e-05 
   1.8935495569811001e-02   -1.5574852964322702e-05    6.4916330694727317e-04   -4.7768131719361012e-07    5.7218467108349728e-05 
   2.4496853973410934e-02   -1.8959212474538844e-05    8.3982072320263950e-04   -5.5273210997725942e-07    7.4023405634906882e-05 
   6.4245135427489853e-05   -1.5605832107835436e-05   -1.8791486426504634e-03   -1.1159530770264737e-06   -1.4647651773348991e-04 
  -1.7490477132398253e-02    5.0054877179852111e-06   -5.6544775259488274e-04    1.6831344509455858e-08   -5.2563940781351820e-05 
  -1.0291660088581020e-04    3.0837654731623098e-02    3.5144960587621429e-03   -4.9836809090180061e-02    2.3952227130092757e-04 
  -1.4372075935068583e-04   -3.6017256098393804e-02    3.9604878455240834e-03    3.2351580058722712e-02    1.8647571601814483e-04 
   2.8719189155585378e-04    8.0462703283237694e-02   -7.8121187489893027e-03   -6.1355526251604835e-02   -3.6828596500734204e-04 
 TENSORSUMACCUMULATOR_IMPL_H - PrettifyOut: Norm of simple tensor is 4.47368e-06 
 As simple full tensor 3    5 5 5 
   1.1978343933377374e-06   -3.2690942226240023e-09    1.6934972173511006e-06   -2.5293922478800887e-09    1.0157412219788135e-06 
   2.6194158443059111e-07   -2.9861038483854715e-09    9.3150842548467909e-07   -1.2901875493740771e-09    6.5979065774924491e-07 
   5.7858640388886247e-07   -6.7880980300640117e-09    1.4759017016075414e-06    2.7047868314095330e-09    3.4163659488285541e-07 
   1.3769710903475873e-07    1.3111635604774592e-08    1.8364959829630462e-07    4.9314204453203635e-09    2.9013112162525188e-07 
   9.3720122748437347e-08   -5.0350666745034164e-09    1.3919221710994036e-07   -9.5781349541144210e-10    1.5294462533894300e-07 

  -5.4137557646448105e-09   -8.1115588441397572e-07   -4.9273348462069328e-09   -1.0873809305865494e-06   -3.5915608132046475e-09 
   1.1190748957603878e-09   -9.2731700573349290e-07    2.8885865571625209e-09   -7.1282454290866398e-07    2.4557089296751095e-09 
  -4.1979828244766731e-09   -5.7885204535366419e-07   -7.0612443191490339e-09   -3.7672132935242283e-07   -1.8477467497610912e-09 
   7.9456346029969248e-09   -3.0919621672323577e-07    2.0892604026859783e-09   -4.6395288512715892e-07    2.9255826843779338e-10 
  -9.9414678723676170e-10   -3.6396585072910480e-08   -3.2983709044626708e-10   -3.9251465716048379e-08    2.8606338416562661e-10 

   1.3489422794245313e-06   -8.2680781026826245e-10    1.1234918445751464e-06   -1.4245931617237960e-09    5.8605253188455995e-07 
   4.5031138559401463e-07    3.9661132160285164e-09    7.5117558067947822e-07    4.9097348289794022e-09    3.3919668868155630e-07 
   2.9449968218075054e-07   -6.3537574315086090e-10    3.1164950725651427e-07    5.8821665896135932e-10    3.4167250827369949e-07 
   1.3951508596829596e-07    2.2000147170639474e-10    1.8062003813488813e-07    1.0356211955095447e-09    4.0117208465177876e-08 
  -6.1767413813988892e-09   -5.6687918794077949e-10    1.7368387671423097e-08   -5.0837549833759286e-11    8.3145618652046240e-09 

  -4.7706513192168514e-09   -9.4435830647026916e-07   -5.9942794632434167e-09   -4.0014599381925685e-07   -8.5206640271217047e-10 
  -8.0410414653984717e-10   -2.7423281350506232e-07    1.6365774387288233e-09   -2.6045596343041705e-07    8.4071670507771607e-10 
  -1.6262585975675384e-09   -2.8084563723309339e-07   -4.6916325777876374e-09   -8.9740996943509518e-08   -1.1736853606823474e-09 
  -3.0829843421330007e-10    2.5675757419454256e-08   -3.2022362913443257e-10   -3.5779412692953291e-08   -2.1111255243158948e-10 
   1.2957443646294126e-09   -1.9659663660914117e-09    4.6539478491889163e-10   -5.3087852985106439e-09   -5.6612830257002376e-10 

   3.8013283256601352e-07    7.9116076191642855e-10    3.6245678683650530e-07   -2.5288023302224473e-10    3.3041532831273172e-07 
   2.7118254051916590e-07   -2.0464305241652877e-10    2.0657670057523281e-07    2.7728504183694605e-09    7.7915927701988039e-08 
   1.2721467523463694e-07    1.2954592165191667e-09    1.2263174912691076e-07   -6.5494820879406019e-11    1.9289591985497630e-08 
  -6.2820998544878186e-08   -4.6528234926123972e-10    2.7161606095899696e-08   -1.7391627551916294e-10    3.8804445584346946e-09 
   7.3826833765843646e-09    1.2010307011850322e-10   -7.8808427458230604e-09   -4.9662004747439348e-11   -3.5855534303219000e-10 
