2    8 5 
  -5.0358337860087936e-06    3.7943820177994676e-04    1.8812421143008757e-08    6.4772383250091679e-05   -5.6954737436928541e-09 
  -6.1108710075411022e-06    1.8774473068905096e-04    1.0801980219020758e-08   -3.2368549552874750e-05   -5.2636523164155684e-10 
  -3.9415261813153439e-06   -9.5678363234763707e-05    1.6246106532662047e-07   -1.4358063679921545e-05    1.3307670548129398e-08 
   1.3579981138292584e-06    1.3428695667139477e-05    1.3756112019191800e-08    1.2230053524666153e-05   -6.4242892144698147e-09 
   1.9435235946048950e-05   -1.0495930735666571e-05    1.0870765693885933e-06   -1.8407207979597918e-05    4.3595940459415010e-08 
  -5.8533828781095778e-06    5.7293681723783585e-06   -1.0200347860494046e-06    2.4626458546259900e-05   -3.9668369214928724e-08 
  -2.6694235677447452e-07    1.3478443264082615e-06   -5.4956243223358651e-08   -1.2814333259924582e-07   -1.5024341847028975e-09 
   2.3462781649367561e-06   -1.1153846442735467e-05   -9.4392776938055085e-07    1.7199017962989944e-06   -4.1247507382981869e-08 
2    8 5 
  -8.7884532998556216e-04    6.6782535627063315e-04    8.3711528600715380e-06    1.8246448197802907e-06   -7.0286264581980750e-07 
  -8.7884532998556216e-04    6.6782535627063315e-04    8.3711528600715380e-06    1.8246448197802907e-06   -7.0286264581980750e-07 
  -8.7884532998556216e-04    6.6782535627063315e-04    8.3711528600715380e-06    1.8246448197802907e-06   -7.0286264581980750e-07 
  -8.7884532998556216e-04    6.6782535627063315e-04    8.3711528600715380e-06    1.8246448197802907e-06   -7.0286264581980750e-07 
  -8.7884532998556216e-04    6.6782535627063315e-04    8.3711528600715380e-06    1.8246448197802907e-06   -7.0286264581980750e-07 
  -8.7884532998556216e-04    6.6782535627063315e-04    8.3711528600715380e-06    1.8246448197802907e-06   -7.0286264581980750e-07 
  -8.7884532998556216e-04    6.6782535627063315e-04    8.3711528600715380e-06    1.8246448197802907e-06   -7.0286264581980750e-07 
  -8.7884532998556216e-04    6.6782535627063315e-04    8.3711528600715380e-06    1.8246448197802907e-06   -7.0286264581980750e-07 
2    8 5 
   2.0115847140251858e-04    2.8178373165789654e-03    1.8315539956673321e-03   -8.2459219546155923e-04    3.3512006402452169e-04 
  -1.4237821519025135e-03   -1.4844832327395600e-04   -1.7719588504140780e-03    8.9504189715278269e-04   -3.9355175631092216e-04 
   1.3737454207433684e-04   -5.4922622498641751e-04   -2.2144197137503887e-04   -6.7741877759682498e-05    1.4569756545949544e-04 
  -1.3876095424153985e-04    4.1807323886724652e-05   -1.2845639321447744e-04    1.0312338883251592e-04   -7.1658393251995404e-05 
   2.5864303738982027e-04   -1.4537453907474023e-04    3.1813396903653684e-04   -3.6002901057658132e-05    3.7631035783974389e-05 
  -1.6160280270702387e-04   -5.2958536073036320e-05   -2.5985021838976574e-04    1.1202641562624505e-04   -5.1012679561621248e-05 
   2.6416272280617249e-06   -6.8543974281087399e-06   -5.8762752315350635e-06   -7.8661912918685646e-06   -3.0805012436504759e-06 
   7.2899696566360876e-06   -6.7709278427083443e-05   -1.2904926102798409e-04   -4.0594697856199915e-05   -1.2653628073657625e-04 
 TENSORSUMACCUMULATOR_IMPL_H - PrettifyOut: Norm of simple tensor is 1.34494e-09 
 As simple full tensor 3    5 5 5 
  -1.1378196618944247e-11    1.2069960648194648e-11   -8.5300560700983210e-12    2.0727862430007397e-12   -6.8519189625036819e-13 
   8.6461723712960826e-12   -9.1718366076833248e-12    6.4819002157245037e-12   -1.5750885439962200e-12    5.2067014139412956e-13 
   1.0837927894626942e-13   -1.1496845025363613e-13    8.1250250563369572e-14   -1.9743645320044700e-14    6.5265706106538022e-15 
   2.3623232451538782e-14   -2.5059462023928740e-14    1.7709967942818812e-14   -4.3034861218017567e-15    1.4225846134600361e-15 
  -9.0997916327103005e-15    9.6530347112050053e-15   -6.8219714821936972e-15    1.6577251687715431e-15   -5.4798696956236512e-16 

   1.8429902454447624e-10   -9.6356920147442480e-10   -3.3251236681886559e-10    1.1909604480656854e-10   -3.4352019463556667e-11 
  -1.4004689736334711e-10    7.3220613833908489e-10    2.5267266293472646e-10   -9.0499836364467623e-11    2.6103739593453085e-11 
  -1.7554798936568645e-12    9.1781623018148067e-12    3.1672374598049372e-12   -1.1344103018924763e-12    3.2720889122356700e-13 
  -3.8263872942371294e-13    2.0005471861573461e-12    6.9035693418191608e-13   -2.4726533076781176e-13    7.1321121276482304e-14 
   1.4739442265167213e-13   -7.7062114944608006e-13   -2.6592907072050308e-13    9.5247887544437737e-14   -2.7473265733579790e-14 

  -3.9354052479972991e-13    6.7644998407150373e-14   -6.2450828794030429e-13    1.1432827155049139e-13   -2.0854177895880670e-13 
   2.9904732063107075e-13   -5.1402725394152946e-14    4.7455730338186867e-13   -8.6876855431736691e-14    1.5846871238738297e-13 
   3.7485411565939981e-15   -6.4433023942319202e-16    5.9485488087144330e-15   -1.0889964419480437e-15    1.9863962972916977e-15 
   8.1706263371876922e-16   -1.4044347932039484e-16    1.2965942625181322e-15   -2.3736655509390440e-16    4.3297115396995306e-16 
  -3.1473676318288898e-16    5.4099556468835562e-17   -4.9945483308801502e-16    9.1434827827217292e-17   -1.6678273357311270e-16 

  -4.1057359187703242e-11   -1.7311179774160261e-10   -1.4511666057000509e-10    6.7491320026258813e-11   -2.5759593493105464e-11 
   3.1199056980264910e-11    1.3154584095398766e-10    1.1027262959633674e-10   -5.1285946803008066e-11    1.9574445144064713e-11 
   3.9107840488470571e-13    1.6489196350403881e-12    1.3822611405292282e-12   -6.4286642642466060e-13    2.4536455663664103e-13 
   8.5242641907117121e-14    3.5941198549380456e-13    3.0128892302041882e-13   -1.4012441468861200e-13    5.3481661929765410e-14 
  -3.2835907667071921e-14   -1.3844736045338613e-13   -1.1605805540600002e-13    5.3976651118242763e-14   -2.0601413491159179e-14 

  -1.7317608938976065e-14    2.1955409087774141e-14   -1.5721195770428802e-14    1.4640630010772211e-15   -8.4244518286679314e-15 
   1.3159469550366940e-14   -1.6683685280948290e-14    1.1946371913428119e-14   -1.1125261316608583e-15    6.4016526593563105e-15 
   1.6495320240421768e-16   -2.0912904615671168e-16    1.4974709251687287e-16   -1.3945451788420891e-17    8.0244352008159404e-17 
   3.5954546680020065e-17   -4.5583474237522914e-17    3.2640098825735330e-17   -3.0396645229842930e-18    1.7490714081532489e-17 
  -1.3849877814474394e-17    1.7558990638025797e-17   -1.2573135314761568e-17    1.1708945356754967e-18   -6.7375137579400164e-18 
