2    16 5 
   2.0857234710012511e-04    1.4039153841264526e-03    6.0330898804809890e-06   -9.8536217392530671e-04   -2.6656977483330250e-06 
  -4.4040343940268282e-04   -1.8783745129799974e-03   -1.0781120623543181e-05   -3.1408391648192415e-03    3.1541262314953953e-05 
   5.1831637911687570e-04   -3.1988178856559097e-04    1.0335054788792865e-04   -7.1693688412057899e-04    2.7664392236995269e-05 
  -1.2256644027148671e-05   -5.3281832066480548e-04   -2.3951408534007322e-06   -8.8955924181822923e-04    9.8653864999207619e-06 
  -7.5081319710838682e-04   -1.4070380585751070e-03   -2.7670780972588178e-05    2.5944055020254552e-03   -4.5822241541059394e-05 
   2.3497271265779068e-04   -9.5377219299984752e-04   -2.1702806969948942e-05   -1.7212742720077627e-03   -1.1675473713618739e-05 
  -1.9062181022433221e-04   -3.5493730491084158e-04   -1.4567567105199382e-04    1.4004821244446137e-04   -1.7341122806940326e-05 
   7.3519997962071101e-04   -1.1036388447020508e-03    2.3953337853610161e-04    9.4985095826782893e-04   -4.8774215158965423e-06 
  -5.9763183683370709e-05    6.4826350930104984e-04    6.9061051647610226e-04   -3.2662395173272985e-04    1.3599849802851840e-04 
   2.1357868357488140e-04    3.8161149870857697e-05    9.7279284887462133e-05   -3.2187212699040403e-05    2.6195165344659028e-05 
   9.7901263552626250e-04   -6.7815007847590978e-04    1.8204454659404826e-04   -5.3710601430513938e-05    4.9386657392759998e-05 
  -1.3924010024777607e-04    1.9189646263586180e-04   -2.0832667825567390e-04   -3.6187862486918037e-04    8.3590102942052144e-05 
   1.2878172620192364e-04    1.2841290879648059e-04   -1.4465011781381973e-04   -6.3859990758698742e-05   -3.1463872661726552e-05 
   9.2629017224638867e-05    2.7863470002179097e-05   -6.0797094137484362e-05   -1.4729749118431868e-05   -2.6900521971661863e-05 
  -4.8078590531129973e-06    1.9242947996016402e-04   -3.5887366112981626e-04   -3.3000818477997877e-04    1.1473007567260537e-04 
   7.6616109063049607e-05   -4.0257228003871653e-05   -3.7677858057835321e-05    2.3556868930118223e-04   -8.9292974478882229e-05 
2    16 5 
  -3.8337346557617918e-04   -1.1560330234148127e-02   -1.5103306868401429e-02   -1.4217058822000126e-03    4.2391423601927103e-05 
  -2.3159971994207305e-02    4.6557854004121296e-03    3.4831524375984546e-03    1.0274931289057921e-03    1.2723595828083127e-05 
   3.6844758675970657e-04    1.2126489335828366e-02   -2.9178549763567742e-03    1.7276168553394993e-03   -6.5859796889909292e-04 
   3.2793908338325406e-02   -7.2062519311805913e-03   -3.9556121288363381e-03   -9.6742647391526550e-04    2.1347834012255774e-04 
   1.3817325402183351e-02    1.1616001871126881e-02   -7.7745600466640735e-03   -3.4741206109228104e-04    1.5868974462951305e-04 
  -2.9741715239022535e-04    2.4580807672982503e-02    6.9892280548188709e-03    5.2425902235068479e-04   -1.3512129432203764e-04 
   4.5385282450652572e-03   -5.7117137703811922e-03    1.4028748057752956e-03    2.0558448030538259e-03    1.1306505434290092e-04 
  -3.3220128600447794e-03    4.1209306527977951e-03   -3.3874554321199971e-03   -2.1756805725968364e-03    3.4052414469587012e-04 
  -2.0599212455819707e-03   -3.1388303930391601e-05   -1.2744357158530053e-03    2.3850295905393544e-04   -1.0343274471821145e-04 
  -7.8708477378378189e-03    7.0270213356010388e-03    1.4398590994149685e-02   -4.2162979580027196e-03    2.0096114848910224e-03 
  -1.3799370606776763e-03   -1.7405526927618523e-05   -4.8296822081692371e-03   -1.9288528461668824e-03    4.0120440779638005e-04 
  -4.0571847406126876e-04    6.2848345311674345e-04   -1.9024502946135169e-03    3.1937345033341805e-03   -4.8150718005459455e-04 
   1.6701573359572616e-03   -1.4276988991521985e-03   -3.3779901038433929e-04   -3.0156974738662634e-03   -3.6125616566271294e-04 
   2.3973278125015380e-04    1.0668495464802713e-03    9.9985649340534255e-04   -1.5008384391596403e-03   -3.2727697772032071e-04 
   1.2158807830658699e-03   -9.5822224370029692e-04    7.4345539494063279e-04   -6.2403900695115859e-03   -2.2064766732126598e-04 
   2.9250932256969967e-04   -4.6387702260495054e-04   -2.1891984570155247e-03   -4.8496177434531745e-03   -7.9709761613278030e-04 
2    16 5 
  -1.3434735805883582e-03   -2.1221979941968231e-02   -7.7620536812280424e-05    1.7875516978518448e-02    9.8366088547690569e-06 
  -4.1708276538680918e-03    3.1771524802222957e-02   -1.2477895952187233e-03   -1.1010434443457892e-03   -2.1657464628858578e-04 
  -6.1986110748204707e-03    6.1526580587788976e-03   -1.4509285686141564e-03   -7.0228716302115865e-04   -2.4828782759086566e-04 
  -1.5992602515463167e-02    6.7153626043803441e-02   -3.1962178650207455e-03   -4.7466827851187377e-03   -4.7324153661329558e-04 
  -2.7426147255695562e-03   -6.3631292936741700e-04   -8.2036022748466263e-05   -1.3768129512545626e-03    2.3031374994617027e-05 
  -1.9514732085288537e-03    3.1805789382996731e-03    6.4280934693542130e-05    8.5461656187182083e-03    5.0198199284954637e-05 
   6.3360326733462157e-03    4.9676661578565307e-03    2.7215422020299323e-03    6.9982446740145532e-03    5.3126245944430639e-04 
   3.3055740679098465e-03   -1.7743265596885101e-03   -7.2945853454581234e-04   -1.6080384183944430e-03   -2.0645138280434212e-04 
  -4.6306748115463991e-03    5.7711758591116969e-05    1.7104475943284362e-04    5.2238261248567846e-03    4.4722221013397115e-05 
  -4.4560258300717914e-03    1.7748981315841730e-03   -1.0775499213399326e-03    2.0026748531727567e-03   -1.9432582121797716e-04 
  -4.2321473323880367e-03   -4.0370838263689814e-03    4.2092055000798509e-04   -1.9073850739242709e-03    1.5095675429839550e-04 
   1.7362746266879456e-03    5.0731806702022388e-04    3.6887374212117973e-03    1.3995835695984149e-04    7.4918009106492785e-04 
  -1.7330417512768594e-03   -2.5241700890890801e-04   -3.6509064099930445e-03    5.2584043793693733e-04   -7.3192196310485950e-04 
  -4.5780821833155735e-04   -2.3874780013486288e-03   -1.1388409666175053e-02    3.6146918634333996e-03   -2.2783371218051286e-03 
   1.7373537956511770e-03    7.8128890638094718e-04    2.2113374358778836e-03    5.7027572302151600e-05    4.0590929052113615e-04 
   1.6724060462197082e-03    6.9281879631668912e-04    3.4257580273097088e-03   -3.3346794457034680e-06    6.8735719216891369e-04 
 TENSORSUMACCUMULATOR_IMPL_H - PrettifyOut: Norm of simple tensor is 1.1987e-06 
 As simple full tensor 3    5 5 5 
  -9.7748340768619648e-09    3.0876548313087798e-07   -1.0941771135655721e-08    7.2732053628001292e-10   -2.2892506284680940e-09 
  -5.5743080088919738e-09    5.7058345436494687e-08   -7.3289864437806908e-09    2.1736576895437051e-08   -1.6128492065529184e-09 
  -3.7504029953596945e-09    4.1021451837615538e-08   -8.7862591043774385e-10   -2.9732963933629040e-08   -1.6265128521414872e-10 
  -7.1484648928847024e-10    5.3335480770608099e-09   -3.3540513105250089e-10   -4.0063164061159075e-09   -8.4717186836673942e-11 
  -2.4385081451617327e-10   -3.9649972493834198e-09    5.3584836724437077e-10   -2.2606029674064747e-10    1.0778643818651004e-10 

   1.5756962786025158e-07    2.1391094329863361e-07   -3.8472636866166182e-09    2.8302454746919142e-08   -3.1786352179564382e-09 
   1.0838048945920354e-07    2.5485936534510888e-07    1.4341197356898665e-08   -4.5191818500377800e-07    1.3866570130907334e-09 
  -4.1663939893410108e-09    3.3976002620943266e-07   -3.9311682618795887e-09   -4.7343938378976682e-07   -9.7568340598465621e-10 
   3.3219858274528063e-09   -3.3849986007875042e-09    8.2234516378389119e-10   -5.1874047453499385e-08    1.1467592653186721e-10 
   4.2152209563028654e-10   -6.1387887338637147e-09    1.4398722952358264e-11    3.4638562289573604e-09   -3.7678122563732933e-12 

   5.0565758429185000e-09    6.9626360391172362e-10   -4.6960809455237720e-10   -1.1414353214660568e-08   -8.5924435780855364e-11 
  -1.4523513893581427e-10    1.1187064138199838e-08   -6.8862934741944860e-10   -8.9732748242248113e-10   -1.8924271643458175e-10 
  -4.1342330288417244e-10    5.4939272689411641e-09    1.0798805553579924e-10   -3.4082209571475948e-09    3.7690904551363673e-11 
   8.3939789112104762e-11    2.3887586853791802e-09    1.2618846506872211e-10   -3.4387987205491883e-10   -5.1908591919064351e-11 
   1.4753816389795499e-11   -5.5646873019361472e-10    3.5266929681076531e-11   -1.6346062829183614e-10    5.8274809460482212e-12 

   5.3857310348640260e-08    3.3006767460111061e-07    4.1449474669385586e-09    3.3668123567231016e-08    3.3827492665138200e-11 
   5.6204403633964818e-09   -4.9434991466512149e-07   -1.1587885057085577e-09   -2.1999899408076564e-07   -3.6243350032827742e-10 
   2.4715197922013865e-08   -4.3500339451347295e-07    2.9759739233502201e-09    1.9220130604541395e-07    2.5861670043605174e-10 
   3.3528885039083617e-09   -7.9343551790967530e-08    5.7788956374344687e-10    2.4054846326484432e-08    1.0579262189269346e-10 
   2.1530091030702984e-10   -1.0276149699271238e-08   -1.4889112651038438e-10    1.0254206730582526e-09   -4.2335762999824272e-11 

   1.8310306314450899e-09   -1.4524934489673631e-09    1.9349100871837295e-10   -2.1896998474998933e-09    2.6682738996854429e-11 
   9.2554217320356121e-11    1.6117304263361210e-09   -7.9737694141876598e-11   -2.3453246284580185e-10   -3.1425359217490939e-11 
   1.9060253181408251e-11    6.8778431138500252e-10   -8.3730531392680739e-12   -3.4882185695862879e-10   -1.0818297882161667e-11 
  -3.6023623983899569e-13    3.2300088342802434e-10   -2.2769889919802194e-11    2.3885864639085675e-11    1.8738072637538035e-11 
  -1.9516765578556987e-10    4.5186266997525888e-11   -1.3738518548225709e-10    3.7416416568045707e-11   -2.5100116306203314e-11 
