2    102 5 
   2.5668093713955873e-04    2.8628388058877835e-04    5.5554570189939938e-05   -6.7134325369426468e-05   -1.7279179430427830e-06 
  -1.8706370195823222e-04    2.6999296317119690e-03    1.2698260815545172e-03    1.0467023171157454e-03    1.9175820583661207e-06 
  -5.2345220898424548e-03    2.1756436971301506e-03    3.9413849420427086e-04   -1.6716607526665048e-03   -3.3346960263729476e-05 
   3.6090015309366195e-03    2.0500868277066649e-03    1.4986265209109609e-03    2.2972063183237814e-03    3.2604593303172042e-05 
   4.7464116038703632e-04    6.5199198066308057e-04    5.8446298340872015e-06   -1.4947855589542611e-04   -6.2057351975867942e-06 
  -4.8365169713289669e-04    5.6818858885530343e-03    2.0407575196517273e-03    2.0132728613252849e-03    8.8728862981061504e-06 
  -2.7482639200294198e-04    1.2422954884451644e-04   -1.2090860826682057e-03    9.5306395383694615e-04   -6.4951682155124971e-05 
  -4.9734091266364733e-04   -5.6179443300255559e-04    9.6585944228809732e-04    1.0710128631160282e-03    4.3097427000691720e-05 
   1.0054632629179866e-05    8.8704819481011474e-05   -5.6039261882284491e-04    3.1875885858801523e-04   -3.6028902119612804e-05 
  -1.5268156879797676e-04   -2.3989142476472163e-04   -2.2694187532319591e-04    1.3805969366179772e-03   -1.7855877346487731e-05 
   2.5689173862537693e-04   -2.7064020200477250e-04    2.3798673966316395e-04   -1.9708148955037018e-04   -1.0403741184857786e-05 
  -5.2583090395821467e-03    6.0013106541029950e-03   -6.6405202582756773e-03   -8.8280960782686566e-05    1.9405466046600813e-06 
   5.0329645791541613e-03    4.4690973393561369e-03    6.0235617040793402e-03    7.5369808038149618e-05   -1.7800127781508429e-06 
   1.6519940063400206e-04    1.1007910110232054e-04    9.4453762943531145e-07   -1.6667651992282566e-08   -3.6206569755096475e-10 
  -1.0586052570523157e-05    1.5907355614103386e-05   -2.3911426252905681e-06   -3.9429738708526569e-08    5.5022973983784773e-10 
   5.4168261284107848e-04   -4.8031753222570986e-04   -3.0127635314924549e-06    7.0703265619317486e-08    1.0769897943657322e-09 
   3.8313487682472544e-04    4.3206808378155789e-04    2.5295389266931856e-06   -6.3503450657473486e-08   -9.1147485755505211e-10 
   1.1497203571042452e-03    5.4056208122704686e-04    1.4168140190378192e-03   -1.4462513272935667e-04    1.1549221910797234e-05 
   1.1497203571042452e-03    5.4056208122704686e-04    1.4168140190378192e-03   -1.4462513272935667e-04    1.1549221910797234e-05 
   1.5942517589869068e-03   -8.1713269326284810e-04    1.9823345299385831e-03    6.4234522402898590e-05    3.0799027534445912e-07 
   1.5942517589869068e-03   -8.1713269326284810e-04    1.9823345299385831e-03    6.4234522402898590e-05    3.0799027534445912e-07 
  -3.3368564701827985e-03   -4.8787659831400999e-03   -3.9316141757665428e-03   -6.1140664100421289e-05    1.1034502828014896e-06 
  -4.5119046613175540e-04    3.8324558116156239e-04   -5.6114408243519102e-04    9.4656818681176341e-05    2.5392448580682696e-06 
   7.7354369553310019e-03   -8.8284579443164441e-03    9.7687917202697854e-03    1.2986908934983153e-04   -2.8547154239573841e-06 
  -7.4039353540077983e-03   -6.5744368494884175e-03   -8.8611912038084762e-03   -1.1087564348649162e-04    2.6185559885167204e-06 
  -1.7247111933064535e-04   -1.1492454397029348e-04   -9.8611412374030453e-07    1.7401325820131058e-08    3.7800304291777739e-10 
   1.1052027604968154e-05   -1.6607562847236777e-05    2.4963955285573809e-06    4.1165350139743453e-08   -5.7444965753290327e-10 
  -6.9979832406355687e-04    6.2052093994109680e-04    3.8921811779784310e-06   -9.1341360444838549e-08   -1.3913602453985565e-09 
  -4.9497092639911211e-04   -5.5818760607033685e-04   -3.2679045987262656e-06    8.2039938681566370e-08    1.1775319395939887e-09 
  -3.3567932407734570e-03    3.8311097517911403e-03   -4.2391676393311326e-03   -5.6356697602516294e-05    1.2388038962514994e-06 
   3.2129381048511848e-03    2.8529771887088337e-03    3.8453143513303566e-03    4.8114490851788808e-05   -1.1363224978237393e-06 
   2.7185063620318174e-04   -2.4105375291676588e-04   -1.5119955179478083e-06    3.5483375845207490e-08    5.4050167725903280e-10 
   1.9228134251927139e-04    2.1683912437774064e-04    1.2694828119284755e-06   -3.1870052781990191e-08   -4.5743580103103987e-10 
   2.9140442579948171e-03   -3.3258001232695997e-03    3.6800366397377457e-03    4.8923451421846490e-05   -1.0754101077198027e-06 
  -2.7891630982839585e-03   -2.4766797352796049e-03   -3.3381311871020659e-03   -4.1768362164806226e-05    9.8644563799545244e-07 
  -1.2970689971184982e-03   -1.8964244214497816e-03   -1.5282571790506223e-03   -2.3765978721748266e-05    4.2892200023366458e-07 
  -1.7538218099709998e-04    1.4897133456270357e-04   -2.1812223532746697e-04    3.6794038333478285e-05    9.8702950244440294e-07 
  -3.0021103682597835e-04    2.6620131593088582e-04    1.6697321310665781e-06   -3.9185124601341435e-08   -5.9688868564882696e-10 
  -2.1234079863200234e-04   -2.3946053341300549e-04   -1.4019196589886279e-06    3.5194847152128718e-08    5.0515708930036030e-10 
  -6.4062914878267177e-05   -4.2687734076092379e-05   -3.6628361556767185e-07    6.4635729107022170e-09    1.4040598133849276e-10 
   4.1051806611863813e-06   -6.1687364768494255e-06    9.2726466244973196e-07    1.5290515491354299e-08   -2.1337438786970976e-10 
   4.3946690564451675e-04    2.9291148142822397e-04    2.5048883932406612e-06   -4.4475006194978588e-08   -9.6141309015838648e-10 
   4.3946690564451675e-04    2.9291148142822397e-04    2.5048883932406612e-06   -4.4475006194978588e-08   -9.6141309015838648e-10 
  -3.2447078792932887e-04    7.9545365836193387e-04    4.8706370102741208e-06   -1.1702754298033399e-07   -1.7458882682447887e-09 
  -3.2447078792932887e-04    7.9545365836193387e-04    4.8706370102741208e-06   -1.1702754298033399e-07   -1.7458882682447887e-09 
  -2.9071435303341217e-03    3.3179243194476006e-03   -3.6713219709187880e-03   -4.8807596141489243e-05    1.0728634366263307e-06 
   2.7825581008170488e-03    2.4708147274613338e-03    3.3302261821747505e-03    4.1669450800868691e-05   -9.8410964303545443e-07 
   6.2544419753623416e-03   -9.3643205115365637e-03    5.0534468011974093e-03   -6.5963003267540893e-03   -1.4302257205409114e-04 
   4.8227267992671579e-03    8.8219744045108031e-03    3.9804903512334214e-03    6.0338128158670670e-03    1.2319338735650279e-04 
   1.6417272622893254e-03    2.4003439142265856e-03    1.9343469624288373e-03    3.0081094582601902e-05   -5.4289551499853130e-07 
   2.2198488168505276e-04   -1.8855612291600470e-04    2.7608185921035864e-04   -4.6570981155192326e-05   -1.2493038122464693e-06 
   2.9950010918643167e-04   -2.6557092647159131e-04   -1.6657780501801296e-06    3.9092330584063770e-08    5.9547519776095010e-10 
   2.1183795588395769e-04    2.3889346861224472e-04    1.3985997829289858e-06   -3.5111502482743450e-08   -5.0396083035900503e-10 
  -3.1468799063560427e-05    2.7903823290615003e-05    1.7502509394070959e-07   -4.1074732807874121e-09   -6.2567220414630080e-11 
  -2.2258042195230185e-05   -2.5100794059063684e-05   -1.4695238562312145e-07    3.6892033844347359e-09    5.2951707261651508e-11 
   1.1101478002720127e-04   -9.8438354710287355e-05   -6.1744880266395938e-07    1.4490233383651402e-08    2.2072295155637592e-10 
   7.8521320535581736e-05    8.8549903837981410e-05    5.1841465991354241e-07   -1.3014672131955546e-08   -1.8680160376771317e-10 
   8.1085766517448527e-05    5.4030754689047085e-05    4.6361280605985555e-07   -8.1810789424991197e-09   -1.7771477682681127e-10 
  -5.1960127202677110e-06    7.8078983233897184e-06   -1.1736582086867638e-06   -1.9353524132009036e-08    2.7007240973164370e-10 
  -2.7279373062355522e-04    6.6876519882575467e-04    4.0949117454457224e-06   -9.8389072985722924e-08   -1.4678282041529338e-09 
  -2.7279373062355522e-04    6.6876519882575467e-04    4.0949117454457224e-06   -9.8389072985722924e-08   -1.4678282041529338e-09 
   3.0373045654987453e-03   -3.4664771719335398e-03    3.8356974354155455e-03    5.0992850213531220e-05   -1.1208985659704636e-06 
  -2.9071410940641794e-03   -2.5814400884972238e-03   -3.4793298238358066e-03   -4.3535109924468639e-05    1.0281710141086125e-06 
  -3.8612236371907659e-04    3.4238008841741503e-04    2.1475590106263810e-06   -5.0398723157093524e-08   -7.6770019056126300e-10 
  -2.7310631863715129e-04   -3.0798690200206392e-04   -1.8031067018589005e-06    4.5266548881042345e-08    6.4971778330444494e-10 
   1.1161798187387113e-03    4.6132855679004386e-06   -9.1601091823164194e-08   -1.2124012127379131e-09    9.3052641382978333e-12 
   1.0154075684124229e-03    6.7678483020448224e-04    5.7876545420291897e-06   -1.0276145328699821e-07   -2.2213871296767607e-09 
  -6.1105577613078399e-04    1.4980286998664744e-03    9.1725695787831925e-06   -2.2039073705489303e-07   -3.2879234448135009e-09 
  -8.2306272853712489e-04    7.2982120759688387e-04    4.5777606921173765e-06   -1.0743047928361983e-07   -1.6364382716809885e-09 
  -5.8215646882801278e-04   -6.5650830859396514e-04   -3.8435223165558423e-06    9.6490679469154848e-08    1.3849456590779407e-09 
  -1.3582158569527601e-03   -9.0503464336119861e-04   -7.7656818418478034e-06    1.3703602523500280e-07    2.9767866577305581e-09 
   8.7035088557462385e-05   -1.3078511516593702e-04    1.9659198625668914e-05    3.2417851483658526e-07   -4.5238103452352217e-09 
  -6.4705307935266157e-04    5.7375099537281665e-04    3.5988194455588375e-06   -8.4456773495682685e-08   -1.2864905506579140e-09 
  -4.5766394560198660e-04   -5.1611585358912510e-04   -3.0215958811649150e-06    7.5856419097382477e-08    1.0887789257997754e-09 
  -4.3950086059819314e-04   -2.9285735591456886e-04   -2.5128729245447021e-06    4.4343062787430119e-08    9.6324917073568160e-10 
   2.8163414620313266e-05   -4.2320350167184319e-05    6.3614591674972759e-06    1.0489992111988633e-07   -1.4638457721842377e-09 
   9.4857437369930510e-04   -3.6710010189351205e-04    1.1746332855853128e-03    1.5286000407551833e-05   -3.4464509412197031e-07 
   9.4857437369930510e-04   -3.6710010189351205e-04    1.1746332855853128e-03    1.5286000407551833e-05   -3.4464509412197031e-07 
   3.3595034279776902e-04    4.9105587251467488e-04    3.9583350555256075e-04    6.1425449028689064e-06   -1.1139620763266894e-07 
   3.3595034279776902e-04    4.9105587251467488e-04    3.9583350555256075e-04    6.1425449028689064e-06   -1.1139620763266894e-07 
   1.0633125457147384e-03   -9.4285407328032573e-04   -5.9139968394142081e-06    1.3878914990774940e-07    2.1141102424341556e-09 
   7.5208639075909263e-04    8.4814133442131568e-04    4.9654362386111388e-06   -1.2465605167961882e-07   -1.7892076063851522e-09 
   1.4180015680581061e-03    9.4487230204508212e-04    8.1075102844742778e-06   -1.4306805333553302e-07   -3.1078183389101699e-09 
  -9.0866184059615429e-05    1.3654199178622086e-04   -2.0524553836757233e-05   -3.3844814873562040e-07    4.7229386480091274e-09 
   9.5187222059566216e-04   -8.4403838179840352e-04   -5.2941812139957164e-06    1.2424337213897175e-07    1.8925412092238237e-09 
   6.7326408000803429e-04    7.5925199850992000e-04    4.4450343765067866e-06   -1.1159149132695283e-07   -1.6016899492629375e-09 
   5.0000544705132714e-04    3.3317403057420912e-04    2.8588115807328069e-06   -5.0447621200278523e-08   -1.0958564030568241e-09 
  -3.2040575981023481e-05    4.8146448623356105e-05   -7.2372195827193216e-06   -1.1934113595092548e-07    1.6653684334974063e-09 
  -8.8348606219312679e-04    4.5283020162312199e-04   -1.0985497854603813e-03   -3.5596827749875570e-05   -1.7067888683451520e-07 
  -8.8348606219312679e-04    4.5283020162312199e-04   -1.0985497854603813e-03   -3.5596827749875570e-05   -1.7067888683451520e-07 
  -5.0843046188263526e-04   -2.3904789276475030e-04   -6.2654488254475335e-04    6.3956267782042155e-05   -5.1073082199581133e-06 
  -5.0843046188263526e-04   -2.3904789276475030e-04   -6.2654488254475335e-04    6.3956267782042155e-05   -5.1073082199581133e-06 
  -4.1306499615040998e-04    3.6627049659058476e-04    2.2974101937865495e-06   -5.3915417346860846e-08   -8.2126834924684791e-10 
  -2.9216298007173438e-04   -3.2947744146313455e-04   -1.9289228826020673e-06    4.8425133056768120e-08    6.9505343092419326e-10 
   4.5615736826214555e-04   -4.0448110431509984e-04   -2.5370839881932177e-06    5.9540060559243936e-08    9.0694591001612024e-10 
   3.2264243481095985e-04    3.6384967014934847e-04    2.1301548035021444e-06   -5.3477010782284001e-08   -7.6756381394395797e-10 
   5.2670449466732708e-04    3.5096469537431135e-04    3.0114650107489844e-06   -5.3141398735069863e-08   -1.1543724101484611e-09 
  -3.3751463069966726e-05    5.0717349264373169e-05   -7.6236691131914079e-06   -1.2571365587064188e-07    1.7542949669308836e-09 
   3.5858320542060093e-04   -3.1796073243306895e-04   -1.9943900333640684e-06    4.6804167271503736e-08    7.1294600106029352e-10 
   2.5362773141205492e-04    2.8602054924694914e-04    1.6745048762271123e-06   -4.2038031777672287e-08   -6.0337837754867358e-10 
   1.7981188799600265e-04   -4.4081633676847239e-04   -2.6991595827460074e-06    6.4853121555615809e-08    9.6751842514569494e-10 
   1.7981188799600265e-04   -4.4081633676847239e-04   -2.6991595827460074e-06    6.4853121555615809e-08    9.6751842514569494e-10 
2    102 5 
   2.3402032935587513e-01   -1.4833927237933681e-01    9.7692337636722998e-02   -3.8807884192324144e-02    1.1065724714950443e-02 
   3.3612957362822556e-02    4.5337120175850634e-02   -2.2368974295430871e-02    1.5360918702513621e-02   -5.5816813442451166e-03 
   2.7023519867659673e-02    1.4923528708518574e-02   -1.0897075269106262e-02    5.5180779079970219e-03   -1.7930038526436591e-03 
   3.5421538049259751e-02    7.7161680306333923e-03   -8.9171282941594172e-03    5.5052396221594380e-03   -1.8657247577423236e-03 
   2.3819534047619332e-02   -3.4848605192720115e-02    4.7726149175202043e-02   -2.2195937104657563e-02    6.4527248877736610e-03 
   4.1181805416257392e-02    3.3722323022828318e-03   -1.0156285416279264e-02    6.7051555961557844e-03   -2.2535227049501920e-03 
  -1.6056572952995042e-02   -2.1445922042736890e-03    7.6220624805183775e-03    7.3323423899271604e-03   -4.6338104469815780e-03 
  -7.4812863817449327e-03    2.7957442727118025e-03   -3.7621396262238456e-03    7.4989816892200752e-03   -3.3532236561396077e-03 
   2.1975126941028274e-02   -6.4273419376484620e-03   -7.3781728106107631e-03   -9.9098776931370834e-05    9.0198678993367492e-04 
  -4.0339704765285219e-03   -3.4911434823196412e-03    2.2220509351439420e-04   -4.4042256430755383e-05   -1.4622114437859923e-04 
   4.6584657016950984e-03    1.1103713646760624e-02    8.2919723779370496e-03   -1.0599136221574960e-02    4.4570152712135247e-03 
   5.1489032911742347e-04   -4.3508333821379351e-04    8.4371149908060340e-05   -1.2047800220208273e-05    1.7578065426776379e-06 
  -3.5359539783228535e-04   -4.0124879980527316e-04    8.6877160708292989e-05   -1.2695523106280821e-05    1.8798513110296282e-06 
   1.7453877664395786e-03   -4.2165602300293074e-04    2.2278014753520196e-03   -6.8358908479848590e-04    1.4193272266480262e-04 
   1.7453877664395786e-03   -4.2165602300293074e-04    2.2278014753520196e-03   -6.8358908479848590e-04    1.4193272266480262e-04 
  -3.7736931800145370e-03    5.3447838415168506e-03   -6.3962004493483982e-03    1.8438644404876455e-03   -3.7610414410922297e-04 
  -5.8529271800820881e-03   -4.8017229926899108e-03   -5.2560414450343890e-03    1.7793242384736392e-03   -3.7888204156895865e-04 
   1.5563904877861288e-04   -5.8187187824043892e-03    2.3445548999391258e-03   -4.0940198693365767e-04    6.8852102312361786e-05 
  -3.4010951549519070e-04   -1.8926682789815544e-04   -3.7853864696729000e-04    4.9008671812273017e-05   -6.7395806211881334e-06 
  -1.7416246216094453e-04    4.5809224326412096e-05   -4.6399097803279997e-06    5.5183734881212948e-07   -6.6054876456755415e-08 
  -2.3464414871555325e-06   -8.8747471559732502e-06    4.5258504913356385e-07   -3.0469286788449103e-08   -3.7052400809373168e-10 
   8.6776342889478884e-04   -7.3825533456838791e-04    1.4404204772099855e-03   -8.4616245626549215e-05   -1.4142346306547408e-05 
   8.6776342889478884e-04   -7.3825533456838791e-04    1.4404204772099855e-03   -8.4616245626549215e-05   -1.4142346306547408e-05 
   7.5744914378671853e-04   -6.4004601246015792e-04    1.2411741228021179e-04   -1.7723378057910769e-05    2.5858886551163498e-06 
  -5.2017005600800187e-04   -5.9027241855350672e-04    1.2780397547165913e-04   -1.8676235623341610e-05    2.7654272870621470e-06 
   1.8784521635654369e-03   -1.9659943063836190e-04    2.3216204954482110e-03   -6.9117416838784741e-04    1.4256563868545293e-04 
   1.8784521635654369e-03   -1.9659943063836190e-04    2.3216204954482110e-03   -6.9117416838784741e-04    1.4256563868545293e-04 
  -4.8752241631928213e-03    6.9049120021742530e-03   -8.2632343160362522e-03    2.3820835571700485e-03   -4.8588794153932129e-04 
  -7.5613810271756903e-03   -6.2033331387132597e-03   -6.7902659366376617e-03    2.2987042421736934e-03   -4.8947669986506388e-04 
   3.2869509256883345e-04   -2.7774799805324336e-04    5.3860757060061826e-05   -7.6910607651538557e-06    1.1221465069151862e-06 
  -2.2572782095484027e-04   -2.5614874457090400e-04    5.5460541335235333e-05   -8.1045533517431318e-06    1.2000573049287391e-06 
  -1.8938782000808617e-03    2.6823509805198880e-03   -3.2100184133999148e-03    9.2536793564398760e-04   -1.8875287563409815e-04 
  -2.9373694850770879e-03   -2.4098086582246799e-03   -2.6378144265119599e-03    8.9297757538086989e-04   -1.9014700048476581e-04 
   2.8534138936438778e-04   -2.4111403379438351e-04    4.6756716480387888e-05   -6.6766374492048621e-06    9.7413940941792567e-07 
  -1.9595513138353783e-04   -2.2236364433855782e-04    4.8145494950409360e-05   -7.0355918474198300e-06    1.0417740527523703e-06 
  -6.9091031332594113e-04    1.8174858373189761e-04   -1.8407888235107890e-05    2.1892487459407307e-06   -2.6204383040500770e-07 
  -6.9091031332594113e-04    1.8174858373189761e-04   -1.8407888235107890e-05    2.1892487459407307e-06   -2.6204383040500770e-07 
  -2.0914541382329077e-03    2.9621831320313470e-03   -3.5448986604431254e-03    1.0219055260829487e-03   -2.0844422985144491e-04 
  -3.2438060508966421e-03   -2.6612082500227880e-03   -2.9130003703423763e-03    9.8613609116983761e-04   -2.0998379463867239e-04 
  -3.8382423285224416e-04    1.0538112774735331e-03   -2.1380309808123897e-04    3.0832136549629418e-05   -4.5271903821817721e-06 
  -3.8382423285224416e-04    1.0538112774735331e-03   -2.1380309808123897e-04    3.0832136549629418e-05   -4.5271903821817721e-06 
   4.3069654690656821e-05   -1.6102013644189897e-03    6.4880356656061525e-04   -1.1329291938800670e-04    1.9053292182075394e-05 
  -9.4117764817625675e-05   -5.2375396701150268e-05   -1.0475217459816533e-04    1.3562062916516479e-05   -1.8650294536771990e-06 
  -5.5982708363119891e-05    1.4724897741950697e-05   -1.4914506423505269e-06    1.7738236459862396e-07   -2.1232651621697758e-08 
  -7.5423916173832472e-07   -2.8526949818276716e-06    1.4547874726149991e-07   -9.7940346912052248e-09   -1.1910108084873646e-10 
   2.8466567443215029e-04   -2.4054305335102826e-04    4.6645992229768060e-05   -6.6608265511377666e-06    9.7183255675105193e-07 
  -1.9549109141857036e-04   -2.2183706656026564e-04    4.8031481943286821e-05   -7.0189309119732763e-06    1.0393070349635019e-06 
   3.0067566714522073e-05   -2.5407152860190569e-05    4.9269427588394441e-06   -7.0354406831699001e-07    1.0264897688752255e-07 
  -2.0648578178763163e-05   -2.3431349114571490e-05    5.0732839166787553e-06   -7.4136853303920005e-07    1.0977591054128123e-07 
  -8.7449958306299008e-04    2.3004297031075426e-04   -2.3299247783956275e-05    2.7709777645816779e-06   -3.3167433748423700e-07 
  -8.7449958306299008e-04    2.3004297031075426e-04   -2.3299247783956275e-05    2.7709777645816779e-06   -3.3167433748423700e-07 
  -2.0865013804348127e-03    2.9551684070424694e-03   -3.5365040109200906e-03    1.0194855588119953e-03   -2.0795061454045516e-04 
  -3.2361244166592973e-03   -2.6549062615298480e-03   -2.9061021147046709e-03    9.8380082924549471e-04   -2.0948653349516533e-04 
   5.2206804639360069e-03   -6.3940005882657100e-03    3.8997819822266704e-03   -5.7780176256832282e-03    2.2675574764168512e-03 
  -5.0904212965397176e-03   -9.2414762009250008e-03   -3.7699326841495865e-03   -4.2042883053916196e-03    2.0557443273268895e-03 
  -7.7339701946898729e-04    1.0953831420707108e-03   -1.3108650140532072e-03    3.7788956190988040e-04   -7.7080411731535368e-05 
  -1.1995242380110707e-03   -9.8408590039314675e-04   -1.0771958911029980e-03    3.6466241346604040e-04   -7.7649726064541567e-05 
  -4.8581433092664323e-04    1.3338308967215131e-03   -2.7061503718126510e-04    3.9024877813442463e-05   -5.7301592193733029e-06 
  -4.8581433092664323e-04    1.3338308967215131e-03   -2.7061503718126510e-04    3.9024877813442463e-05   -5.7301592193733029e-06 
  -4.7066584829547826e-05    1.2379727043261547e-05   -1.2539137571186026e-06    1.4913144352528145e-07   -1.7851019143747273e-08 
  -6.3411475660420401e-07   -2.3983586053773208e-06    1.2230897716607262e-07   -8.2341811980076058e-09   -1.0013236745706967e-10 
   2.9741096150632027e-04   -2.5131284593234973e-04    4.8734465183220684e-05   -6.9590505878603208e-06    1.0153442479604849e-06 
  -2.0424378028962128e-04   -2.3176933922588425e-04    5.0181987188382377e-05   -7.3331882933920798e-06    1.0858397493318143e-06 
  -2.6899651125506319e-03    3.8098704324842033e-03   -4.5593415364949159e-03    1.3143440074705145e-03   -2.6809466961901434e-04 
  -4.1720853205822941e-03   -3.4227656341733418e-03   -3.7466130506159088e-03    1.2683384411743225e-03   -2.7007481132542175e-04 
  -1.0791018971790869e-03    2.8386497890092949e-04   -2.8750456802335444e-05    3.4192896379983440e-06   -4.0927453112241980e-07 
   1.2186538961155009e-03   -6.3021734494009103e-05    5.8626390095796779e-06   -5.5860429781518288e-07    6.1506472132353504e-08 
  -5.4369490602877756e-04    1.4927453100612340e-03   -3.0285647796680297e-04    4.3674354428972034e-05   -6.4128581229060681e-06 
   8.3359515523648677e-04   -7.0438954151812042e-04    1.3659487822512785e-04   -1.9505101041686757e-05    2.8458468434059644e-06 
  -5.7246251071010250e-04   -6.4961223127935465e-04    1.4065204990598853e-04   -2.0553748936649911e-05    3.0434344108294278e-06 
   9.6723692315514110e-04   -2.3366800327192890e-04    1.2345748525644695e-03   -3.7882275549100186e-04    7.8654481602892599e-05 
   9.6723692315514110e-04   -2.3366800327192890e-04    1.2345748525644695e-03   -3.7882275549100186e-04    7.8654481602892599e-05 
   6.5533317623056413e-04   -5.5375781954455385e-04    1.0738444776434092e-04   -1.5333990052665773e-05    2.2372705014412794e-06 
  -4.5004301315804265e-04   -5.1069448300926227e-04    1.1057400469425954e-04   -1.6158387545185677e-05    2.3926045233941233e-06 
   1.3086918369555314e-05   -4.8865334200761279e-04    1.9691628618599111e-04   -3.4384356865251083e-05    5.7825952616313055e-06 
   1.3086918369555314e-05   -4.8865334200761279e-04    1.9691628618599111e-04   -3.4384356865251083e-05    5.7825952616313055e-06 
  -1.5022614634964009e-03    3.9513355245653444e-04   -4.0022158452522659e-05    4.7599463911597447e-06   -5.6976511554653373e-07 
  -2.0239542888670796e-05   -7.6550311044480649e-05    3.9038324896881493e-06   -2.6281688255077697e-07   -3.1960040743169004e-09 
  -6.9090568419251570e-04    1.8172603374382921e-04   -1.8406607265385458e-05    2.1891488918645207e-06   -2.6204090735943233e-07 
  -9.3083764491269348e-06   -3.5206284866178695e-05    1.7954131972363041e-06   -1.2087221996194382e-07   -1.4698755411782390e-09 
   1.0769193597010278e-03   -9.0999897164300593e-04    1.7646655918353142e-04   -2.5198588058921746e-05    3.6765419534360042e-06 
  -7.3956279209884510e-04   -8.3923231051511002e-04    1.8170800846655909e-04   -2.6553333480007082e-05    3.9318048052626731e-06 
   1.0409768682448528e-03   -1.0894898660405193e-04    1.2865662908431862e-03   -3.8302616120629139e-04    7.9005223000420667e-05 
   1.0409768682448528e-03   -1.0894898660405193e-04    1.2865662908431862e-03   -3.8302616120629139e-04    7.9005223000420667e-05 
   9.6405297431342743e-04   -8.1462665456970783e-04    1.5797200571727969e-04   -2.2557653502901496e-05    3.2912224796312164e-06 
  -6.6205301538303665e-04   -7.5127668362896978e-04    1.6266412562904227e-04   -2.3770415016444531e-05    3.5197325433778143e-06 
   2.8359866051799217e-04   -2.4127338976535922e-04    4.7075194035282089e-04   -2.7653912482016193e-05   -4.6219399614784857e-06 
   2.8359866051799217e-04   -2.4127338976535922e-04    4.7075194035282089e-04   -2.7653912482016193e-05   -4.6219399614784857e-06 
  -1.4319041761580381e-03    3.7662776930044603e-04   -3.8147750720867252e-05    4.5370178769857989e-06   -5.4308059429376643e-07 
  -1.9291639098806495e-05   -7.2965134721404134e-05    3.7209994270876033e-06   -2.5050805125055770e-07   -3.0463216239211199e-09 
  -8.1595245278634563e-04    2.1461656252214973e-04   -2.1738012422374755e-05    2.5853621539081787e-06   -3.0946759591387442e-07 
  -1.0993096118467357e-05   -4.1578257564383911e-05    2.1203643790571770e-06   -1.4274883910811388e-07   -1.7359077809828121e-09 
   4.1835083481517234e-04   -3.5350727613763834e-04    6.8551959518943481e-05   -9.7888948282442935e-06    1.4282261541662293e-06 
  -2.8729793803566287e-04   -3.2601655318494055e-04    7.0588105181516365e-05   -1.0315172745683186e-05    1.5273881073775032e-06 
   4.6199464393751726e-04   -3.9038638046625149e-04    7.5703537542038134e-05   -1.0810106265748300e-05    1.5772236569045960e-06 
  -3.1726985472709576e-04   -3.6002773001028276e-04    7.7952100977559595e-05   -1.1391287319651962e-05    1.6867305287774133e-06 
  -2.1270286016367517e-04    5.8398780901789597e-04   -1.1848269749878148e-04    1.7086163581515567e-05   -2.5088211227305123e-06 
  -2.1270286016367517e-04    5.8398780901789597e-04   -1.1848269749878148e-04    1.7086163581515567e-05   -2.5088211227305123e-06 
   3.6317186093344056e-04   -3.0688093495770803e-04    5.9510202053565209e-05   -8.4977747273429862e-06    1.2398482495475805e-06 
  -2.4940437096258883e-04   -2.8301613971342987e-04    6.1277787409848400e-05   -8.9546384759928460e-06    1.3259310969678410e-06 
  -4.6027067430702063e-04    1.2106307127602980e-04   -1.2262196898329185e-05    1.4583771123472033e-06   -1.7456759712045216e-07 
  -6.2010963333592088e-06   -2.3453882123056730e-05    1.1960764860655194e-06   -8.0523202312181911e-08   -9.7920833764191758e-10 
2    102 5 
   2.7959461005206405e-03    4.3592504107883387e-02    6.2775170727136752e-04    5.5507372140316875e-02    9.7202266336301682e-05 
   2.7196838877901927e-04    1.0834907859135341e-02   -9.1916228446258322e-05   -4.8536536570553965e-03   -1.6142559422288935e-05 
  -2.7857530268316747e-04    2.4931048021695226e-02    2.8243095179682562e-04    3.4005991790365557e-02    5.0939220681202676e-05 
  -1.1349063858020990e-03   -1.2033979977310472e-02    4.5613217978655797e-04    4.6703554983894176e-02    7.8999850178313445e-05 
  -1.4817860753809809e-03    3.7093022732194232e-02   -4.8324775403783474e-04   -3.3343820240797913e-02   -7.8177092558267414e-05 
   9.5393791831169901e-04   -2.9553094099335239e-03   -1.2558153205412229e-04   -1.6440942463137629e-02   -2.2260151673463259e-05 
   2.8663638656537442e-03    2.9319542398586664e-03    1.2933540959218244e-04    8.2920427293255150e-04    2.6792913787421663e-05 
  -7.9100201551041084e-04   -1.8464670844565013e-03    9.4361342916132867e-05   -2.2642249507618703e-03    2.9724237523116154e-05 
   1.2251962888137647e-02    4.3725962294739202e-03    8.5836946473722439e-04    2.0729043645470887e-03    1.0805108568201667e-04 
   2.2924467787788219e-03   -5.3176944232947929e-03   -6.5571613222051045e-04    1.3463236841183563e-04   -4.1161871724001869e-05 
  -1.0315446176026540e-02    1.4747588949038082e-03   -8.9167939205042927e-04    4.9800982142207857e-04   -1.9956613177132880e-04 
  -1.7153642822730111e-05   -2.4027392333901055e-03   -1.5903088955421822e-05   -1.6770341269454355e-03   -2.2164577332169109e-06 
  -1.7153642822730111e-05   -2.4027392333901055e-03   -1.5903088955421822e-05   -1.6770341269454355e-03   -2.2164577332169109e-06 
  -2.8860991557923195e-04   -3.5828753011027586e-02   -2.6137806261677021e-04   -2.5010673929791720e-02   -3.1453033576999659e-05 
   2.2202100748254547e-03   -1.2162886215414981e-04    1.9913951485830373e-03   -2.2649442019389239e-04    2.1455362546422851e-04 
   2.8956977977724745e-05    2.4144568393989268e-03    2.6142007888020215e-05    1.6848333387509851e-03    3.0384456197260182e-06 
   2.8956977977724745e-05    2.4144568393989268e-03    2.6142007888020215e-05    1.6848333387509851e-03    3.0384456197260182e-06 
   6.0794747671113277e-06    5.7912781455439911e-04    5.0324084078663381e-07    4.8464669871102480e-06    8.6437119759724252e-09 
   2.9395206026227724e-05   -2.9276501074274662e-07    2.1288197022364704e-06   -2.1109548733754502e-06    3.6052474858353129e-08 
   2.2070880158991447e-04    3.2513182858613911e-02    2.0473738523739632e-04    2.2694706900709023e-02    2.8683730123227763e-05 
   1.0677691292003996e-03   -9.7473222188608935e-05    9.7878687372459803e-04   -2.1401283411230575e-04    1.2247103608988515e-04 
  -5.9940482516179897e-06   -4.7605584208007084e-04   -4.0166592627505734e-07   -4.0016103057699745e-06   -6.8088869561095878e-09 
   4.6076075249320220e-05   -5.6955869733808739e-07    2.7061072987642831e-06   -1.5313173434957925e-06    4.5698230286806577e-08 
  -2.4707562596840634e-05    3.4838609466266031e-03   -2.5707006079538707e-05    2.5382546530665221e-03   -1.4296252275699439e-06 
  -2.4707562596840634e-05    3.4838609466266031e-03   -2.5707006079538707e-05    2.5382546530665221e-03   -1.4296252275699439e-06 
  -3.0131389701681461e-04   -3.7405856875495719e-02   -2.7288335705203076e-04   -2.6111589456923975e-02   -3.2837527778856593e-05 
   2.3179388985961448e-03   -1.2698270041012070e-04    2.0790520364336066e-03   -2.3646421247938760e-04    2.2399780990880395e-04 
   3.1056947923271604e-05   -3.0693687525459338e-03    3.0735433286124430e-05   -2.2465386420668838e-03    3.0732695143464742e-06 
   3.1056947923271604e-05   -3.0693687525459338e-03    3.0735433286124430e-05   -2.2465386420668838e-03    3.0732695143464742e-06 
   2.9526065287758600e-06   -1.8705083218387636e-03    2.0484752572429849e-07   -1.6824371241775013e-05    3.6584256552358010e-09 
   2.9526065287758600e-06   -1.8705083218387636e-03    2.0484752572429849e-07   -1.6824371241775013e-05    3.6584256552358010e-09 
   2.3324789159880762e-06   -1.4776507402352746e-03    1.6182397826721140e-07   -1.3290796052146556e-05    2.8900568441421154e-09 
   2.3324789159880762e-06   -1.4776507402352746e-03    1.6182397826721140e-07   -1.3290796052146556e-05    2.8900568441421154e-09 
  -1.7925244647003721e-05   -1.6237067652996396e-03   -1.4746841504599820e-06   -1.3524963967248710e-05   -2.5313974804281314e-08 
  -1.7925244647003721e-05   -1.6237067652996396e-03   -1.4746841504599820e-06   -1.3524963967248710e-05   -2.5313974804281314e-08 
  -2.3299456311287261e-06   -1.8504759769465698e-04   -1.5613150425427819e-07   -1.5554653646459570e-06   -2.6466814663953702e-09 
   1.7910224562795855e-05   -2.2139307907240040e-07    1.0518905776942073e-06   -5.9523814366802589e-07    1.7763352501928641e-08 
   3.0573383034974019e-05    1.6315299490468318e-03    1.9657104317754438e-06    1.3381974843695712e-05    3.3283952206572966e-08 
   3.0573383034974019e-05    1.6315299490468318e-03    1.9657104317754438e-06    1.3381974843695712e-05    3.3283952206572966e-08 
  -1.1192045724027091e-04   -1.3894084031364769e-02   -1.0136017753213375e-04   -9.6989254734775321e-03   -1.2197217453414161e-05 
   8.6097848109346735e-04   -4.7166632645264140e-05    7.7224600938661863e-04   -8.7832599304826504e-05    8.3202061219279301e-05 
   1.6823597996444899e-06    1.6026077767985065e-04    1.3926074085525068e-07    1.3411522445207190e-06    2.3919555726672133e-09 
   8.1344712849743100e-06   -8.1016223223854837e-08    5.8910363558191360e-07   -5.8415994043477683e-07    9.9767227766958008e-09 
   7.0944544072670140e-05    1.0451023781740844e-02    6.5810698738175943e-05    7.2949770119510099e-03    9.2200861100090241e-06 
   3.4322325843055981e-04   -3.1331751419291531e-05    3.1462083976935008e-04   -6.8792195111494467e-05    3.9367038173893426e-05 
  -1.7882796001544429e-05   -1.6198616767573429e-03   -1.4711919613211423e-06   -1.3492935595441165e-05   -2.5254028959033839e-08 
  -1.7882796001544429e-05   -1.6198616767573429e-03   -1.4711919613211423e-06   -1.3492935595441165e-05   -2.5254028959033839e-08 
  -9.1007009301412408e-06   -8.2436083636432090e-04   -7.4870160402519375e-07   -6.8666651184279114e-06   -1.2851981581484468e-08 
  -9.1007009301412408e-06   -8.2436083636432090e-04   -7.4870160402519375e-07   -6.8666651184279114e-06   -1.2851981581484468e-08 
  -2.9490607444736258e-06   -2.3421860103924077e-04   -1.9761889892205388e-07   -1.9687849299914897e-06   -3.3499598923650810e-09 
   2.2669344501940625e-05   -2.8022183430703826e-07    1.3313998269808922e-06   -7.5340532399219099e-07    2.2483445473492648e-08 
   3.0500982422179058e-05    1.6276663344782641e-03    1.9610554467620032e-06    1.3350285083423452e-05    3.3205132714034727e-08 
   3.0500982422179058e-05    1.6276663344782641e-03    1.9610554467620032e-06    1.3350285083423452e-05    3.3205132714034727e-08 
   1.4724382090651067e-05    7.8575767472722634e-04    9.4670162748853668e-07    6.4448644921189601e-06    1.6029813554356156e-08 
   1.4724382090651067e-05    7.8575767472722634e-04    9.4670162748853668e-07    6.4448644921189601e-06    1.6029813554356156e-08 
   4.4486010908374938e-07    6.0342517254374111e-04    8.9023701558529956e-08    5.3091894696437973e-06    1.5362065610324192e-09 
   4.4486010908374938e-07    6.0342517254374111e-04    8.9023701558529956e-08    5.3091894696437973e-06    1.5362065610324192e-09 
  -1.4166005529962799e-04   -1.7586031729618468e-02   -1.2829368918281791e-04   -1.2276132110237901e-02   -1.5438272336958649e-05 
   1.0897584074522949e-03   -5.9699789954228244e-05    9.7744786871066069e-04   -1.1117155148786160e-04    1.0531058292643560e-04 
   5.9645513756345099e-05    8.7865344811180225e-03    5.5329313736680968e-05    6.1331376134132216e-03    7.7516429219125948e-06 
   2.8855957635372042e-04   -2.6341679049702323e-05    2.6451254105281800e-04   -5.7835960093687723e-05    3.3097220478890433e-05 
  -2.2886357998213303e-05    1.6923250875370002e-03   -1.8324933456544915e-06    1.5301738279627209e-05   -3.1744530394295034e-08 
  -2.2886357998213303e-05    1.6923250875370002e-03   -1.8324933456544915e-06    1.5301738279627209e-05   -3.1744530394295034e-08 
   1.6093086786345912e-05    2.0987279150541010e-03    1.0436252912541825e-06    1.7759917476872267e-05    1.7564508415419802e-08 
   1.6093086786345912e-05    2.0987279150541010e-03    1.0436252912541825e-06    1.7759917476872267e-05    1.7564508415419802e-08 
  -1.2321218572401141e-05   -1.1160821705207462e-03   -1.0136489683062878e-06   -9.2966115947642740e-06   -1.7399986591086258e-08 
   2.2862445576656991e-05    1.2200404719392495e-03    1.4699370270710113e-06    1.0006896234617045e-05    2.4889379923325635e-08 
  -1.9613319863088584e-07    1.6177047675753091e-03    1.4649875609436644e-08    2.4383971438596147e-05    3.8304100854180037e-10 
   1.1777767330903206e-05    9.8204000800165272e-04    1.0632825245251327e-05    6.8527783080204942e-04    1.2358370263728359e-06 
   1.1777767330903206e-05    9.8204000800165272e-04    1.0632825245251327e-05    6.8527783080204942e-04    1.2358370263728359e-06 
  -2.0548079734843010e-05   -1.6319577338501801e-03   -1.3769431164725063e-06   -1.3717842129238055e-05   -2.3341412382175300e-08 
   1.5795249359831112e-04   -1.9524930456502786e-06    9.2767535748547632e-06   -5.2494790753487725e-06    1.5665721066243497e-07 
  -5.5116070706351200e-06   -7.7201995427450619e-04   -5.1097937876784990e-06   -5.3884491167793542e-04   -7.1216617020698365e-07 
  -5.5116070706351200e-06   -7.7201995427450619e-04   -5.1097937876784990e-06   -5.3884491167793542e-04   -7.1216617020698365e-07 
  -6.6490894513374083e-06   -5.2808014632977273e-04   -4.4556075647810152e-07   -4.4389140286410087e-06   -7.5529753072969525e-09 
   5.1111357973567549e-05   -6.3180117466787241e-07    3.0018359444376892e-06   -1.6986626680123036e-06    5.0692221381897254e-08 
   1.6310601275879721e-05    1.5537399582721948e-03    1.3501430656828558e-06    1.3002569079011000e-05    2.3190184182740099e-08 
   7.8864293920566809e-05   -7.8545820826270415e-07    5.7114028236874204e-06   -5.6634733377406619e-06    9.6725056842810626e-08 
   7.5014153048132121e-06    7.1458117978267198e-04    6.2094484962845410e-07    5.9800168639658820e-06    1.0665407093673270e-08 
   3.6270509677278562e-05   -3.6124040586205927e-07    2.6267336089516061e-06   -2.6046903394637713e-06    4.4484860458981048e-08 
   1.2631895045458444e-05   -1.2484144943591619e-03    1.2501124334760933e-05   -9.1374208477489711e-04    1.2500010640949741e-06 
   1.2631895045458444e-05   -1.2484144943591619e-03    1.2501124334760933e-05   -9.1374208477489711e-04    1.2500010640949741e-06 
  -2.1452561561136151e-05   -1.7037929676332706e-03   -1.4375531608542687e-06   -1.4321671735798080e-05   -2.4368850642690335e-08 
   1.6490521919218268e-04   -2.0384375474501165e-06    9.6850961121492922e-06   -5.4805497390034351e-06    1.6355292071565621e-07 
  -7.9387438641580053e-06    1.1193932871852044e-03   -8.2598733072078265e-06    8.1556217752045746e-04   -4.5935038953893570e-07 
  -7.9387438641580053e-06    1.1193932871852044e-03   -8.2598733072078265e-06    8.1556217752045746e-04   -4.5935038953893570e-07 
  -7.5644469480110313e-06   -6.0077914133129635e-04   -5.0689958815583835e-07   -5.0500042031594133e-06   -8.5927676909494844e-09 
   5.8147684530561572e-05   -7.1877909034670463e-07    3.4150884740713062e-06   -1.9325117715421004e-06    5.7670846831976789e-08 
   1.5546706515537765e-05    1.4809717142949942e-03    1.2869101292544266e-06    1.2393603522043506e-05    2.2104089324008131e-08 
   7.5170743947453419e-05   -7.4867186301332597e-07    5.4439135621070408e-06   -5.3982288176361693e-06    9.2195011452928726e-08 
   8.8590937335896337e-06    8.4391296771581541e-04    7.3332943220974904e-07    7.0623379420584723e-06    1.2595735246003156e-08 
   4.2835096037131317e-05   -4.2662117558516283e-07    3.1021451698509710e-06   -3.0761122970326638e-06    5.2536159180375013e-08 
   9.4869685634589876e-07   -6.0100976794662773e-04    6.5819201370339550e-08   -5.4058093929927626e-06    1.1754823693817220e-09 
   9.4869685634589876e-07   -6.0100976794662773e-04    6.5819201370339550e-08   -5.4058093929927626e-06    1.1754823693817220e-09 
   1.2435213100673172e-05    6.6359756698560716e-04    7.9951989890623145e-07    5.4428948441474027e-06    1.3537691855948307e-08 
   1.2435213100673172e-05    6.6359756698560716e-04    7.9951989890623145e-07    5.4428948441474027e-06    1.3537691855948307e-08 
  -7.9683696061434347e-06   -6.3285925364946736e-04   -5.3396676576463393e-07   -5.3196618708434060e-06   -9.0516001198496750e-09 
   6.1252626301090405e-05   -7.5716010653707792e-07    3.5974457070170558e-06   -2.0357030949789959e-06    6.0750326655051450e-08 
  -5.7595291076234420e-06   -5.2171039007557242e-04   -4.7382819349943631e-07   -4.3456825936235158e-06   -8.1335891133444118e-09 
  -5.7595291076234420e-06   -5.2171039007557242e-04   -4.7382819349943631e-07   -4.3456825936235158e-06   -8.1335891133444118e-09 
   4.9973267836675059e-06    4.7604292306564820e-04    4.1366384903894250e-07    3.9837946876378401e-06    7.1051291472600308e-09 
   2.4162852222197946e-05   -2.4065276780490693e-07    1.7498892787806165e-06   -1.7352043937909165e-06    2.9635125587132528e-08 
 TENSORSUMACCUMULATOR_IMPL_H - PrettifyOut: Norm of simple tensor is 1.11903e-05 
 As simple full tensor 3    5 5 5 
   2.6201832574173735e-08   -2.0090562924459707e-06    5.3219180396891495e-08    4.4758667674294568e-06    8.3816150818554044e-09 
  -1.2193269920682218e-07   -4.6379287914357053e-06   -2.7307794471063126e-08   -2.8386037800237177e-06   -4.6397767792556351e-09 
   3.2741436195462946e-08    3.7388323746189325e-06    3.3502536912330275e-09    9.3859102676388222e-07    4.3463864389367558e-10 
  -5.4054474226301757e-09   -1.7991168765443164e-06    2.1764535730090571e-09   -1.7443408804642618e-07    4.4624063893559191e-10 
   4.4659911499734917e-10    5.6066561278423739e-07   -1.0463997083914335e-09    3.3271726673055596e-08   -2.0221779994599087e-10 

   3.4365169131836271e-07    4.3552041882169393e-06    4.8961498081050509e-08    4.2863990023922869e-06    7.8558706844880303e-09 
  -3.4201639731970415e-08   -7.9466611137333568e-07   -1.1556035893877293e-08   -6.5927023794933516e-07   -1.3950502786170029e-09 
   4.1037801281137689e-09    1.5110106074763307e-06    2.0991109147516430e-09    8.9205238201383050e-08    3.6029528395395848e-10 
  -1.8881495663358359e-09   -5.0605107689622120e-07   -2.8932366288724907e-09   -1.4672151595735938e-08   -6.3753434362414345e-10 
   2.1013419298081890e-09    1.1062507054344166e-07    1.3272111837000454e-09    2.7528390150508303e-09    2.9493057876817952e-10 

  -3.4491411333469595e-08    4.7891246545644815e-07    1.0208859838664609e-08    2.0091333870550746e-06    2.1297794911973572e-09 
   8.6727901858113365e-09    2.5367038840320346e-07   -3.4720721132675976e-09   -9.9730639635368502e-08   -6.7466671018093008e-10 
   1.0270349550736315e-08    5.9853273649535871e-08    1.4646614272877665e-09    1.0677081359850540e-08   -1.4877781902100084e-10 
  -1.8650225175254622e-09   -1.6352760422871720e-08    1.4024708834799093e-09   -6.1646087221205529e-10    4.3039923409160063e-10 
   2.8122967049050399e-10    2.6371225969505880e-09   -8.6063243816327881e-10   -2.7363150593658280e-10   -1.9710780895239216e-10 

   1.5248058022235836e-08   -2.7566759783291364e-06    1.0312614590319314e-08   -4.0950675272784517e-09    9.8558705713296309e-10 
   4.5386036027586378e-09    2.8855469540304724e-07    2.9311858034175587e-09    2.1934835532418003e-09    2.2114700024100355e-10 
  -2.7045228754494169e-09   -2.8862098949444867e-08   -3.5162057297248845e-10   -4.0950971279022711e-09    1.9723162532592263e-10 
  -5.6148537681907146e-10   -2.2522793413791838e-09   -1.6581950545401725e-10   -4.5515703323698548e-10   -2.8788449570881877e-11 
  -2.3277408296306512e-10    2.9591340415024910e-09    2.5043099244766502e-10    2.3185229092110630e-10    2.1863226986791713e-12 

  -7.3958718381989403e-09   -6.0129253286995250e-08   -5.4104539950620873e-10   -6.1703259487268260e-10   -5.2073261497802187e-11 
   4.7766245173276080e-09    5.2725170552655640e-09    3.0908947972684358e-10    1.2037881577563054e-09    5.3285558965169744e-11 
   2.9451136642944617e-09   -6.0657394405832651e-09    2.5082132378387113e-10    1.4383758518046449e-09    3.3005385160594566e-11 
  -2.8170093583553536e-09   -3.9360571188787691e-10   -1.3162189390250513e-10   -9.3044428774986755e-10   -2.6049739620756031e-11 
   1.0994351020321145e-09    7.7234096927334677e-10    3.7012695984010065e-11    3.3347801665868642e-10    9.5331793092096221e-12 
