2    3 5 
   2.9306834538437322e-07   -1.0932126127920893e-03    5.7436811476688041e-09   -4.1358936152332584e-06    3.9995075608322547e-11 
  -1.6187580435090192e-05    1.8869510853961971e-03   -3.1462573135329569e-08    7.5068702218030469e-06   -1.2867463215250356e-10 
   8.2558034394592359e-06   -9.6236107201888121e-04    1.6046179387120025e-08   -3.8285675394940779e-06    6.5625154726211707e-11 
2    3 5 
  -1.0932145987127553e-03   -3.5841303459040171e-06    5.8959969570273852e-08    6.6637927793287743e-10   -4.4606846171404289e-12 
   1.8870240396348418e-03    6.5614841787748706e-06   -1.0626687139039973e-07   -1.2613823868321157e-09    7.8555575998507799e-12 
   9.6239827929990400e-04    3.3464126320979195e-06   -5.4197006516406316e-08   -6.4331572525241694e-10    4.0064010623312695e-12 
2    3 5 
  -1.0883536698957611e-03    1.0293842299678679e-04   -4.5754462705234780e-06    2.0862337599373859e-07    1.9204809066319200e-08 
  -1.8482851501542058e-03    3.7852703213480017e-04   -3.7970972082120091e-05    4.4722152358263328e-06   -5.3363035310860027e-07 
  -9.5219998008216097e-04    1.3921708335365231e-04   -1.2392435986802393e-05    1.3622862940652564e-06   -1.5084777198126680e-07 
 TENSORSUMACCUMULATOR_IMPL_H - PrettifyOut: Norm of simple tensor is 7.12896e-09 
 As simple full tensor 3    5 5 5 
   4.9241483219705522e-11   -1.0489469214849013e-11    1.0628781429275413e-12   -1.2585283726916517e-13    1.5095766884167525e-14 
   1.7115124406756371e-13   -3.6467009909721524e-14    3.6955059945850898e-15   -4.3759715272905017e-16    5.2491616330658756e-17 
  -2.7721804269191222e-15    5.9063097167161087e-16   -5.9851991171573224e-17    7.0871841420174675e-18   -8.5012566863557694e-19 
  -3.2894964928407498e-17    7.0097499502678474e-18   -7.1039522299760013e-19    8.4122470645908340e-20   -1.0091137069032641e-20 
   2.0496027146949727e-19   -4.3664249908643843e-20    4.4245710798546219e-21   -5.2391160559604070e-22    6.2843197965618559e-23 

  -7.0000351046036979e-09    1.3419135765937333e-09   -1.2919470697645007e-10    1.4911929560592491e-11   -1.7374460148364566e-12 
  -2.4081873513386782e-11    4.6416111363760517e-12   -4.4814446666169853e-13    5.1801636689094607e-14   -6.0459365636646940e-15 
   3.9110556393913988e-13   -7.5276206214455570e-14    7.2625146453041261e-15   -8.3916443074506927e-16    9.7898123913751762e-17 
   4.6025775173459520e-15   -8.8975797007702601e-16    8.6038253715339271e-17   -9.9532052544494279e-18    1.1627485324465119e-18 
  -2.9033253471188761e-17    5.5761370539928146e-18   -5.3737745541607979e-19    6.2056793167741597e-20   -7.2347698339697249e-21 

   1.0186306416312428e-13   -2.0969843538603291e-14    2.0917160782153824e-15   -2.4579067058919826e-16    2.9231868482928914e-17 
   3.5283670609512716e-16   -7.2787107617405218e-17    7.2675243901163494e-18   -8.5439323971163792e-19    1.0166783187089335e-19 
  -5.7200931915595108e-18    1.1793673354813967e-18   -1.1772557713338864e-19    1.3838465866459928e-20   -1.6464661530702429e-21 
  -6.7687974454995696e-20    1.3979240091773662e-20   -1.3965169881010789e-21    1.6422178062078399e-22   -1.9547162170195136e-23 
   4.2348481489891750e-22   -8.7242699258838498e-23    8.7053041863523690e-24   -1.0231022794777412e-24    1.2170031595352409e-25 

  -2.7594571235013700e-11    5.3145469543007827e-12   -5.1290955144967171e-13    5.9275595870530670e-14   -6.9165701922067818e-15 
  -9.4973267009790127e-14    1.8387078546723124e-14   -1.7793592060662275e-15    2.0592335262384072e-16   -2.4067268136381199e-17 
   1.5422543441755561e-15   -2.9817762344632659e-16    2.8834985198152634e-17   -3.3358305495377760e-18    3.8971022276669691e-19 
   1.8155810418717105e-17   -3.5251026095346018e-18    3.4163639509490805e-19   -3.9567258230801255e-20    4.6284993218144547e-21 
  -1.1446794266217858e-19    2.2085668286488905e-20   -2.1335001746173995e-21    2.4668251535663435e-22   -2.8800401268327506e-23 

   4.3623374461682512e-16   -8.7619142084890459e-17    8.6371898207925477e-18   -1.0089911171866109e-18    1.1920505025063259e-19 
   1.5074021078939059e-18   -3.0377174133573537e-19    2.9993151727969487e-20   -3.5066114837377729e-21    4.1466180524277538e-22 
  -2.4452953727565649e-20    4.9235104624296726e-21   -4.8592278212469298e-22    5.6799133599332365e-23   -6.7149763939985196e-24 
  -2.8879830282970455e-22    5.8304012476762350e-23   -5.7617535134912621e-24    6.7392354997272161e-25   -7.9732140265604367e-26 
   1.8120820488623011e-24   -3.6438100289354383e-25    3.5939532264501626e-26   -4.1996105743082068e-27    4.9631218035727047e-28 
