2    16 5 
   1.3118943291185250e-05    1.4601238591042964e-04    4.8830341660105008e-07   -8.3279117268160907e-05   -1.1865100523788694e-07 
  -5.0058870172623833e-06   -2.5275251259573553e-05   -1.7796564395350353e-07    1.6662782893198729e-04   -4.0158174096935460e-07 
  -9.6446489476016964e-06    1.6836645262064987e-04   -2.8158732595820505e-05    6.5434916569522981e-04   -5.7874974265887995e-06 
   3.8336412520628083e-05   -1.5245130067802966e-04    7.5813271973479264e-06   -2.1501821173260493e-05    2.8382116230181567e-07 
  -1.5461011784951727e-04    2.7513437659271400e-04   -8.7094879690115663e-07    1.8869670923405679e-04    2.0113735356592705e-06 
   3.0384643786712443e-04    1.1870699016646215e-05    7.1467163144679947e-05    9.0946205795200454e-05    2.0144560023775118e-06 
  -5.8317755624603711e-05   -3.4730671648254715e-05    1.4390740076242892e-04   -2.3077217309316849e-05    1.4718807924842456e-05 
   3.5611675374592913e-04   -8.6552826643800226e-05    4.5602928012665738e-06    3.8178573481406678e-06   -1.1868977461536301e-05 
   2.0247601265664216e-04   -2.4909631495351349e-04   -5.8814334470720031e-05   -2.5403872574747358e-05   -1.3950875132075015e-05 
   7.0501171503857619e-06    3.3178259043373909e-05    1.7909057449881929e-05   -2.1322310653501262e-04   -5.3037436814224917e-06 
  -1.4631809004604152e-04    6.5070069411297441e-05   -3.5196677976061549e-06   -5.1187203787577030e-06    7.4886183899342099e-06 
  -3.0538650682880255e-05   -1.6773012922601808e-05   -3.7695256579628398e-05   -2.9688717659793420e-05    1.1736406421763667e-05 
  -8.0300327834464281e-06   -4.5992197732241880e-06   -1.3393069382526944e-04   -1.2622210696486029e-05   -2.5103362911244079e-05 
   4.7932603323338657e-05    1.5208607878462887e-05   -2.2280404068396181e-05    8.8366635714441606e-05    5.2352690768097463e-06 
  -7.8726091849218245e-05   -8.1895064058823703e-05   -1.5907496491187543e-04    9.2810362308775728e-05   -2.0260679862509093e-05 
  -3.5793088483476169e-05   -4.4903366447286090e-05    1.2292961498374412e-05   -3.2549706911971102e-05   -3.8454924453995872e-06 
2    16 5 
   5.0060972845279113e-02   -1.3109358075515309e-03   -4.0899469365825699e-03    8.8011118577373173e-04   -2.7043415098003338e-03 
   1.0312592600233534e-02   -2.8467525775082644e-03   -1.1804415968795102e-02    1.6517191581936811e-03   -7.1257626679793837e-04 
  -1.0366300042795203e-02    1.4492840808506850e-03    2.5037003571306408e-03   -8.5807171340434934e-04   -1.4491766369209862e-04 
  -3.0052387959682240e-03    1.2143769414676001e-03   -4.1617586721764428e-03   -7.0910160621633967e-04   -6.8930449423290612e-03 
  -1.9309253581856253e-03   -1.0080620866748959e-03    5.9218814810643993e-05    4.1291414473654053e-04    1.1216034997458980e-03 
  -2.5151437325659354e-04    3.8632490902783002e-04   -9.9001055491050875e-04   -8.9490500872016238e-05    5.8618365656153961e-04 
   3.1337531547336538e-04    1.8657305857422361e-03    3.2245313360076376e-03   -4.8262576257846173e-03   -1.6956504212668414e-03 
   3.1609713717825231e-04   -7.6378108098184216e-04    2.9251733601687129e-04   -2.0148997578303988e-04    1.6746965905086362e-03 
   2.0435882419717958e-04   -1.1617310786768919e-03    1.4996348830058734e-03    9.0654278568272979e-04   -7.8898777511325646e-04 
   9.1303101969063554e-05    2.2739153911123786e-03   -2.7859790151536930e-04   -3.0078844068424553e-03    1.7779105742035384e-03 
   4.8906402430408521e-04    9.7764771430335529e-04    1.6304795683962851e-03    3.4225957312003525e-03   -3.1161036544347558e-03 
   1.6201117977805463e-03   -2.7819660807722217e-03   -1.7415067754520238e-04    6.7592784846229705e-04   -5.5945618031224523e-04 
  -1.4848822872221062e-03    2.8026784360602315e-04    1.2790450208437993e-03    3.5212868097582011e-04   -5.4922851870917943e-06 
   1.7046201647890192e-04    5.4865289214095113e-04    3.2893415837269806e-04    9.1174880318426615e-04    1.6962396535636221e-03 
   3.8180959497837781e-04    2.2424759492517478e-03    5.2093660277179434e-04   -7.8556720777095803e-05   -9.7408380428302076e-04 
  -1.7404590009434760e-03    6.6563318902876324e-04    2.0889988586080422e-03   -6.7935493976171409e-03   -2.9757941731985435e-03 
2    16 5 
  -3.8625052346670050e-03   -1.1188556636091925e-03   -8.2985559338685649e-03   -2.6445514462355784e-04   -4.4911059649402453e-03 
   6.9466955851323941e-03    2.7117216925453083e-04   -3.7874959913399434e-03    4.4635971821647687e-04    2.7241107938922747e-04 
   1.5203888603560871e-03    9.5644318142611173e-04   -1.8830226477753590e-03    5.8039698757615210e-04    2.2137813989195061e-03 
   1.4456123077683561e-02    1.3657177459767974e-04   -2.7663380352650558e-03    5.4842336704180583e-04   -2.6299698022366632e-03 
  -7.3784398835405295e-03   -2.8636073430678096e-03    1.9178322693336803e-03   -4.1661501703778893e-03    9.4093740670211090e-03 
   1.3001132339159832e-02    1.9563706854166091e-03    4.1931464877980442e-03   -3.8112694666316135e-03    6.1957557182144652e-03 
   3.3784819070306046e-04   -1.6934980184549892e-04   -1.4939272675388480e-03    9.8955882298031018e-04    3.0129562107741800e-03 
  -1.9182124558869177e-03    3.4037249812707152e-04    3.0315253850379646e-04   -5.5828320539234822e-03   -1.1727056864838678e-04 
   9.5931364051543176e-04    1.8477205713374164e-03   -1.8042230926739434e-03    3.8147197654352927e-03    3.7141393693017485e-03 
  -1.3469745730922298e-03   -8.3357657643287814e-04   -2.5723846430014425e-03   -1.4305722885948622e-03    1.0248186227246432e-03 
   1.1541726025625096e-03   -9.8941209185814593e-04   -1.9846720889090050e-03    4.5332725053135693e-03    1.8512848376935171e-03 
  -1.1218828655131330e-03    6.3296763163428352e-04    1.4493100909490886e-03   -7.8837090379408031e-04   -9.1776322548720209e-04 
  -4.7131582279744236e-04    1.5300555246346844e-03    1.0779141333086984e-03    2.7681174819701813e-03   -6.2877844341329933e-04 
   6.3899419582253922e-04   -4.0641950003816084e-03    2.6839227766992113e-04   -5.9252713591549872e-05    8.6893229059348135e-04 
   4.4225481452531796e-04    1.0460760725765409e-03   -1.2269074044456939e-03   -9.3096060036431858e-04    1.8180480081321161e-03 
   3.3555466263208360e-04    1.6329811318049410e-03    1.9853937728147412e-03   -1.4986771757258786e-04   -1.1364439315204495e-03 
 TENSORSUMACCUMULATOR_IMPL_H - PrettifyOut: Norm of simple tensor is 9.30061e-08 
 As simple full tensor 3    5 5 5 
  -7.8082684333501346e-09   -1.4611919039848727e-09   -4.6409390562010658e-09   -1.8782080673853881e-09   -2.3049383392391063e-10 
   1.1024311979044949e-09   -8.6131209474024473e-10    1.8216011881870400e-09   -1.1330978552840774e-09    3.5597118751567029e-10 
  -5.8477845842805968e-09    9.3487884371030751e-11   -4.2467606919812077e-10    4.5146199415030902e-10   -1.1956995502165019e-09 
  -3.6877918526847019e-10    1.1074309138832948e-09    4.8766467612167634e-10   -5.4414696797672033e-10   -3.5052407950862512e-10 
  -7.1309199687881551e-10    2.1504292270940295e-10    9.7172785464509461e-10   -1.9871275416329279e-09    8.9511950591723543e-10 

  -2.2119207133134400e-08   -8.3981510481123767e-09   -5.8492485952957876e-08   -4.4112377771364431e-10   -4.3264323682280648e-08 
   1.0029491276256558e-09    1.4400491999466623e-09    3.6476744821095716e-10    2.2466258880071224e-09    5.7270851152290665e-11 
   1.3658668318404608e-08    1.6681636874412493e-10    1.7709336714622376e-09   -4.7705744195729921e-12    6.0781647427316890e-10 
   3.0251222729207512e-11   -7.4391208916337316e-10   -1.6157702426337897e-10   -2.3506565761226453e-10   -4.6747218694222747e-10 
   1.4877066457109419e-08    3.5485356843276504e-10    9.2068909407083779e-10   -1.2703970975821902e-10    2.5237651460796540e-09 

  -3.0376464839904830e-10    3.6182268538214924e-10   -6.4384655592966205e-10    8.5034741917306759e-10    4.3144731535449226e-10 
   2.7084157073678614e-10   -2.3753943111034375e-10    1.1101071017963907e-10    4.8980942180543686e-10    4.2518177340783714e-10 
  -1.3501296263345222e-09   -7.1138309581308195e-10   -6.0204208839086252e-10   -9.6107041405710179e-11    4.6770252102343666e-10 
  -3.3522006589785212e-10   -4.3083217845300932e-11    9.6104077908287609e-10   -9.3476123990452467e-10   -2.1924080295047723e-09 
  -2.6611230064675213e-10    4.4573195096227696e-10    2.5908338723957221e-10   -4.3552242905174411e-10    1.6260865510168066e-10 

   2.1154969373453627e-08   -2.7241053968572474e-10    3.9987206773476545e-08   -3.9657930655998069e-10    4.1482874187784214e-10 
  -1.0073085042450853e-10    1.7682311171941399e-09    5.7502322704102100e-11    1.4429552910000649e-09   -1.7795277499471617e-10 
  -1.2582474076260651e-08    1.5784703006832484e-10    7.8221353480823995e-10   -1.0482144446790856e-10    7.4868685183688158e-10 
   1.6100047362728267e-10   -1.1897760412153022e-09   -6.0814237414328238e-10   -1.4667463769241450e-09    5.0539677480561146e-10 
   5.4065478085962672e-11   -1.0585619120808853e-09    1.9717144349121964e-10   -4.2925511953954288e-10    3.5134089009310423e-10 

   6.6522187083844083e-11    1.3065195804225181e-10    2.6640423256690749e-11    1.7845494154872881e-10    6.9172492250450136e-11 
   7.7609046090214640e-11   -6.4132581101522035e-11   -4.5902065139580648e-11    1.3887944727111329e-10    6.6140235217570877e-11 
  -8.9677469521076989e-12   -1.6028786051645970e-10   -1.0191601193608244e-10   -3.6528416494494708e-11    6.2226678554991762e-11 
  -3.2874415302675365e-11   -3.0830508497730751e-11    8.6347361791343594e-11   -7.5195711093151854e-11   -2.0334672621333015e-10 
   2.4016225837742478e-11    4.4146637023950570e-11    8.2855719140437215e-11    6.4668941664652717e-12   -1.4134912891294282e-11 
