2    107 5 
   3.0503918461858965e-03   -2.4901331319430453e-03   -5.9773879343289873e-05    9.2913819840041093e-06    2.6977680882185507e-06 
   1.9624076008415117e-03    2.4037695669477080e-03    1.4074927189203754e-05    4.6515203568250091e-05    1.1929075245326755e-06 
   3.6855559160030570e-06   -6.4951118609952757e-06    4.6469541018531518e-04    3.9621080383389146e-05   -2.8060856212723727e-06 
  -7.1003666017107978e-07   -5.5706103609075041e-07   -5.5323792420800180e-06    6.1598242229063361e-05   -4.6071666329961259e-05 
   3.9699979972193770e-07    2.7184465193832374e-07    2.3497711579989862e-06   -3.0456211791850934e-05   -4.1011806290123762e-05 
  -1.5920392865768818e-03    1.2996329569320731e-03    3.1196767177505907e-05   -4.8492934321283680e-06   -1.4080003485085362e-06 
  -1.0242061198541424e-03   -1.2545586860401774e-03   -7.3458880599026909e-06   -2.4276891375896471e-05   -6.2259399450068456e-07 
  -1.9235396981831346e-06    3.3898835870366386e-06   -2.4253059495684708e-04   -2.0678758575180126e-05    1.4645326816454723e-06 
   3.7057739297186304e-07    2.9073741971432277e-07    2.8874208776314244e-06   -3.2148925960239275e-05    2.4045403506789245e-05 
  -2.0719937299555745e-07   -1.4187926914136357e-07   -1.2263762121830891e-06    1.5895494132519349e-05    2.1404596563224249e-05 
   8.7497278094347949e-04   -7.1426846819696189e-04   -1.7145507880298424e-05    2.6651350853554508e-06    7.7382636904193581e-07 
   5.6289595646535147e-04    6.8949598897248196e-04    4.0372446575062383e-06    1.3342396345949169e-05    3.4217296228805499e-07 
   1.0571629061951555e-06   -1.8630544448444869e-06    1.3329298524381692e-04    1.1364889704378804e-05   -8.0489611283224364e-07 
  -2.0366653939837772e-07   -1.5978709243962359e-07   -1.5869047305280967e-06    1.7668807163835134e-05   -1.3215172359521717e-05 
   1.1387521220627445e-07    7.7975775928097588e-08    6.7400711396009204e-07   -8.7360436534865456e-06   -1.1763804786605774e-05 
  -2.9177037591880685e-03    2.3818155720005192e-03    5.7173793156848898e-05   -8.8872189245712338e-06   -2.5804186771135183e-06 
  -1.8770454167040091e-03   -2.2992087100136408e-03   -1.3462686120665523e-05   -4.4491852573031913e-05   -1.1410175951803307e-06 
  -3.5252390161826493e-06    6.2125829233606035e-06   -4.4448176284972533e-04   -3.7897614800620644e-05    2.6840245380366904e-06 
   6.7915098682579187e-07    5.3282960388562867e-07    5.2917279240875575e-06   -5.8918798624457961e-05    4.4067608629056872e-05 
  -3.7973082359695546e-07   -2.6001976233557058e-07   -2.2475591617836790e-06    2.9131406100111908e-05    3.9227845935074223e-05 
  -1.0657277876509085e-04    2.7508143692228895e-03   -1.4861353874054853e-04    4.6730883894562999e-05   -4.8020478760243509e-06 
  -9.1974274686464595e-04   -1.1930191063445460e-05    4.3761103354627846e-04   -2.8029618681403231e-06    7.4739164594898639e-06 
   7.9120526500945192e-05    8.9496108832814399e-06    1.6820389372496273e-04    1.8565228314605182e-04   -2.8124821183074706e-05 
  -5.6366544457757499e-05   -1.0811938318048737e-05   -1.1813183122699122e-04    1.3356852210221899e-04    1.3175329424902567e-05 
  -5.3975827582385024e-07   -8.5920480457705290e-08   -9.8569808532628311e-07   -2.2562748788629555e-07   -8.9302408877285121e-06 
  -8.5092314952798235e-05    2.1963691422417007e-03   -1.1865947563059076e-04    3.7311958423677040e-05   -3.8341626728693986e-06 
  -7.3436238032477950e-04   -9.5255804266435238e-06    3.4940757222272042e-04   -2.2380059603232096e-06    5.9674980860134476e-06 
   6.3173249663402527e-05    7.1457563254851289e-06    1.3430126217014692e-04    1.4823281078173967e-04   -2.2456073397283385e-05 
  -4.5005486479550329e-05   -8.6327190795834971e-06   -9.4321562271308893e-05    1.0664688377464701e-04    1.0519752736314266e-05 
  -4.3096634747621943e-07   -6.8602626943960888e-08   -7.8702397457265714e-07   -1.8015074284164428e-07   -7.1302904834443853e-06 
  -3.9047085191871428e-05    1.0078679027299047e-03   -5.4450353787420423e-05    1.7121678027599270e-05   -1.7594171296206065e-06 
  -3.3698355065499595e-04   -4.3710898055540719e-06    1.6033583346314724e-04   -1.0269741684796256e-06    2.7383601712581472e-06 
   2.8988884164481458e-05    3.2790382557619729e-06    6.1628042770284696e-05    6.8020939306162435e-05   -1.0304622826456636e-05 
  -2.0652077283870277e-05   -3.9613743911535906e-06   -4.3282193926457409e-05    4.8938026407040560e-05    4.8272947036420682e-06 
  -1.9776145112597176e-07   -3.1480311943010851e-08   -3.6114885580713913e-07   -8.2667411352231442e-08   -3.2719413040329719e-06 
   8.7022489024291623e-05   -2.2461900311449437e-03    1.2135106350578507e-04   -3.8158316578887301e-05    3.9211341153688242e-06 
   7.5102013874126319e-04    9.7416519762967577e-06   -3.5733328721427817e-04    2.2887713094485649e-06   -6.1028606047520546e-06 
  -6.4606227113597851e-05   -7.3078456233061149e-06   -1.3734765730175720e-04   -1.5159521933854307e-04    2.2965451131841815e-05 
   4.6026359200265021e-05    8.8285375920207407e-06    9.6461086081183126e-05   -1.0906598648658495e-04   -1.0758375389622250e-05 
   4.4074208421632624e-07    7.0158760559987434e-08    8.0487627145994335e-07    1.8423715526309621e-07    7.2920289650099033e-06 
   2.9621334993909574e-03   -2.4180850002253462e-03   -5.8044415052020119e-05    9.0225502880454957e-06    2.6197123617714631e-06 
   1.9056283871137227e-03    2.3342202307468328e-03    1.3667691047876042e-05    4.5169358452352274e-05    1.1583925994661990e-06 
   3.5789200840939675e-06   -6.3071858947570647e-06    4.5125017077535755e-04    3.8474706006195703e-05   -2.7248958953661041e-06 
  -6.8949285303074278e-07   -5.4094334086063764e-07   -5.3723084477789036e-06    5.9815992833331128e-05   -4.4738654274656078e-05 
   3.8551322758033199e-07    2.6397924946712267e-07    2.2817841818304231e-06   -2.9575008642246960e-05   -3.9825193420447206e-05 
  -2.9195408635039823e-03    2.3833152594356314e-03    5.7209792089857382e-05   -8.8928146771185537e-06   -2.5820434130976505e-06 
  -1.8782272804300074e-03   -2.3006563848267715e-03   -1.3471162772449714e-05   -4.4519866443229506e-05   -1.1417360260155511e-06 
  -3.5274586492728364e-06    6.2164946168851906e-06   -4.4476162654812339e-04   -3.7921476671961693e-05    2.6857145084620011e-06 
   6.7957860776061974e-07    5.3316509495865574e-07    5.2950598100534885e-06   -5.8955896283499113e-05    4.4095355378105507e-05 
  -3.7996991748464663e-07   -2.6018348129645049e-07   -2.2489743159518779e-06    2.9149748411837910e-05    3.9252545373749033e-05 
  -1.3912118243250606e-04    3.5909408775214690e-03   -1.9400161537156608e-04    6.1002968101806880e-05   -6.2686418272209382e-06 
  -1.2006414767468184e-03   -1.5573791981634216e-05    5.7126186572148950e-04   -3.6590147496148515e-06    9.7565260781826521e-06 
   1.0328473489235421e-04    1.1682912492479547e-05    2.1957506274982840e-04    2.4235236663486021e-04   -3.6714425803954136e-05 
  -7.3581456779714841e-05   -1.4114013546646578e-05   -1.5421048633292858e-04    1.7436169860581552e-04    1.7199208182142710e-05 
  -7.0460590809838186e-07   -1.1216146350835746e-07   -1.2867402421242747e-06   -2.9453640289521468e-07   -1.1657626704530118e-05 
  -3.3385345031787022e-05    8.6172930741847174e-04   -4.6555174076715184e-05    1.4639072946565626e-05   -1.5043055746309113e-06 
  -2.8812168829943130e-04   -3.7372915444589542e-06    1.3708749564335317e-04   -8.7806520729906606e-07    2.3413040612257560e-06 
   2.4785560693252251e-05    2.8035850308189380e-06    5.2692114184953149e-05    5.8158054998564101e-05   -8.8104755270004062e-06 
  -1.7657572194112737e-05   -3.3869839502457721e-06   -3.7006372456920453e-05    4.1842121857379266e-05    4.1273477510366888e-06 
  -1.6908648231704336e-07   -2.6915737007291124e-08   -3.0878307816600881e-07   -7.0680821303748644e-08   -2.7975171212430409e-06 
   1.3878004010491526e-04   -3.5821354468330621e-03    1.9352589944199268e-04   -6.0853381287172850e-05    6.2532703429769146e-06 
   1.1976973555079254e-03    1.5535603119570690e-05   -5.6986106104797664e-04    3.6500423933816211e-06   -9.7326018708310765e-06 
  -1.0303146796168483e-04   -1.1654264547637232e-05   -2.1903663756771269e-04   -2.4175808868950803e-04    3.6624397495856645e-05 
   7.3401025956784395e-05    1.4079404241659632e-05    1.5383234316790733e-04   -1.7393414217864146e-04   -1.7157033598737184e-05 
   7.0287812735845379e-07    1.1188642974241175e-07    1.2835849960752700e-06    2.9381416324567282e-07    1.1629040763563886e-05 
   7.2904183754054412e-04   -2.7849600392761496e-03   -1.5155957581898017e-04   -4.9586602637246416e-05    7.1164411848420093e-07 
   7.2904183754054412e-04   -2.7849600392761496e-03   -1.5155957581898017e-04   -4.9586602637246416e-05    7.1164411848420093e-07 
   7.2904183754054412e-04   -2.7849600392761496e-03   -1.5155957581898017e-04   -4.9586602637246416e-05    7.1164411848420093e-07 
   7.2904183754054412e-04   -2.7849600392761496e-03   -1.5155957581898017e-04   -4.9586602637246416e-05    7.1164411848420093e-07 
  -6.9061951202996060e-04   -1.2710782158244253e-03    3.9698807739290212e-04   -3.7148974510442147e-05    1.1090662026356997e-05 
  -6.9061951202996060e-04   -1.2710782158244253e-03    3.9698807739290212e-04   -3.7148974510442147e-05    1.1090662026356997e-05 
  -6.9061951202996060e-04   -1.2710782158244253e-03    3.9698807739290212e-04   -3.7148974510442147e-05    1.1090662026356997e-05 
  -6.9061951202996060e-04   -1.2710782158244253e-03    3.9698807739290212e-04   -3.7148974510442147e-05    1.1090662026356997e-05 
   2.8580630227155945e-04   -1.0307006572127411e-03   -5.6612964509365102e-05   -1.9929957563717658e-05   -6.0441725423151316e-07 
   2.8580630227155945e-04   -1.0307006572127411e-03   -5.6612964509365102e-05   -1.9929957563717658e-05   -6.0441725423151316e-07 
   2.8580630227155945e-04   -1.0307006572127411e-03   -5.6612964509365102e-05   -1.9929957563717658e-05   -6.0441725423151316e-07 
   2.8580630227155945e-04   -1.0307006572127411e-03   -5.6612964509365102e-05   -1.9929957563717658e-05   -6.0441725423151316e-07 
  -4.4975135823965590e-04    3.0955394743199440e-03   -4.0356807367517584e-07    5.8179381516968841e-05   -4.0243738165703469e-06 
  -4.4975135823965590e-04    3.0955394743199440e-03   -4.0356807367517584e-07    5.8179381516968841e-05   -4.0243738165703469e-06 
  -4.4975135823965590e-04    3.0955394743199440e-03   -4.0356807367517584e-07    5.8179381516968841e-05   -4.0243738165703469e-06 
  -4.4975135823965590e-04    3.0955394743199440e-03   -4.0356807367517584e-07    5.8179381516968841e-05   -4.0243738165703469e-06 
  -3.6175866545761107e-03   -9.5880881442744097e-04    1.4541177257298405e-05   -5.1037523140311065e-05   -2.6448122023216155e-06 
  -3.6175866545761107e-03   -9.5880881442744097e-04    1.4541177257298405e-05   -5.1037523140311065e-05   -2.6448122023216155e-06 
  -3.6175866545761107e-03   -9.5880881442744097e-04    1.4541177257298405e-05   -5.1037523140311065e-05   -2.6448122023216155e-06 
  -3.6175866545761107e-03   -9.5880881442744097e-04    1.4541177257298405e-05   -5.1037523140311065e-05   -2.6448122023216155e-06 
  -5.7582013304553249e-04    2.0584481673493020e-03    6.1952835240013443e-05    1.6846435320800885e-05   -8.6617004327274729e-07 
  -5.7582013304553249e-04    2.0584481673493020e-03    6.1952835240013443e-05    1.6846435320800885e-05   -8.6617004327274729e-07 
  -5.7582013304553249e-04    2.0584481673493020e-03    6.1952835240013443e-05    1.6846435320800885e-05   -8.6617004327274729e-07 
  -5.7582013304553249e-04    2.0584481673493020e-03    6.1952835240013443e-05    1.6846435320800885e-05   -8.6617004327274729e-07 
  -1.0122703203137935e-03   -3.1508179701664858e-04   -1.0211400126989423e-06   -1.4965964829023990e-05   -9.3863631860489601e-07 
  -1.0122703203137935e-03   -3.1508179701664858e-04   -1.0211400126989423e-06   -1.4965964829023990e-05   -9.3863631860489601e-07 
  -1.0122703203137935e-03   -3.1508179701664858e-04   -1.0211400126989423e-06   -1.4965964829023990e-05   -9.3863631860489601e-07 
  -1.0122703203137935e-03   -3.1508179701664858e-04   -1.0211400126989423e-06   -1.4965964829023990e-05   -9.3863631860489601e-07 
   3.7798035453082738e-03    2.5286512388337596e-04   -3.4447616025011212e-05    4.4934970546883130e-05    2.9275771992455668e-06 
   3.7798035453082738e-03    2.5286512388337596e-04   -3.4447616025011212e-05    4.4934970546883130e-05    2.9275771992455668e-06 
   3.7798035453082738e-03    2.5286512388337596e-04   -3.4447616025011212e-05    4.4934970546883130e-05    2.9275771992455668e-06 
   3.7798035453082738e-03    2.5286512388337596e-04   -3.4447616025011212e-05    4.4934970546883130e-05    2.9275771992455668e-06 
  -2.3738404996876468e-04    2.2780773589043323e-03   -3.9888675714583392e-04    5.8638878457127735e-05   -3.9124670715814438e-05 
  -2.9454971276580858e-04   -1.7823126961292659e-03   -2.4961097876171826e-04   -1.4975330672259756e-05    6.0072665874600003e-05 
  -8.1016370213301701e-04    1.2368147497352109e-03   -1.1481257170265198e-03    2.7735717565310084e-04   -1.3505982158187367e-04 
   8.1980139118423604e-04   -3.9410266855553137e-04    1.0925104219689304e-03   -1.4989181551886466e-04    8.7241867335757564e-05 
   1.0899233383640171e-04   -2.4127052739298085e-04    8.4626588117279620e-05   -7.4285264406428087e-04   -4.5578125876449011e-05 
   3.7115754995506494e-04    4.0131776786677184e-04    5.2273770534687250e-04    4.6074922351693802e-04    7.9149623528474144e-05 
  -4.6531677614207342e-04    4.0137965907926104e-05   -5.7781672047324344e-04    1.1834903990956722e-04   -9.8768747077681480e-06 
  -3.0035748503962398e-04    1.3055408331286682e-04   -4.8134508436713399e-04    1.2210169600790214e-04   -1.2479627839267918e-04 
  -8.3366775850289207e-05   -1.0918057474846023e-04   -1.3741823975166065e-04    1.0259893835351620e-04   -4.6011099447586983e-05 
   6.4734727910808961e-05   -1.5790742404198514e-04    1.6276225647212446e-04   -3.9589796510483468e-04    9.6247318192980281e-05 
2    107 5 
   3.0349842646451588e-03   -2.4702183253458841e-03    4.4135573343081710e-04   -3.7640637528284862e-05   -4.3808369537654519e-07 
  -1.9769805766347002e-03   -2.3430912711799811e-03    4.7261932077910615e-04   -9.4987215915010904e-05    2.4380618523138733e-05 
  -6.6113541214794247e-06   -8.8313875682982676e-05   -4.3745609541236482e-04    1.3351538769655868e-04   -2.3195977418350877e-05 
  -6.7270317849005972e-07    1.4736956706255001e-06    1.6653830865514144e-05    4.5023293220855446e-05   -6.0343120981768232e-05 
  -2.0093451032929172e-07    9.3887139431621118e-07    9.9788281103744696e-06    3.8821229746868448e-05    3.1744531514126900e-05 
   1.5839978688309414e-03   -1.2892391596476670e-03    2.3034931327147056e-04   -1.9645139620917305e-05   -2.2864159393826789e-07 
  -1.0318119459758256e-03   -1.2228898921357021e-03    2.4666618723638047e-04   -4.9575066773254927e-05    1.2724562769997467e-05 
  -3.4505519387707496e-06   -4.6092163474989437e-05   -2.2831404133204165e-04    6.9683422095834959e-05   -1.2106283127769113e-05 
  -3.5109256199344315e-07    7.6914098987893772e-07    8.6918515216518202e-06    2.3498243908662816e-05   -3.1493861812461115e-05 
  -1.0487034145246192e-07    4.9000922509793922e-07    5.2080805308924700e-06    2.0261306096631614e-05    1.6567884997351921e-05 
   8.7055327841787148e-04   -7.0855611562427279e-04    1.2659824472982704e-04   -1.0796820525136500e-05   -1.2565969506799298e-07 
  -5.6707606112053909e-04   -6.7209105876419304e-04    1.3556587556014328e-04   -2.7246082685132802e-05    6.9933236993752349e-06 
  -1.8963973132520805e-06   -2.5331905308773559e-05   -1.2547967462679441e-04    3.8297483065224997e-05   -6.6535218725469127e-06 
  -1.9295782329372751e-07    4.2271408534081784e-07    4.7769760216154350e-06    1.2914457572374735e-05   -1.7308788850273153e-05 
  -5.7635948479919449e-08    2.6930537329500666e-07    2.8623217680077752e-06    1.1135460971591247e-05    9.1055846000221861e-06 
   2.9029663874508547e-03   -2.3627670336480800e-03    4.2215733174754381e-04   -3.6003318639811016e-05   -4.1902762310270441e-07 
  -1.8909844869606741e-03   -2.2411698413732106e-03    4.5206099361507184e-04   -9.0855395281943174e-05    2.3320093254654277e-05 
  -6.3237687963543294e-06   -8.4472336690413248e-05   -4.1842732292256691e-04    1.2770764158670034e-04   -2.2186982500686708e-05 
  -6.4344146315246732e-07    1.4095918212801194e-06    1.5929410833545639e-05    4.3064838389786008e-05   -5.7718273522724319e-05 
  -1.9219411987067709e-07    8.9803170698077315e-07    9.5447620365022512e-06    3.7132556628870210e-05    3.0363685586244409e-05 
  -2.6733774588355995e-03   -7.1245236149884749e-04    1.3767369875139073e-04    5.7277661589082130e-07   -4.8342222769279493e-06 
  -2.6733774588355995e-03   -7.1245236149884749e-04    1.3767369875139073e-04    5.7277661589082130e-07   -4.8342222769279493e-06 
  -2.6733774588355995e-03   -7.1245236149884749e-04    1.3767369875139073e-04    5.7277661589082130e-07   -4.8342222769279493e-06 
  -2.6733774588355995e-03   -7.1245236149884749e-04    1.3767369875139073e-04    5.7277661589082130e-07   -4.8342222769279493e-06 
  -2.6733774588355995e-03   -7.1245236149884749e-04    1.3767369875139073e-04    5.7277661589082130e-07   -4.8342222769279493e-06 
   1.6042870383476294e-03    1.5052592082600484e-03   -2.2641721899012432e-04    3.3574979142240459e-05   -4.4161434886297141e-06 
   1.6042870383476294e-03    1.5052592082600484e-03   -2.2641721899012432e-04    3.3574979142240459e-05   -4.4161434886297141e-06 
   1.6042870383476294e-03    1.5052592082600484e-03   -2.2641721899012432e-04    3.3574979142240459e-05   -4.4161434886297141e-06 
   1.6042870383476294e-03    1.5052592082600484e-03   -2.2641721899012432e-04    3.3574979142240459e-05   -4.4161434886297141e-06 
   1.6042870383476294e-03    1.5052592082600484e-03   -2.2641721899012432e-04    3.3574979142240459e-05   -4.4161434886297141e-06 
  -9.7489324006377518e-04   -2.7752415993209320e-04    5.1571017991891896e-05   -8.6529383055474714e-07   -1.4291472721595124e-06 
  -9.7489324006377518e-04   -2.7752415993209320e-04    5.1571017991891896e-05   -8.6529383055474714e-07   -1.4291472721595124e-06 
  -9.7489324006377518e-04   -2.7752415993209320e-04    5.1571017991891896e-05   -8.6529383055474714e-07   -1.4291472721595124e-06 
  -9.7489324006377518e-04   -2.7752415993209320e-04    5.1571017991891896e-05   -8.6529383055474714e-07   -1.4291472721595124e-06 
  -9.7489324006377518e-04   -2.7752415993209320e-04    5.1571017991891896e-05   -8.6529383055474714e-07   -1.4291472721595124e-06 
  -1.9807989504084657e-03    1.0849884561509836e-03   -1.1374989006316005e-04    4.9990547439101010e-05   -1.4125280765245252e-05 
  -1.9807989504084657e-03    1.0849884561509836e-03   -1.1374989006316005e-04    4.9990547439101010e-05   -1.4125280765245252e-05 
  -1.9807989504084657e-03    1.0849884561509836e-03   -1.1374989006316005e-04    4.9990547439101010e-05   -1.4125280765245252e-05 
  -1.9807989504084657e-03    1.0849884561509836e-03   -1.1374989006316005e-04    4.9990547439101010e-05   -1.4125280765245252e-05 
  -1.9807989504084657e-03    1.0849884561509836e-03   -1.1374989006316005e-04    4.9990547439101010e-05   -1.4125280765245252e-05 
   2.9471717122738425e-03   -2.3987463976031607e-03    4.2858579129050560e-04   -3.6551564186868803e-05   -4.2540842457155125e-07 
  -1.9197797165033522e-03   -2.2752975671538672e-03    4.5894481533238237e-04   -9.2238908462709282e-05    2.3675203221369938e-05 
  -6.4200648661113721e-06   -8.5758650957811812e-05   -4.2479898323684545e-04    1.2965232747873200e-04   -2.2524837865641878e-05 
  -6.5323955761411559e-07    1.4310565769854828e-06    1.6171978154744985e-05    4.3720614211958592e-05   -5.8597186568470798e-05 
  -1.9512078258874321e-07    9.1170660982499329e-07    9.6901062292582021e-06    3.7697997804621671e-05    3.0826052835815509e-05 
   2.9047942125213556e-03   -2.3642547273528794e-03    4.2242313908103532e-04   -3.6025987785659747e-05   -4.1929145984502790e-07 
  -1.8921751272891795e-03   -2.2425809725668132e-03    4.5234562950376042e-04   -9.0912601514162914e-05    2.3334776528729218e-05 
  -6.3277504970023269e-06   -8.4525523890731504e-05   -4.1869078169161318e-04    1.2778805148396812e-04   -2.2200952322393508e-05 
  -6.4384659992664222e-07    1.4104793573126571e-06    1.5939440634994849e-05    4.3091953754127187e-05   -5.7754615282596882e-05 
  -1.9231513306332759e-07    8.9859714407133677e-07    9.5507718047922671e-06    3.7155936788637621e-05    3.0382803790983969e-05 
   3.6128682468975480e-03    1.2903859981670300e-04   -6.5184553177397001e-05    4.8078830495890513e-05   -1.9262502997083847e-05 
   3.6128682468975480e-03    1.2903859981670300e-04   -6.5184553177397001e-05    4.8078830495890513e-05   -1.9262502997083847e-05 
   3.6128682468975480e-03    1.2903859981670300e-04   -6.5184553177397001e-05    4.8078830495890513e-05   -1.9262502997083847e-05 
   3.6128682468975480e-03    1.2903859981670300e-04   -6.5184553177397001e-05    4.8078830495890513e-05   -1.9262502997083847e-05 
   3.6128682468975480e-03    1.2903859981670300e-04   -6.5184553177397001e-05    4.8078830495890513e-05   -1.9262502997083847e-05 
  -2.8796587732413342e-04    8.0630804897433516e-04   -1.4023041387022664e-04    1.7383619242081196e-05   -2.8582596858711577e-06 
  -2.8796587732413342e-04    8.0630804897433516e-04   -1.4023041387022664e-04    1.7383619242081196e-05   -2.8582596858711577e-06 
  -2.8796587732413342e-04    8.0630804897433516e-04   -1.4023041387022664e-04    1.7383619242081196e-05   -2.8582596858711577e-06 
  -2.8796587732413342e-04    8.0630804897433516e-04   -1.4023041387022664e-04    1.7383619242081196e-05   -2.8582596858711577e-06 
  -2.8796587732413342e-04    8.0630804897433516e-04   -1.4023041387022664e-04    1.7383619242081196e-05   -2.8582596858711577e-06 
   3.6024650115430569e-03   -1.8110103239210706e-04   -4.8318663054226410e-06    3.8397388333671303e-05   -1.7287466148531659e-05 
   3.6024650115430569e-03   -1.8110103239210706e-04   -4.8318663054226410e-06    3.8397388333671303e-05   -1.7287466148531659e-05 
   3.6024650115430569e-03   -1.8110103239210706e-04   -4.8318663054226410e-06    3.8397388333671303e-05   -1.7287466148531659e-05 
   3.6024650115430569e-03   -1.8110103239210706e-04   -4.8318663054226410e-06    3.8397388333671303e-05   -1.7287466148531659e-05 
   3.6024650115430569e-03   -1.8110103239210706e-04   -4.8318663054226410e-06    3.8397388333671303e-05   -1.7287466148531659e-05 
  -1.8247191863041388e-03   -2.1398611182010942e-03    3.1562902136661193e-04   -4.8506663890959662e-05    6.8773500436992398e-06 
   1.1390046580735265e-03   -9.5418190535829432e-04    1.0970050313937330e-04   -3.8202476737900199e-05    1.0055727951611018e-05 
  -1.1759699242184953e-06    1.1320763692995806e-06   -1.4794503205477713e-05   -9.7475458929915227e-05    3.1703572639838486e-05 
   1.0785299145307481e-06    1.0211717105235999e-05    7.3759156926088101e-05   -1.1134414958581140e-05   -1.3860423114887915e-07 
  -9.4967261560742304e-04   -1.1136878049025688e-03    1.6426869434630969e-04   -2.5245227165622484e-05    3.5793074646605241e-06 
   5.9279342319658876e-04   -4.9660267323777115e-04    5.7093477468622728e-05   -1.9882426994065923e-05    5.2334899185147284e-06 
  -6.1203194562239830e-07    5.8918760473913973e-07   -7.6997790461203710e-06   -5.0730969857888740e-05    1.6500081206444351e-05 
   5.6131942527432102e-07    5.3146742610926508e-06    3.8387852776882689e-05   -5.7948911023351933e-06   -7.2136383350041902e-08 
  -6.7798507800089240e-04   -7.9507790460248465e-04    1.1727380754077312e-04   -1.8022934459458182e-05    2.5553196024978378e-06 
   4.2320383746907508e-04   -3.5453186352563310e-04    4.0759863071494271e-05   -1.4194353501281971e-05    3.7362644897911465e-06 
  -4.3693849814383996e-07    4.2062959128364939e-07   -5.4969841305096105e-06   -3.6217576447818524e-05    1.1779647701662959e-05 
   4.0073409306912735e-07    3.7942231714784554e-06    2.7405645831510855e-05   -4.1370569514742300e-06   -5.1499212137436050e-08 
  -1.9800072724860383e-03   -2.3219685571071050e-03    3.4248982660139477e-04   -5.2634700171409158e-05    7.4626294304152678e-06 
   1.2359367530676907e-03   -1.0353851299775320e-03    1.1903628549622375e-04   -4.1453601373714848e-05    1.0911495107725762e-05 
  -1.2760478541871266e-06    1.2284188498959256e-06   -1.6053551779107214e-05   -1.0577085998698830e-04    3.4401624568771713e-05 
   1.1703154602599152e-06    1.1080759321597478e-05    8.0036242410480812e-05   -1.2081981029377627e-05   -1.5039979177726153e-07 
  -2.3687735005310123e-03   -2.7778774672052751e-03    4.0973628568354969e-04   -6.2969305571229073e-05    8.9278858136997972e-06 
   1.4786078160830246e-03   -1.2386787123540375e-03    1.4240856718221331e-04   -4.9592844329476630e-05    1.3053921983782425e-05 
  -1.5265945657930611e-06    1.4696138037577691e-06   -1.9205600187521434e-05   -1.2653853031103983e-04    4.1156241083603226e-05 
   1.4001020541933340e-06    1.3256420525065111e-05    9.5751027149502642e-05   -1.4454227968756076e-05   -1.7993016803420417e-07 
  -1.3533643783508146e-03   -1.5870999952913322e-03    2.3409688323412122e-04   -3.5976599312042663e-05    5.1008180526911012e-06 
   8.4478112719061943e-04   -7.0770111416123638e-04    8.1363069095961076e-05   -2.8334152219097804e-05    7.4581689666240154e-06 
  -8.7219766054673867e-07    8.3964252871477508e-07   -1.0972841072737650e-05   -7.2295953738690547e-05    2.3514021335041402e-05 
   7.9992799893121403e-07    7.5738635707634801e-06    5.4705960407607174e-05   -8.2582134784483667e-06   -1.0280049145837708e-07 
  -6.7102613205964308e-04   -7.8691709939195586e-04    1.1607009065454448e-04   -1.7837944213100748e-05    2.5290913984364295e-06 
   4.1886000642819089e-04   -3.5089289247334989e-04    4.0341497398132243e-05   -1.4048660414676496e-05    3.6979148808538363e-06 
  -4.3245369237613894e-07    4.1631218271226363e-07   -5.4405622170407843e-06   -3.5845833521902534e-05    1.1658739536833518e-05 
   3.9662089503428803e-07    3.7552786654766295e-06    2.7124349953452816e-05   -4.0945935453974062e-06   -5.0970616088776594e-08 
  -2.3977638051399411e-03   -2.8118746028210303e-03    4.1475085534528996e-04   -6.3739957281539662e-05    9.0371500085225054e-06 
   1.4967038016113076e-03   -1.2538383184437245e-03    1.4415143864738631e-04   -5.0199787822897344e-05    1.3213682794415524e-05 
  -1.5452778385782198e-06    1.4875997157999600e-06   -1.9440648493958806e-05   -1.2808717586016509e-04    4.1659932958450982e-05 
   1.4172372446307280e-06    1.3418659620090253e-05    9.6922878929784549e-05   -1.4631126465639463e-05   -1.8213224872215428e-07 
  -1.8676111381731137e-04   -9.4587132261279817e-06    2.2139251200347641e-06    1.4787367849563616e-06   -7.3186629651376419e-07 
  -1.4519410478961632e-04    2.4550913705652541e-05   -4.6046883428195895e-06    5.2026374701551596e-07   -7.8076395479505279e-08 
   9.2164431026782985e-05    6.1554519204861193e-05    8.7252217495185738e-06   -4.4086639360457375e-06    1.8032788732736984e-06 
   5.9717390656978684e-06    6.8535859626798015e-05    2.4287635915434422e-05   -7.3084017468499878e-06    2.3530896237583428e-06 
   5.0299697297414593e-05    7.2792096221364359e-06   -5.1352166046262251e-06    6.5911316351135608e-07    1.0364169997318080e-07 
   8.4790901538865174e-06   -3.5480339473780859e-05    1.7208604628358711e-05   -4.8296588698402578e-06    9.6183862476186545e-07 
  -8.1441193935676866e-06   -3.4348473392492887e-05    1.6530517907723244e-05    6.2301229806483315e-06   -3.0236670647982120e-06 
  -4.1239334633944103e-06   -2.6340820247983629e-05   -2.8814555617440248e-06    1.6165406225575712e-06   -1.9392950894686367e-06 
   2.3857925649763946e-06    1.4214144404405429e-05    2.8370808004613430e-06   -1.0673374487714211e-05    9.6663934190884381e-06 
   1.4044664800003982e-05    8.7256252393233588e-06    6.0497261309381038e-06    1.7765876612374321e-06   -8.5301217259376663e-07 
2    107 5 
   4.1655279726541435e-03    9.4317958151371548e-04    1.2254849479762507e-04   -3.9490038538621496e-05    1.2407289325196642e-05 
   4.1655279726541435e-03    9.4317958151371548e-04    1.2254849479762507e-04   -3.9490038538621496e-05    1.2407289325196642e-05 
   4.1655279726541435e-03    9.4317958151371548e-04    1.2254849479762507e-04   -3.9490038538621496e-05    1.2407289325196642e-05 
   4.1655279726541435e-03    9.4317958151371548e-04    1.2254849479762507e-04   -3.9490038538621496e-05    1.2407289325196642e-05 
   4.1655279726541435e-03    9.4317958151371548e-04    1.2254849479762507e-04   -3.9490038538621496e-05    1.2407289325196642e-05 
   2.2123725060529910e-03   -2.3774769154498492e-04   -1.4521867172369711e-04    3.2571573971654090e-05   -8.6241970229205299e-06 
   2.2123725060529910e-03   -2.3774769154498492e-04   -1.4521867172369711e-04    3.2571573971654090e-05   -8.6241970229205299e-06 
   2.2123725060529910e-03   -2.3774769154498492e-04   -1.4521867172369711e-04    3.2571573971654090e-05   -8.6241970229205299e-06 
   2.2123725060529910e-03   -2.3774769154498492e-04   -1.4521867172369711e-04    3.2571573971654090e-05   -8.6241970229205299e-06 
   2.2123725060529910e-03   -2.3774769154498492e-04   -1.4521867172369711e-04    3.2571573971654090e-05   -8.6241970229205299e-06 
   1.1962122538827563e-03    2.6451095912300381e-04    3.4341977084618728e-05   -1.1185078859332568e-05    3.5067258439676556e-06 
   1.1962122538827563e-03    2.6451095912300381e-04    3.4341977084618728e-05   -1.1185078859332568e-05    3.5067258439676556e-06 
   1.1962122538827563e-03    2.6451095912300381e-04    3.4341977084618728e-05   -1.1185078859332568e-05    3.5067258439676556e-06 
   1.1962122538827563e-03    2.6451095912300381e-04    3.4341977084618728e-05   -1.1185078859332568e-05    3.5067258439676556e-06 
   1.1962122538827563e-03    2.6451095912300381e-04    3.4341977084618728e-05   -1.1185078859332568e-05    3.5067258439676556e-06 
   3.9250177871571401e-03    1.1233260366444121e-03    1.8236545960167695e-04   -5.4217476052098945e-05    1.6515293837532946e-05 
   3.9250177871571401e-03    1.1233260366444121e-03    1.8236545960167695e-04   -5.4217476052098945e-05    1.6515293837532946e-05 
   3.9250177871571401e-03    1.1233260366444121e-03    1.8236545960167695e-04   -5.4217476052098945e-05    1.6515293837532946e-05 
   3.9250177871571401e-03    1.1233260366444121e-03    1.8236545960167695e-04   -5.4217476052098945e-05    1.6515293837532946e-05 
   3.9250177871571401e-03    1.1233260366444121e-03    1.8236545960167695e-04   -5.4217476052098945e-05    1.6515293837532946e-05 
  -1.5454387661761946e-03   -2.2559957093637182e-03   -3.3760668673411392e-04    9.9570961031935696e-05   -2.8982724010804988e-05 
   8.3429128604109784e-04   -5.8111479565322623e-04    5.5080138941627918e-05   -2.8058288360798260e-05    8.8734226816894586e-06 
   3.0952683406583465e-05    1.6803404497687774e-05   -2.0326414841011795e-04    1.5603715918014523e-04   -5.4645647861724957e-05 
  -6.8620106107984148e-06   -6.1368606414491251e-06    1.1735727714378842e-04    1.3988571009504827e-04   -4.2870312103068549e-05 
  -2.6812522480723481e-08   -1.9370979753310547e-08    1.7047992118383400e-07   -2.7702024406611021e-06   -8.5654102648300721e-06 
  -1.2339451382945889e-03   -1.8012845274164916e-03   -2.6955977737121753e-04    7.9501760904235815e-05   -2.3141060112108858e-05 
   6.6613423893792996e-04   -4.6398718123368205e-04    4.3978364689127697e-05   -2.2402950714986391e-05    7.0849243708277187e-06 
   2.4713960878066129e-05    1.3416564758512945e-05   -1.6229488557533659e-04    1.2458681519943675e-04   -4.3631448222805859e-05 
  -5.4789259965769684e-06   -4.8999349043404402e-06    9.3703124798254488e-05    1.1169079983398825e-04   -3.4229510967710547e-05 
  -2.1408277367316335e-08   -1.5466627868887902e-08    1.3611854091257689e-07   -2.2118494168508881e-06   -6.8389939382306410e-06 
  -5.6623163870687400e-04   -8.2657182891130950e-04   -1.2369534895312773e-04    3.6481696762551232e-05   -1.0618948915997473e-05 
   3.0567508230866904e-04   -2.1291402171415584e-04    2.0180752557597317e-05   -1.0280245937633926e-05    3.2511237429506387e-06 
   1.1340720209218986e-05    6.1565812071103766e-06   -7.4473731579408601e-05    5.7170286054326842e-05   -2.0021559840576445e-05 
  -2.5141646489106914e-06   -2.2484777356279199e-06    4.2998405893312502e-05    5.1252574085981915e-05   -1.5707207302724097e-05 
  -9.8238111236780336e-09   -7.0973123291150843e-09    6.2461954010240998e-08   -1.0149714772629726e-06   -3.1382714065414259e-06 
  -1.2619350797235267e-03   -1.8421435955019013e-03   -2.7567428128720653e-04    8.1305122789742683e-05   -2.3665975602303704e-05 
   6.8124435830470471e-04   -4.7451193928285890e-04    4.4975938903399834e-05   -2.2911123452077840e-05    7.2456337994835144e-06 
   2.5274554940141019e-05    1.3720896653111871e-05   -1.6597626832120816e-04    1.2741285466588310e-04   -4.4621153228576148e-05 
  -5.6032060905442100e-06   -5.0110815726336897e-06    9.5828620408566973e-05    1.1422431518121447e-04   -3.5005949058346852e-05 
  -2.1893887635560354e-08   -1.5817461949527550e-08    1.3920615791376797e-07   -2.2620214493878046e-06   -6.9941248543656135e-06 
   2.3614151872750964e-03    3.3692848251416756e-03    5.1334155845819956e-04   -1.5122568822598730e-04    4.4113732539575524e-05 
   2.3614151872750964e-03    3.3692848251416756e-03    5.1334155845819956e-04   -1.5122568822598730e-04    4.4113732539575524e-05 
   2.3614151872750964e-03    3.3692848251416756e-03    5.1334155845819956e-04   -1.5122568822598730e-04    4.4113732539575524e-05 
   2.3614151872750964e-03    3.3692848251416756e-03    5.1334155845819956e-04   -1.5122568822598730e-04    4.4113732539575524e-05 
   2.3614151872750964e-03    3.3692848251416756e-03    5.1334155845819956e-04   -1.5122568822598730e-04    4.4113732539575524e-05 
   2.2899270936114114e-03    3.3473915032417759e-03    5.0269089433903759e-04   -1.4762520930572124e-04    4.3010785233585433e-05 
   2.2899270936114114e-03    3.3473915032417759e-03    5.0269089433903759e-04   -1.4762520930572124e-04    4.3010785233585433e-05 
   2.2899270936114114e-03    3.3473915032417759e-03    5.0269089433903759e-04   -1.4762520930572124e-04    4.3010785233585433e-05 
   2.2899270936114114e-03    3.3473915032417759e-03    5.0269089433903759e-04   -1.4762520930572124e-04    4.3010785233585433e-05 
   2.2899270936114114e-03    3.3473915032417759e-03    5.0269089433903759e-04   -1.4762520930572124e-04    4.3010785233585433e-05 
  -2.0174313836873723e-03   -2.9449995982665338e-03   -4.4071518074140312e-04    1.2998093880274615e-04   -3.7834340825304059e-05 
   1.0890922762088375e-03   -7.5859312703576418e-04    7.1902170018447919e-05   -3.6627573185368737e-05    1.1583455644157652e-05 
   4.0405945729111821e-05    2.1935334047757398e-05   -2.6534307353741354e-04    2.0369248451708479e-04   -7.1334980971742902e-05 
  -8.9577379993340809e-06   -8.0111199009251243e-06    1.5319937560501353e-04    1.8260821965363413e-04   -5.5963338669959731e-05 
  -3.5001337815714984e-08   -2.5287072734556941e-08    2.2254621199634446e-07   -3.6162502619142271e-06   -1.1181373122392646e-05 
  -4.8412931549826518e-04   -7.0672075946667410e-04   -1.0575979956852558e-04    3.1191932196166755e-05   -9.0792250354527752e-06 
   2.6135287795103432e-04   -1.8204196400586203e-04    1.7254588500674053e-05   -8.7896332326230249e-06    2.7797180600317147e-06 
   9.6963411028834774e-06    5.2638906798191345e-06   -6.3675206801373175e-05    4.8880722238570422e-05   -1.7118478372141441e-05 
  -2.1496163889866590e-06   -1.9224534848469589e-06    3.6763733054878552e-05    4.3821065291294397e-05   -1.3429697318262645e-05 
  -8.3993804474648330e-09   -6.0682178898001071e-09    5.3405110157252305e-08   -8.6780287950663512e-07   -2.6832290604008486e-06 
  -2.0124843926831826e-03   -2.9377780954001819e-03   -4.3963449266835815e-04    1.2966220948180238e-04   -3.7741566347209977e-05 
   1.0864216873914423e-03   -7.5673296296494116e-04    7.1725857014130095e-05   -3.6537757850622561e-05    1.1555051579795204e-05 
   4.0306865358074691e-05    2.1881545898586341e-05   -2.6469241953826022e-04    2.0319300537907054e-04   -7.1160058785043175e-05 
  -8.9357725190412158e-06   -7.9914756451631641e-06    1.5282371180841872e-04    1.8216044173800238e-04   -5.5826109649333169e-05 
  -3.4915510211014763e-08   -2.5225065708022287e-08    2.2200050118919415e-07   -3.6073827694883433e-06   -1.1153955014050412e-05 
  -2.8159514142230926e-03   -2.8409747701563313e-04    1.8136755445076114e-05    1.6793710436022623e-06   -1.4428003021255062e-06 
   1.4086525022675064e-04   -1.4217481931366835e-03   -4.1114626254353860e-04    1.0169203215118491e-04   -2.8213558682439648e-05 
  -3.2843702300571574e-06    2.7692201835533226e-05   -8.2569748880039119e-05    5.2480248799091950e-05   -1.9456062411425479e-05 
   1.0047451217777346e-06   -6.9176927852578515e-06    4.0045553408106803e-05    5.5114886224662768e-05   -3.1299984241433262e-05 
  -1.4655580787667200e-03   -1.4785814502853408e-04    9.4392496727366366e-06    8.7402637267348963e-07   -7.5090345243420403e-07 
   7.3313127650061888e-05   -7.3994691097975626e-04   -2.1398051244135861e-04    5.2925479648764560e-05   -1.4683708195020915e-05 
  -1.7093460135743076e-06    1.4412368734032788e-05   -4.2973313361042826e-05    2.7313274019827697e-05   -1.0125881186739506e-05 
   5.2291823036622588e-07   -3.6003037895659143e-06    2.0841653737171140e-05    2.8684467480113927e-05   -1.6290034174101471e-05 
  -1.0462832054096412e-03   -1.0555807795523254e-04    6.7388174834829093e-06    6.2398012611204233e-07   -5.3608088450999022e-07 
   5.2339306990045718e-05   -5.2825885037893067e-04   -1.5276379673792448e-04    3.7784268871384957e-05   -1.0482912618867120e-05 
  -1.2203269540445124e-06    1.0289199435398005e-05   -3.0679272764339018e-05    1.9499343155165403e-05   -7.2290136973448311e-06 
   3.7331892209629713e-07   -2.5703091839017493e-06    1.4879159409714708e-05    2.0478258088425701e-05   -1.1629692073516562e-05 
  -3.0555957985086597e-03   -3.0827487035154695e-04    1.9680237896378393e-05    1.8222896457124870e-06   -1.5655861528697707e-06 
   1.5285322913409822e-04   -1.5427424576799017e-03   -4.4613581969317505e-04    1.1034627394972191e-04   -3.0614601848457256e-05 
  -3.5638782064989480e-06    3.0048876252878932e-05   -8.9596637387783545e-05    5.6946446918522785e-05   -2.1111821127168093e-05 
   1.0902514003506493e-06   -7.5064054384046762e-06    4.3453528397088717e-05    5.9805298462447215e-05   -3.3963689806025078e-05 
  -3.6555493792471668e-03   -3.6880336447023179e-04    2.3544371104533937e-05    2.1800886709047297e-06   -1.8729825103419451e-06 
   1.8286532765550732e-04   -1.8456535502053349e-03   -5.3373274028432980e-04    1.3201230785695508e-04   -3.6625652135550255e-05 
  -4.2636309330698315e-06    3.5948848662149116e-05   -1.0718856608763509e-04    6.8127645935676169e-05   -2.5257039773998699e-05 
   1.3043177476943617e-06   -8.9802570595660539e-06    5.1985448741487597e-05    7.1547821140738763e-05   -4.0632319643833422e-05 
  -2.0885451108206437e-03   -2.1071045246751294e-04    1.3451734898421237e-05    1.2455620379859974e-06   -1.0701013879978973e-06 
   1.0447745233089397e-04   -1.0544873830548472e-03   -3.0494045889083594e-04    7.5423317137511726e-05   -2.0925535059814892e-05 
  -2.4359636858305907e-06    2.0538853212926674e-05   -6.1240632368180379e-05    3.8923742252930384e-05   -1.4430243298929556e-05 
   7.4520302485003413e-07   -5.1307396043250404e-06    2.9701132043034010e-05    4.0877809743643518e-05   -2.3214686420377852e-05 
  -1.0355439893089690e-03   -1.0447461316819237e-04    6.6696491963079496e-06    6.1757549552809028e-07   -5.3057846562719991e-07 
   5.1802088075110102e-05   -5.2283671809010078e-04   -1.5119580499625696e-04    3.7396445166944593e-05   -1.0375314347771483e-05 
  -1.2078013254143289e-06    1.0183589467018178e-05   -3.0364375862310747e-05    1.9299198816728376e-05   -7.1548139587949698e-06 
   3.6948711770707106e-07   -2.5439271244089217e-06    1.4726437367086950e-05    2.0268066012475444e-05   -1.1510323076942760e-05 
  -3.7002879285401228e-03   -3.7331697536396771e-04    2.3832519587279582e-05    2.2067697506406499e-06   -1.8959050622405695e-06 
   1.8510333038137213e-04   -1.8682416358163096e-03   -5.4026484422636236e-04    1.3362794439461596e-04   -3.7073896263438475e-05 
  -4.3158115064602534e-06    3.6388809710692739e-05   -1.0850039652679620e-04    6.8961428147239131e-05   -2.5566148802955630e-05 
   1.3202806790611702e-06   -9.0901622014316406e-06    5.2621674194832845e-05    7.2423461267796157e-05   -4.1129599490630937e-05 
   1.8224192993821810e-04    3.9958611221000136e-05   -1.1067731413144286e-05    6.1799705641604395e-06   -2.7030153984600180e-06 
   4.5709142217851020e-05   -1.3345034660742480e-04   -3.9103797662569868e-05    1.5708936242863482e-05   -5.5997315126600808e-06 
  -7.9188069226239502e-05   -6.5958561123725888e-05   -3.9261925058004416e-05    1.4069384791593053e-05   -4.6184810316889184e-06 
  -4.8601771889626677e-05   -5.1544960371011170e-05   -1.8303674151525955e-05    4.9214317928563394e-06   -1.8451554641956726e-06 
  -4.5004373962784335e-05    7.5756394216274783e-06    8.1446472436133352e-06   -2.0450546540252328e-05    6.5205782971048519e-06 
   3.8642605088381473e-05   -7.2679230975756645e-06    2.3570384322061908e-06    9.4528893726499789e-06   -3.1858890086459624e-06 
   6.2311826859198730e-06   -3.6081760593801248e-05   -1.3663818137177484e-05    5.7031905518360563e-06   -2.7224857192784398e-06 
   1.4585747368413912e-06   -7.5662848341338512e-06   -2.4696684839969814e-05    7.4075233715237891e-06    1.1613538182432710e-06 
   1.8490151269577323e-05   -7.9519131249015063e-06   -3.0201057856527378e-06   -2.6873311441128764e-06    1.2967711886964293e-06 
   6.7055501995518421e-06    1.1916063442309939e-05    8.4758518298590363e-06   -5.0484255129910133e-06    5.4395394165120907e-06 
 TENSORSUMACCUMULATOR_IMPL_H - PrettifyOut: Norm of simple tensor is 3.67649e-09 
 As simple full tensor 3    5 5 5 
   1.5034886511191561e-09    2.3299781206841262e-10    1.1938909609187085e-10   -4.3511262567085435e-11    1.3708779465811031e-11 
  -2.3064273631223228e-09   -1.2392412010693865e-09   -2.5547867841061867e-10    8.3987671213497906e-11   -2.5510140082151867e-11 
   4.5231489200006144e-10    2.1713104495490215e-10    4.9698883138845253e-11   -1.6337681218267652e-11    4.9608815415438552e-12 
  -6.0592510266411167e-11   -2.6370599672760609e-11   -6.1146658641910030e-12    1.9573275868635172e-12   -5.8254974575459692e-13 
   1.0143861813465600e-11    3.0324791920749526e-12    8.8931356184403034e-13   -2.8626525440723450e-13    8.5826788344729953e-14 

   8.5559294222961086e-10    9.7564785616212620e-10   -7.4477384474753970e-12    1.1400934627791179e-12   -3.2465196398992526e-13 
   1.3700947151735733e-09    4.3665030761465827e-11    2.4837363680323669e-11   -6.6659317723669681e-12    2.1594727564797107e-12 
  -6.6023947312825755e-11    1.8469212569267323e-10    2.8077109025924894e-11   -6.8350581900245487e-12    1.6284220914493270e-12 
  -1.8920308300688674e-11   -3.9955399107322294e-11   -3.0054835257940153e-12    6.6419488899805432e-14    1.3138305960443073e-13 
   1.5816471930459006e-11    1.5939586559928136e-11    1.4340730872699948e-12   -2.4287865757810618e-13    4.0479419089990253e-14 

  -5.6681626526753794e-10    2.1419091366735513e-12    1.2319618176589251e-11    2.6956003345325042e-12   -5.8724725234744556e-13 
  -2.4227167859911066e-10   -8.7554486154166526e-11   -1.3856864634390015e-11    2.5281486550844824e-12   -8.0736036939655173e-13 
  -2.2550770913012341e-11   -1.6039479053393442e-11   -4.0217941757038866e-12    1.5252522677351706e-12   -3.4951913016826749e-13 
   9.5219838469256261e-12    4.4010638222821737e-12    3.6860613538022732e-13   -7.8241160068004236e-14   -3.8775828626883564e-15 
  -2.2620337715918543e-12   -5.4622840193799569e-13    6.6595503990825702e-14   -2.3271361878466523e-14    1.4222197120382424e-14 

   4.2015158263583258e-11    2.9428404755933212e-11    1.1637990514701038e-11   -2.0966285647772302e-11    6.9456827936569843e-12 
  -5.8116099802557959e-12   -1.5357464366065680e-11   -5.1508785678738450e-12    5.4158061796797419e-12   -1.7890455664682205e-12 
   5.6244275004837759e-13    3.8657713708290819e-12    1.5504651685499760e-12   -2.0824890395146123e-12    6.6824690363379851e-13 
   5.5242483204337732e-13   -1.4176041017253098e-13   -1.1124839395640514e-13    2.9659513700520012e-13   -1.0013728898333588e-13 
  -8.1809402552994005e-13   -3.6499445933836822e-13   -4.7200890691082266e-14   -6.8527009006211025e-14    2.4535193697423895e-14 

  -8.2873725640364132e-12    1.5061071399763773e-12   -2.6960170116036977e-12    1.0354495670614418e-12   -4.3184867866623549e-13 
  -6.8215010990364317e-12   -2.6303305523583183e-12    3.3472300738179642e-13   -1.7833559744067293e-13    9.4781456759816187e-14 
   8.2083496329179257e-13    2.4186054122912740e-13   -2.7559967562990503e-13    9.6940602553543376e-14   -3.6446295155922488e-14 
  -9.3441547644063155e-13   -5.1919920856896792e-13   -5.9212695560372186e-14    1.6490082855200137e-14   -3.0745294840824246e-15 
   3.1449041464723601e-13    1.8740317672177355e-13    2.0909382868761916e-14   -4.8871131496506759e-15    1.1809333835784922e-15 
