2    16 5 
   2.2526930135134140e-03   -7.7757061082472882e-05    5.7229198689658263e-07    6.4247252649031656e-06    2.7101438854629581e-06 
  -7.8893457562927155e-05   -1.1563141344553454e-03    1.3704318795213622e-04   -2.4549647760071176e-05    6.4020922879260670e-05 
  -7.9314866770831423e-04    2.1681212122477249e-03   -1.3521105842161506e-04    8.8354900519823669e-05   -8.4115469524540291e-05 
  -5.1720752569768655e-05    3.7082171945244111e-04   -3.7627900875997794e-05    5.1628126435734237e-06   -1.2518852791723744e-05 
  -1.9696636389713895e-04    1.6803485551890433e-03    5.0535478983203283e-06   -2.1491923239886500e-06   -5.4238032328536540e-05 
  -4.0782398615511170e-04   -3.3437871350236533e-03   -8.4064263022780100e-04   -1.4063968983213092e-04    4.1137684068996228e-05 
  -1.0296741766658908e-04   -1.2776530851184732e-04   -2.6337971417306281e-04    2.8666337422181927e-05    3.0631680859792467e-05 
   3.7542691398102420e-05   -6.1171756211451180e-05    2.7112880712780934e-04    1.8401297214792138e-04    1.4807212930652164e-05 
  -7.8682480561341565e-05    1.2596402685295495e-05    3.7904211498731097e-04    1.9464201799026273e-04   -2.3140148212933421e-04 
  -2.0146307154632096e-04    2.2242427504921627e-04    5.6080119476354837e-04    1.2179558128749532e-04   -9.3386802991950619e-05 
   6.6147294950603467e-05   -5.9034310265696176e-06   -2.4006186151423737e-05    2.4266289891865768e-04   -1.9108567388875851e-04 
   1.0260946180153227e-04    7.0805983223392109e-07   -3.9303620082543783e-06   -2.8125316469807888e-05   -9.8778267726883545e-05 
   3.0257198654280050e-05   -2.1901551290741074e-05   -2.8516702517155346e-05    2.8804512934138696e-05   -8.1656548577008084e-06 
   1.1221664509156912e-04   -3.6913608602390134e-05   -3.9207555551493656e-05   -9.3629926698384554e-05   -4.1175327944631450e-06 
  -1.7070588658246250e-05    6.9490961542337587e-05   -1.2138801792581816e-05    1.2358323530718430e-04   -1.3885343517899801e-04 
  -1.0827079808201250e-04    3.8249511502761326e-06    3.1639618776173075e-05   -1.8812793388020319e-04   -1.6926521818669873e-04 
2    16 5 
  -5.5653132095498041e-02    2.3043153452173030e-03   -1.1533774495705791e-04    1.5377058716978533e-04   -8.4023980552089955e-05 
   4.2218558259671081e-03    2.7815135044736688e-02   -6.1125929584953309e-04   -3.1005936238953829e-03    8.4841361636722561e-04 
   4.1196057448245936e-03   -6.2663778424079976e-03   -1.4943232730063663e-03    6.8496427033147068e-04   -8.7075746337495592e-05 
   3.9968682515030191e-02    3.9327778452026875e-02   -1.0564405953583798e-02    5.9252267822941769e-03   -3.1553433238558728e-04 
   1.0742016012906055e-02    3.4395228954084832e-02   -7.6296534031773571e-03    4.4907795442040224e-03   -8.4598778614511524e-04 
  -3.8376839136698194e-04   -1.9148919455031742e-02    6.8850820903666029e-03   -3.7328618105101990e-03    1.3267194181366463e-03 
  -2.6989511960277932e-03   -1.4275115213507363e-03   -5.6394161356863913e-04    9.0106238717235386e-06    2.5093999104930948e-03 
   1.9721108535785108e-04   -6.0171944785925328e-04    5.1588355521396841e-04    3.7538484274231448e-03   -2.1482824454762540e-03 
   1.4623204531202696e-03    9.4974747376003167e-04   -3.1903804576940034e-03    1.1595933731409964e-03    1.9931395311542656e-03 
   1.3644077955338343e-03    1.8997952013180156e-03   -9.8466427135608962e-04   -6.5601245658405537e-04    2.5332161147455790e-03 
   1.7852374029729153e-03    1.3956065930489092e-03   -2.2431371868514573e-04    1.4666231735645265e-03    1.7853478030316347e-03 
  -6.7209659166975882e-04    3.5364409456550052e-04    3.2143421056436130e-03    1.0062400698690884e-03    2.2093165992302572e-03 
   1.2979564431258674e-03    1.1576826736275140e-03   -3.8769333833608608e-03   -2.4447412807807297e-03   -1.8310438500433604e-04 
   1.8119986053875989e-05    1.4974043966825077e-03   -3.0257619836263671e-03   -8.5721417825276424e-04   -1.4138687250062946e-03 
  -4.1388490962012130e-04   -1.2840787218943886e-03   -6.1560255610377211e-05   -4.3671885198000174e-04    2.6193295411529984e-03 
  -8.4191941767325292e-05    3.8312232590012509e-04   -4.0041708266396240e-04    1.6269333122351059e-03    2.2661493256452905e-03 
2    16 5 
  -3.9870541616749886e-05    6.7419749078173455e-02   -6.3824148890909073e-05    3.1835670962979687e-03   -1.3191766230845325e-05 
  -2.7746704789427854e-04   -1.0760870364129500e-02   -5.5321797588492219e-04   -7.3008580216213561e-03   -6.9994844577872368e-05 
   6.3557976850677877e-05   -8.2574871447018902e-03    6.5683324011505436e-04   -2.0658085331674465e-02    6.0297368373470673e-05 
   1.8045783095401255e-04   -1.1286934791278932e-03   -7.6209677135989130e-04    4.8785899713242965e-02   -4.6938985877221945e-05 
  -6.9017311588838329e-04    3.9956776543476416e-03   -4.7751578582612474e-04   -1.8758569733205742e-02   -9.4129009353516205e-05 
   4.6529540701586487e-04    1.0558975030702378e-02    4.7630463950316915e-04    1.4972424497178269e-02    8.7325628237161913e-05 
   4.0236057515234394e-03   -5.3704195207248308e-05    6.0453556577291724e-04   -2.7102775983347005e-05    4.6519974285336971e-05 
  -2.2598192817583694e-03    2.9635982612864604e-03    1.7288465251611607e-03   -1.6862834491532606e-03    3.8412834768866380e-04 
   1.0065232711530755e-03    1.3371126255440479e-03   -3.1359617550365329e-03    5.0601693306116032e-04   -5.1868850157163623e-04 
  -5.4307305110394883e-05   -1.2376182662147302e-03    2.8494442399849091e-03   -1.1730877770912161e-04    5.0349270956577725e-04 
  -2.7656543133774275e-03   -2.0167771786668257e-03    6.2572334601612776e-04    1.2058266062709747e-03    2.0337776212194634e-04 
  -5.8359607054905621e-04   -2.5762096511649322e-03   -1.3263367040697042e-03   -1.4868413976064756e-04    9.0468357598939489e-05 
   1.5224679783409807e-03   -1.9447894971812490e-03   -1.1315716255130611e-03   -1.2446960882217678e-03   -6.2379950060653026e-04 
   1.6772254484510971e-03    5.2885705415718872e-05   -1.0758190862824801e-03    5.5216683923558910e-04   -1.1463826206700709e-04 
   9.9644027145618123e-04   -9.4996553531566830e-04    1.7456881211594048e-03    8.4758226249983127e-04    3.1940353091627286e-04 
   1.8054985975268986e-03   -1.1977892555552973e-03    7.0848486526128157e-04   -7.8815103893686302e-04    2.3575179753247845e-04 
 TENSORSUMACCUMULATOR_IMPL_H - PrettifyOut: Norm of simple tensor is 8.6437e-06 
 As simple full tensor 3    5 5 5 
   6.8442672365028616e-09   -8.4262390754443207e-06    8.5958797192001899e-09   -3.8795076082461498e-07    1.7245031797244664e-09 
   9.2537955825449661e-09    3.9021741092626132e-07    1.1643752459060479e-08    7.4895919909461825e-08    1.6223236661267576e-09 
  -2.5612144921745884e-09   -5.2601645039404085e-08   -1.7725677725864652e-09   -6.9310411159250848e-08   -2.1149506153763724e-10 
  -1.8704076391232062e-10    3.8107116702370760e-08    1.7717156637498277e-09    3.4961460648397632e-08    3.9119038048153839e-10 
  -2.5418274942828156e-09   -1.7963653334530319e-08   -1.8150107065446424e-09   -1.1664345691083273e-08   -2.7692216025516585e-10 

  -6.0638954202578206e-09    3.3917645913603123e-07   -1.0041057068226239e-08    2.6857000496222074e-07   -1.2985038141999314e-09 
   1.0479560598916015e-09    1.3365121908153249e-06    1.9342135709432304e-09    1.1007043120386578e-06    1.1225485925692149e-09 
  -2.3358806723256103e-09   -2.7018611858886939e-07   -5.1137752414109608e-09   -2.3351509394850504e-07   -1.0299374859397954e-09 
   7.7227804423769694e-10    1.0727221063088740e-07   -1.3487098720554820e-09    9.5952024855309007e-08   -1.0094876959631981e-10 
  -2.1176539630907334e-09   -4.0262451909496732e-08    8.8796489464493757e-10   -3.4488381559066478e-08    1.6502873445408879e-10 

   2.9619034756762335e-09    1.6115386822971866e-09    1.5734385416852825e-09   -6.2296342011903765e-08    1.8702385500390334e-10 
   8.2672646395412604e-09    1.2317221841877604e-07    9.1290026996426243e-09    1.2052728719837995e-07    1.5758186428516363e-09 
  -3.1266444358565632e-09   -6.3187980945561186e-08   -5.5212785500951474e-10   -7.0945048090417531e-08   -1.7792219231522720e-10 
   2.9466331072382838e-11    4.2759697750207420e-08    1.0733374760396450e-09    3.9099773424386042e-08    2.4311560765824959e-10 
  -8.8284368238749717e-10   -1.5551306845651946e-08   -4.0806670839886887e-10   -1.6025507428717133e-08   -4.8412768011172553e-11 

  -1.1488542177796123e-09   -2.6430856165828237e-08   -7.6942649201276597e-11    3.8889964422240703e-09    3.1580845879445799e-11 
   3.5004239202525775e-10    3.9972200633749177e-08    1.0500048809092621e-09    6.8552109681589005e-08    2.1856979522183805e-10 
  -7.4545699645772238e-10   -9.1263950332229999e-09    1.1850606112101304e-09   -1.5133310938270019e-08    2.3814712721221065e-10 
  -2.6360392472859945e-09    6.5800253779402733e-09    4.3032699909021158e-10    7.4505650540587986e-09    1.6682945284109539e-10 
   7.8341590498706168e-11   -3.2416162760879028e-09   -5.7928679082017526e-10   -5.5153857947016820e-10   -1.3628224130441282e-10 

   5.1199711974354132e-10   -1.1961596040031755e-08    7.5865018829926649e-10   -9.5423200415805576e-09    1.1272641400847790e-10 
   7.9771188758284122e-10   -3.7854169930437860e-08    5.5542699255747272e-10   -2.4868885622889721e-08    4.7054177684722206e-11 
   8.0695498980778513e-10    5.3352011188256206e-09   -1.6479698191411554e-09    9.8890102418660795e-10   -3.6707564862187015e-10 
   1.6937575950194527e-10    9.1394329266679165e-10    1.1247860367648399e-09    9.7755380262954200e-10    9.0404041840934124e-11 
  -6.2412089885374790e-11    1.7251310736673410e-09   -9.9056472347397812e-11   -9.3703652654235025e-10   -1.8894667062800277e-10 
