2    3 5 
   1.0853237623836636e-05    1.2202179884320172e-03    1.0676358459184798e-06   -7.0288047930020157e-05    5.1272230157922018e-08 
   5.4889519020049277e-07    1.0039246694774498e-03    1.2327810333245441e-06    1.4879684723349460e-04    1.0663295250911282e-07 
   6.5632956658458540e-06   -3.1325088804958580e-04   -1.3521346103697244e-08    3.7909158699824494e-05   -4.3526491751210464e-10 
2    3 5 
   1.2194938365487234e-03   -2.0908841419884817e-05    7.8387327241369588e-05   -1.5556108994332746e-05    1.5236758238980260e-06 
   1.0139525630897287e-03    4.2295202448251320e-05    1.0761045153252831e-05   -1.5929806121176076e-06    2.3261822119400689e-07 
  -3.0867951285168654e-04    6.5463300457922709e-05   -6.1263259377197684e-06    5.3170014006233475e-07   -1.6566932826743173e-08 
2    3 5 
  -9.6311204011367295e-06    9.8114484468537501e-04   -1.1036284817112097e-05    7.2878636279522587e-04   -1.3990372485145715e-06 
  -1.6173962580547946e-05   -8.7360496453547985e-04   -1.7374844477787283e-05   -5.9987708322119693e-04   -2.0346702467519586e-06 
  -1.6173962580547946e-05   -8.7360496453547985e-04   -1.7374844477787283e-05   -5.9987708322119693e-04   -2.0346702467519586e-06 
 TENSORSUMACCUMULATOR_IMPL_H - PrettifyOut: Norm of simple tensor is 6.99912e-10 
 As simple full tensor 3    5 5 5 
  -1.0370623363459802e-13    1.4269576007057085e-11   -1.2053964865190947e-13    1.0527280241830449e-11   -1.5527149538379863e-14 
  -5.1391357093320171e-15   -6.1827988001238614e-13   -5.3641078219919068e-15   -4.3704919898503539e-13   -6.0396079693974015e-16 
  -7.6389337133231371e-15    8.6468172172018393e-13   -8.7931932835658460e-15    6.4059668687905618e-13   -1.1204460671426474e-15 
   1.5837618195142906e-15   -1.6793551497367441e-13    1.8178608582242163e-15   -1.2461289824205795e-13    2.3088393540942413e-16 
  -1.5957454980018389e-16    1.6208457307250797e-14   -1.8283425081020872e-16    1.2040438545982226e-14   -2.3174176913030376e-17 

  -3.2359493704821158e-11    4.8624801911590690e-10   -3.5788980581559391e-11    4.1583065226144324e-10   -4.3497316311764260e-12 
  -1.0937337696864548e-13   -4.4212073795554980e-11   -9.9888007264849992e-14   -3.1763934953751542e-11   -8.9765780470459170e-15 
  -1.1269839773597266e-12    8.2731825062248903e-11   -1.2766654759886907e-12    6.2076293940280714e-11   -1.5970318934189811e-13 
   2.1137621549855172e-13   -1.7081337178524356e-11    2.4016933020622216e-13   -1.2774453265698161e-11    3.0149103295721039e-14 
  -2.1767400315352356e-14    1.6156131740409401e-12   -2.4666580851809138e-14    1.2117686156113872e-12   -3.0868314075583507e-15 

  -3.2824141298717983e-14    1.8179013307337668e-13   -3.6159723045466775e-14    1.9652287407760423e-13   -4.3733043626096445e-15 
  -6.1400991832356241e-16   -6.6679246092020192e-14   -6.4419428075341151e-16   -4.7015761509422572e-14   -7.3057437675444370e-17 
  -1.0219237718446287e-15    7.0449528712023141e-14   -1.1555511364323204e-15    5.2983821357958319e-14   -1.4424470172176016e-16 
   1.9183479484589376e-16   -1.4573245477817059e-14    2.1753905113730479e-16   -1.0921524010762448e-14    2.7245879522938159e-17 
  -2.0309028586693245e-17    1.3453416049258033e-15   -2.2939495702755660e-17    1.0133797887013479e-15   -2.8597898975655913e-18 

  -1.4254096114913131e-12   -2.0568027551790268e-10   -1.4720928929600343e-12   -1.4595412809065786e-10   -1.6324777190663821e-13 
  -1.5608164902295967e-13   -6.2239971612482468e-12   -1.6868453757259539e-13   -4.1928974618583685e-12   -1.9910419452420092e-14 
   3.0922908605291757e-14   -6.6017413694009983e-12    3.7020965885205642e-14   -4.8365997177977469e-12    4.9228707969027224e-15 
  -7.0230342462336626e-15    1.2622545139950104e-12   -8.2990127250712233e-15    9.2695908418067142e-13   -1.0884518105479963e-15 
   4.8178719246601055e-16   -1.3476619084683085e-13    5.9146320642184217e-16   -9.8436963943846759e-14    8.0683671101172248e-17 

  -2.3531112033202685e-15   -3.3224975996517712e-14   -2.5709723559219153e-15   -1.9371542311786750e-14   -3.0773989618102463e-16 
  -6.2159745654964270e-17   -4.9669498282287264e-15   -6.6035183483846270e-17   -3.4696804690512085e-15   -7.6186859648786954e-18 
  -5.7310829674760783e-17    2.9385369399518069e-15   -6.4339508883289233e-17    2.2391124479088001e-15   -7.9630340479889606e-18 
   1.0432867748202524e-17   -6.3396118684791666e-16    1.1757886623345861e-17   -4.7924089364235481e-16    1.4619556450202476e-18 
  -1.1537128839275565e-18    5.4973382424270805e-17   -1.2932837564040500e-18    4.2050298483594624e-17   -1.5978014312228494e-19 
