2    21 5 
  -2.7480829116819580e-03   -2.0836394866154661e-06   -2.8841848703922045e-05    4.4948690616454768e-05   -1.0243908662899605e-06 
   2.6711660355295806e-03   -5.1738540270754698e-04    6.2188129983178507e-04    1.0965174801241880e-03    3.0094875663190538e-05 
   1.2223932722134367e-03   -6.9061870535525698e-03   -2.7825871700631401e-05   -1.5443450993757395e-03    2.0557240265744478e-05 
  -2.0355543131305936e-04   -3.2986041851346586e-03   -9.5686303660997208e-06    4.0728832253944736e-04   -4.7495983667657682e-06 
  -9.6964463201595398e-06    3.0112883133536464e-03   -2.3525051086426240e-04   -2.3965521780139923e-04    2.4364945171527608e-05 
   9.5641665592823358e-04    9.8023348541352736e-04   -1.4320756046492234e-04    6.1011443502234804e-05   -3.5415120522046999e-05 
  -5.9688428239917653e-04    3.0091217921749216e-04   -1.2732038937334411e-04   -1.0685369844353426e-03   -1.7608460178977170e-05 
   4.1159634714740752e-04   -5.0763550390235593e-05    4.7971027691994590e-04   -4.5652559341738180e-04    4.6246747882848101e-06 
   6.5519971644501060e-04   -9.6269759781486172e-06    2.1896431672425602e-04   -5.9798017112389263e-04    4.4483358042760900e-05 
  -3.3973805378715693e-04   -3.3332187645606314e-04    4.7487586575904527e-04   -1.0485541807593685e-04    4.2015262659042997e-05 
   7.8727263811370900e-04   -4.6493915383364487e-04   -4.5600787055053766e-04   -6.2543285072079176e-04   -4.3089951940489198e-05 
  -2.0247333096973494e-05    6.1897383077518377e-05    1.7023149809407428e-04   -5.0137002851895522e-04   -8.2290928683145532e-04 
   1.6207628621108105e-04    3.1242423603257604e-05   -1.9554768150526375e-04   -4.1698044232878766e-05    4.4939883164356873e-04 
   3.2462652426419413e-04    2.0575286935945223e-04   -6.5275798663000384e-04    1.0599054025796811e-06    2.6434206886970821e-04 
  -5.1359528990212741e-04   -3.0455452717459815e-04   -2.8727805042875711e-04   -5.3820417164077638e-04   -2.0096294919166768e-04 
   2.4389025581382967e-04    2.4363642085364451e-04    8.3356967183974002e-05    2.8048931619993378e-04    2.2051800427610510e-05 
   3.7190296144023571e-05    5.5945420231554992e-05   -2.4051094803496776e-04   -2.1053586153477939e-04    2.5984282467756488e-04 
   5.9038780373726542e-05    8.4695685922100953e-05    3.6571358494269659e-04    5.8588553164461975e-06    6.8546914955108603e-05 
  -2.5958817524638671e-05   -6.4431065100272578e-06   -7.5367458766203139e-05   -8.7840838897953639e-05    1.9802642503803674e-04 
  -5.1843614761305030e-04   -1.8306196371553011e-04    6.6932532933942598e-04    6.8853735335163338e-05    3.2486438086920896e-04 
   1.0912732639977760e-04   -1.7566259769127547e-04    6.6547959310618815e-05   -1.7469058562411582e-04    5.0703750619183745e-05 
2    21 5 
  -7.6663828177680554e-02    7.7096979919311220e-03   -2.1056923894502409e-03    1.2861462953674915e-03    7.4835478911619709e-04 
  -1.1044111702766073e-02   -3.4236169388854897e-02    1.8997504410427622e-03   -3.1667161430879720e-03   -6.6000409290839978e-04 
  -1.3091424409365574e-02    4.1566414840541951e-02   -8.7665168873483565e-05   -3.2678907576375342e-04    3.4796526266890298e-03 
  -6.2907584327977556e-03    3.5580308361807009e-03   -3.4975115836675827e-02    1.2558714785024735e-02   -5.1599697143971902e-03 
   4.1104109917151080e-04    5.7191941648783759e-02   -2.3185975179103750e-02    2.4983070517489484e-03   -2.5848407075249403e-03 
   4.2298622146914383e-03   -4.7981641617018789e-02    7.1951614275025458e-02   -2.5045349045051818e-02   -2.3167647861796245e-02 
   8.5430210956346803e-03   -1.4960773323494298e-04   -2.4455095290862763e-03    6.7727986359831585e-03    1.5031641710498522e-03 
  -2.7172692143625859e-03    7.5073878002781987e-03   -5.3480220197224650e-03    8.0290112640330619e-03   -8.3177483823404768e-04 
   5.1374099115888729e-03    1.2897080125986869e-03   -4.1975011166134786e-03   -1.2370948429389956e-02   -6.3894149379444846e-03 
   4.5869649094346668e-04    4.2980060975868891e-03    7.6177358665129435e-03    9.8284848689349120e-03    7.1742430208990311e-03 
   4.5088754345942086e-03    2.6190159603762348e-03    4.7596110854348497e-05   -4.2350414106074909e-03   -4.6415895346307206e-03 
  -3.0341888157337784e-04    3.7084444552759176e-03   -9.5701317248928679e-04    4.0334424223326115e-05    3.3355286133182052e-03 
   2.6350532618652973e-03   -1.6387181413337167e-04    8.6270885382446285e-04   -1.6711086414569376e-03    8.4436923905778002e-03 
   1.3415919410638736e-04   -1.4042576774809161e-03   -2.0284615663579905e-03   -4.2030334583210921e-03    5.0318184725093081e-03 
   1.6421786205199583e-03    8.9281776778486115e-04    2.9795554066168514e-03    3.1887586993532314e-06    5.5808238597991723e-03 
  -3.2745985407841047e-03   -2.1134650548544432e-03   -4.1063194413348400e-03   -5.7775755173733370e-03   -1.4819210067964399e-04 
   1.3065906303467627e-03   -2.1465516585011469e-03   -6.5959462062314944e-04   -2.5446007370552659e-03    2.2361651843063690e-04 
  -2.2571131829302012e-03    9.7686480865039654e-05    2.7485341113022872e-03   -6.9611567459237043e-04   -1.6849642252400249e-03 
   3.2634859417010473e-04   -1.7413460658321920e-04   -1.7930820000671942e-03   -5.1493774386697794e-03   -6.1415543861341958e-04 
   1.4843767392672762e-03   -3.5988965509691233e-04    4.1215057765708955e-04    1.7937914560784882e-03   -8.4794992678406298e-04 
  -4.5684564887281433e-03   -1.3839997734635234e-03    1.3118696869715276e-03    2.2327271678945326e-04   -3.6129481951586865e-03 
2    21 5 
  -3.1033233179019906e-03    2.3710663156415113e-01   -1.2739695880407676e-03    3.2570588903628940e-02   -2.7518571727872069e-04 
  -6.7365753640071073e-03   -2.6158200472751881e-03   -1.1075200507237707e-03    2.6303317352295259e-02   -6.0637757279959981e-04 
   2.5561152808080590e-03   -1.1207614350804073e-03    5.0822327644300101e-04   -1.7404370466531892e-02    1.4902859264430553e-04 
   2.8544907079211777e-03    4.0080282717320462e-02    5.5979032159674609e-04    1.7690342497530275e-02    2.6281281248464322e-04 
   5.1847238829430655e-03    3.0881914910707998e-02    6.9296787929080982e-04    5.6400032856450417e-03    3.6633625364743550e-04 
   1.9242019024907680e-04   -7.6847251513860685e-03   -4.4880548054106482e-04    1.2952797154990940e-02    1.3373714414508253e-05 
   1.0726517362008789e-02    1.3870199415768349e-03    1.4626846542104871e-03    2.2765546217264707e-03    2.7311565288739138e-04 
   1.1691481699528037e-06    1.2713486537849000e-03    8.7604969916207538e-03   -1.5310745083913350e-03    1.3709690959975577e-03 
  -1.7855930667666053e-03   -6.9088300424284569e-03    3.5073752961839759e-03   -2.1888752082136948e-04    1.2141288968339336e-04 
  -9.0317462133880644e-03    5.5621784118113056e-03   -2.1151503235718148e-03    3.4425851791687850e-03   -1.3075417988837226e-03 
   1.4547250421998335e-02    3.4445263016800757e-03    2.2624124257183973e-03    3.5046422597994173e-03    1.9698956953962260e-03 
   4.0257597676292695e-03   -6.9695282621657479e-04    1.0247694399756560e-03    2.3776629837365241e-03    8.2398652411670812e-04 
   2.8075222630834368e-03   -1.9875161445898136e-03    4.1680307391800770e-03   -2.7105699041363282e-03    1.2272533334658159e-03 
  -2.1467371857964131e-03   -1.9519803415536709e-04   -3.8806725191798622e-03   -1.5723522967363438e-03   -9.9210447884608057e-04 
  -2.9355558566996134e-03   -7.2678295096685933e-04    5.3523329241694888e-03   -1.5508567632737309e-03    4.9914121925802714e-04 
   2.1795917841736078e-03    1.3401971926144071e-03    1.5195645177733491e-04    1.6492864369965156e-03    2.6458557934997944e-03 
   3.0271960298010759e-04    2.9950961653326752e-04    1.1954942892481325e-05   -7.5523644755954005e-06   -4.0380514038874339e-03 
  -8.5500845777344164e-04   -2.0116024110237510e-04    1.8437425330441871e-03   -3.0047269999640641e-04    1.0109876745707075e-03 
   1.8743913305080154e-04   -2.1122607160455834e-03   -9.8635916908156214e-04    3.7022892817359718e-04    3.1177851706896964e-03 
   1.1309477962732494e-04    8.1008316963132761e-04   -2.8242556434118971e-04   -1.8583276460771675e-04    1.6929575286120894e-03 
   4.7350359564944975e-04   -8.1811529253564931e-05   -4.2432883889158887e-04   -9.5731158572300604e-05   -3.2385878810169402e-03 
 TENSORSUMACCUMULATOR_IMPL_H - PrettifyOut: Norm of simple tensor is 5.16925e-05 
 As simple full tensor 3    5 5 5 
  -4.9755525762256055e-07    5.0046266454103100e-05   -2.4487616929328662e-07    6.4397879877840775e-06   -3.9497562828653835e-08 
   8.4129868442920873e-07   -4.5376191527273154e-06    2.1088714483068812e-07   -4.5922571364528742e-06    7.8095491054761692e-08 
   3.0897463868241455e-08    1.1255956144281928e-06   -6.5958388325786532e-08    1.3423200360614758e-06   -4.2969142572135405e-09 
   6.7054000352777828e-09   -7.1219837875218218e-07    2.1085221842430535e-08   -7.2116980240798243e-07    1.6773941005631650e-09 
   3.0539734573677575e-09   -2.7410635259612608e-07   -2.1029151116083845e-08   -4.7953000607763081e-07   -2.5626882536075111e-09 

   2.5746996337398571e-07    7.5458347245346959e-07    4.7211375190868732e-08   -9.9332831788322518e-07    7.0266990420522144e-09 
  -6.6317040097924968e-09    5.4679328011015894e-06   -3.5088281805735700e-08    5.6079167889665955e-06    3.5905275605582409e-09 
   4.5874379144528733e-09    1.9129031038532377e-06   -1.0100424833171656e-08    2.5136917524173080e-06    8.1611675793865896e-09 
  -1.0736833216266815e-08   -1.2587673287613915e-06    6.4776562063811010e-09   -1.0045363079809482e-06   -3.6805817546407064e-09 
   2.5757594307871248e-09    6.3680992028402992e-07    5.3543346072151159e-10    3.9118705969787783e-07    1.6447050355349821e-09 

  -5.7664208214161001e-09    5.3111119686152859e-07   -1.5044187814925696e-08   -1.2770738459769155e-07   -1.2212390389599460e-09 
   3.7614945149650560e-08   -4.5630920513449662e-07    3.2388093133582633e-08   -5.3718178299053388e-07    4.8474588166873384e-09 
  -1.1816962187979840e-08    2.9604598129780057e-07   -3.4771773887394073e-08   -4.8117656751554921e-08   -9.1074964588800605e-09 
  -1.3136830270500619e-08   -6.0412998816631813e-10    7.0795281942313008e-09   -2.5657989226194607e-09    3.0031466837460068e-10 
   1.6704138690077950e-08    3.0705119618560313e-08   -1.4764017904194060e-08    7.0878882752573571e-08   -1.1028838896851932e-10 

   4.3672351012120553e-09   -9.1607245728095822e-07    1.3813453036457759e-09   -8.5682714628561612e-07   -3.4361191949150653e-10 
  -3.5192586085240917e-09   -9.6444117505972075e-08   -3.8747923984421323e-08    4.5298419189867753e-08   -4.8958715526211559e-09 
   9.9156089986414902e-09   -4.7717110354242810e-07    1.8982485716533731e-08   -1.1373850616300870e-07   -2.7263309426461364e-10 
  -1.0453834661903322e-08    1.5508858141045431e-07   -1.8494088863230154e-09   -4.0420329961345929e-08   -9.0604439350858358e-10 
   1.4240889848635472e-08   -5.6908392812056477e-08    8.4378203886056123e-10    2.7637341084415599e-08    1.3133422653127624e-09 

   1.6508470229400779e-09    1.8098819535312813e-08    3.1070833656859304e-09   -6.1225437249148072e-09    1.2195998835225936e-09 
   1.8086216355410996e-09    3.1658637528465490e-08   -1.2077249092705816e-09   -1.8746601374235360e-08    6.1124224070479500e-10 
   1.2706635722362162e-09    1.2112352618597400e-08    1.2026870195725648e-09   -2.8150655615518207e-08    2.0474010418362871e-10 
  -8.3855767008332491e-10    3.2254113112263050e-09   -6.6017729594637924e-10    1.3224483386515042e-08    5.4879943665040057e-11 
   6.3981264049186606e-10   -8.1785849426680754e-09    3.0805790047831835e-10   -6.4512711831551275e-09   -1.2641660545670331e-10 
