2    21 5 
  -4.2947992425700198e-03    5.5347224309194756e-04   -7.6943825978564731e-05    1.3154816398775951e-05   -6.0681178024927195e-06 
  -3.6978619268297555e-03   -1.2475057248868707e-03    1.0232786247168647e-03   -1.0012442628109969e-04    1.7527216914159415e-05 
  -1.3248149812051108e-03    2.5877378098606075e-03    1.1827289946307995e-03   -1.0144559599892766e-04    2.3942626878691638e-05 
   1.6030953982749719e-03   -4.2628475092239835e-04    4.2451979397291692e-04   -1.0197703198899807e-04    1.4417825846470115e-05 
   9.5165527974564899e-04   -1.3342263321186655e-03   -1.2147932243119349e-03    1.4896342975988006e-04   -2.2315758570340080e-05 
  -1.6185770637351148e-03    2.8200619558990704e-03    1.2318839189889308e-03   -9.2661785182296839e-05    3.3412413106545633e-05 
   1.0850480902746085e-03   -1.0203090303473034e-04    7.4678793155960360e-04   -1.0409389330936409e-03    1.1857330667834066e-04 
  -2.5223466983127513e-04    7.6817306357903844e-04   -1.2574612665835062e-03    9.8047764020614439e-05   -1.9174127506473465e-04 
  -2.4989853154266120e-04   -4.7027478495005842e-04   -7.1459554214024648e-04   -2.8698652434197458e-03    5.8594349940103562e-04 
   1.3389596918942829e-04    1.0450610328283829e-04    6.0930058332069167e-04   -1.4782763134827830e-04   -1.0866358274897279e-04 
  -2.4473407943475779e-04    3.1293615340027939e-04   -2.6549932483202856e-04   -1.3056920152364540e-03    4.9714789478598779e-04 
   1.0138991069264776e-04    7.2303778648931426e-04   -2.1218813295519962e-04   -3.0534568151944098e-04   -5.3646737607452243e-04 
  -4.8818056813588968e-05    7.9922538218115039e-05   -3.0437874970854850e-05    3.8704210527937213e-05    3.3695174808815462e-04 
   3.3633217191354623e-04    6.7726167213942151e-05    2.2528058671787492e-04    4.7580560078531076e-04   -1.2451751103338218e-03 
  -5.1038240207923100e-04   -2.0476146819203186e-04   -1.3162855739344591e-04   -6.2142442037770907e-04   -6.9444641815700906e-04 
   1.1898671536466025e-04    8.1603210105777311e-05   -8.9420499025642675e-05   -3.0578732041818826e-04    1.5937711928186037e-04 
  -4.7860001758187772e-05   -3.1236563657619149e-04   -1.8976296734511619e-05   -1.9422884386711628e-04    1.1801894461714794e-04 
   1.9724908227183757e-05    7.9918512894981277e-05   -1.4083933475286738e-04    1.1051791300559491e-04    1.2256598881590060e-04 
   2.0162909797949837e-04   -2.3208280096630396e-04    1.0210963444439336e-04   -8.2673793724120879e-05    1.6703991423960626e-04 
   5.0709454558615925e-05   -5.6580204670694079e-05   -1.2509046283756738e-04    2.4477538566359291e-05    3.2158138162940059e-06 
   1.3649221923206891e-04   -1.4811053752390127e-04   -6.5926140168252268e-05   -2.2159424006386978e-04   -7.8948107810776545e-07 
2    21 5 
  -1.4819948425176516e-01   -1.3167190283761327e-02    2.4227626902947712e-04   -1.6708800980542570e-04   -7.6090346487990221e-06 
   3.9742211423520128e-02   -6.1373030555034506e-02    1.6843922553164241e-02   -2.8414517145174305e-03    3.7885484287072252e-04 
   1.7221607794463481e-01   -3.9711301582263200e-02   -2.1400501060580203e-02   -5.2240145730778455e-04    1.6423374721575342e-03 
   2.0049112371458989e-02   -4.1545173366314428e-02    4.1763131022926970e-03   -4.7090228658323353e-04   -2.2122888743191307e-05 
  -1.4676254226102517e-01    2.2134153266901067e-02    9.1573942454855756e-03    1.0278622213212994e-03   -1.3794895228923087e-03 
  -9.3113819373231904e-02    5.2067773142949171e-02    3.3647133729075615e-02   -2.1114932715097486e-03   -1.0596404285561200e-03 
  -1.7014808750259202e-03   -1.7144832364317452e-03   -1.0120273898519740e-02    2.5719828563252061e-03   -7.3687229260715852e-04 
   7.8012399257005455e-04    5.4737289173705916e-03    1.2887911850086800e-02    1.3046701698652466e-03   -6.9421270512026300e-04 
  -1.4754025430355449e-03    1.0059666008351575e-02   -2.5737535395496010e-03    6.7139176608269091e-04    2.0603876283680671e-04 
  -3.5039163728161737e-04    3.8872371953559475e-03   -1.6674946114125351e-02    4.3960879268285314e-03   -4.5317593665315098e-04 
  -3.3396619705991248e-03   -1.0461919191427613e-02    6.0890791774117527e-03   -1.8841067657780087e-03    2.7718754516107592e-04 
   1.2228807503354943e-04    1.0961064975670003e-03   -8.0144963664874303e-04    2.7446640899996076e-03    2.8406955992375405e-03 
  -6.9112897338492849e-04   -4.8782860329492101e-03   -2.1855219242349301e-03    1.0558141047011790e-02   -3.2027338757744479e-04 
   2.9301353759126837e-03    1.1044919180009788e-03    2.7558753209945895e-03    2.0128929040871368e-03   -1.6334491511335813e-03 
  -1.4466526688249886e-04    3.6539912062409397e-04    3.6037129695795670e-03    7.3686904770007796e-04   -1.6926032557700592e-03 
  -1.9721305356521358e-03    9.1977301913262585e-04    1.8361961709319379e-03    9.6609204989797220e-03   -4.8495392352709155e-03 
   4.0193772437021339e-04    5.4443181731502900e-05   -1.6276444600306485e-03    2.0168614070419626e-03   -1.7782335815320709e-03 
   4.7757367740601227e-04   -4.8321946145061118e-04    1.2314116463826754e-03   -6.0366700363379986e-06    4.4352927997423890e-03 
  -7.0170806202181108e-04   -8.1243540758669543e-04    2.2286725980550613e-03   -1.3727402321140468e-03    2.5360539607732786e-03 
   9.3941559568568565e-04    1.2381343473282583e-03   -1.5509742068050165e-04   -4.2693073179618278e-03   -3.1729986496952141e-05 
  -1.2910847887494812e-03   -8.4028439884284564e-04    5.0358389217645310e-04   -3.1686654669729943e-03   -3.9401321013955836e-03 
2    21 5 
  -9.7358017312545189e-02   -1.0419768532970006e-01   -2.0826287336360282e-02    6.2281554824973476e-03   -1.8291383391390442e-03 
  -5.8843343758592168e-03    1.9970706885723957e-02    7.0632482559212229e-03   -4.5616441143550282e-03    1.6901145032522684e-03 
   5.0978867940977182e-02   -4.3301712064575767e-02    3.1938023558795089e-03   -8.3671112695233151e-03    3.3034464127354324e-03 
   9.4631376398517361e-02   -2.8615961995956431e-02    1.1372093150076180e-02   -8.0781457156889388e-03    2.5333661967702654e-03 
  -4.8343651231568883e-02    2.6273844945413467e-02   -8.6091573620047414e-03    1.2586478055256053e-02   -4.7573619186257136e-03 
   1.6488283741499028e-02   -2.7426905130524131e-02    1.1868616465102498e-03   -4.3009872231785902e-03    1.8254560425135929e-03 
   2.6749489427469715e-03   -9.7776097928899087e-05    1.0701631126883389e-02    3.4449144029705002e-03   -8.3903312029622555e-04 
  -4.2859761661630368e-03   -1.1364356723465845e-03    9.3049233411276050e-03   -5.0183316292155659e-03    1.3646860525278852e-03 
  -1.6844855718576835e-03   -2.2147279655030817e-03    7.9253667687059440e-03    6.8165788922864940e-03   -2.2394008599380287e-03 
  -9.9425715066735094e-03   -6.6222546311305456e-03   -3.6073851688449544e-03   -1.8018558925922922e-02    6.5450342686250093e-03 
  -3.6387151174689793e-03   -4.3865921380804480e-03    1.3861978982393573e-02    9.3006155782965026e-03   -3.7084202218693324e-03 
   1.7632728200981458e-03    6.8349143153459977e-04    2.8736958120939480e-03   -4.7356252536986465e-03    1.9788348192594290e-03 
   1.3542916857936624e-04    1.9728821072748609e-03    5.3334651917615900e-03   -5.4048254427060162e-03    1.8345565726377595e-03 
   2.5749855288720579e-04    2.3420477912422348e-04   -1.4837586630865758e-03   -1.6758806472042958e-03   -2.2266535441642695e-03 
   4.5054104409850727e-03    2.1098652387732237e-03    8.4292391916281485e-04   -1.8741033923860332e-03    4.0575973627100638e-03 
   5.5518701387996337e-03   -4.6960229153367682e-04   -1.3650838885282215e-03    1.0270457895709404e-03   -3.0910877942006698e-03 
  -1.2203126874481198e-03   -2.3075448276106054e-03    2.0315815079979247e-03   -3.6530934402306532e-03    7.4239205032326186e-04 
   1.1604824733410441e-03   -3.0048753265648886e-03   -2.1101529867224552e-03   -9.6047163787933135e-04    3.2845887248490941e-04 
  -4.4079386067725053e-04   -1.4013133296726123e-03    9.0529160441815747e-04   -3.1461810817569598e-03    2.1350499254274582e-03 
  -1.6676414185549098e-03   -4.0045809034291698e-03    1.2063252533422471e-04    5.1425240826443017e-04   -1.6964402917796992e-03 
  -3.6205206112059792e-04    3.1205564174470316e-04    1.4854352928577465e-03   -1.7446395048237632e-03   -2.4673131286387538e-03 
 TENSORSUMACCUMULATOR_IMPL_H - PrettifyOut: Norm of simple tensor is 9.45577e-05 
 As simple full tensor 3    5 5 5 
  -6.0462711248349887e-05   -6.8101957915022237e-05   -1.3284041068319376e-05    3.8819059182562094e-06   -1.1492355379897339e-06 
  -1.2878709840796683e-05    1.1253080126184042e-06   -4.6410004210481030e-07    3.8963575948465888e-08    2.8924691604542191e-08 
   1.2313129548496117e-06   -8.1187091998697748e-07   -5.4879320055155413e-07    3.3958406634966728e-07   -1.4867124159687786e-07 
  -1.5111887121700333e-07    5.2557925370907018e-08    7.2318028529891790e-08   -3.7651437151471991e-08    1.1922724814466325e-08 
  -1.8394487356459968e-08   -1.6137009408254098e-08   -9.7529096588774230e-09   -6.1416995595556780e-09    1.0174959867338418e-08 

   1.6391905134168980e-05    8.5346917705637635e-07    6.8532609335024688e-07   -3.5833100420691183e-07    1.0875797277116561e-07 
   5.4463284752681911e-07    1.4454090442945461e-06    9.5124620435927061e-07   -7.7393538856564443e-07    2.8798594869953772e-07 
  -7.6091660756951858e-07   -9.2211820404553056e-07    1.1488099562173873e-08    2.8511384999581007e-08   -6.2767923505717461e-09 
  -9.3142710697797596e-08    2.6218438466548388e-07    3.2385981184535028e-08   -3.3044129581425960e-08    6.1128208528965978e-09 
   8.8028426067486949e-08   -6.1338699986436357e-08   -5.0371524493404050e-09   -5.5468244052051831e-09    2.5782169903022260e-09 

  -6.7147104133863883e-07   -1.6118201464984706e-06   -8.7625346001041928e-07    8.6882456451145862e-07   -3.2472318123853132e-07 
  -1.4310895552826886e-06   -1.2902698064012477e-06   -6.1273416345718701e-07    1.7813954377381281e-07   -5.0557294682082673e-08 
   1.4916545156372803e-07    5.1295308526148620e-08    3.8962061307129632e-09    3.4210886101203216e-08   -3.6071814324296883e-09 
  -3.9599646282464322e-08   -8.1067147627505725e-09   -2.1424807942984303e-08   -1.2912618705328767e-08    4.3831355821660179e-09 
  -7.4187157583727210e-09    6.4984249376072730e-09   -5.6415568194645180e-09    8.4330397901374292e-09   -3.9265303298391495e-09 

   3.1320051075322566e-07    9.8618580726466400e-08    2.4253034035528670e-07   -7.1370718568733887e-08    2.1621077124503931e-08 
   3.5189811629178524e-07    7.0285815068017158e-08    5.8537118484234907e-08   -8.9297812835117645e-08    1.7094790428488730e-08 
  -3.5174767261576477e-08    1.9268522988502219e-10    3.5808254298007453e-08   -1.4285912052493351e-08    3.2435428731396868e-09 
  -2.4637359239425486e-08    1.0577866844086336e-09   -2.2657562751745048e-09    8.3084186135053548e-09   -3.6017669666485305e-09 
   1.8662276410678390e-08   -2.1052440728631273e-10   -3.0252283508179342e-09   -4.6480112429843197e-09    4.0884584134716244e-10 

  -5.8827206510817407e-08   -8.7228625183416153e-08   -5.8430627456449643e-08    5.5379629425894538e-09    9.6757225837363910e-09 
  -3.8855111101211443e-08   -2.2651766588389519e-08   -5.7406871027588771e-08    2.3543957627492240e-08   -1.9476954564747095e-09 
  -2.2338996822792291e-08   -3.6613157161824320e-08   -8.5856271104360350e-09    6.0198603742038023e-10    4.1619000488866868e-10 
   1.1557713034430195e-08    1.1076038408510898e-08    8.6247270118592654e-09   -3.8229025946790232e-10    7.6666010331971459e-10 
  -2.6138311983686028e-09   -8.0327914166745925e-10   -4.2584869971421577e-09    7.3266937334799461e-10    6.0771531556272563e-11 
