2    26 5 
  -5.0659815573120217e-07   -7.1386124812751744e-04   -1.7369662309974698e-06   -9.0231732146581978e-05   -2.1877086137691502e-07 
  -2.8981116168445558e-08    3.8171055975172935e-04    6.9104863072687353e-07    1.6429287581616738e-05    4.2408907404489122e-08 
   1.1053927672534985e-05   -1.1122715801629846e-05    9.9267516488041436e-08    7.8450549726786508e-05    6.4576028180182322e-08 
  -8.0599272866260486e-06    9.9431297354770774e-05    1.4370129786017502e-06   -2.5105351412125349e-05    7.7130941498113463e-08 
  -3.8787631234814683e-05   -9.8633043792911692e-06   -5.0988510743163810e-06    4.8545974859919837e-05   -5.1381361239755406e-07 
  -1.4745618830651019e-07   -2.0778452790985608e-04   -5.0558103447954749e-07   -2.6263868385830938e-05   -6.3677920983763491e-08 
   3.9253291574549685e-08   -5.1700548080798291e-04   -9.3598649673989498e-07   -2.2252545832085540e-05   -5.7440479449821638e-08 
  -1.6967486247604503e-05    1.7073074204120225e-05   -1.5237300901014792e-07   -1.2041951630582742e-04   -9.9122493156397732e-08 
   8.7294569486497057e-06   -1.0769095039444245e-04   -1.5563841316744713e-06    2.7190826485062604e-05   -8.3538127488300717e-08 
   1.7363595576387913e-05    4.4153876593295893e-06    2.2825417572598429e-06   -2.1731996708593805e-05    2.3001280262008480e-07 
  -6.9021673385966662e-04   -3.4714843530341058e-06   -1.5704702130352896e-05   -1.4696847755143532e-07   -7.5592893563641711e-07 
  -6.0974129448873022e-07    3.9031234829911389e-05   -4.2985456879214543e-07    3.5500801756470822e-06   -6.9496416706533041e-08 
   1.5271221019243100e-04    6.7039589135329633e-06    1.7570173997780715e-05    3.2647341287935226e-07    1.0891569338247996e-06 
  -1.4340013915253559e-06   -3.3645359133366533e-05    4.8410516229761565e-06   -7.1834669450638641e-07    3.2316676229927020e-07 
   1.3002330535799184e-05   -7.0601767515576312e-06   -2.2093434534290779e-05    2.2941544668337228e-07   -3.9902280931170999e-07 
   5.5571295024024730e-06   -9.2510280037485815e-06    8.5836237345219639e-06   -5.1988482609217102e-06    7.7650539383625866e-07 
   2.2548235143902234e-06    1.9409490678381981e-06   -1.1506155775607209e-05   -1.6371219012966675e-06   -8.1220944211678325e-06 
  -7.3244815586705538e-06   -9.6422326568164683e-07   -3.4318228626092187e-06   -1.7328675609693829e-06    7.1082774375491111e-07 
   2.4164850278105620e-04    1.2153849004030584e-06    5.4982986796055213e-06    5.1454435707054852e-08    2.6465468967108165e-07 
  -9.6415123176423784e-06    6.1717999877460863e-04   -6.7970599289645529e-06    5.6135515261139959e-05   -1.0989095929116709e-06 
  -2.5039408281402146e-04   -1.0992124606550746e-05   -2.8808879116564087e-05   -5.3530107827056019e-07   -1.7858326530795608e-06 
   1.1192720639123347e-05    2.6261000010758363e-04   -3.7785554976282403e-05    5.6068661586828702e-06   -2.5223931522257194e-06 
   3.2332888459635026e-05   -1.7556537790276253e-05   -5.4939731959641753e-05    5.7048726980965779e-07   -9.9224980866345449e-07 
   4.9880108576785295e-05   -8.3036085639963690e-05    7.7045547287520822e-05   -4.6664220370768175e-05    6.9698165821522092e-06 
  -2.1047026455892064e-06   -1.8117252245959954e-06    1.0740102871435185e-05    1.5281261592408677e-06    7.5813443965170808e-06 
   3.1305522003863115e-05    4.1211807851028896e-06    1.4667933187925678e-05    7.4064386844540148e-06   -3.0381445287050172e-06 
2    26 5 
   3.5287259276704102e-04   -5.8025989561381441e-04    4.2643566308185360e-04   -1.1169839213194091e-04   -2.4422327853515707e-06 
   3.5287259276704102e-04   -5.8025989561381441e-04    4.2643566308185360e-04   -1.1169839213194091e-04   -2.4422327853515707e-06 
   3.5287259276704102e-04   -5.8025989561381441e-04    4.2643566308185360e-04   -1.1169839213194091e-04   -2.4422327853515707e-06 
   3.5287259276704102e-04   -5.8025989561381441e-04    4.2643566308185360e-04   -1.1169839213194091e-04   -2.4422327853515707e-06 
   3.5287259276704102e-04   -5.8025989561381441e-04    4.2643566308185360e-04   -1.1169839213194091e-04   -2.4422327853515707e-06 
   2.8581794825482948e-04   -1.2994781720371910e-04    3.5669855983089325e-04    9.0502136331589584e-06    2.1691848850188203e-06 
   2.8581794825482948e-04   -1.2994781720371910e-04    3.5669855983089325e-04    9.0502136331589584e-06    2.1691848850188203e-06 
   2.8581794825482948e-04   -1.2994781720371910e-04    3.5669855983089325e-04    9.0502136331589584e-06    2.1691848850188203e-06 
   2.8581794825482948e-04   -1.2994781720371910e-04    3.5669855983089325e-04    9.0502136331589584e-06    2.1691848850188203e-06 
   2.8581794825482948e-04   -1.2994781720371910e-04    3.5669855983089325e-04    9.0502136331589584e-06    2.1691848850188203e-06 
  -9.7494441552391518e-05    6.3323947473673708e-04   -1.0587453702092221e-04    1.7663244691557627e-04   -6.1567928221650627e-06 
  -9.7494441552391518e-05    6.3323947473673708e-04   -1.0587453702092221e-04    1.7663244691557627e-04   -6.1567928221650627e-06 
  -9.7494441552391518e-05    6.3323947473673708e-04   -1.0587453702092221e-04    1.7663244691557627e-04   -6.1567928221650627e-06 
  -9.7494441552391518e-05    6.3323947473673708e-04   -1.0587453702092221e-04    1.7663244691557627e-04   -6.1567928221650627e-06 
  -9.7494441552391518e-05    6.3323947473673708e-04   -1.0587453702092221e-04    1.7663244691557627e-04   -6.1567928221650627e-06 
  -9.7494441552391518e-05    6.3323947473673708e-04   -1.0587453702092221e-04    1.7663244691557627e-04   -6.1567928221650627e-06 
  -9.7494441552391518e-05    6.3323947473673708e-04   -1.0587453702092221e-04    1.7663244691557627e-04   -6.1567928221650627e-06 
  -9.7494441552391518e-05    6.3323947473673708e-04   -1.0587453702092221e-04    1.7663244691557627e-04   -6.1567928221650627e-06 
   3.6402678674292665e-04   -1.9147536698086481e-04    4.5448948947252862e-04    2.3994281927080884e-05    1.7213752688482573e-06 
   3.6402678674292665e-04   -1.9147536698086481e-04    4.5448948947252862e-04    2.3994281927080884e-05    1.7213752688482573e-06 
   3.6402678674292665e-04   -1.9147536698086481e-04    4.5448948947252862e-04    2.3994281927080884e-05    1.7213752688482573e-06 
   3.6402678674292665e-04   -1.9147536698086481e-04    4.5448948947252862e-04    2.3994281927080884e-05    1.7213752688482573e-06 
   3.6402678674292665e-04   -1.9147536698086481e-04    4.5448948947252862e-04    2.3994281927080884e-05    1.7213752688482573e-06 
   3.6402678674292665e-04   -1.9147536698086481e-04    4.5448948947252862e-04    2.3994281927080884e-05    1.7213752688482573e-06 
   3.6402678674292665e-04   -1.9147536698086481e-04    4.5448948947252862e-04    2.3994281927080884e-05    1.7213752688482573e-06 
   3.6402678674292665e-04   -1.9147536698086481e-04    4.5448948947252862e-04    2.3994281927080884e-05    1.7213752688482573e-06 
2    26 5 
  -7.1328150555040012e-04   -9.4695677037064243e-05   -1.2615765339044163e-06   -1.8625343374801062e-06    3.6138505189120765e-07 
   3.7078194831823144e-04   -9.0712759948202723e-05    1.6059441314707522e-05   -2.6844640286759313e-06    4.2788374917970559e-07 
  -7.7718631181666195e-05    1.7478751805262302e-05   -7.1973091977657846e-06    1.6717165364480038e-06   -3.4439373312913961e-07 
  -6.0975177433930887e-06    9.4934315811731946e-05   -3.8170554576995182e-05    8.6023467379440345e-06   -1.7886584748949344e-06 
   2.9128716224404782e-06    6.2516589108194893e-05   -8.2076170937015619e-06   -6.9548848613606928e-07    2.8575249774245760e-07 
  -2.0761578147907343e-04   -2.7563194668238672e-05   -3.6720873307953563e-07   -5.4213030759735156e-07    1.0518882009334118e-07 
   5.0220329138882149e-04   -1.2286533048219450e-04    2.1751609868530316e-05   -3.6359555176048471e-06    5.7954446850634652e-07 
  -1.1929604072170974e-04    2.6829421149366754e-05   -1.1047679019673076e-05    2.5660406131072203e-06   -5.2863526013010078e-07 
  -6.6040321136519034e-06    1.0282040933584405e-04   -4.1341342302040428e-05    9.3169346119094525e-06   -1.9372404486007374e-06 
   1.3039704464498481e-06    2.7986054717246772e-05   -3.6742059085311182e-06   -3.1134102333276133e-07    1.2791940749630672e-07 
  -6.8980369806852725e-04    2.7923502638337375e-05   -6.9585914199323928e-06    1.0355420533617130e-06   -2.5177432060315621e-07 
  -3.1269409798252429e-05    2.3489400980609324e-05   -2.5638087484356857e-06    6.9688338683230382e-07   -1.2264353781670370e-07 
  -1.5259402966383208e-04    1.8659365307871744e-05   -6.4277271158986118e-06    1.2090933272674534e-06   -2.8050616765671267e-07 
   2.0936883744873526e-05    2.6827666238067481e-05    2.1114120623782229e-07    1.5197653980843364e-08    3.4676289279072344e-08 
  -1.6463017430811187e-05   -1.5992376028052488e-05   -1.3237588681597264e-05    2.2247350178092366e-06   -5.1784297184717097e-07 
  -6.7024985137042636e-06    1.2654882215671565e-05   -3.3417835885020298e-06    1.2082541748651136e-06   -2.7543019627082618e-07 
  -1.4122153854066609e-05    2.9243764730238872e-06   -1.2510636903446306e-06   -5.4439013541088047e-07    2.0734221196765356e-07 
  -3.2766429165132138e-06   -6.1914305023343193e-06    3.7885698257580752e-06   -2.3914773596796385e-06    8.4890816982104473e-07 
  -2.4150389678177003e-04    9.7761648971104511e-06   -2.4362393949632235e-06    3.6254871040631165e-07   -8.8147511684120310e-08 
  -4.9444641926057120e-04    3.7142530928380743e-04   -4.0540133744506994e-05    1.1019443522745009e-05   -1.9392965364605838e-06 
  -2.5020030849153793e-04    3.0594768134577679e-05   -1.0539202030644305e-05    1.9824859736899608e-06   -4.5993103292509291e-07 
   1.6341733850125652e-04    2.0939629164719751e-04    1.6480071433638395e-06    1.1862129031597445e-07    2.7065665416770405e-07 
  -4.0938576729293080e-05   -3.9768233002221551e-05   -3.2917904766239966e-05    5.5322473909596624e-06   -1.2877198439342221e-06 
  -6.0160799465763040e-05    1.1358866095728619e-04   -2.9995437061982665e-05    1.0845140356108460e-05   -2.4722274493287646e-06 
  -1.3181933924487134e-05    2.7296783363272229e-06   -1.1677707998273288e-06   -5.0814591515460666e-07    1.9353785308942608e-07 
  -1.4004679525785455e-05   -2.6462755387344728e-05    1.6192703209559122e-05   -1.0221398812393240e-05    3.6283132364682388e-06 
 TENSORSUMACCUMULATOR_IMPL_H - PrettifyOut: Norm of simple tensor is 5.0528e-10 
 As simple full tensor 3    5 5 5 
  -4.1500235355571120e-11   -2.4822798843781293e-13   -7.7091374552814987e-14    6.7750262225967280e-15    9.9602444935658606e-15 
   2.8545617171595269e-10   -8.3263081609619849e-12    1.9158372063555599e-12   -2.7242163615598640e-13    6.2970571768171671e-14 
  -4.4633702087682130e-11   -5.3090173530288509e-13   -4.6863406106449743e-14    1.1917267729282350e-15    1.4299171686654285e-14 
   8.0163389562274079e-11   -2.6596837598784728e-12    5.8271858015468337e-13   -8.4400926115666695e-14    2.2212087298208040e-14 
  -2.7697915426496433e-12    1.0603069765516432e-13   -2.3317282727285713e-14    2.8785506157641251e-15   -6.2095773914021108e-16 

   7.4979047311639334e-11    1.3159633679400443e-10   -8.5466392759160686e-12    2.8006989586945404e-12   -4.5011420649961724e-13 
  -3.0100862471443885e-10   -8.4409874769067401e-11    3.0094177427356484e-12   -1.9021367237929839e-12    3.4074377964006402e-13 
   8.4441013473489147e-11    1.6370319062009363e-10   -1.0717617359684486e-11    3.4803993119006826e-12   -5.5813537906970896e-13 
  -8.0848547562129913e-11    2.4934171232711130e-12   -9.5536527729738015e-13    2.0524549131627695e-14    7.9437212176118524e-15 
  -2.4972166131704345e-12    4.9901912606643445e-13   -5.9991594772546323e-14    9.3340388486683917e-15   -1.1049299786662934e-15 

  -3.1030733384653821e-13   -3.1436674367557550e-13    6.7112307537747734e-14    9.2658174117977462e-14   -1.8778408534298766e-14 
   4.6689701123374119e-12    4.6395478333726203e-13    1.1906122996097276e-13   -6.7248916966568482e-14    1.3427885024618455e-14 
  -2.6943483281849949e-13   -3.8411091728544733e-13    8.7968800160602189e-14    1.1512951676394587e-13   -2.3335366547077331e-14 
   1.3864306295108069e-12    7.3593094671948453e-14    5.2376658211706982e-14    2.8896023259099375e-16   -1.1860453956856622e-16 
  -5.7577507326565248e-14   -3.7514486543198742e-15   -1.1519044153857236e-15    4.6803166770965786e-16   -8.5676394368407418e-17 

   1.6467666791495110e-11    9.8969588901803871e-12   -1.9953854815251886e-13    2.9047223984014353e-14    1.2778231130705065e-14 
  -3.4012498793532245e-11   -8.7372332721119863e-12   -4.6339619072308007e-14   -1.5310457227082882e-14   -9.9015496001827911e-15 
   1.9645149577263031e-11    1.2227857874065846e-11   -2.5437346989945585e-13    3.6214118303198583e-14    1.5851427932925926e-14 
  -7.7247702902178584e-12   -5.9582982299744006e-13   -6.1726045921518208e-14    1.0971028142802791e-15   -1.0417042630026710e-16 
  -1.8091528050193282e-13    1.1445181275026897e-14   -2.6274844859934416e-15    1.4185450115500942e-16    3.4686115214646519e-17 

   3.9094340319670517e-14   -2.1140734446092971e-14   -6.4063307000874271e-14    2.9586995367372266e-14   -8.4245574218619139e-15 
   1.9247364943786673e-13    1.0572439789295920e-14    4.1225566470849221e-14   -1.4242684943825790e-14    3.8919662239071388e-15 
   5.4055898823110298e-14   -2.6389049720730443e-14   -7.9786084131224971e-14    3.6971267764742548e-14   -1.0531692239208886e-14 
   6.7854266049560771e-14   -1.5569137748254006e-15   -1.9136609470138363e-15    2.3639133053542297e-15   -7.2424852799823188e-16 
  -3.2170722483777230e-15   -3.6312176577678369e-17   -3.8817788967509843e-16    1.1477305292320083e-16   -3.1418200926208853e-17 
