2    6 5 
   7.1621584242817981e-05   -4.9125083206925458e-04    7.5158226213849374e-06   -3.3762181308822232e-04    4.1220944371620072e-07 
   1.3692934436689049e-05    5.2924391102157761e-04    9.0924173111359960e-07   -5.9245740316678938e-05    4.0899307623506852e-08 
  -1.9336018660911058e-06   -2.3665978895678905e-03   -8.4654457327939157e-08    1.5646176770258929e-04    2.6806617966716248e-08 
   2.8630700756698084e-06    1.4317820925680981e-03    7.7634245791249657e-07    1.4018118351548804e-04    1.0242860174275189e-07 
  -2.6859391960298124e-07   -3.2874078910990920e-04   -1.1759231775846439e-08    2.1733884411378364e-05    3.7236696536373581e-09 
  -1.5528851730644244e-06   -7.7657658521962576e-04   -4.2107620849296456e-07   -7.6032117856178396e-05   -5.5555698163213357e-08 
2    6 5 
  -5.6271249146768061e-04   -8.7862186822961052e-05    1.9125619018369197e-06   -2.9404873063853191e-06   -5.0977545894088108e-08 
  -5.6271249146768061e-04   -8.7862186822961052e-05    1.9125619018369197e-06   -2.9404873063853191e-06   -5.0977545894088108e-08 
   1.5370161171572776e-03    1.2679833202202638e-03    3.2978357994152499e-05    1.3424685477189854e-05    2.8893416844872964e-07 
   1.5370161171572776e-03    1.2679833202202638e-03    3.2978357994152499e-05    1.3424685477189854e-05    2.8893416844872964e-07 
   5.0722251652257199e-04    6.6878853511410962e-04    1.7970126550240978e-05    5.4123821347340140e-06    1.1003741447316618e-07 
   5.0722251652257199e-04    6.6878853511410962e-04    1.7970126550240978e-05    5.4123821347340140e-06    1.1003741447316618e-07 
2    6 5 
  -2.8649847820790440e-05    5.9648117028885523e-04   -3.0620197173430779e-06   -6.2306871017016999e-05   -2.3470719805320451e-07 
   3.2544400440915885e-05    4.0662046987270065e-04    2.1744887985888581e-06    3.4262710711348933e-04    3.0413123011724622e-07 
  -1.4765183912118229e-05    2.3424906245276536e-03    1.5869595210749850e-07    3.7119972889086748e-04   -4.2331849296329705e-08 
   3.4235188547192148e-05    1.3546376910870391e-03    4.9676921288157394e-06   -4.8313507466404658e-04    1.8599937201794582e-07 
  -2.0510109605096219e-06    3.2539208278022672e-04    2.2044231829300302e-08    5.1562833014800387e-05   -5.8802577334749925e-09 
   1.8568639707347104e-05    7.3473464839003547e-04    2.6943998041619981e-06   -2.6204503354939772e-04    1.0088319858478829e-07 
 TENSORSUMACCUMULATOR_IMPL_H - PrettifyOut: Norm of simple tensor is 8.37864e-09 
 As simple full tensor 3    5 5 5 
   1.0840861718979706e-12   -2.8796365940263791e-11    1.2591562259071568e-13   -3.1587882204049005e-12    7.9815214755846383e-15 
   2.8270441898143636e-13   -5.8897510435054353e-12    3.1495675308501924e-14   -2.4212757522113324e-12    1.7863848836799249e-15 
   5.9354271139700510e-16    4.8811878736252502e-14    2.1140743242575797e-17   -6.1785886441889161e-14   -6.7110958927373179e-18 
   6.2694088157295769e-15   -1.5738056476907547e-13    7.2145508602537924e-16   -2.6751341793209934e-14    4.4592912183885156e-17 
   1.1534364357396325e-16   -2.7849097652767290e-15    1.3221602681574222e-17   -5.7547477071657866e-16    8.0509565704077394e-19 

   1.0446474965172127e-10   -5.8395708302242939e-09    7.7959807987656766e-12   -2.4381018210081681e-09    3.6909381309074789e-13 
   9.4517711748604468e-11   -5.0163479210647078e-09    6.9050051704784877e-12   -1.8848796608262860e-09    3.8933184119500506e-13 
   2.5817295584297890e-12   -1.3118463022077500e-10    1.8952483607222608e-13   -4.8025801614141222e-11    1.1241596869154708e-14 
   9.6071540783879741e-13   -5.1823397201155731e-11    7.1271934139123611e-14   -2.0693318684589921e-11    3.6941530129600977e-15 
   2.1151032971693699e-14   -1.1119613486774412e-12    1.5801847709108242e-15   -4.4396863986701084e-13    8.3401310170019932e-17 

   1.4333491904417132e-13   -1.5779464816324462e-12    1.7168934026826907e-14   -4.8093138899639502e-13    1.0429690028003131e-15 
   4.6391862588564626e-14    4.4620414869213135e-13    5.9624720677934816e-15   -4.2827552720631820e-13    2.8997016540818728e-16 
   4.2242322918456166e-16    3.1795292052601866e-14    6.6116136218493655e-17   -1.1733630013704838e-14    1.2731952072504158e-18 
   8.7755221970861295e-16   -4.5085804674691144e-15    1.0730913586317888e-16   -4.4022951566865679e-15    6.1310234064604253e-18 
   1.6651189170267245e-17   -3.5281284812203175e-17    2.0579465862606505e-18   -9.7386338844200984e-17    1.1391908875986195e-19 

  -1.2712062654281710e-12    9.5733319123251667e-10    4.9559844297294433e-13   -4.5694021001413129e-12   -8.5113771091851300e-15 
   1.5014550141703264e-12    6.9269183230747408e-10    6.9827686913378983e-13    1.7762169609469322e-12    1.4068072268725406e-14 
   7.0721944807570027e-14    1.7041297657984262e-11    2.1842270863533658e-14    6.1410538135787957e-14    6.1839912141894591e-16 
   2.7575520395804298e-15    7.8684917076456864e-12    5.9147132871736522e-15   -1.7785919976498049e-14    3.8879687058737597e-17 
   1.6407757590626802e-16    1.6688971104180429e-13    1.3975821605215825e-16   -5.0948862432543259e-16    1.6407267672571702e-18 

   1.0150809499888773e-14    1.4197756192938780e-13    1.3729473160315053e-15   -4.6719251417826910e-14    7.2126791108664351e-17 
   4.1701710696925938e-15    2.0600631141563987e-13    6.5361632922134057e-16   -3.9241222279670691e-14    2.6362987327187489e-17 
   6.3874719017767659e-17    6.4370334113198209e-15    1.1988406006095972e-17   -1.0610992929172683e-15    3.2851219304768006e-19 
   6.6950040559438005e-17    1.7194540722928331e-15    9.5282632459906085e-18   -4.1661215414748846e-16    4.5798735830101891e-19 
   1.3186569542087597e-18    4.0493922305805515e-17    1.9159605915619162e-19   -9.2053865652531119e-18    8.8555752693123232e-21 
