2    21 5 
  -1.1131058365383842e-03   -2.8427016676292935e-04   -1.2619813441568073e-03   -1.8670803129919935e-04   -9.9869049564887285e-05 
  -1.0203649572741340e-03   -3.6312766053529994e-04    4.7104746620326403e-04   -2.3906781262385076e-04   -1.5394249018345970e-04 
  -2.4653199340675517e-05    1.6911521365502337e-04    1.8348678786936788e-04   -8.6684713432487287e-06   -2.2896126752208609e-06 
  -2.3267411608086686e-04   -1.5323874835298087e-03    1.9856603294223884e-04   -5.0703772539232427e-05    2.2871133749129304e-05 
   1.9216127944585130e-04   -7.0607246039893739e-06   -9.1349486625707336e-05    1.6075797267823786e-05    9.1402099525298020e-06 
   5.8732458318987830e-04    2.0218376152617056e-03   -9.8143372153224983e-04    9.7705473248177834e-04    4.5574155832878757e-04 
  -5.4556577378811792e-05   -2.8287399694809439e-04    9.4155588888034781e-05    8.6732860612609371e-05   -7.4932881260845826e-05 
  -7.2196711236247318e-05    1.0405258863353440e-04   -1.3568630750627710e-04   -4.8140489778073745e-04    2.5971001971406005e-04 
  -1.7915916026656396e-04    2.2573549723125120e-04    2.1612587716149742e-04    1.0953262822480071e-04   -8.1197811009769963e-05 
   1.1646744054688081e-03    4.1660976262992939e-04    1.4672751637921329e-03    2.7199568939898545e-05   -4.2418960696511359e-04 
  -4.9132659187351741e-05    2.6103196090010179e-04   -9.0994906786247242e-06    8.2380242564664954e-04   -1.7924127288047379e-04 
   2.7235304782665373e-05    9.6999129593471680e-05   -1.1206827956540723e-04    1.4865581705773460e-04    5.3362685992519904e-05 
   1.7046389245174605e-05    2.2755978500256028e-04    3.8158945745202038e-06   -1.4023411791877277e-04   -1.6454742742357919e-04 
   1.3949949178957717e-05    5.9759551423627376e-05    1.3270751354018228e-05   -7.8711722161628388e-06    1.7885915903989003e-04 
  -3.0836188892124049e-04    3.1574742851129281e-04   -2.5597667359521361e-04   -2.3456326108460830e-04   -1.3237344189313436e-04 
  -1.1656266286237941e-04   -4.2618697039729380e-05    9.8777802805039602e-05   -1.1129123242657834e-04    1.6536335484382243e-04 
  -6.1319717315265546e-06   -1.2102501291012693e-05   -1.2238823270768694e-04   -1.9644285464003150e-04   -7.1333472857714969e-05 
  -1.7490006917730694e-05    6.4742796146803766e-06    2.4600790520292674e-05    1.0449424342536529e-04    1.7843797688008335e-04 
   7.9954447426607212e-05    1.7318177572718498e-05    5.9413243588506335e-06    2.1898069407630542e-05   -1.1532120739384852e-04 
  -4.9726014861091454e-05   -1.4076347350716136e-05    4.4229350114066888e-05    7.1704418024403995e-05    5.1191789545297257e-05 
  -1.1845221167978873e-04   -8.1457815109450195e-05   -1.0325181039185253e-04    1.1168020494665486e-04    1.0229913743754922e-04 
2    21 5 
  -1.1464149470515266e-02    2.4257062464657465e-02   -3.3678386370453624e-03   -1.8754439096000484e-03    2.4938183532542688e-03 
   7.5242463438123762e-03   -1.9218267547422394e-03    6.4014408564416325e-03    6.1348265455962933e-03   -6.0187865912576695e-03 
   2.8901312574655634e-02    6.8819475698277330e-03   -4.3768509930451269e-02   -1.2202263433571652e-02    1.3446860101713740e-02 
   3.2647979195002445e-02    2.3260381485344123e-02   -1.1247566738457138e-03   -1.4403334619462636e-03    1.2597211876696770e-03 
   5.8252917913256819e-03   -1.8867472841349132e-02    4.2625764622301700e-02   -1.6287550116203971e-02    9.6821444271375217e-03 
  -2.7157655313981455e-02   -6.1910211619322607e-03   -1.1720542862207714e-02   -5.2059187534255272e-03    8.3254922599709010e-03 
   5.0985641457367663e-03   -7.5299676985330650e-03   -5.1005022326254335e-03   -3.2674213369215921e-04    2.6846968831756735e-04 
  -1.5886324257010174e-03    1.4920382365949962e-03   -3.6172214262975167e-03   -3.1725949291148618e-03    1.2552509207316201e-03 
  -6.5356026437484989e-04   -8.7604426047377879e-03    4.4805491724629371e-04    3.9541404272320346e-03   -5.4928626033531385e-03 
  -3.4094904171358261e-03   -2.5382049168828219e-03   -1.7148342174640417e-03    1.7155584077332227e-04    2.7928090057514053e-05 
  -4.2624822341209075e-04   -3.7915845919637334e-03    1.2998688276830372e-03   -1.3261771762629695e-03    4.7873982961074450e-03 
   2.6173406545757041e-03   -1.8561382994293344e-03   -4.1592939464495399e-03    1.6061662353397898e-03    1.3136116238918838e-03 
   2.8432297314061939e-03   -2.9736355413830574e-03    3.8382730012303857e-03   -4.8921446657408827e-03    1.4752205262584985e-03 
   2.5800565175530450e-03    1.2906674814590754e-03    4.8027951406361888e-03   -3.4037722168961003e-03    8.3416406085359846e-03 
  -2.8852004485205730e-04   -1.3953088433958197e-04    1.7064679647087221e-04   -1.3001089740688726e-03   -1.0683174731405439e-03 
  -3.2115986245654289e-03   -6.2799688288142782e-04    1.4837446602536137e-03    5.9852621680604552e-03    3.8139211290799204e-03 
  -2.0963265074944539e-03    2.5469807887104607e-04    1.3337756118042682e-03   -1.4241808649030450e-03    5.2117369946066982e-04 
   1.1882554797984878e-04    1.7545438312853198e-03   -3.1081221001386659e-04   -1.2956071386377864e-03   -1.1773595017456162e-03 
   1.9157625159195364e-03   -1.1460199831422608e-04   -9.2572856539978061e-04    7.4074516709471015e-04    4.8880319581326459e-04 
   1.8233359637037159e-03   -6.3129915138906371e-05   -1.0984031608423858e-04   -1.5082640333745632e-04    2.2603141601693780e-03 
   7.3424966574560575e-04    1.4844460853866121e-04   -9.5490373258154035e-05    6.3879549426829952e-04   -1.6237696375261692e-03 
2    21 5 
  -1.1373282912216983e-04    1.0128350640746861e-02   -9.6514622609197601e-05    1.3323442339078376e-02    1.7473758598401164e-05 
  -1.7521105680133519e-04    5.2061339442142788e-03    1.8755736465872504e-05    1.8780164039018866e-02   -3.4675227088731386e-04 
   9.1836330675811690e-04   -3.8754571788495059e-04    3.8319643103726153e-04    1.1807523402321916e-02    1.0025697525004080e-04 
   3.5886209095514423e-04   -1.3414646372102615e-02    2.9137555182879156e-04    2.0416134010497488e-03    9.0908218465744848e-05 
  -8.1710096448373471e-04    2.0195412320059156e-02    1.8079993720169634e-04    1.3154454050876337e-02    2.9779464110957362e-04 
  -2.3858287154048300e-04   -1.2975053232953373e-03   -2.0657731969532961e-04   -3.2034353871311185e-03    2.1982931547643156e-05 
  -5.5003756017573879e-03   -4.0794839175860786e-04   -4.9630684072039175e-03    9.7634508224199955e-04   -1.8805633586980667e-03 
  -1.9670485913843264e-03    3.0417385811868716e-03    3.3915546336012019e-04   -1.8644610788715247e-03    1.1038246075080352e-03 
   4.7670626211939260e-03    9.6221656945867250e-04    5.8585544391224511e-04   -6.9618808434038839e-05    3.2492045860284415e-04 
  -3.7657138888365299e-03   -2.3687347977673079e-04   -1.9459813625462489e-04    2.7460977670356582e-04   -1.9855693176740110e-04 
   1.9537211665462484e-03   -1.5871912129073380e-03    1.6250819102399858e-03   -5.8380732010734091e-04   -5.4872059296341138e-05 
   4.8950010658084801e-04   -8.3848366584011026e-04   -3.7012065480586045e-04    2.0721752292803992e-03    1.7712885260479034e-03 
   1.2232106005676206e-03    8.1140907978748480e-04   -4.0180552102521178e-04   -1.0672643379279327e-03   -3.7544122522834089e-03 
   1.2748394069177591e-03    1.1832299998874105e-05   -2.2075971284580185e-03    1.5601962328675376e-03   -2.8720775558867600e-03 
   1.3762217985689217e-03    7.9157819111005533e-04   -4.5378887784941792e-03   -2.4130371039830881e-04    7.3238144620728536e-04 
   6.4182470938587289e-04    8.3566202746663328e-04    1.6610672895484393e-03    1.6610779810129124e-03    2.5996957993079037e-03 
  -3.3464421532707295e-04   -2.6480460698714609e-04   -3.4567847781083759e-04   -2.0895177944652037e-04    1.5290609178321441e-03 
   4.3088396171560365e-04   -7.6810520198392654e-05   -1.7683327114397284e-03   -2.0003720641869845e-03    9.9869428226942382e-04 
   2.8231797053734979e-05   -2.2090735092196402e-03    2.4064563616378572e-03   -1.1793021900182020e-03   -1.6597720644201588e-03 
   1.0796484028030811e-03   -1.5055373418867229e-03   -1.1000111346332383e-03   -8.9142669318514585e-04   -6.1611496464155778e-04 
  -1.4343234043167797e-04   -8.8152166497697422e-04    2.2430286213621425e-03   -4.9860362628746646e-04   -1.9866389959791618e-03 
 TENSORSUMACCUMULATOR_IMPL_H - PrettifyOut: Norm of simple tensor is 1.22429e-06 
 As simple full tensor 3    5 5 5 
   1.6677704382752067e-08    2.3647384861522767e-07    2.2954170230078598e-09    6.6834130734096638e-08    4.4522115217259529e-09 
   2.1424979273060729e-08   -2.5754879609889565e-07    7.3405216239905473e-10   -3.7227279616100404e-07   -2.3391042911223429e-09 
   1.6555060859691765e-09    1.7567507002184446e-07    1.5074395399501536e-09    6.9225317015482119e-08    3.8523255833441872e-09 
  -1.7745462995910967e-11   -7.5891891409513938e-08   -3.3335418319881937e-09   -1.1846565203772468e-07    3.0455834051216467e-10 
   7.3799358611950438e-10    3.9984226478657328e-08   -2.1729389408840625e-09    8.2209948519988434e-08   -2.9644133584005910e-09 

   1.3511588844390861e-08    7.5925224252724980e-07    5.2865358040202629e-09    1.2194988451149200e-07   -3.5170170216178345e-09 
  -2.8435370798793741e-08    4.2954941839873852e-07   -1.9370570427955936e-08   -9.3219604617401789e-08   -5.8633626274133022e-09 
  -2.0663240474241707e-09    1.0766290581002194e-09   -5.3664900642864537e-09   -4.2534666099370196e-08   -8.3054401397434859e-09 
   2.8216737736134350e-09   -2.0241532345767862e-08    3.5285197522064171e-09   -1.7606607934031100e-08    4.5097759989039146e-09 
  -5.7334605618297477e-09    2.9235425522388739e-09   -1.0020313943169025e-09   -8.0536786867864970e-10   -3.9652978227860119e-09 

   1.3939176856505649e-08    3.2038632810276338e-08   -5.5821401845457722e-09    2.4027064940218087e-07   -9.7362170749245115e-11 
   1.3110727266252282e-08   -3.5178958736475905e-07    6.4714233885623080e-09   -3.9824693661704424e-07    2.4600250415021791e-09 
   3.9655013242534952e-09   -2.6547943094293421e-08   -3.2925985852272317e-09   -7.0811561375272092e-08   -5.4969943007914624e-11 
  -2.2977676521325598e-09    7.0112088750141471e-08   -1.6202154193739422e-09    6.1697896873954362e-08    2.1285124038075257e-09 
   9.6675480332523822e-10   -5.9443706408679797e-08    1.3784674191406480e-09   -5.0212971033884602e-08    1.8206522096813382e-10 

   8.8451114743687503e-10    7.2824386041342369e-08    2.4741988646586712e-09    7.5282045559810193e-08    3.5093106213239750e-09 
  -3.2236475335269365e-09   -2.3128807765491904e-08   -1.6991904784898880e-09   -3.8146987609289761e-08   -2.0051828327042092e-09 
   3.1432373711700169e-09    3.0071935062310624e-08    7.6462182442252970e-09    2.4737430628618037e-08    3.4599524167853440e-09 
  -3.5882947372993280e-10    2.9044879989173314e-09   -2.4198688652465735e-09   -1.2105173062590966e-08   -1.3264127300883658e-09 
   3.5116167513094560e-09   -1.2980246854322637e-08    2.0996350036863958e-09   -5.8510324574797519e-09   -1.0677970630273517e-09 

   8.9726839378508171e-10    1.0532488279638630e-08    1.7634602858456650e-09    3.6021792119570807e-08   -4.8772300797427300e-11 
  -1.0485409523422168e-09   -2.9295270160232421e-08   -1.8211070389421404e-09   -2.0559445468504665e-08   -3.5620038965608695e-09 
  -2.1023269510331118e-09    1.0212146774514121e-08   -2.2813842112859405e-09    1.3786560847354830e-08   -1.7682782793979308e-09 
   2.5085560235874463e-09   -4.0309609150384138e-09    2.4149683656149427e-09   -7.4249544762750711e-09    6.9391529774333711e-10 
   1.1420632040555243e-09    2.1081602037408337e-09   -4.7176637264297953e-09    6.8461100897323180e-09   -1.0450907819415281e-09 
