2    16 5 
  -3.2885181630490338e-06   -6.5179594750114202e-03   -1.7086868885058950e-05   -9.9238886704698030e-04   -2.6691279456159543e-06 
   1.0255912711437845e-04    8.4092717313139181e-04    9.5258134734038225e-06    9.2892346088403722e-05    1.2256374010101356e-06 
  -6.1639138789540068e-04   -2.1882296298589904e-03   -8.1023657143083696e-05   -6.5621322573274608e-04   -1.2865703659507936e-05 
  -1.1492781118103552e-04   -1.5713673643045418e-03   -1.9489773910207274e-05    1.0374151799725522e-04   -2.3345784978412175e-06 
  -2.0957474778823186e-04   -2.0429719997502264e-03   -2.9747016850771956e-05    2.6957236880815935e-04   -3.8598233589454693e-06 
   1.6839845987748749e-04   -2.0216063403551785e-03    2.0104807830387259e-05   -1.2321316845513844e-03    1.9331018680852011e-06 
  -5.7946583719853625e-05    6.5530399997313285e-05   -1.6665840092370025e-05    3.3540958716348445e-04   -2.3196186387370854e-06 
   8.7803324851698804e-05   -3.2470485223267774e-05    4.4341093635077825e-06    7.6423046199431999e-05    2.3292784235461520e-07 
  -5.8790186778040230e-05   -2.3400989517891375e-05    3.5978471069311180e-06   -1.1018943182071372e-04    1.8323027132597175e-07 
   2.4680550257294616e-04   -7.4329408645460419e-05    3.3574089702166567e-05   -4.4714710261395799e-05    2.9171706985776434e-06 
  -5.3559466261234533e-04    7.0840515047164020e-04    4.5698055298558105e-04   -1.2760387763248698e-03    6.6269788872293334e-05 
   8.8282747099051683e-05   -3.7412443264741292e-06   -1.6754244001378617e-04    8.5849164244592892e-06   -5.0007494994662444e-05 
   4.2956940692564576e-06    1.2552494709090152e-06    1.5325252128624253e-05    3.7846257280076312e-06   -1.5450404388126349e-06 
   2.1355896090126991e-05   -3.9003839200217214e-06    4.6800352248113950e-05    7.5185590352304786e-06    6.4218333423004427e-06 
   2.1457777270749843e-05   -2.4816761168193363e-06   -4.1952884425318783e-05    8.1285898264973504e-06   -6.4990686323972710e-06 
  -1.7635288923303677e-04   -7.9466753994943376e-06    1.3270866997164757e-04   -2.7166702369566357e-05    3.2963744189519690e-05 
2    16 5 
   3.1162911352878825e-02    3.5896503379032794e-03    2.0498153409143419e-04    1.0875771420157908e-04   -2.6684213095837760e-05 
  -2.2395732543155349e-02   -1.1804378140117686e-02    6.1601341863199398e-04   -1.1574866771548505e-05   -2.9481597800008752e-06 
  -2.4023950639408355e-02    1.0149551292811721e-02   -1.1074492680782401e-03    2.5859132806152398e-04   -4.5116339733569828e-05 
   1.0994595453995844e-02   -8.8177634534322175e-02    1.2619112252440747e-02   -2.9510018507313898e-03    5.7856076224179756e-04 
   4.0980888208123241e-02   -5.6635351594685801e-02    6.9937486314318002e-03   -1.7303381787300877e-03    3.1764415149442178e-04 
  -1.3089628490704825e-02   -2.6254689223790349e-02    2.2320844183651447e-03   -6.2054389956661639e-04    1.0543782865327415e-04 
  -1.7871573141986245e-04    1.8317435224287851e-04   -5.1407552634013685e-04   -2.7357238684182694e-03    7.5910445406322780e-04 
  -1.3374526519080929e-03    8.9669938697558398e-03    2.4303937907906602e-02   -5.4264730658082436e-03    1.1035647870043562e-03 
   1.2607660318547306e-03   -2.4778738702638937e-03   -1.8195953996974067e-02    3.3723814862226397e-03   -7.0037315996053246e-04 
   3.0080380923645962e-04   -6.1855199029079648e-04   -1.5851813244490899e-02    3.0520361990082918e-03   -6.2715412837625406e-04 
  -8.0612247104612750e-04    1.7335158253359317e-03   -8.8112275085847666e-04   -3.4775493737226372e-04    2.4113826827450735e-05 
  -7.3077904996628185e-04    4.3301499786178280e-04    1.9792154682662403e-03   -8.5497918585545262e-04    6.8546165905428169e-04 
  -2.0261743512524173e-03    3.4069050435564666e-03    1.7234076009027675e-02   -6.3348232418289152e-03    1.8119480463513757e-04 
   2.2647888337005992e-03    5.1097378896800688e-04   -5.7498267734549247e-03   -4.3293337312381780e-03    1.3441031665625840e-03 
  -2.0162973879257391e-03   -2.0087236543531294e-03   -4.2383571457308870e-04   -5.3419882419807226e-04    1.4070949778113503e-03 
   2.0640826814761050e-04   -1.5088373365656192e-04   -1.1779646899313344e-03    1.8115592863352120e-03   -5.9771981728312770e-04 
2    16 5 
  -4.8015786019328564e-02   -8.3338164865605809e-03   -5.1720335985829865e-03   -8.9965827372115101e-04    1.2752129502612780e-03 
   1.7315274821802711e-02   -4.0566317078653668e-03    1.8895333544547539e-02   -8.1038455745513268e-03    1.5211973201124194e-03 
  -2.4086516969625596e-03    1.5818663633328994e-02    9.8265423329639019e-03   -4.4342677291357947e-03    1.8527228329100823e-03 
   4.2255155875434080e-03   -1.0023972746248295e-02    3.5476225679157945e-03   -2.5323718161614122e-03    2.8229408018013921e-04 
  -7.4412675457505130e-03    2.1701335379661336e-02    7.6303566416971343e-03   -3.3987517038015676e-03    1.8456827628531782e-03 
  -1.0585136173769840e-03    1.5807536183324835e-02    1.0619839037915897e-02   -6.5366772080017316e-03    3.3212039373082865e-03 
   5.8033330397266837e-03    1.0546269032181794e-03    3.4742200396185256e-05    3.1941493716287211e-04    2.5167406796933249e-04 
  -2.2107531380001922e-03   -5.0232451517118019e-04    5.6384891860229523e-03    9.0432852994874399e-03   -1.0061254665856565e-02 
   7.1058415281038539e-03    1.6396625739554464e-03   -4.3232596629561634e-03   -7.8208585998429340e-03    8.9017213847965137e-03 
  -9.0465728637322516e-04   -1.0970260206748440e-05    4.6422905859961282e-04    3.7188283636437314e-03   -3.4458571508844435e-03 
   2.6024004501791124e-04   -8.4896347105119626e-05    6.4989092122827495e-04    1.2884405595279518e-03   -1.2346881768382702e-03 
   7.2894952667482073e-04   -1.2099496707712108e-03   -1.4024976850978720e-03   -3.1767757286180935e-04    8.3818528764835628e-04 
  -1.1085957301354031e-03    1.9670650450780655e-03   -5.6612624749434568e-04   -8.9080069739728892e-05    5.8374196262430669e-04 
  -6.1920594533649426e-04   -1.1812717641566310e-03    2.7860431740557855e-04   -1.2991148494869058e-03    5.9191870078946723e-04 
  -6.3607919591631952e-04    9.3222539471126916e-04   -1.2542506965195982e-04   -9.7591406819882076e-04   -1.2055533516943668e-03 
  -4.8328498156798808e-04   -8.5561812318539531e-04    1.4033659525494921e-03    9.8960492288771855e-05   -6.8247752126277363e-04 
 TENSORSUMACCUMULATOR_IMPL_H - PrettifyOut: Norm of simple tensor is 1.0482e-05 
 As simple full tensor 3    5 5 5 
  -9.7985384429550647e-09    3.5761245121886414e-08    9.2539869592537651e-09    1.9180398733115515e-10    6.3304809651567849e-11 
  -4.6999583028952063e-08   -8.0262985724853170e-09   -1.6053207392372408e-09    4.6893029326444682e-09   -8.2377501764877373e-09 
   1.0608256002831880e-08   -1.7167935461243271e-10    1.4384475081094543e-09   -2.1410629745340259e-10    4.3812978323999436e-10 
  -6.4861014650186926e-10    7.7159485287647169e-10   -4.3094774032209887e-10   -2.3181334924727144e-10    4.6162248559393167e-10 
   3.4262301672137675e-11   -2.4946351249734094e-10    6.5207586064245066e-11    2.9946142856752061e-11   -1.4179475528227235e-10 

   9.8216714999263114e-06    1.3752957833238226e-06    7.9213767467495702e-07    2.5738562326202843e-07   -2.6171753152067849e-07 
   6.7475765150257217e-07    1.8451323677733590e-06    1.6522171884995749e-06   -8.9243476259435499e-07    3.4462878262018578e-07 
   9.7891388576905807e-08   -1.3414688434740434e-07   -1.9291188154211024e-07    1.0760201595925098e-07   -3.4936921266775814e-08 
   2.5350147136941804e-08    4.6649730468439823e-08    5.5716200444206436e-08   -2.7764666258541686e-08    8.6145882054866551e-09 
  -6.9712592226122922e-09   -8.1190724799067603e-09   -1.0646138158957504e-08    5.0975082662707030e-09   -1.4283054752419216e-09 

   2.5577900504502045e-08    7.3926311764554970e-09    4.6090943691340206e-09   -7.9619846326733247e-10   -3.4320850829663715e-11 
  -1.8507089329868422e-09   -8.9793619095883250e-10    4.2659147228812303e-09   -7.3983455462892041e-10   -1.4221344542833558e-09 
  -6.5673761356419134e-11    1.3612212673382091e-09   -5.7148230506860905e-10   -1.5837298899298091e-11    3.3474213325011650e-10 
   4.8800988064408432e-10   -1.8953397140721568e-10    1.5587226479474659e-10   -3.6900113511076279e-11   -1.4491426490914584e-11 
  -1.4084863823866809e-10    5.7936225818737478e-11    5.1981119793644065e-11    3.0509064442412260e-11    4.5728136964176227e-11 

   1.3156475295012767e-06    9.9843682901633452e-07    5.3586920329466181e-07   -1.6966937345105665e-07    5.9459845314693748e-08 
   2.0899140956413619e-07    2.0086925332343613e-07    1.2811096128455245e-07   -9.3433579776267430e-08    5.6343807959467650e-08 
   1.2166857639046874e-08   -5.2629329676641447e-10    1.9285493587197361e-09    9.9481716252972288e-09   -8.8153694411218616e-09 
   1.9858476580079829e-10    1.8853540667237403e-09    1.7526374522444928e-09   -2.8058241828773541e-09    1.6937969979317467e-09 
   1.9468633986619450e-10   -2.1420498651611427e-10   -2.0527626495703998e-10    5.3377218289650154e-10   -3.3796170789410420e-10 

   3.8620373075728331e-09    2.0751143801156290e-09    1.3039145073443928e-09   -4.1823514653315412e-10    1.3044810594140563e-10 
  -1.7570463026951958e-10   -3.2484670525825385e-11    4.6554240201521377e-10   -7.4169305646155490e-11   -1.7554536017894381e-10 
   7.1446864684236664e-11    1.4977866706515320e-10   -3.1842521299217056e-11   -2.4957391058956904e-11    3.0963874969398534e-11 
   3.8811991278007880e-11   -3.0528390674218979e-11    2.0898586369428993e-11   -3.8099113678589044e-12    1.4750800034862119e-12 
  -2.5990664136383673e-11    3.5506520989486157e-11    1.9551799966401402e-11    8.3432279669765971e-12    3.8672096101116370e-14 
