2    101 5 
   3.6757008569471020e-05    4.9642523359706148e-03    5.7056952713609954e-07    1.6574761075395994e-05    3.8156141968477201e-09 
  -2.0442522069997308e-04    1.5005690370099358e-06   -1.1468008348265587e-06    3.9524309045299944e-06   -6.9389391682524538e-09 
   8.7287550110422675e-06    1.1788702111540028e-03    1.3549420404340920e-07    3.9360392595673413e-06    9.0610098147652032e-10 
  -4.8545236378412690e-05    3.5634291284775912e-07   -2.7233292161794220e-07    9.3859109885151915e-07   -1.6478027563566970e-09 
  -3.5720953863297720e-06   -4.8243269939615284e-04   -5.5448711818077973e-08   -1.6107575091438510e-06   -3.7080650463744387e-10 
   1.9866317095192496e-05   -1.4582731137768539e-07    1.1144764306324603e-07   -3.8410253577014585e-07    6.7433541394128328e-10 
  -3.6631360516343628e-05   -4.9472828200735602e-03   -5.6861912493938735e-07   -1.6518102861324002e-05   -3.8025711197862926e-09 
   2.0372642523236741e-04   -1.4954395777470255e-06    1.1428806765267210e-06   -3.9389201410701189e-06    6.9152194959724724e-09 
   3.9787582296914324e-05    2.3926860789807362e-03    5.0029406453316625e-06    8.1765887751952473e-06    3.5266865581840412e-08 
  -2.2584982471626775e-05   -1.3581818757073922e-03   -2.8398641047904955e-06   -4.6413504793380371e-06   -2.0018847464799466e-08 
   1.1253741469603691e-05    6.7676066240539648e-04    1.4150596080501531e-06    2.3127119283758814e-06    9.9750767648949723e-09 
  -4.0244426852690770e-05   -2.4201591131728442e-03   -5.0603848544227425e-06   -8.2704730941492157e-06   -3.5671802866547283e-08 
   1.7143077802782495e-05    2.3152744834320379e-03    2.6610755815735689e-07    7.7302922554487308e-06    1.7795618737127080e-09 
  -9.5341748409344379e-05    6.9984943691183364e-07   -5.3485571053941029e-07    1.8433717308202264e-06   -3.2362474167423410e-09 
   4.5824048504835092e-06    6.1888099354934028e-04    7.1131484047320342e-08    2.0663342449086827e-06    4.7568313319519847e-10 
  -2.5485183897003935e-05    1.8707221020675830e-07   -1.4296880819655310e-07    4.9273973190413576e-07   -8.6506029024950255e-10 
  -1.6979230423776767e-05   -2.2931459216793981e-03   -2.6356419771535849e-07   -7.6564088991707816e-06   -1.7625534606295552e-09 
   9.4430506229474005e-05   -6.9316052741402870e-07    5.2974375180444464e-07   -1.8257534460464662e-06    3.2053165265517110e-09 
   3.8497405492789073e-05    2.3150993571835247e-03    4.8407121911156115e-06    7.9114496396754202e-06    3.4123280339883594e-08 
   1.0290336278981603e-05    6.1882484286207063e-04    1.2939198275498299e-06    2.1147263355640174e-06    9.1211349218101383e-09 
  -3.8129458135974456e-05   -2.2929722897010564e-03   -4.7944460276424681e-06   -7.8358342327089497e-06   -3.3797139639070493e-08 
  -2.5566318962564289e-05   -1.5374690277989809e-03   -3.2147411052730934e-06   -5.2540331576914346e-06   -2.2661440636093601e-08 
  -2.5566318962564289e-05   -1.5374690277989809e-03   -3.2147411052730934e-06   -5.2540331576914346e-06   -2.2661440636093601e-08 
   2.5328364669240648e-05    1.5231592886240691e-03    3.1848204331167380e-06    5.2051321113981424e-06    2.2450523018263943e-08 
   2.5328364669240648e-05    1.5231592886240691e-03    3.1848204331167380e-06    5.2051321113981424e-06    2.2450523018263943e-08 
  -8.8987288989538822e-05    1.5995279391898983e-03   -3.8185982415076017e-07    7.2874618474730242e-06   -2.1935204562789947e-09 
  -8.8987288989538822e-05    1.5995279391898983e-03   -3.8185982415076017e-07    7.2874618474730242e-06   -2.1935204562789947e-09 
  -1.1142454927092221e-05   -1.3196168162826721e-03   -1.5936605463555210e-07   -4.3794840315974525e-06   -1.0608424827545204e-09 
  -1.1142454927092221e-05   -1.3196168162826721e-03   -1.5936605463555210e-07   -4.3794840315974525e-06   -1.0608424827545204e-09 
   1.4996390482212898e-05   -2.6650931685353128e-03   -1.1146636533399526e-07   -9.5688628622187693e-06   -8.6945590909180862e-10 
   1.4996390482212898e-05   -2.6650931685353128e-03   -1.1146636533399526e-07   -9.5688628622187693e-06   -8.6945590909180862e-10 
   1.2876986462853572e-04   -9.9430800375027284e-01    8.9964454437313742e-05   -6.9173095454302980e-01    9.9279436141204873e-06 
   1.2013982291272153e-03   -2.2340229666557022e+01    1.5366964888074602e-03   -2.7624624053393635e+01    7.7055746260232109e-04 
   1.6482382378517626e-07   -1.0223981120483412e-03   -1.1816743583725408e-07    6.9722495670463379e-04   -1.7496276559439829e-08 
   6.9887357910899479e-07   -2.6069598558215402e-03    1.3696828962088898e-08   -9.8627737154659972e-06    9.5375369183811029e-11 
   6.2017671542214884e-08   -2.3134023791285046e-04    1.2154493532631425e-09   -8.7521731979163364e-07    8.4635597854481100e-12 
  -8.9321977973499238e-09    3.3319160686595679e-05   -1.7505710495140752e-10    1.2605462316855853e-07   -1.2189782072334007e-12 
  -1.9076221333773959e-05    7.1158711252638757e-02   -3.7386409883282199e-07    2.6921099893492315e-04   -2.6033344323309057e-09 
  -1.4978149007020210e-07    5.5871955018813502e-04   -2.9354829149413630e-09    2.1137742039284194e-06   -2.0440699633486823e-11 
   7.6991452046041691e-07   -2.8719589740584116e-03    1.5089120289279657e-08   -1.0865330901811562e-05    1.0507033578591898e-10 
  -1.6273015066661344e-07    6.0702104472243898e-04   -3.1892564081435231e-09    2.2965107004827679e-06   -2.2207805046733517e-11 
   3.0120660863074249e-08   -1.1235702142433291e-04    5.9031783773052233e-10   -4.2507439275575073e-07    4.1105705463048330e-12 
  -1.9076221333773959e-05    7.1158711252638757e-02   -3.7386409883282199e-07    2.6921099893492315e-04   -2.6033344323309057e-09 
   1.4667409536642217e-07   -5.4712825028626331e-04    2.8745828393802904e-09   -2.0699214504059697e-06    2.0016633069902207e-11 
  -3.0684963816446406e-06    1.1446200176689830e-02   -6.0137729292554356e-08    4.3303805385619526e-05   -4.1875810445096745e-10 
   9.7162119265454211e-07   -3.6243714457558579e-03    1.9042255551707708e-08   -1.3711893319132642e-05    1.3259727184763032e-10 
  -6.9322148862647892e-07    2.5858762529642459e-03   -1.3586056829715588e-08    9.7830092328546162e-06   -9.4604027652889903e-11 
  -3.0320944426074782e-06    1.1310412537006938e-02   -5.9424308227880452e-08    4.2790087170680784e-05   -4.1379032704678762e-10 
  -2.9237882360965185e-06    1.0906405373264446e-02   -5.7301675994444802e-08    4.1261628177911323e-05   -3.9900976481112488e-10 
  -2.9752559076647745e-07    1.1098391674738471e-03   -5.8310361850685233e-09    4.1987959825742100e-06   -4.0603356471369356e-11 
   2.2545137867973522e-07   -8.4098571075903695e-04    4.4184943677229450e-09   -3.1816568807665282e-06    3.0767379276224500e-11 
  -2.8760569483620672e-06    1.0728356646413126e-02   -5.6366217416839779e-08    4.0588025820997391e-05   -3.9249586970137425e-10 
  -2.7266479049504260e-06    1.0171026408278454e-02   -5.3438033873819609e-08    3.8479507728080000e-05   -3.7210599791232650e-10 
  -5.7932387442900715e-07    2.1610118472083226e-03   -1.1353841751787371e-08    8.1756421365146992e-06   -7.9060405275451355e-11 
  -2.7006659362622824e-06    1.0074107664502853e-02   -5.2928827928913873e-08    3.8112840156843175e-05   -3.6856023523102268e-10 
   4.8940786557267080e-04   -1.2391858559394788e-09    9.6125334258970916e-07   -6.4432626229674529e-12    3.2701691832164891e-09 
   4.8940786557267080e-04   -1.2391858559394788e-09    9.6125334258970916e-07   -6.4432626229674529e-12    3.2701691832164891e-09 
  -2.2222915567652528e-03    5.6268655627242231e-09   -4.3648362386858532e-06    2.9257413156379991e-11   -1.4849106187846568e-08 
  -2.2222915567652528e-03    5.6268655627242231e-09   -4.3648362386858532e-06    2.9257413156379991e-11   -1.4849106187846568e-08 
  -1.0112421080938375e-06   -1.3574747935838483e-02    7.9453893773803283e-08   -7.4080414000870202e-05    8.0196969961987771e-10 
  -1.0112421080938375e-06   -1.3574747935838483e-02    7.9453893773803283e-08   -7.4080414000870202e-05    8.0196969961987771e-10 
   6.4822900755379573e-07    8.7017197086743242e-03   -5.0931738596567520e-08    4.7487216822365876e-05   -5.1408067198935204e-10 
   6.4822900755379573e-07    8.7017197086743242e-03   -5.0931738596567520e-08    4.7487216822365876e-05   -5.1408067198935204e-10 
  -6.4284688509551216e-04   -4.9408040850896206e-08   -5.2485809600025029e-04    4.9988609346937682e-09   -5.4423610836750583e-06 
  -6.4284688509551216e-04   -4.9408040850896206e-08   -5.2485809600025029e-04    4.9988609346937682e-09   -5.4423610836750583e-06 
  -5.9466581170378586e-04    1.5057000810802876e-09   -1.1679920561865345e-06    7.8290282344035257e-12   -3.9734911278359565e-09 
  -5.9466581170378586e-04    1.5057000810802876e-09   -1.1679920561865345e-06    7.8290282344035257e-12   -3.9734911278359565e-09 
  -4.9042266205759955e-07   -6.5833532505917454e-03    3.8532800190490603e-08   -3.5926820639538238e-05    3.8893170273385963e-10 
  -4.9042266205759955e-07   -6.5833532505917454e-03    3.8532800190490603e-08   -3.5926820639538238e-05    3.8893170273385963e-10 
   2.7333824872218064e-07    3.6692477478230314e-03   -2.1476348744245799e-08    2.0023899781804756e-05   -2.1677201875577878e-10 
   2.7333824872218064e-07    3.6692477478230314e-03   -2.1476348744245799e-08    2.0023899781804756e-05   -2.1677201875577878e-10 
  -8.0506497718029065e-04   -6.1875827980779170e-08   -6.5730250993835339e-04    6.2602899035883981e-09   -6.8157043352318346e-06 
  -8.0506497718029065e-04   -6.1875827980779170e-08   -6.5730250993835339e-04    6.2602899035883981e-09   -6.8157043352318346e-06 
   2.3399752451858857e-03    4.4991021250075867e-05    2.8637107214746875e-03    7.0065326732947166e-06    2.2200544380252777e-05 
   1.6470530730742048e-03    1.4833226515253564e-01    1.6498475265333489e-03    1.0312359069951664e-01    2.8623408374447973e-04 
  -8.5018486575180795e-04   -7.6566960104077014e-02   -8.5162732202589617e-04   -5.3230899202944486e-02   -1.4774987524092281e-04 
   2.7820748283435309e-02    5.7067851009106544e-04    5.0649198815698307e-02    4.3096064446499177e-04    2.5500518380490313e-02 
   1.3801397367828594e-03    1.0480610962422787e-05    1.6888929934628081e-03    2.4646354531976721e-07    1.2925110538777812e-05 
   4.1774168886481727e-07   -5.7221528956391553e-05    2.0484889095905478e-06   -6.0358981032084339e-07    1.7157622231271854e-06 
   7.0329170190253586e-04    1.5412863181776867e-01    5.9259259800376887e-04    1.0713782009270725e-01    1.9068340505084270e-05 
  -3.8505295217647274e-03    1.3083635846041517e-04   -3.1666988136400849e-03    2.4865988278174119e-04   -5.3298670650594714e-05 
  -3.1966570028194751e-04   -7.0055763334391508e-02   -2.6934986906617211e-04   -4.8697128366463782e-02   -8.6670927643294145e-06 
   1.7501730970256963e-03   -5.9468775241407006e-05    1.4393529613755565e-03   -1.1302285430984363e-04    2.4225732838207696e-05 
   7.4649987160039330e-02    5.7594785974658582e-04    1.3589443940769974e-01    3.4892322801088232e-04    6.8405078298244007e-02 
   5.6617665615379054e-05   -3.0994450708432416e-03    2.0440931827576611e-04   -1.8212331370111355e-03    2.4643530917232910e-04 
   4.3741181593593780e-06    2.6304417166176232e-04    5.5000711939814193e-07    8.9890773398335716e-07    3.8771251797618765e-09 
   7.4131316725645601e-06    4.4579981820036345e-04    9.3213650121045454e-07    1.5234433892113272e-06    6.5708420352320251e-09 
  -9.8526718468889580e-07   -5.9250523424352205e-05   -1.2388873513367148e-07   -2.0247836480177965e-07   -8.7331984902526763e-10 
   2.7583954552109888e-05    1.6588025773355214e-03    3.4684411422112069e-06    5.6686694728814740e-06    2.4449829852574348e-08 
  -3.0562157294718569e-06   -1.8379012767600069e-04   -3.8429241012371130e-07   -6.2807081470021278e-07   -2.7089645336090033e-09 
  -4.0691992168041016e-06   -2.4470741262913018e-04   -5.1166622801506205e-07   -8.3624504730799120e-07   -3.6068515230162682e-09 
   3.9548655880566929e-06    5.3412808871140360e-04    6.1390354555090889e-08    1.7833592764616139e-06    4.1054051653558696e-10 
  -2.1995105209641745e-05    1.6145353166478783e-07   -1.2338988765743067e-07    4.2526129252205416e-07   -7.4659426330283929e-10 
   2.5221638152018998e-05    3.4063320434938155e-03    3.9150895880976723e-07    1.1373140594662470e-05    2.6181684621781171e-09 
  -1.4027090740794594e-04    1.0296487866268406e-06   -7.8690287414879889e-07    2.7120482861521204e-06   -4.7613072900032716e-09 
  -1.5472315887174932e-05   -2.0896281627656075e-03   -2.4017275352428956e-07   -6.9768990756765703e-06   -1.6061260275203841e-09 
   8.6049755218721641e-05   -6.3164221068890283e-07    4.8272874933706273e-07   -1.6637169850626039e-06    2.9208432054577809e-09 
   6.4228096775804361e-06    8.6743859705453211e-04    9.9699611672587562e-08    2.8962241483126482e-06    6.6672900606447603e-10 
  -3.5720651297609096e-05    2.6220494289053273e-07   -2.0038854593567232e-07    6.9063594812412618e-07   -1.2124894646353205e-09 
  -2.6778293066014483e-06   -3.6165675358216783e-04   -4.1567251000065977e-08   -1.2075079742608957e-06   -2.7797592667782260e-10 
   1.4892829103985351e-05   -1.0931977057625252e-07    8.3546975225948331e-08   -2.8794332619489356e-07    5.0551705333561938e-10 
2    101 5 
  -4.9395976584648612e-03    4.9576622229362960e-04    4.2664091892725741e-06   -6.4879486016962282e-08   -1.4053516155785208e-09 
   1.6923579765601742e-05    1.6762232393744135e-04    1.1585645085287851e-04    1.5781578229615851e-06   -2.5601081668834544e-08 
  -1.1730154191510779e-03    1.1773052447867608e-04    1.0131521045744258e-06   -1.5407051899070152e-08   -3.3373145514746383e-10 
   4.0188738810062437e-06    3.9805584213039459e-05    2.7512646303420037e-05    3.7476806577869288e-07   -6.0795363551576919e-09 
  -4.8003672477261132e-04    4.8179226337370579e-05    4.1461536654681119e-07   -6.3050754587555158e-09   -1.3657395467020101e-10 
   1.6446561772466855e-06    1.6289762232722025e-05    1.1259085264948292e-05    1.5336749364809486e-07   -2.4879474492995078e-09 
  -4.9227124207054905e-03    4.9407152343042412e-04    4.2518251404247538e-06   -6.4657705697420510e-08   -1.4005476420962081e-09 
   1.6865729169694977e-05    1.6704933338453437e-04    1.1546041379604346e-04    1.5727631386360609e-06   -2.5513568397356947e-08 
   2.3428893543127006e-03    4.8732437341418290e-04    2.4566115815308977e-06   -7.1410862089673491e-08   -9.0219240478881027e-10 
  -2.8559104758216067e-04    1.3279947864027158e-03    8.0783015476664210e-06   -1.9534659037816212e-07   -2.8978592427762449e-09 
   6.5709890084457467e-04    1.6235551585429658e-04    8.4404969470982297e-07   -2.3804847643287226e-08   -3.0870261253852633e-10 
   2.4202032471163327e-03    3.8728892512255568e-05   -2.6825681803835042e-07   -5.4250990260710594e-09    7.5440073935170383e-11 
  -2.3037758041016777e-03    2.3122009248136062e-04    1.9898078629541347e-06   -3.0259102138064166e-08   -6.5544104440910918e-10 
   7.8929775820840543e-06    7.8177268841443214e-05    5.4034216282082113e-05    7.3603602134725210e-07   -1.1940072164869738e-08 
  -6.1580735621631448e-04    6.1805942054574223e-05    5.3188262385715182e-07   -8.0883641784694776e-09   -1.7520169106499541e-10 
   2.1098206035691566e-06    2.0897058279606987e-05    1.4443535614293193e-05    1.9674501120241019e-07   -3.1916231865051410e-09 
  -2.2817571425951884e-03    2.2901017390300683e-04    1.9707899942364697e-06   -2.9969896510380221e-08   -6.4917657437317543e-10 
   7.8175393378986638e-06    7.7430078590961019e-05    5.3517776654595212e-05    7.2900125347540711e-07   -1.1825953244576695e-08 
   2.3038600982529314e-03   -2.3125252463507905e-04   -2.0062853271558447e-06    3.0036810200631088e-08    6.5909022826373108e-10 
   6.1581963048396374e-04   -6.1823227616421609e-05   -5.4287919019594988e-07    7.9389182100685512e-09    1.7763292881939480e-10 
   2.2818403598591527e-03   -2.2904319500109530e-04   -1.9877435235824868e-06    2.9741094693195454e-08    6.5293086117435353e-10 
  -1.0567898892168829e-03    9.3707034273713178e-04    5.8777187290238399e-06   -1.3793777845151482e-07   -2.1011416990218074e-09 
  -7.4747288252634985e-04   -8.4293859830355026e-04   -4.9349768641995492e-06    1.2389137660006487e-07    1.7782321065974052e-09 
  -1.0469539917750811e-03    9.2834871521120380e-04    5.8230128322317380e-06   -1.3665394534898158e-07   -2.0815856695090853e-09 
  -7.4051590206308554e-04   -8.3509308644991794e-04   -4.8890453816889617e-06    1.2273827806402108e-07    1.7616815048111105e-09 
  -1.1009970100910207e-03    9.7626941374607927e-04    6.1235926013701109e-06   -1.4370792453952753e-07   -2.1890356370790496e-09 
  -7.7874080475492935e-04   -8.7819999594267346e-04   -5.1414144171822041e-06    1.2907394043466115e-07    1.8526182475708750e-09 
  -9.0695234871313263e-04    8.0420730452356092e-04    5.0443431194384839e-06   -1.1838019403798296e-07   -1.8032301580014837e-09 
  -6.4149202535331972e-04   -7.2342208167688372e-04   -4.2352684327321327e-06    1.0632536906271625e-07    1.5261044812140822e-09 
  -1.8316429710323230e-03    1.6241433837990368e-03    1.0187344055401059e-05   -2.3907568090735164e-07   -3.6417280894011067e-09 
  -1.2955304221648166e-03   -1.4609929318482270e-03   -8.5533707104413456e-06    2.1473026136651082e-07    3.0820566814154033e-09 
  -2.2857485317479506e-03   -7.4938815173067040e-06    1.2327649487652681e-07    1.3932995936167078e-09   -9.3266256471739897e-12 
  -7.5755060002760636e-05   -2.4836478558864870e-07    4.0856717773585312e-09    4.6177211906832213e-11   -3.0910621869005401e-13 
  -7.1158840518943958e-02   -2.3329596950461549e-04    3.8377854417541388e-06    4.3375542934927508e-08   -2.9035209157484414e-10 
  -5.7116570008607592e-01   -2.4891391922198972e-02   -4.6621532265673615e-01   -7.6347579988447862e-03    1.3934615947732332e-04 
  -6.4569873708602135e-02   -1.2253940286043010e+00   -5.0248455221751719e-02   -7.0715511621059912e-01   -1.7605840668724535e-02 
  -2.6699912363006875e+00   -2.6944141194750670e-01   -4.3550218757676165e+00   -1.7914197323581596e-01   -1.9463333971539891e+00 
   7.3133221551673283e-04    1.2063503289750947e-05   -5.9706443191744226e-04   -1.6784248920139421e-05    4.3036885430079758e-07 
  -5.5872056515328297e-04   -1.8317788061049238e-06    3.0133285412134711e-08    3.4057339447487739e-10   -2.2797685222955096e-12 
  -2.8719641912344782e-03   -9.4158036512443431e-06    1.5489266382052135e-07    1.7506328823795484e-09   -1.1718583436319341e-11 
  -6.0702214743166814e-04   -1.9901367049136161e-06    3.2738318151985584e-08    3.7001607989051824e-10   -2.4768552839491080e-12 
  -1.1235722553113540e-04   -3.6836586529479303e-07    6.0597238695096882e-09    6.8488407407055145e-11   -4.5845541043950372e-13 
  -7.1158840518943958e-02   -2.3329596950461549e-04    3.8377854417541388e-06    4.3375542934927508e-08   -2.9035209157484414e-10 
  -5.4712924419475528e-04   -1.7937763816536852e-06    2.9508134657837433e-08    3.3350779536951680e-10   -2.2324720197122799e-12 
  -1.1446220969759004e-02   -3.7526710649439021e-05    6.1732512616120370e-07    6.9771520375500557e-09   -4.6704445645268776e-11 
  -3.6243780297579740e-03   -1.1882610511037079e-05    1.9547234239034125e-07    2.2092738399851049e-09   -1.4788685902182234e-11 
  -2.5858809504448921e-03   -8.4778728680514861e-06    1.3946343410534877e-07    1.5762481425027323e-09   -1.0551267236083442e-11 
  -1.1310433083405449e-02   -3.7081526799297421e-05    6.1000172446418601e-07    6.8943812496673654e-09   -4.6150385228801117e-11 
  -1.0906425185747005e-02   -3.5756977193311981e-05    5.8821250450669530e-07    6.6481144220583851e-09   -4.4501896618778639e-11 
  -1.1098411835981702e-03   -3.6386410042017872e-06    5.9856685494170152e-08    6.7651416969473152e-10   -4.5285266963820336e-12 
  -8.4098723848647391e-04   -2.7571968811307286e-06    4.5356677498211492e-08    5.1263170963254940e-10   -3.4315118388880091e-12 
  -1.0728376135453892e-02   -3.5173239101114576e-05    5.7860984588901951e-07    6.5395829427763992e-09   -4.3775396386642947e-11 
  -1.0171044884877887e-02   -3.3346015196254373e-05    5.4855148990546745e-07    6.1998564181163934e-09   -4.1501296736836447e-11 
  -2.1610157728839297e-03   -7.0849421684366186e-06    1.1654932559457751e-07    1.3172675630490099e-09   -8.8176738829244361e-12 
  -1.0074125965040525e-02   -3.3028264187357906e-05    5.4332439490406222e-07    6.1407785756732873e-09   -4.1105834825389747e-11 
  -3.7127977541452444e-03    5.5589017055858100e-03   -2.9998561035640974e-03    3.9157336714153931e-03    8.4901880360596440e-05 
  -2.8628947713817171e-03   -5.2369510957525475e-03   -2.3629215355539493e-03   -3.5818266057838352e-03   -7.3130765894789578e-05 
   7.0239869936645202e-02   -7.8759423900273060e-02    1.3371580632544786e-01   -4.4480726760980326e-02    6.6914256422555149e-02 
  -6.9844038434113020e-02   -6.3879318235379901e-02   -1.2499826750592334e-01   -3.7698832483683171e-02   -6.1725534182626329e-02 
   2.4360437231078308e-02   -2.7802578812502605e-02    3.0763877839002658e-02    4.0898372226840765e-04   -8.9900695073183787e-06 
  -2.3316472423703015e-02   -2.0704215822129685e-02   -2.7905662389788394e-02   -3.4916956459022931e-04    8.2463562385269572e-06 
  -6.6014762970484892e-02    9.8839097298192236e-02   -5.3338426366274720e-02    6.9623030202878480e-02    1.5095833058764510e-03 
  -5.0903208916025219e-02   -9.3114709759814507e-02   -4.2013520643103132e-02   -6.3686052955133923e-02   -1.3002890262483430e-03 
   1.4892927981889567e-03   -1.6997305920156581e-03    1.8807717314507106e-03    2.5003513129632380e-05   -5.4961434581257517e-07 
  -1.4254692610972983e-03   -1.2657670805969645e-03   -1.7060326804308619e-03   -2.1346731709215054e-05    5.0414690183272810e-07 
  -4.9850615019316210e-06    4.4203236024924282e-06    2.7726220371915256e-08   -6.5067646467565622e-10   -9.9114504224284707e-12 
  -3.5259594442005902e-06   -3.9762878106348376e-06   -2.3279143214432818e-08    5.8441714688239748e-10    8.3882297763715894e-12 
  -1.2111392386553450e-03    1.0739340648973936e-03    6.7361883938683592e-06   -1.5808426791381950e-07   -2.4080237553616595e-09 
  -8.5664496518729266e-04   -9.6605391724470329e-04   -5.6557544532504024e-06    1.4198632014028555e-07    2.0379516323086954e-09 
  -1.4692100333072670e-04    1.3027690400068971e-04    8.1715423451289252e-07   -1.9176902631350697e-08   -2.9211279338513570e-10 
  -1.0391797554446861e-04   -1.1719016795356327e-04   -6.8608884291976825e-07    1.7224091127134959e-08    2.4722004621922038e-10 
  -1.9120405133356012e-04    1.6954330065424794e-04    1.0634504030137044e-06   -2.4956959127821434e-08   -3.8015769206171858e-10 
  -1.3523960141870848e-04   -1.5251212815870722e-04   -8.9288095893079807e-07    2.2415556179079498e-08    3.2173394774318897e-10 
   6.2649695783395824e-04    4.6076355451443748e-05    5.1039049654540863e-04    8.9677372162457751e-06   -1.7068622820691054e-07 
   7.8505399379776783e-03    3.2447086023310812e-05   -6.4426718495297473e-07   -8.5273035595706708e-09    6.5447651466846067e-11 
   3.1465560299163042e-04    4.0399272181811316e-03    4.0939261091328376e-05   -8.1808668315189040e-07   -2.0071755683959544e-08 
   5.0387035588761822e-04    2.0825478134301882e-06   -4.1350931061258209e-08   -5.4730700222760186e-10    4.2006195366357853e-12 
  -1.0395251067089808e-04    1.0433267459533509e-05    8.9785439511303866e-08   -1.3653714186504593e-09   -2.9575248616542617e-11 
   3.5615220667997749e-07    3.5275669442281893e-06    2.4381679999660452e-06    3.3211909000450933e-08   -5.3876791175602336e-10 
  -3.5266362311685778e-04    3.5395334653099187e-05    3.0460118949354411e-07   -4.6320846730282742e-09   -1.0033537684060678e-10 
   1.2082625689192477e-06    1.1967431390640296e-05    8.2715958959164199e-06    1.1267291268998087e-07   -1.8277946588564220e-09 
  -1.6029545598597467e-04    1.6088167126085123e-05    1.3844973896714886e-07   -2.1054117185845330e-09   -4.5605228120906421e-11 
   5.4918904797708304e-07    5.4395314571696025e-06    3.7596711113816588e-06    5.1212982380447440e-08   -8.3078366773608412e-10 
  -1.0730179355357999e-05    1.0769420611459645e-06    9.2678268493773721e-09   -1.4093628055970119e-10   -3.0528144061810392e-12 
   3.6762720119203006e-08    3.6412228771880232e-07    2.5167242012033783e-07    3.4281975298979890e-09   -5.5612666656566453e-11 
   8.7572439924402839e-04    3.6194586792081049e-06   -7.1867731130978077e-08   -9.5121709409456948e-10    7.3006577529112719e-12 
   6.9071293810803345e-03    2.8547873518593182e-05   -5.6684468044384621e-07   -7.5025653551256369e-09    5.7582714047794353e-11 
   4.1187470484780470e-03    1.7023203607145917e-05   -3.3801160014732606e-07   -4.4738077437901070e-09    3.4336787461568172e-11 
   4.2880874556564186e-04    5.5055626091960082e-03    5.5791516267465805e-05   -1.1148783655241312e-06   -2.7353539216549948e-08 
   2.2111084771717665e-04    2.8388870988942331e-03    2.8768325237987966e-05   -5.7487563640384077e-07   -1.4104572975204268e-08 
   6.3055285978878221e-04    4.6374650882586455e-05    5.1369473256248244e-04    9.0257937837213325e-06   -1.7179124012754210e-07 
   4.4747002885823232e-04   -6.4029282793869966e-03    7.5687851884475308e-04    1.3234882858252270e-05   -1.8910002088605376e-07 
   2.1934858291023965e-04    2.1050527359909145e-04    2.7083674564424626e-04    2.1462263673607159e-04    4.6126858276576934e-06 
   2.8536815981352764e-03   -4.0833837858793354e-02    4.8268937849588432e-03    8.4403734843292131e-05   -1.2059606565973926e-06 
   1.3988669056231137e-03    1.3424698568369989e-03    1.7272259308984800e-03    1.3687278018591968e-03    2.9416800713900997e-05 
   1.7506025128757436e-03   -2.5049682912303549e-02    2.9610775059329855e-03    5.1777812356261628e-05   -7.3980144009345762e-07 
   8.5814055841504301e-04    8.2354356084241183e-04    1.0595737299181648e-03    8.3965160336854714e-04    1.8045855320429084e-05 
  -1.8823311269730611e-01    2.4425375281693910e-02   -1.5341738659204879e-01    2.0101588732256891e-02    5.7245627388651606e-04 
   4.5135582216869613e-03    1.0921282502289041e-02    1.1072609359829916e-02    7.6636632413150793e-03    6.7090163940313405e-03 
  -7.8479072393056584e-02    1.0183547238270075e-02   -6.3963529137789465e-02    8.3808529473295805e-03    2.3867127688869310e-04 
   1.8818148271269393e-03    4.5533546560452224e-03    4.6164465915595745e-03    3.1951720592238828e-03    2.7971560143090824e-03 
2    101 5 
   4.9637915465519751e-03   -6.7444083608823193e-05   -4.0375559756819989e-05    7.4743626659468977e-06   -1.2528892082669980e-06 
   4.9637915465519751e-03   -6.7444083608823193e-05   -4.0375559756819989e-05    7.4743626659468977e-06   -1.2528892082669980e-06 
  -3.2189803747354904e-04    1.1108198202056680e-03   -2.2627433779983877e-04    3.2658245190590065e-05   -4.7979259683206575e-06 
  -3.2189803747354904e-04    1.1108198202056680e-03   -2.2627433779983877e-04    3.2658245190590065e-05   -4.7979259683206575e-06 
   4.8236926156548354e-04   -7.9500701149667434e-06   -3.6348025027558103e-06    6.8452360983894077e-07   -1.1559662725333973e-07 
   4.8236926156548354e-04   -7.9500701149667434e-06   -3.6348025027558103e-06    6.8452360983894077e-07   -1.1559662725333973e-07 
   4.9242458572059163e-03   -4.7648755101820247e-04    4.4676878715518701e-05   -4.8539390916077960e-06    5.6325011655082866e-07 
   4.9242458572059163e-03   -4.7648755101820247e-04    4.4676878715518701e-05   -4.8539390916077960e-06    5.6325011655082866e-07 
  -2.3791952482118107e-03    2.5599142223866489e-04   -2.2673709996214830e-05    2.4091882705637311e-06   -2.6986949900632067e-07 
  -1.3505239543446384e-03    1.4531070877848835e-04   -1.2870481523854112e-05    1.3675491628389422e-06   -1.5318844606341266e-07 
  -6.7294484066104693e-04    7.2406040226613962e-05   -6.4131584711534363e-06    6.8142823422142255e-07   -7.6331392786943414e-08 
  -2.4065133794861269e-03    2.5893073849825760e-04   -2.2934051549358865e-05    2.4368507843861120e-06   -2.7296816457667671e-07 
   2.3019610226442922e-03   -2.4768134375166773e-04    2.1937668499151346e-05   -2.3309804015529009e-06    2.6110890578652799e-07 
   2.3019610226442922e-03   -2.4768134375166773e-04    2.1937668499151346e-05   -2.3309804015529009e-06    2.6110890578652799e-07 
   6.1532225876482073e-04   -6.6206092280447887e-05    5.8640157674891855e-06   -6.2307924057395915e-07    6.9795326728694109e-08 
   6.1532225876482073e-04   -6.6206092280447887e-05    5.8640157674891855e-06   -6.2307924057395915e-07    6.9795326728694109e-08 
   2.2799597061670149e-03   -2.4531409444736020e-04    2.1727996144721554e-05   -2.3087017282771974e-06    2.5861332066812925e-07 
   2.2799597061670149e-03   -2.4531409444736020e-04    2.1727996144721554e-05   -2.3087017282771974e-06    2.5861332066812925e-07 
  -2.3020459884548045e-03    2.4769048571624208e-04   -2.1938478222585601e-05    2.3310664384740992e-06   -2.6111854336492049e-07 
  -6.1533568425325915e-04    6.6207536806651523e-05   -5.8641437122770878e-06    6.2309283530911034e-07   -6.9796849567074643e-08 
  -2.2800436813934549e-03    2.4532312982924629e-04   -2.1728796427898233e-05    2.3087867621266512e-06   -2.5862284588566042e-07 
   1.0703132352011999e-03   -9.0441678348078547e-04    1.7538406396276922e-04   -2.5044012873289158e-05    3.6539890169933152e-06 
  -7.3502610712235651e-04   -8.3408422484128558e-04    1.8059336073018715e-04   -2.6390447907123449e-05    3.9076860151057221e-06 
   1.0603514714490473e-03   -8.9599907356727258e-04    1.7375170573937391e-04   -2.4810919857670534e-05    3.6199801174085086e-06 
  -7.2818497296648407e-04   -8.2632112360699669e-04    1.7891251783706607e-04   -2.6144823169693355e-05    3.8713158725906146e-06 
   1.1150860581100105e-03   -9.4224990667385647e-04    1.8272064486131006e-04   -2.6091641844345435e-05    3.8068409091198541e-06 
  -7.6577336189339131e-04   -8.6897523063439940e-04    1.8814785439853806e-04   -2.7494400293928902e-05    4.0711504367193396e-06 
   9.1855827958745755e-04   -7.7618354827497247e-04    1.5051713719153802e-04   -2.1493133619458806e-05    3.1359061578360293e-06 
  -6.3081002290255636e-04   -7.1582313046631243e-04    1.5498783092788188e-04   -2.2648663615332039e-05    3.3536325863790047e-06 
   1.8550818228511721e-03   -1.5675477796005567e-03    3.0397810507681904e-04   -4.3406632305874513e-05    6.3331447125830356e-06 
  -1.2739574974866324e-03   -1.4456464083050556e-03    3.1300693086841811e-04   -4.5740292280140336e-05    6.7728558870615646e-06 
   2.2839491230560497e-03   -9.0727950019943166e-05    6.8600168764491555e-06   -5.5103579605649735e-07    5.2457879724767093e-08 
   7.5695423384151427e-05   -3.0069367658883654e-06    2.2735702675829677e-07   -1.8262616912634206e-08    1.7385770004753696e-09 
   7.1102822179937325e-02   -2.8244995617005900e-03    2.1356279577054450e-04   -1.7154585374196106e-05    1.6330938620103053e-06 
   2.6049123121498394e-03   -1.0347794163944925e-04    7.8240545039406962e-06   -6.2847281276660553e-07    5.9829781401381848e-08 
   2.3115853997105422e-04   -9.1825777770016281e-06    6.9430245592115275e-07   -5.5770344795496385e-08    5.3092631375820471e-09 
   3.3292991339776679e-05   -1.3225359636067212e-06    9.9998060443984190e-08   -8.0324162218939661e-09    7.6467541143947688e-10 
   7.1102822179937325e-02   -2.8244995617005900e-03    2.1356279577054450e-04   -1.7154585374196106e-05    1.6330938620103053e-06 
   1.2473143992816668e-03    6.1651637791466218e-03   -6.8274145016890026e-04    8.8839619253796849e-05   -1.1241507272208601e-05 
   5.5284412670918026e-01    1.5268450401159706e-01    4.1682391665958696e-01   -8.3057898780267869e-02    1.5555995186333970e-02 
   7.0957351860071205e-01    2.6666163379954795e+00    6.1080743573231766e-01    1.2986064837517413e+00   -3.9472402516217409e-01 
   7.1577447730551542e+00    4.8707518802823202e+00    1.1256904630250903e+01    1.8330256190373964e+00    3.8815971854669025e+00 
  -8.5125506340249981e-04    1.7107585612748528e-04    6.4482386694539036e-04   -2.2261957304758052e-04    6.3317451517726017e-05 
   5.4669852790907342e-04   -2.1717137310721816e-05    1.6420510815792443e-06   -1.3189893570229872e-07    1.2556604406488614e-08 
   1.1437210166857318e-02   -4.5433351466154842e-04    3.4352540506311271e-05   -2.7593925562259658e-06    2.6269052548643872e-07 
   3.6215248124250540e-03   -1.4386201463981597e-04    1.0877528348124043e-05   -8.7374529835532735e-07    8.3179397961480337e-08 
   2.5838452686567067e-03   -1.0264107112871064e-04    7.7607780182953392e-06   -6.2339008348660207e-07    5.9345912289516317e-08 
   1.1301529176734720e-02   -4.4894370191737138e-04    3.3945012215659624e-05   -2.7266575527851274e-06    2.5957419641021791e-07 
   1.0897839326014749e-02   -4.3290746353099598e-04    3.2732498696494742e-05   -2.6292615311286726e-06    2.5030222383368262e-07 
   1.1089674838693252e-03   -4.4052796725879218e-05    3.3308691415146872e-06   -2.6755446262176133e-07    2.5470831333429407e-08 
   8.4032518851654445e-04   -3.3381208422985235e-05    2.5239813429886740e-06   -2.0274061909967362e-07    1.9300639065860368e-08 
   1.0719930441187886e-02   -4.2584018333296890e-04    3.2198135675855525e-05   -2.5863384366575845e-06    2.4621600195246699e-07 
   1.0163037938218026e-02   -4.0371809897220853e-04    3.0525466206042863e-05   -2.4519800568696467e-06    2.3342526171858279e-07 
   2.1593145575004124e-03   -8.5776947162507049e-05    6.4856673716946220e-06   -5.2096590248758482e-07    4.9595265587059011e-08 
   1.0066195315814236e-02   -3.9987110758498594e-04    3.0234591940349651e-05   -2.4286153719956388e-06    2.3120097458932684e-07 
   1.7848881580490235e-05   -1.5082339951371202e-05    2.9247600476398220e-06   -4.1764186910347024e-07    6.0935075000231574e-08 
  -1.2257527528499129e-05   -1.3909451988182244e-05    3.0116319259472922e-06   -4.4009544501409042e-07    6.5165806273757290e-08 
   1.6039162141681443e-05   -1.3553123475278181e-05    2.6282151303464807e-06   -3.7529666077382721e-07    5.4756794908232566e-08 
  -1.1014722160553521e-05   -1.2499156024669013e-05    2.7062789650715057e-06   -3.9547364178336212e-07    5.8558567280801447e-08 
   2.3853587624722366e-03   -2.0156328338753120e-03    3.9087054145690322e-04   -5.5814460281375424e-05    8.1434802756819612e-06 
  -1.6381194846577607e-03   -1.8588858372764268e-03    4.0248026586449013e-04   -5.8815199224356418e-05    8.7088833161727903e-06 
   3.1735897424221024e-04   -2.6816895582809988e-04    5.2003193838102541e-05   -7.4258095433919261e-06    1.0834456383297099e-06 
  -2.1794286357091150e-04   -2.4731462278655258e-04    5.3547804354219577e-05   -7.8250414945329400e-06    1.1586694293109979e-06 
   1.4583061840592318e-04   -1.2322715864286737e-04    2.3896150832355835e-05   -3.4122570520125479e-06    4.9785750607523563e-07 
  -1.0014760933606683e-04   -1.1364431860768732e-04    2.4605919658964551e-05   -3.5957093790227284e-06    5.3242382638753558e-07 
  -1.1633079746355189e-02    1.4294726811845935e-02   -2.5676608260554502e-02    1.0358615215173679e-02   -1.5732610786399006e-02 
  -2.1577749430928508e-02   -2.2755641505689980e-02   -3.4068486698828095e-02   -7.2767196230031691e-03   -1.0142967850108963e-02 
  -8.4375384710798917e-03    1.1950314223010277e-02   -1.4301159311501764e-02    4.1226661548596742e-03   -8.4092506562547832e-04 
  -1.3086463550325394e-02   -1.0736093409198129e-02   -1.1751896559300343e-02    3.9783617794249054e-03   -8.4713612083509786e-04 
   2.4374225730107009e-02   -2.9852203124365696e-02    1.8207236966449620e-02   -2.6976312159653036e-02    1.0586734462677050e-02 
  -2.3766073905557444e-02   -4.3146449693060321e-02   -1.7600998732930032e-02   -1.9628911000771129e-02    9.5978247708873362e-03 
  -1.3320446464474131e-03    1.8866109041974985e-03   -2.2577417293173393e-03    6.5085041087438412e-04   -1.3275788140927950e-04 
  -2.0659762053694217e-03   -1.6949203607780872e-03   -1.8552864619313890e-03    6.2806890043556765e-04   -1.3373842838623499e-04 
  -1.7612846885378783e-04    1.8950683964456872e-05   -1.6785027743602054e-06    1.7834880999943847e-07   -1.9978058415359828e-08 
  -3.3915320493708366e-04    3.6491461284608343e-05   -3.2321270895315994e-06    3.4342869668751852e-07   -3.8469774841535181e-08 
  -1.7506595672144389e-04    1.8836362118820621e-05   -1.6683770429918643e-06    1.7727290344300995e-07   -1.9857538833345987e-08 
  -3.9960666651204229e-06    4.2996000001830260e-07   -3.8082480518814282e-08    4.0464425713840225e-09   -4.5326944466724146e-10 
   3.7043467961815109e-04    1.1338632590348912e-04    2.7235105792808046e-04   -5.9008430989459468e-05    1.1837318305557387e-05 
   3.7043467961815109e-04    1.1338632590348912e-04    2.7235105792808046e-04   -5.9008430989459468e-05    1.1837318305557387e-05 
   8.1456791582536388e-03   -4.2124743606136223e-04    3.9186824532313168e-05   -3.7338012055169982e-06    4.1111917808921155e-07 
   8.1456791582536388e-03   -4.2124743606136223e-04    3.9186824532313168e-05   -3.7338012055169982e-06    4.1111917808921155e-07 
   9.8242892392736520e-04    3.5465338689438272e-03   -4.4474594804732768e-04    6.3912063257958869e-05   -8.8350538994751635e-06 
   9.8242892392736520e-04    3.5465338689438272e-03   -4.4474594804732768e-04    6.3912063257958869e-05   -8.8350538994751635e-06 
   1.3500553124611658e-03   -6.9817056118524215e-05    6.4947783494182168e-06   -6.1883583372842290e-07    6.8138410518123386e-08 
   1.3500553124611658e-03   -6.9817056118524215e-05    6.4947783494182168e-06   -6.1883583372842290e-07    6.8138410518123386e-08 
  -3.8478494402492100e-04   -2.8342718163412652e-03    5.5607068902585198e-04   -8.4524936828809683e-05    1.2729477750038447e-05 
  -8.3846262139043740e-02   -1.3841179736264404e-02   -6.2117600620705017e-02    1.8781116534937782e-02   -4.0880754179500817e-03 
  -5.1281868799916967e-02   -2.4783475775815589e-01   -2.7094920089693421e-02   -1.2062194848733980e-01    5.1157926760615979e-02 
  -2.4265211916163804e-03   -1.7873414051012629e-02    3.5066790733645809e-03   -5.3302904289794395e-04    8.0274314258712204e-05 
  -3.4567342996905934e-02   -5.7063105166435309e-03   -2.5609256179362178e-02    7.7429008827066600e-03   -1.6853930224719703e-03 
  -3.5796165897208784e-04   -2.6366952686424317e-03    5.1730710736060961e-04   -7.8632719605037452e-05    1.1842108284145664e-05 
   1.8555125191100895e-03   -9.5956380808700926e-05    8.9264065145755372e-06   -8.5052636448186113e-07    9.3649254650281105e-08 
   1.8555125191100895e-03   -9.5956380808700926e-05    8.9264065145755372e-06   -8.5052636448186113e-07    9.3649254650281105e-08 
   3.1399211730948505e-03    1.1335005021714971e-02   -1.4214435109864423e-03    2.0426805008713227e-04   -2.8237536710032080e-05 
   3.1399211730948505e-03    1.1335005021714971e-02   -1.4214435109864423e-03    2.0426805008713227e-04   -2.8237536710032080e-05 
   5.6407297474516194e-03    1.7265705849607393e-03    4.1471784331543636e-03   -8.9854063441305440e-04    1.8025070861356633e-04 
   5.6407297474516194e-03    1.7265705849607393e-03    4.1471784331543636e-03   -8.9854063441305440e-04    1.8025070861356633e-04 
   1.4555443202380700e-02   -7.5272337770963479e-04    7.0022595744371032e-05   -6.6718968817739192e-06    7.3462528167754106e-07 
   1.4555443202380700e-02   -7.5272337770963479e-04    7.0022595744371032e-05   -6.6718968817739192e-06    7.3462528167754106e-07 
   1.6102620761348615e-03    5.8129894710941092e-03   -7.2896625517939796e-04    1.0475584458609890e-04   -1.4481202546500065e-05 
   1.6102620761348615e-03    5.8129894710941092e-03   -7.2896625517939796e-04    1.0475584458609890e-04   -1.4481202546500065e-05 
 TENSORSUMACCUMULATOR_IMPL_H - PrettifyOut: Norm of simple tensor is 1.51865e-05 
 As simple full tensor 3    5 5 5 
  -4.0510274272590090e-08    2.3952766700564318e-09   -3.7383563575203320e-09    1.6115557664451255e-09   -5.1418607461283734e-10 
  -3.0113687798843379e-09   -2.0345985891821456e-08    5.3167476560607510e-09   -9.8635802134947296e-10    1.8004087730932022e-10 
  -2.8585365449599157e-08    1.8153062628017586e-09    4.8294684746020706e-11   -2.8928923334532115e-11    7.1994700885730785e-12 
  -1.5387156524575260e-09   -4.1644171205739165e-09    1.0243754011441818e-09   -1.6959770039667380e-10    2.8081693789701922e-11 
  -7.2671392898015847e-09    6.7231828911885768e-10   -5.3609319954074653e-11    5.1748953100708450e-12   -4.7779055317868772e-13 

   1.4316939448653120e-05   -6.0899818033363606e-08   -3.6534813643464192e-07    1.6568381006149537e-07   -4.6008286058493484e-08 
   1.4548806871213789e-06   -3.1689286678209576e-06    7.7026632151833744e-07   -1.3067708187566976e-07    2.1971584436192212e-08 
  -3.4233064704920582e-06    7.5482341180634325e-07   -1.2855748981588167e-07    1.9377868444181130e-08   -3.0072014971034118e-09 
   5.4582050833121793e-07   -5.0811234594826379e-08    4.1345996610354282e-09   -4.0644369153878087e-10    3.8859933756127551e-11 
   1.4232182976162269e-08   -1.6839475908650303e-09    1.8980547252091581e-10   -2.3783305661159734e-11    3.1411425870073812e-12 

  -9.7500106218473766e-09    9.7677067204579551e-10   -9.6049673700335098e-10    3.3828715685051084e-10   -8.3984126470782279e-11 
   6.0424566120033715e-10   -1.1314861951825655e-09    2.5614652772082815e-10   -4.3589113829402491e-11    7.2507554237402006e-12 
  -9.4538687961508012e-10    1.0743654293197601e-10   -1.0732641955077179e-11    1.2482913838955733e-12   -1.5157855513891251e-13 
  -5.2899870526158457e-12   -1.5146147752917707e-11    3.9916266229807876e-12   -6.9437391757180424e-13    1.1921608003974442e-13 
  -2.5897394866790367e-11    2.5938629418847395e-12   -2.2045909042734219e-13    2.2240212592929570e-14   -2.1360041844206917e-15 

  -3.1363272403229056e-07    6.4720848933087556e-08   -8.5939480722652916e-09    1.5966746914100055e-09   -3.1141474875181747e-10 
   7.3996853919789551e-08   -2.1964744125952456e-08    4.0550305978512830e-09   -6.3348864597640411e-10    1.0058177140915963e-10 
  -1.4156282785742879e-08    3.2164913674011247e-09   -5.4797232939648330e-10    8.1443722350334042e-11   -1.2490861812678596e-11 
   2.5113414051743404e-09   -1.8685411435961206e-10    6.9720862527615024e-12    2.6181833367451160e-13   -1.8962627788140583e-13 
   1.2845561294969698e-10   -1.4511714294545200e-11    1.4723049468577930e-12   -1.7046564771280718e-13    2.0242166193713629e-14 

  -1.8321959206349376e-09    1.4586446765703186e-10   -2.0962461926795673e-11    4.1601284404594966e-12   -8.3550714951126986e-13 
   2.0081563149957659e-10   -2.5423948040703596e-11    3.5391268799688044e-12   -4.9827737232609532e-13    7.3845857935887555e-14 
  -7.4162147540958634e-12    9.4504393221425978e-13   -9.7273339050938752e-14    1.1710941738695542e-14   -1.4550970667390660e-15 
  -1.0761887061004418e-13   -7.0809161755110453e-14    2.0728386241529545e-14   -3.7275066323259425e-15    6.5369661265810811e-16 
  -1.3596332432223283e-13    1.4046181883419160e-14   -1.2225770575444618e-15    1.2521662512250483e-16   -1.2190375641617333e-17 
