2    102 5 
  -2.3214476101716020e-03    2.1136383927338908e-06   -1.8476980913855168e-05    1.4985797905541104e-08   -5.9463430265869254e-07 
   1.5147041188234469e-06    1.0073654155586262e-03   -7.6409683670571591e-05    5.0029352350510468e-05   -1.1073459189566455e-06 
  -4.8501680720586367e-06    1.3443575879777704e-03    2.7587771253030704e-05   -2.3127150974538275e-05    6.1195449811726783e-07 
   5.4412654845390107e-06    3.9263238950522569e-03   -2.5268312749579489e-05   -1.3682315392594870e-04   -4.4641571466010708e-07 
   3.6807887733869575e-06   -8.5350968070180624e-04    3.5471453587092257e-05    2.1370390597325598e-04    1.3022580726327092e-06 
   5.1208796683857225e-04   -3.2574195952546972e-03   -4.7306123293253608e-06    4.1281965057487048e-04    2.1687234970187958e-06 
   1.8694202593414644e-05    2.6301467463653414e-04    1.3187723765628347e-03   -6.4127213714972508e-07   -1.5204403135604734e-04 
  -1.3829528892454176e-05   -3.1123131448020579e-05   -2.2996167562080238e-04    5.6727181051834119e-04   -3.1951300819561967e-06 
   1.5303385827747872e-04    1.9453304074042413e-04   -1.2932457970871293e-05   -5.5797646706859958e-04    1.0567410621410113e-05 
   3.2735792782371744e-05    3.4196166498275587e-04   -3.3354062128648227e-05    3.6616856053306370e-06    4.7543162865857025e-06 
  -3.5869491889792574e-06    1.0044346005393738e-04   -4.5096213859033556e-04    4.2794706763205157e-04    6.5169503637890424e-05 
   4.6531530335780483e-06    2.7982435333027576e-04    5.8509331546997159e-07    9.5625108808309444e-07    4.1244557495934291e-09 
   5.4653502439715191e-07    7.3365963847010079e-03   -4.2941581867044607e-08    4.0037435693450878e-05   -4.3343184173147022e-10 
   5.4653502439715191e-07    7.3365963847010079e-03   -4.2941581867044607e-08    4.0037435693450878e-05   -4.3343184173147022e-10 
   1.4995880516032421e-07    2.0130223657795110e-03   -1.1782352495302971e-08    1.0985510077594394e-05   -1.1892544521951543e-10 
   1.4995880516032421e-07    2.0130223657795110e-03   -1.1782352495302971e-08    1.0985510077594394e-05   -1.1892544521951543e-10 
  -1.2308249876373197e-07   -1.6522392438545204e-03    9.6706651195742748e-09   -9.0166364629198783e-06    9.7611080246724172e-11 
  -1.2308249876373197e-07   -1.6522392438545204e-03    9.6706651195742748e-09   -9.0166364629198783e-06    9.7611080246724172e-11 
   8.9688671154671802e-06    7.1997280404010799e-03    1.4041179140965342e-06    3.0176938750459573e-05    1.0463028675962093e-08 
  -3.8015037127800588e-03    4.9657615710212101e-06   -1.1808385628267535e-03    3.9032432290315329e-08   -8.8392704843976747e-06 
  -5.1185964722434880e-04    3.1636845345141665e-07    1.6477515930035840e-03   -2.4275868119165726e-08    1.2364870015235743e-05 
  -5.6814275032118860e-06   -4.5607469012266463e-03   -8.8945393350105619e-07   -1.9115913701512233e-05   -6.6279205747167822e-09 
   2.4081043312710187e-03   -3.1456162746952459e-06    7.4801517307881949e-04   -2.4725523466505496e-08    5.5993330921115001e-06 
   3.2424312235707249e-04   -2.0040707588227678e-07   -1.0437863665977757e-03    1.5377815617172132e-08   -7.8326628852657561e-06 
   4.0415324694382667e-05    2.4304363118146871e-03    5.0818737640031108e-06    8.3055936341120423e-06    3.5823283073768679e-08 
  -4.6230622244972788e-05   -2.7801479728699718e-03   -5.8130965928604768e-06   -9.5006724484451060e-06   -4.0977838972757610e-08 
  -4.3098489857913447e-06   -3.4597168397538232e-03   -6.7472692928678634e-07   -1.4501056509541244e-05   -5.0278449827441867e-09 
   1.8267532242452840e-03   -2.3862191506482817e-06    5.6743352497726240e-04   -1.8756425594630102e-08    4.2475733492158346e-06 
   2.4596615749306538e-04   -1.5202591817784347e-07   -7.9180128777865785e-04    1.1665389200845689e-08   -5.9417451288472697e-06 
   1.9589466083923148e-06    1.5725378294174988e-03    3.0668221417382681e-07    6.5911347615942644e-06    2.2852958210229688e-09 
  -8.3031030664940174e-04    1.0846031792422414e-06   -2.5791436844003595e-04    8.5253187351335892e-09   -1.9306405940847929e-06 
  -1.1179848101147778e-04    6.9100021319547957e-08    3.5989577647112556e-04   -5.3022448549614537e-09    2.7006889351483252e-06 
  -7.0780978654087236e-05   -4.2565205650960452e-03   -8.9000892887213356e-06   -1.4545919157425860e-05   -6.2738752038683231e-08 
  -1.2826762432082187e-04   -1.1551678310966479e-02   -1.2848524809527044e-04   -8.0309603902265179e-03   -2.2291064278228936e-05 
  -3.3630397687999768e-05   -3.8107263374662748e-02   -3.5479499435337417e-05   -2.6530847241089391e-02   -6.6727290501815689e-06 
   1.5212267546592606e-02   -2.5345825123125233e-05    1.8565239460004029e-02   -1.8144333375267497e-05    5.6842183262571025e-03 
  -2.6459099520592605e-03   -1.9066268396164860e-06   -1.0794879281466344e-02   -1.4759837747457311e-06   -7.8283971469523001e-03 
  -9.7428486380630196e-08   -7.8210391156176648e-05   -1.5252883258180288e-08   -3.2781101873925082e-07   -1.1365951058613902e-10 
   4.1295600429599483e-05   -5.3942892381285523e-08    1.2827407559387907e-05   -4.2400793197634190e-10    9.6020682759216735e-08 
   5.5603132509778499e-06   -3.4366993246222081e-09   -1.7899467298468180e-05    2.6370789710411643e-10   -1.3431914581498482e-07 
  -1.1356371613944499e-06   -1.4419788379283454e-03   -1.2133694919062213e-08   -6.0439139873047251e-06   -8.0213123955511313e-11 
  -1.1356371613944499e-06   -1.4419788379283454e-03   -1.2133694919062213e-08   -6.0439139873047251e-06   -8.0213123955511313e-11 
   8.8074424292498303e-07    1.1183277574023692e-03    9.4102960951453693e-09    4.6873619761756691e-06    6.2209347785076721e-11 
   8.8074424292498303e-07    1.1183277574023692e-03    9.4102960951453693e-09    4.6873619761756691e-06    6.2209347785076721e-11 
  -2.1133712386063641e-05   -1.2709075672396122e-03   -2.6573795787332074e-06   -4.3431057002801145e-06   -1.8732472569020227e-08 
  -2.1133712386063641e-05   -1.2709075672396122e-03   -2.6573795787332074e-06   -4.3431057002801145e-06   -1.8732472569020227e-08 
  -6.5705676963293740e-04   -5.9174000259474585e-02   -6.5817155736672182e-04   -4.1138961752764922e-02   -1.1418699585251213e-04 
  -4.9046577680089785e-06   -2.9494896865321548e-04   -6.1671783713575341e-07   -1.0079368319694701e-06   -4.3473841898334375e-09 
  -1.8072289674301301e-06   -1.0868043098552774e-04   -2.2724324361066216e-07   -3.7139648192302726e-07   -1.6018892677203351e-09 
  -2.8756449088010847e-07   -2.3084143200680399e-04   -4.5019560208053938e-08   -9.6754873456992953e-07   -3.3547107739819482e-10 
   1.2188579289565015e-04   -1.5921483500855056e-07    3.7860661303062095e-05   -1.2514781827930081e-09    2.8340929616560427e-07 
   1.6411510724950090e-05   -1.0143570205248276e-08   -5.2831070171818656e-05    7.7834553310771409e-10   -3.9644890541393333e-07 
  -5.1535129691009837e-07    1.5898527650848380e-03    4.1519982490548626e-09    6.5727898894248277e-06    3.3301143868287752e-11 
  -5.1535129691009837e-07    1.5898527650848380e-03    4.1519982490548626e-09    6.5727898894248277e-06    3.3301143868287752e-11 
  -1.0569174701936882e-05   -2.7587544137228984e-03   -3.6159359679131964e-08   -9.7930894801280776e-06   -1.3194183563533630e-10 
  -1.0569174701936882e-05   -2.7587544137228984e-03   -3.6159359679131964e-08   -9.7930894801280776e-06   -1.3194183563533630e-10 
  -1.3011367003450638e-05    6.2648954371879468e-03   -9.5089439725292867e-07    2.3702576603503264e-05   -7.0529722499725101e-09 
  -1.3011367003450638e-05    6.2648954371879468e-03   -9.5089439725292867e-07    2.3702576603503264e-05   -7.0529722499725101e-09 
   8.0348976978916224e-07    6.4499872182854944e-04    1.2579006523673937e-07    2.7034475210067171e-06    9.3734653372755163e-10 
  -3.4056356323606776e-04    4.4486539605954114e-07   -1.0578724077287345e-04    3.4967805444648851e-09   -7.9187965605652462e-07 
  -4.5855734600348237e-05    2.8342355010908323e-08    1.4761636348128811e-04   -2.1747910226992492e-09    1.1077259183471774e-06 
   1.3805087143417416e-06    1.1081987471442823e-03    2.1612506812937049e-07    4.6449040197421216e-06    1.6104935082228403e-09 
  -5.8513622016374280e-04    7.6434147522555125e-07   -1.8175739535730630e-04    6.0079620118139641e-09   -1.3605609019550192e-06 
  -7.8786617575646371e-05    4.8696162102715080e-08    2.5362572596142715e-04   -3.7365976165400560e-09    1.9032293140232012e-06 
   1.1711663625417914e-05    7.0429849969586467e-04    1.4726393159254552e-06    2.4068177006543387e-06    1.0380969211325405e-08 
   1.1711663625417914e-05    7.0429849969586467e-04    1.4726393159254552e-06    2.4068177006543387e-06    1.0380969211325405e-08 
   5.0220257728855073e-07    6.3767329339061167e-04    5.3657744458659076e-09    2.6727455603933781e-06    3.5471926203401052e-11 
   5.0220257728855073e-07    6.3767329339061167e-04    5.3657744458659076e-09    2.6727455603933781e-06    3.5471926203401052e-11 
  -5.7446371683624487e-07   -7.2942710136253105e-04   -6.1378472976374053e-09   -3.0573227183956872e-06   -4.0575925914530986e-11 
  -5.7446371683624487e-07   -7.2942710136253105e-04   -6.1378472976374053e-09   -3.0573227183956872e-06   -4.0575925914530986e-11 
   1.7955420571927592e-05    1.0797762106803689e-03    2.2577371681688608e-06    3.6899475119331128e-06    1.5915302393849953e-08 
   2.3715356274151476e-06    1.9037422826864590e-03    3.7127494649008644e-07    7.9793450445510190e-06    2.7666197922498641e-09 
  -1.0051884342294961e-03    1.3130399114305966e-06   -3.1223572452533503e-04    1.0320902585513502e-08   -2.3372678627334430e-06 
  -1.3534523078564552e-04    8.3653715579794728e-08    4.3569623204686264e-04   -6.4189919852585812e-09    3.2695020889448646e-06 
   2.8637945898500863e-05    1.7221859315452951e-03    3.6009713398828606e-06    5.8852710685185551e-06    2.5384065334896586e-08 
   7.2105057013912946e-06   -3.4718153946840498e-03    5.2695688861861653e-07   -1.3135250407731884e-05    3.9085437069521137e-09 
   7.2105057013912946e-06   -3.4718153946840498e-03    5.2695688861861653e-07   -1.3135250407731884e-05    3.9085437069521137e-09 
   2.2789915504301972e-07   -7.0306624622475708e-04   -1.8361007304591475e-09   -2.9066255795928104e-06   -1.4726464442899714e-11 
   2.2789915504301972e-07   -7.0306624622475708e-04   -1.8361007304591475e-09   -2.9066255795928104e-06   -1.4726464442899714e-11 
   6.8937236115245522e-06    1.7993921925421391e-03    2.3584871915492110e-08    6.3875235373448546e-06    8.6058805282168690e-11 
   6.8937236115245522e-06    1.7993921925421391e-03    2.3584871915492110e-08    6.3875235373448546e-06    8.6058805282168690e-11 
   2.0993339102952821e-05    1.2624660088193574e-03    2.6397288655445286e-06    4.3142581417012586e-06    1.8608048680435899e-08 
   1.7824941102027400e-06    1.4308911774313824e-03    2.7905775385956968e-07    5.9974370111783225e-06    2.0794473537936152e-09 
  -7.5551994367923465e-04    9.8690733612852154e-07   -2.3468268135103454e-04    7.7573989856967810e-09   -1.7567377656600569e-06 
  -1.0172821100832294e-04    6.2875823409022105e-08    3.2747809414423237e-04   -4.8246441145111559e-09    2.4574238520683129e-06 
  -1.3824109789732897e-06   -1.1097257837066148e-03   -2.1642287651610671e-07   -4.6513044405014391e-06   -1.6127126791764195e-09 
   5.8594250550239493e-04   -7.6539469549112562e-07    1.8200784699235836e-04   -6.0162406510750044e-09    1.3624356796047136e-06 
   7.8895181175786270e-05   -4.8763262719971449e-08   -2.5397520817992743e-04    3.7417464413279244e-09   -1.9058518587215286e-06 
   9.9102201516743479e-06    5.9596598807122115e-04    1.2461235475682985e-06    2.0366101726713496e-06    8.7842080819937269e-09 
  -1.9504667201041220e-05   -1.1729424858947211e-03   -2.4525413880532322e-06   -4.0083270631983317e-06   -1.7288521611201266e-08 
   2.2977036813630880e-06    6.8461032394886035e-04    2.7919789016505396e-06    2.0480271892809256e-04    2.0255261337784225e-08 
   2.2977036813630880e-06    6.8461032394886035e-04    2.7919789016505396e-06    2.0480271892809256e-04    2.0255261337784225e-08 
   8.5752067615923328e-07    1.6670869839288751e-03    7.4472630149585251e-07    1.1606509333948181e-03    9.7813425101788032e-09 
   8.5752067615923328e-07    1.6670869839288751e-03    7.4472630149585251e-07    1.1606509333948181e-03    9.7813425101788032e-09 
   1.8088943314925211e-06    4.9687399586247235e-04    3.2862431597682703e-06    4.9772780802965447e-04    1.6475777782079243e-06 
   1.8088943314925211e-06    4.9687399586247235e-04    3.2862431597682703e-06    4.9772780802965447e-04    1.6475777782079243e-06 
   5.6106855734028222e-06    5.0529379639729336e-04    5.6202048778897766e-06    3.5129046663647369e-04    9.7505628114569804e-07 
   5.6106855734028222e-06    5.0529379639729336e-04    5.6202048778897766e-06    3.5129046663647369e-04    9.7505628114569804e-07 
  -1.1634066923148940e-05   -6.9963210534427351e-04   -1.4628822089761532e-06   -2.3908711090763456e-06   -1.0312189147030666e-08 
  -7.8825849817950295e-07   -6.3277186955309150e-04   -1.2340553873564865e-07   -2.6521998946857020e-06   -9.1957782006823108e-10 
   3.3410770489531615e-04   -4.3643235069681107e-07    1.0378189576708593e-04   -3.4304941818568176e-09    7.7686847037991609e-07 
   4.4986475059257089e-05   -2.7805086058072980e-08   -1.4481808899074458e-04    2.1335648191974013e-09   -1.0867274253161679e-06 
2    102 5 
  -7.8855574268269613e-01    1.0201601285597292e-02   -1.4380308894779694e-03    8.5979027775999570e-05   -1.1681157063661378e-05 
   5.2571553853319831e-02   -1.5668263687142615e-02    1.5875501736536046e-03   -1.7829451598751819e-04    1.8969490078570364e-05 
   8.4326095613339772e-02   -1.8747945355201714e-02    1.3424227493294676e-03   -9.0395230463023724e-05   -1.5159898894157725e-06 
   5.2624033703817831e-02   -1.4670906591793303e-02    1.2612444316892823e-03   -1.1405934640682912e-04    7.0754380705672845e-06 
   1.7689962155806582e-01   -1.8504622209657564e-02   -8.7444271587958176e-04    3.8051683631170913e-04   -9.3217044665902526e-05 
  -3.0654169718182310e-03   -5.8933513466787185e-03    8.7726184268534235e-04   -1.2099930532830658e-04    1.7128861179905750e-05 
  -7.0988932976582934e-04   -3.9585343650886352e-03    1.0113417560012471e-03   -1.6771809050470710e-04    2.8282605161503291e-05 
  -2.4221444468668397e-03   -9.1764892217833065e-03    3.8321151085959401e-03   -7.8623638465270731e-04    1.4885206417756527e-04 
   1.9660534069816578e-04    3.5170144393914123e-03    2.6808836579120979e-03   -6.6322052981161652e-04    1.3897083994127059e-04 
  -6.4395064198517998e-04   -2.9611164345386500e-03   -5.7662544414520496e-03    1.6611588832298565e-03   -3.5603509614130519e-04 
   2.7461144399729617e-03    7.3075611981828180e-03   -1.9386681163361848e-03    3.3008035321709095e-04   -5.6404695624554402e-05 
  -5.2629510206919076e-02   -8.6879783501561461e-03   -3.8990633720502821e-02    1.1788730220718672e-02   -2.5660464932696237e-03 
  -7.0929721424092384e-03    1.8656348100565604e-03   -1.8896581046692860e-04    2.2474228336576340e-05   -2.6901629246897248e-06 
  -9.5561603204755908e-05   -3.6143456843227770e-04    1.8432061109751339e-05   -1.2408977210590398e-06   -1.5090028212129873e-08 
  -1.9461765120806359e-03    5.1189467187429550e-04   -5.1848620653415098e-05    6.1665003665057905e-06   -7.3812948825750797e-07 
  -2.6220284512592860e-05   -9.9170764189407068e-05    5.0574066386856696e-06   -3.4047870908445407e-07   -4.1404164408724232e-09 
  -1.5973738113348619e-03    4.2015055568606763e-04   -4.2556072520399202e-05    5.0613118244410575e-06   -6.0583852831314732e-07 
  -2.1520964591946296e-05   -8.1396923959824508e-05    4.1509949728407993e-06   -2.7945654971817575e-07   -3.3983519735315139e-09 
   7.3580286494525308e-03   -3.8051470513754469e-04    3.5397634990038896e-05   -3.3727594357453831e-06    3.7136580412140057e-07 
   7.3580286494525308e-03   -3.8051470513754469e-04    3.5397634990038896e-05   -3.3727594357453831e-06    3.7136580412140057e-07 
   7.3580286494525308e-03   -3.8051470513754469e-04    3.5397634990038896e-05   -3.3727594357453831e-06    3.7136580412140057e-07 
   1.2367862492784893e-03    4.4647548691618749e-03   -5.5989360611285088e-04    8.0459317794174233e-05   -1.1122507601692985e-05 
   1.2367862492784893e-03    4.4647548691618749e-03   -5.5989360611285088e-04    8.0459317794174233e-05   -1.1122507601692985e-05 
   1.2367862492784893e-03    4.4647548691618749e-03   -5.5989360611285088e-04    8.0459317794174233e-05   -1.1122507601692985e-05 
  -2.4167326315595191e-03    2.6003028712691655e-04   -2.3031440932623845e-05    2.4471988641612613e-06   -2.7412732309438918e-07 
  -2.7644724916005958e-03    2.9744563645896281e-04   -2.6345398770519527e-05    2.7993224625284397e-06   -3.1357107277586073e-07 
   3.5357857245513222e-03   -1.8285039736931318e-04    1.7009780532720572e-05   -1.6207268595157748e-06    1.7845403590493886e-07 
   3.5357857245513222e-03   -1.8285039736931318e-04    1.7009780532720572e-05   -1.6207268595157748e-06    1.7845403590493886e-07 
   3.5357857245513222e-03   -1.8285039736931318e-04    1.7009780532720572e-05   -1.6207268595157748e-06    1.7845403590493886e-07 
   4.2644181008393863e-04    1.5394399388715641e-03   -1.9305036984723579e-04    2.7742236896863006e-05   -3.8350218375287832e-06 
   4.2644181008393863e-04    1.5394399388715641e-03   -1.9305036984723579e-04    2.7742236896863006e-05   -3.8350218375287832e-06 
   4.2644181008393863e-04    1.5394399388715641e-03   -1.9305036984723579e-04    2.7742236896863006e-05   -3.8350218375287832e-06 
  -4.2325207603942832e-03    4.5540146817389285e-04   -4.0335885987611509e-05    4.2858774951418358e-06   -4.8009017250683772e-07 
  -2.6412248997463026e-05    2.8418471289668516e-06   -2.5170850293450904e-07    2.6745211655799199e-08   -2.9959123404995029e-09 
  -1.9925622113411675e-03    5.2415683037880924e-04   -5.3087733357606082e-05    6.3137200853009111e-06   -7.5572563342789462e-07 
  -1.9925622113411675e-03    5.2415683037880924e-04   -5.3087733357606082e-05    6.3137200853009111e-06   -7.5572563342789462e-07 
  -1.9925622113411675e-03    5.2415683037880924e-04   -5.3087733357606082e-05    6.3137200853009111e-06   -7.5572563342789462e-07 
   1.1915088815807784e-03   -1.2820135440128871e-04    1.1355069265198753e-05   -1.2065294867810550e-06    1.3515154133544217e-07 
   1.1915088815807784e-03   -1.2820135440128871e-04    1.1355069265198753e-05   -1.2065294867810550e-06    1.3515154133544217e-07 
   1.1915088815807784e-03   -1.2820135440128871e-04    1.1355069265198753e-05   -1.2065294867810550e-06    1.3515154133544217e-07 
   1.1759342839616363e-04   -4.3963458776298311e-03    1.7714336531254363e-03   -3.0932457897638960e-04    5.2021358564783485e-05 
  -2.5697049854196664e-04   -1.4300097147130049e-04   -2.8600571403290093e-04    3.7028610652492919e-05   -5.0921050817085448e-06 
  -1.2988889483472103e-02    1.3556895245813623e-03   -9.2612363623625626e-03    5.2216744922557647e-03   -1.3210549540117905e-03 
  -4.0116703305289047e-04   -1.2585973849302179e-03   -4.9310880720956343e-04   -7.1416312188546838e-04    1.6028628314328688e-04 
  -8.2830072809325875e-05    2.1786447775348095e-05   -2.2066986201545281e-06    2.6244879185719340e-07   -3.1415094610157673e-08 
  -1.1159460931616266e-06   -4.2207485124682939e-06    2.1524530663503639e-07   -1.4490913896263348e-08   -1.7621782666144072e-10 
  -1.3529795298622904e-04    1.4557491839711911e-05   -1.2893883137152934e-06    1.3700356942571000e-07   -1.5346697929233489e-08 
  -4.3145575770205731e-04   -3.1780424703257279e-03    6.2351686102878122e-04   -9.4777020854097330e-05    1.4273444304615538e-05 
  -2.0440672099379921e-02   -3.3743068473152242e-03   -1.5143495649006531e-02    4.5786017761206780e-03   -9.9662175753618141e-04 
   8.0871875613819941e-04    3.4246467215077190e-03   -3.5762096465128036e-04    4.4524741099355762e-05   -5.5338919665832986e-06 
   8.0871875613819941e-04    3.4246467215077190e-03   -3.5762096465128036e-04    4.4524741099355762e-05   -5.5338919665832986e-06 
   8.0871875613819941e-04    3.4246467215077190e-03   -3.5762096465128036e-04    4.4524741099355762e-05   -5.5338919665832986e-06 
   1.2965248844431422e-04   -4.8471856877608114e-03    1.9530919743913828e-03   -3.4104543041443532e-04    5.7356084282666903e-05 
  -2.8332250404758944e-04   -1.5766554350934593e-04   -3.1533524482961896e-04    4.0825848690775741e-05   -5.6142941341864073e-06 
  -3.2041875763891947e-02    3.3443071000273054e-03   -2.2846247581093077e-02    1.2881181687875751e-02   -3.2588681863512676e-03 
  -9.8962611468873395e-04   -3.1047936081070706e-03   -1.2164343348055183e-03   -1.7617461489471721e-03    3.9540510200417224e-04 
  -4.0825210542761364e-04    1.0738084457017631e-04   -1.0876355979984895e-05    1.2935552053573615e-06   -1.5483843104096056e-07 
  -5.5002648992680727e-06   -2.0803186671853817e-05    1.0608990990440380e-06   -7.1422683900547012e-08   -8.6854081263479873e-10 
   6.5625116802003945e-04   -7.0609871120707213e-05    6.2540679162616367e-06   -6.6452411491907698e-07    7.4437847868513434e-08 
   6.5625116802003945e-04   -7.0609871120707213e-05    6.2540679162616367e-06   -6.6452411491907698e-07    7.4437847868513434e-08 
   6.5625116802003945e-04   -7.0609871120707213e-05    6.2540679162616367e-06   -6.6452411491907698e-07    7.4437847868513434e-08 
  -1.0964090955119289e-03    2.8841775329825875e-04   -2.9211571604689690e-05    3.4741299863259379e-06   -4.1583868924431131e-07 
  -1.0964090955119289e-03    2.8841775329825875e-04   -2.9211571604689690e-05    3.4741299863259379e-06   -4.1583868924431131e-07 
  -1.0964090955119289e-03    2.8841775329825875e-04   -2.9211571604689690e-05    3.4741299863259379e-06   -4.1583868924431131e-07 
  -6.8100051925968307e-04    1.7912071962063471e-04   -1.8142721057775801e-05    2.1577641727450239e-06   -2.5828415956312810e-07 
  -9.1749269695597566e-06   -3.4701550187842163e-05    1.7696732673904607e-06   -1.1913933615173180e-07   -1.4488026798612518e-09 
  -6.1649468487750267e-04    1.6215401967328903e-04   -1.6424203484445271e-05    1.9533761077928784e-06   -2.3381892826134904e-07 
  -8.3058581468070098e-06   -3.1414544692376036e-05    1.6020460079854921e-06   -1.0785420189873430e-07   -1.3115689728720333e-09 
  -7.0520113615632322e-04    1.8548610671094393e-04   -1.8787456310340873e-05    2.2344443258742247e-06   -2.6746276636192031e-07 
  -9.5009750214560248e-06   -3.5934734154762548e-05    1.8325618901816730e-06   -1.2337317349837944e-07   -1.5002885710207235e-09 
  -1.0736880412984475e-03    1.1552432652982779e-04   -1.0232237683352010e-05    1.0872233530581097e-06   -1.2178725306889731e-07 
   4.4542062297621784e-04    1.8862036580573108e-03   -1.9696804563428276e-04    2.4523034451473489e-05   -3.0479194262898971e-06 
   4.4542062297621784e-04    1.8862036580573108e-03   -1.9696804563428276e-04    2.4523034451473489e-05   -3.0479194262898971e-06 
   4.4542062297621784e-04    1.8862036580573108e-03   -1.9696804563428276e-04    2.4523034451473489e-05   -3.0479194262898971e-06 
  -1.7124756234696953e-03    1.8425518911511563e-04   -1.6319877778556462e-05    1.7340637296541075e-06   -1.9424422561101227e-07 
  -3.3565091319557715e-03    8.8284856490673076e-04   -8.9421677644462201e-05    1.0635168323071263e-05   -1.2730286037896209e-06 
  -4.5221296147956987e-05   -1.7103668323944173e-04    8.7223494176353818e-06   -5.8721287056162568e-07   -7.1408454000046500e-09 
  -6.7971544921526569e-04    1.7878271301915782e-04   -1.8108485155311419e-05    2.1536924018389960e-06   -2.5779676898556600e-07 
  -9.1576135850984412e-06   -3.4636067238299454e-05    1.7663338365970717e-06   -1.1891451636427142e-07   -1.4460687422628118e-09 
  -1.7396381131757968e-03    4.5756974025552654e-04   -4.6346174688875053e-05    5.5120791952305303e-06   -6.5979533832669356e-07 
  -2.3437651206495343e-05   -8.8646245613262196e-05    4.5206882766661186e-06   -3.0434533320668785e-07   -3.7010138598686963e-09 
  -1.2553477681833949e-03    1.3507015064145411e-04   -1.1963453298580155e-05    1.2711731501897085e-06   -1.4239271599629357e-07 
   3.6283988842364638e-05   -1.3548103463711663e-03    5.4595804215252879e-04   -9.5331963233835548e-05    1.6032469679114406e-05 
   3.6283988842364638e-05   -1.3548103463711663e-03    5.4595804215252879e-04   -9.5331963233835548e-05    1.6032469679114406e-05 
   3.6283988842364638e-05   -1.3548103463711663e-03    5.4595804215252879e-04   -9.5331963233835548e-05    1.6032469679114406e-05 
  -8.7325241305801795e-04    9.1193517556044170e-05   -6.2263171676825598e-04    3.5109028801516790e-04   -8.8823136929821824e-05 
  -8.7325241305801795e-04    9.1193517556044170e-05   -6.2263171676825598e-04    3.5109028801516790e-04   -8.8823136929821824e-05 
  -8.7325241305801795e-04    9.1193517556044170e-05   -6.2263171676825598e-04    3.5109028801516790e-04   -8.8823136929821824e-05 
  -5.9260571596543392e-04    6.3761887625982794e-05   -5.6475273124382520e-06    6.0007632456646659e-07   -6.7218614275593079e-08 
  -1.1663290113073531e-03    1.2549210605022383e-04   -1.1115105320772139e-05    1.1810321896749656e-06   -1.3229541635753600e-07 
  -6.9085705870328877e-04    1.8171324398467940e-04   -1.8405311820429995e-05    2.1889948210003014e-06   -2.6202246509211664e-07 
  -9.3077213316932501e-06   -3.5203807070924368e-05    1.7952868372322147e-06   -1.2086371305432378e-07   -1.4697720923010221e-09 
  -1.9638444208361370e-03    5.1654178805258773e-04   -5.2319316241979054e-05    6.2224814993269404e-06   -7.4483042435828137e-07 
  -2.6458319239369267e-05   -1.0007106280160159e-04    5.1033191232301659e-06   -3.4356966549460197e-07   -4.1780042441538968e-09 
  -6.7993740388059935e-04    1.7884109282688681e-04   -1.8114398310245572e-05    2.1543956697680000e-06   -2.5788095008759971e-07 
  -9.1606039173924640e-06   -3.4647377319188781e-05    1.7669106162421747e-06   -1.1895334677737063e-07   -1.4465409423637642e-09 
  -5.9501359263820937e-04    1.5650393778447887e-04   -1.5851919831948905e-05    1.8853128245581360e-06   -2.2567175994265906e-07 
  -8.0164494797825742e-06   -3.0319938771602493e-05    1.5462244430745700e-06   -1.0409613858332642e-07   -1.2658687668920620e-09 
  -6.9568732612036157e-04    7.4853036202395177e-05   -6.6298941595275604e-06    7.0445741993168638e-07   -7.8911047887413479e-08 
  -6.2604008076158819e-04    1.6468403473396143e-04   -1.6679553937879460e-05    1.9836980795933958e-06   -2.3744028361671800e-07 
  -6.2604008076158819e-04    1.6468403473396143e-04   -1.6679553937879460e-05    1.9836980795933958e-06   -2.3744028361671800e-07 
  -6.2604008076158819e-04    1.6468403473396143e-04   -1.6679553937879460e-05    1.9836980795933958e-06   -2.3744028361671800e-07 
2    102 5 
   1.3729218338541607e-01    9.5050470142627838e-05    4.0205496132495683e-03    5.9120086433019050e-07   -2.3137218554509175e-04 
  -1.6415478759557204e-03   -1.5786058476246364e-02    1.7524785359647255e-01    4.7351559374588055e-03    6.4226366471219196e-02 
  -7.2886221301603337e-03   -4.7928332862807090e-03    2.3448230208808843e-01    6.2732167688081576e-03    1.0766716736512258e-01 
   4.8505032335538619e-03    1.6715947533302009e-02   -1.9861202212482856e-01    8.7850471096741489e-03   -8.5439231412325886e-02 
   8.1258002201510841e-04   -6.1250776760255372e-03   -4.1627654540678877e-02    1.9928838336601214e-03   -1.6781756045263069e-02 
   3.1497203745653817e-03   -6.3321342701729325e-04   -1.0970208188203337e-01   -8.8932698242933966e-05   -4.8524439525033408e-02 
  -3.7024324042746479e-03   -1.2584540317836556e-04   -9.1775033435162121e-04    4.3533550248062904e-03   -2.3388674250960343e-04 
  -3.1981163713926215e-03    2.7975237837415340e-03   -2.5131444291528102e-03   -1.7460890518768801e-03    9.2139978003127150e-04 
  -1.5243266092690962e-03    4.9139117926594155e-03    2.8698502389404869e-03   -2.1600972000386043e-04    2.9992287989583128e-03 
  -2.3193173568677417e-04    8.8220488327642871e-03    2.0510057524966178e-03   -5.9695339122063980e-03    5.5674963169144247e-04 
  -5.3412485521465332e-03   -7.1331822811760998e-05   -1.4313692289236819e-03   -6.8126598576751692e-03    3.9562570638625963e-04 
  -5.2559283434505522e-07    4.3350847274130095e-03    3.9258369812532953e-08    6.5343556065283230e-05    1.0264637030100938e-09 
   7.7010988624109507e-05    7.3360293852729680e-03    6.3747406066496932e-06    6.1392016302225897e-05    1.0949314375853251e-07 
   3.7236010734605042e-04   -3.7085642716730592e-06    2.6966558157064373e-05   -2.6740257664852377e-05    4.5669023024942260e-07 
   2.1130349058644818e-05    2.0128667919316148e-03    1.7491074531492914e-06    1.6844800424675061e-05    3.0042833996573977e-08 
   1.0216852405493294e-04   -1.0175594284260074e-06    7.3991101393370120e-06   -7.3370175928314396e-06    1.2530710421008773e-07 
   1.7343270767644017e-05    1.6521115526667914e-03    1.4356243750389761e-06    1.3825797859810698e-05    2.4658419185782254e-08 
   8.3857411522045871e-05   -8.3518775011155254e-07    6.0730076076827512e-06   -6.0220435727910468e-06    1.0284898897757803e-07 
   1.3542348826098115e-05   -7.1995138980334430e-03    1.4736430422379629e-06   -6.2377721709226252e-05    2.5021069508779867e-08 
  -3.3949164581176380e-03   -6.8106082909444450e-06   -2.0782530363073859e-03   -8.9291109351039041e-08   -3.5681225826479776e-05 
   9.0096957037114891e-04    1.3935617231686820e-06   -1.4713420448399961e-03   -9.4627832313918224e-09   -2.5359014940650268e-05 
   8.5785497865161870e-06   -4.5606112503889839e-03    9.3349539047680358e-07   -3.9513853772604934e-05    1.5849871632260605e-08 
  -2.1505471636427006e-03   -4.3142547168577530e-06   -1.3164922400007433e-03   -5.6562435135696442e-08   -2.2602664879411244e-05 
   5.7072908214194338e-04    8.8276699827339214e-07   -9.3203779837143237e-04   -5.9943040983455717e-09   -1.6063946882400299e-05 
  -2.9467974015913494e-07    2.4305157101956187e-03    2.2010661979142481e-08    3.6635625267581591e-05    5.7549882251099913e-10 
  -3.3708074483036874e-07    2.7802387957591474e-03    2.5177741537752703e-08    4.1907067808101775e-05    6.5830644358600367e-10 
   6.5075641775021848e-06   -3.4596139369842661e-03    7.0813614353309879e-07   -2.9974639738040091e-05    1.2023484087512041e-08 
  -1.6313740704923469e-03   -3.2727314227600849e-06   -9.9867203130934242e-04   -4.2907447743662345e-08   -1.7146055679077314e-05 
   4.3294685260711395e-04    6.6965431663922411e-07   -7.0703043517837986e-04   -4.5471926596219877e-09   -1.2185878485605831e-05 
   2.9578694790561287e-06   -1.5724910572377580e-03    3.2186763416246918e-07   -1.3624310050351709e-05    5.4650089717623766e-09 
  -7.4150503021009262e-04   -1.4875477405196508e-06   -4.5392430107861178e-04   -1.9502632112940387e-08   -7.7933606793573200e-06 
   1.9678642368326681e-04    3.0437657020013073e-07   -3.2136505886609835e-04   -2.0668259300128009e-09   -5.5388217564832619e-06 
  -5.1608444459422392e-07    4.2566596186641749e-03    3.8548154876621620e-08    6.4161439494861902e-05    1.0078941634054234e-09 
  -6.7488298765430456e-06   -6.1132335676271896e-04   -5.5521654789533996e-07   -5.0921302720737872e-06   -9.5306765858700947e-09 
   1.6472907019596685e-07   -8.7574854666308048e-05    1.7925387336116813e-08   -7.5876232624442149e-07    3.0435617693932401e-10 
  -4.1295748523399598e-05   -8.2844208611296701e-08   -2.5279860583941236e-05   -1.0861366524407452e-09   -4.3402627042962178e-07 
   1.0959389800688023e-05    1.6951278531230116e-08   -1.7897398014119735e-05   -1.1510525265522118e-10   -3.0846694365223738e-07 
   1.8469606532802060e-05   -1.4119254613485283e-02    1.8187259862341190e-05   -9.8606000763955502e-03    2.7720673528465669e-06 
  -6.0806610653498430e-03   -1.2697229028704036e-05   -8.8876847865714415e-03   -9.0572087120078932e-06   -3.7316689730075717e-03 
  -3.4442345598247406e-04    2.8265825626833085e-06   -3.0946537539248554e-03    2.1285189412426597e-06   -2.5841203517625866e-03 
   4.5933606400377085e-06    4.3756130436070645e-04    3.8022473306968785e-07    3.6617588779650412e-06    6.5307757487608722e-09 
   2.2209613089788346e-05   -2.2119925300141045e-07    1.6084344461612164e-06   -1.5949366351043887e-06    2.7239527316764308e-08 
   7.7717565090293439e-07    7.4033375163783626e-05    6.4332289051530533e-08    6.1955288566427854e-07    1.1049774427036196e-09 
   3.7577651445232241e-06   -3.7425903799533311e-08    2.7213976554207207e-07   -2.6985599753082167e-07    4.6088036694024464e-09 
   1.0496708578027450e-04    1.5462972158450744e-02    9.7371226357222571e-05    1.0793394866196260e-02    1.3641719490359810e-05 
   5.0782122403327391e-04   -4.6357372252702266e-05    4.6550207782720076e-04   -1.0178254493939758e-04    5.8246103726900547e-05 
  -9.1317158879940735e-06    3.1316927074439681e-03   -6.1705813054400155e-07    2.8149063461829424e-05   -1.0797332223204136e-08 
   2.0830804925974928e-07   -9.8191019636364877e-04   -1.0741382084390526e-07   -8.8344171329750276e-06   -1.8804699117781373e-09 
  -1.2878806771632442e-05    1.6837671187035356e-03   -8.5887755804488667e-07    1.5323294253853772e-05   -1.4786829372564956e-08 
   5.4513861363005558e-05   -4.1673605075534942e-02    5.3680502665164627e-05   -2.9103997671309237e-02    8.1818795161450266e-06 
  -1.7947340335767156e-02   -3.7476433606519835e-05   -2.6232395120750006e-02   -2.6732752491793209e-05   -1.1014186181274414e-02 
  -1.0165810785546451e-03    8.3427835714608399e-06   -9.1340075603857616e-03    6.2824178882943430e-06   -7.6271456217067053e-03 
   5.0644040693900345e-06    4.8243267273561632e-04    4.1921630726235741e-07    4.0372677035302423e-06    7.2004986915259483e-09 
   2.4487181331048045e-05   -2.4388296169951557e-07    1.7733774011742085e-06   -1.7584954063558144e-06    3.0032907015581007e-08 
   1.9171897400960104e-06    1.8263056379054252e-04    1.5869926493861485e-07    1.5283551851662194e-06    2.7258334891573845e-09 
   9.2699105696379019e-06   -9.2324764285811514e-08    6.7133287791919991e-07   -6.6569912370309466e-07    1.1369310269601828e-08 
   5.1736081252814190e-04    7.6213755774283562e-02    4.7992241006371739e-04    5.3198385916909369e-02    6.7237182278140641e-05 
   2.5029446052722746e-03   -2.2848579244670790e-04    2.2943623844368594e-03   -5.0166487675248428e-04    2.8708286342089297e-04 
   1.2132121705673547e-06   -6.4497953755483241e-04    1.3201858088824022e-07   -5.5882042415016796e-06    2.2415510365648844e-09 
  -3.0413881800993677e-04   -6.1013882995077322e-07   -1.8618349811722770e-04   -7.9992815115923554e-09   -3.1965575535924281e-06 
   8.0714746173028408e-05    1.2484437261923553e-07   -1.3181244249352709e-04   -8.4773800551060062e-10   -2.2718263984092557e-06 
   2.0844695686084185e-06   -1.1081657858571068e-03    2.2682653622219650e-07   -9.6013228083026784e-06    3.8513007333392515e-09 
  -5.2255337207652154e-04   -1.0483045377495456e-06   -3.1988950112570426e-04   -1.3743893513571128e-08   -5.4921365828804707e-06 
   1.3867931448210760e-04    2.1450023487244512e-07   -2.2647236139513357e-04   -1.4565334221905075e-09   -3.9033180737304941e-06 
   7.3938713121614663e-06    7.0433659125838184e-04    6.1204267775393676e-07    5.8942843903534668e-06    1.0512502552929616e-08 
   3.5750517746728399e-05   -3.5606148508845328e-07    2.5890754593277708e-06   -2.5673482130322925e-06    4.3847103540863881e-08 
   6.6935079132848646e-06    6.3762031392805931e-04    5.5406867848453716e-07    5.3359650911274614e-06    9.5167356930765432e-09 
   3.2364151787191916e-05   -3.2233457514136903e-07    2.3438326613282593e-06   -2.3241634665488659e-06    3.9693811554801916e-08 
   7.6566262469201059e-06    7.2936649876837833e-04    6.3379274981675801e-07    6.1037487216962100e-06    1.0886083834754436e-08 
   3.7020978721979419e-05   -3.6871479055383216e-07    2.6810830592276923e-06   -2.6585836949250394e-06    4.5405291713720654e-08 
  -8.2596213179311253e-06    1.0798577100099146e-03   -5.5082769030635747e-07    9.8273551365674799e-06   -9.4833017744520982e-09 
   3.5808494324316326e-06   -1.9036856594532624e-03    3.8965868618265663e-07   -1.6493832218263584e-05    6.6160371217643368e-09 
  -8.9767918610807141e-04   -1.8008517685014693e-06   -5.4952883735862371e-04   -2.3610233523498994e-08   -9.4347811365621445e-06 
   2.3823314671117204e-04    3.6848369286207522e-07   -3.8905025958455741e-04   -2.5021362540929338e-09   -6.7053961925906538e-06 
  -5.0222393979164520e-06    1.7223609111811371e-03   -3.3936816388442258e-07    1.5481355012185413e-05   -5.9382911107717810e-09 
   3.6442845310536650e-05    3.4715277502275457e-03    3.0166303533233937e-06    2.9051695003218544e-05    5.1813926451884857e-08 
   1.7620682495145474e-04   -1.7549525917195310e-06    1.2761011448278246e-05   -1.2653922395420688e-05    2.1611320297481143e-07 
   7.3799188374322772e-06    7.0300748529000877e-04    6.1088773339069079e-07    5.8831616847326922e-06    1.0492665120004724e-08 
   3.5683055361415285e-05   -3.5538958552961692e-07    2.5841897900493754e-06   -2.5625035437716249e-06    4.3764362635825980e-08 
   1.8887886242049047e-05    1.7992508728031803e-03    1.5634830503042696e-06    1.5057142374139618e-05    2.6854531808309176e-08 
   9.1325867571417604e-05   -9.0957071628553175e-07    6.6138779920918244e-06   -6.5583750303744657e-06    1.1200886095501704e-07 
  -7.3916315051888120e-06   -1.0353580985576843e-03   -6.8527585987130499e-06   -7.2264640322234415e-04   -9.5508802299743819e-07 
   2.6914388082751179e-06   -1.4308486182648629e-03    2.9287534417813602e-07   -1.2397097662737498e-05    4.9727472217153379e-09 
  -6.7471381985235535e-04   -1.3535565873833407e-06   -4.1303698104082278e-04   -1.7745928717933217e-08   -7.0913721946922996e-06 
   1.7906084815203692e-04    2.7695979121692752e-07   -2.9241803844970188e-04   -1.8806561808673393e-09   -5.0399113054422643e-06 
   2.0873418523504248e-06   -1.1096927770006090e-03    2.2713909063990458e-07   -9.6145528999381506e-06    3.8566076126761054e-09 
  -5.2327342171291328e-04   -1.0497490434049866e-06   -3.2033029116032937e-04   -1.3762831838450227e-08   -5.4997044432385467e-06 
   1.3887040690501376e-04    2.1479580432884740e-07   -2.2678442777952475e-04   -1.4585404446633948e-09   -3.9086966300845409e-06 
   5.9436651575118805e-07   -4.0148787603543100e-04    1.0608500654558010e-06   -4.4055089528150361e-04    5.3616417522992583e-07 
  -9.8745219112508959e-07    9.6178347043882441e-04   -8.3668773753267790e-07    6.7169001020357807e-04   -1.6693665228162373e-08 
   7.5008873601205628e-06    7.1453088802758257e-04    6.2090114793691075e-07    5.9795959942983589e-06    1.0664656469312232e-08 
   3.6267956982579529e-05   -3.6121498199905530e-07    2.6265487411617958e-06   -2.6045070230648204e-06    4.4481729643657773e-08 
   2.1322175995627479e-05    2.0311401328110632e-03    1.7649863164969796e-06    1.6997722009670255e-05    3.0315570845730932e-08 
   1.0309603712966271e-04   -1.0267971039519084e-06    7.4662812319908593e-06   -7.4036249928092898e-06    1.2644467547860184e-07 
   7.3823286802829034e-06    7.0323704574991113e-04    6.1108721301496247e-07    5.8850827756602940e-06    1.0496091400778328e-08 
   3.5694707326395582e-05   -3.5550563464489058e-07    2.5850336328378116e-06   -2.5633403051209962e-06    4.3778653475431861e-08 
   6.4602798507942985e-06    6.1540312193416994e-04    5.3476275309477540e-07    5.1500391438000591e-06    9.1851353042093262e-09 
   3.1236457831606066e-05   -3.1110317459506748e-07    2.2621643406979445e-06   -2.2431804977921247e-06    3.8310723511622352e-08 
  -7.7241204355403545e-06   -6.9966724885244284e-04   -6.3545230242865370e-07   -5.8280069603867321e-06   -1.0907978883467360e-08 
   1.1902140381892604e-06   -6.3275304894409639e-04    1.2951598416749018e-07   -5.4822720195707184e-06    2.1990593036909339e-09 
  -2.9837344162516254e-04   -5.9857279564890714e-07   -1.8265412968506445e-04   -7.8476439500871716e-09   -3.1359623373926622e-06 
   7.9184685345759005e-05    1.2247777304348727e-07   -1.2931375341416478e-04   -8.3166794674787237e-10   -2.2287607537362122e-06 
 TENSORSUMACCUMULATOR_IMPL_H - PrettifyOut: Norm of simple tensor is 0.000251563 
 As simple full tensor 3    5 5 5 
   2.5140076949582696e-04    1.7726930823950934e-07    7.4165734093612298e-06    3.2647873357078156e-09   -4.2204893076951766e-07 
  -3.2952234233476581e-06    5.1041746350026174e-10    2.4415610573303713e-07   -9.7379312734989363e-11    1.6453450412436663e-07 
   4.6346251338464307e-07   -3.2562308396390789e-10   -3.3759900633652484e-08    1.1477006531162632e-09   -2.2012062624064218e-08 
  -2.8130667741388899e-08    2.1405143719460445e-10    5.3788573499316498e-09   -3.2059406751371688e-10    2.7766354742495961e-09 
   3.8256867988172592e-09   -4.7405869088115971e-11   -7.1784323407493995e-10    6.7964502420635835e-11   -3.6228000694846890e-10 

  -2.3689238620416930e-07    2.1862797603998084e-06    6.5338710921203803e-09    2.3422918250574884e-06    3.2915005890304748e-09 
   4.6191944076147582e-09   -4.4925998148033716e-07    4.1030551495908675e-10   -6.5361783398291320e-07   -1.2190814228044946e-10 
  -3.9062858380397317e-10   -3.3517449806182026e-08    7.7927419827184243e-11    7.1733178318410678e-08    2.7469434351336885e-10 
  -2.5633942387941061e-11    1.3814827839034891e-08   -1.6128889132127406e-11   -9.1476951512286840e-09   -5.6815138766168063e-11 
   1.2665641797004402e-11   -3.2391300625853960e-09    3.0744401548945255e-12    1.1614821726040007e-09    1.1619543249621385e-11 

   2.0316937035075253e-06   -4.7445372663081588e-09   -9.7077823533189821e-08   -3.0483167209093512e-10   -3.0454386915883145e-09 
  -5.9428157025241001e-09    1.1290972232394754e-09    4.0742885827789380e-08   -1.7719627265037646e-10    9.6737287242525748e-10 
  -1.6492355905936086e-09    1.4286444136025343e-10   -4.1526177227160817e-09   -4.3596718756478724e-10   -1.1344528354015524e-09 
   5.6330933975564728e-10   -1.1301544318358019e-10    4.4617905540904607e-10    1.6578433800978550e-10    2.5996196687908124e-10 
  -9.2685282033168607e-11    2.8042214861518391e-11   -4.3088308600023707e-11   -3.7011781659728493e-11   -5.1844439889828101e-11 

  -1.7607484758186798e-09   -3.8406361554068257e-07    1.8879906815952733e-10    6.4203688696282274e-09   -1.6977077098544687e-11 
  -5.8650338656662887e-11    4.6986299354590253e-08    7.9675173858166348e-11   -2.4945929923451291e-09   -1.9935963527133535e-10 
   1.0461212188656159e-11   -4.8193391001778047e-09    3.5182174867592990e-10    5.3609600104567128e-10   -7.5797227586099412e-10 
   9.0164378368102761e-11    5.9692428671933254e-10   -8.4766852247793365e-11   -2.1244314719785587e-11    1.3620415290150238e-10 
  -2.3010098234825995e-11   -7.7462360955759055e-11    1.7496337981628057e-11   -3.1478598238837256e-12   -2.6412302561603798e-11 

   6.3650880265842277e-08   -1.0573955032259052e-09   -7.8157886448960331e-10   -4.4274203334685549e-10    2.2959602090944245e-10 
  -5.9902255971866844e-09    7.1223458055172527e-11    1.8531011890271102e-10   -5.7868585876576159e-10    5.2343782476485978e-10 
   1.3928594564967660e-09   -8.8486644806150009e-11    2.1790964389223706e-10    3.5967232798838288e-10   -5.3189570310892381e-12 
  -2.1966398307354380e-10    3.2795101546058494e-11   -4.5151980034656612e-11   -8.3505282078322444e-11   -4.9634813716158011e-12 
   3.6789463861818429e-11   -7.2777662891695202e-12    8.9057262541891267e-12    1.6561188421607470e-11    1.6298644292293989e-12 
