2    11 5 
  -3.6656997202062796e-05    2.3922603143400577e-03   -2.8409949738828725e-06    1.1016629130193810e-04   -4.9008678540513967e-08 
   3.4403113777867704e-05    1.1233619398908978e-03    2.7163870492894518e-06   -2.4461907767161801e-04    2.2553430856033277e-07 
   1.7814976476660728e-04   -1.4264826200158104e-03    7.1123044428019398e-06   -2.2794800515256271e-04    5.2312804027439059e-07 
   6.5097337137569113e-05    1.6959914107200952e-05    2.6948027756476401e-06    1.6489026659045514e-04    3.4432222862431705e-07 
  -2.8523662428082261e-05    3.9899761872562179e-04   -9.7396476819121346e-07    1.3327094369639173e-04   -3.2273787308517335e-08 
  -4.7076002918761465e-04    1.6650749545214895e-03   -2.1534338572141918e-05    1.6485090046073924e-03   -1.5125067074031718e-06 
   1.0654545039633569e-03   -1.9235901098158215e-04    3.3385502402305603e-05   -3.4120659988956992e-04    4.5681906270670771e-06 
  -7.3403888643405648e-05   -9.2781268966572950e-05    8.5437121507619115e-07    7.3371304526583352e-05   -1.0183563933675282e-06 
   5.1236790568317506e-04    5.2183196182965738e-05    6.2006897250901121e-06   -8.3528926321333445e-05   -3.1034996117576832e-06 
   2.8943160557581507e-04    8.7936484439886988e-07    2.6959598908752701e-05    9.2213422572956708e-05   -2.0129827050578527e-06 
  -1.3422585761935728e-04   -3.1166225340220036e-04    5.1926137970168560e-06    1.2396742024734634e-04   -8.8438066498525963e-07 
2    11 5 
   1.8839995229640482e-02   -3.2623684560190531e-03    1.9036601484890565e-03   -3.0979996763397396e-04   -9.9948912008307618e-05 
  -4.5494836971286327e-05    2.2498541995239707e-02    1.1972932053472217e-02    6.0665045442292347e-05   -7.1097727498758924e-04 
  -1.1510266572134536e-02   -2.2748883412954973e-02    1.5860113610041051e-02    2.2265131308535271e-03   -2.8792069540327968e-03 
  -2.8461308571205688e-02   -5.3516603692039481e-03   -1.1029273464628370e-02   -1.7963340870883874e-03    1.9464340512140989e-03 
  -1.7104392565413067e-02    3.3968188557095810e-02    4.0899234498160568e-02    2.3460360887333346e-03   -5.1708621614770852e-03 
  -2.9983754322963500e-04   -1.2962010171599050e-02   -3.7320515921492681e-03    3.9288004237687167e-04    2.0716863783399784e-05 
   1.1724271069495664e-02   -4.3617559440450948e-03    1.5676333231421466e-02   -7.6163184446949401e-03   -3.7924515456557719e-04 
   1.5223996207770823e-02   -4.6398898632974564e-03    1.2580156381823618e-02    1.9552705710011831e-02    1.4825517214039239e-03 
   7.2770562773769058e-03    5.5640244904456510e-04   -2.7010576694860297e-03    5.2773328207724891e-03   -5.3801145475483401e-03 
  -9.3997676271409900e-03   -4.0510931054736328e-03    2.5697530224415562e-02    1.8596755714900274e-02    4.6614709826816036e-03 
  -5.8401156481367369e-03    1.6970191306377668e-03   -4.4600023628350895e-03   -1.8370801229643942e-02    2.0531330146856567e-03 
2    11 5 
   3.5026884073760950e-02   -2.6931972428939420e-03   -1.8434311178300515e-03   -6.7321307380764184e-04    2.8141078167918314e-04 
  -1.4914473333193934e-02   -2.1133889220179058e-02   -1.7882832674844550e-02    3.2115170675005812e-03   -5.1048018544575273e-04 
  -1.2318651464354056e-03    2.5490691731229864e-02   -5.6658695307613182e-03    2.0780757486472947e-03   -9.1482072291251360e-04 
  -6.4219130099492138e-03    3.6683102424266957e-02    1.9656074174934889e-02   -3.1143109872691049e-03    4.4572984426073962e-04 
   3.5042364135504573e-03    3.8443036193327812e-02   -1.2132115067926184e-05    1.9749298257679382e-03   -1.3080997385102574e-03 
  -1.5943717254238671e-02    1.8729819468525834e-02    2.3433832971726984e-03    3.0478146578762663e-04   -4.4552098881050985e-04 
  -6.2701510869052725e-04   -7.5529835730931034e-04    1.2491452299637047e-03   -3.3423382041899551e-04    1.1272398450298404e-04 
   4.1959272832211058e-03    4.5593658943942177e-03   -6.5358850982834447e-03   -2.1901245399246917e-03    1.8603525535496267e-03 
   1.8947041614142310e-03   -1.7103057680023584e-03    3.0339774642861171e-03   -1.3062909569025260e-05   -3.1298765953253647e-04 
  -2.1606301467900135e-03   -1.1433122548404301e-03    9.5494351946064961e-04   -2.6108086171788337e-04    1.0592358111521620e-04 
   1.1644459845856000e-03    1.8027447223083720e-03   -2.9053535171705376e-03   -2.1590373982396239e-03    1.5968357513210072e-03 
 TENSORSUMACCUMULATOR_IMPL_H - PrettifyOut: Norm of simple tensor is 1.91627e-06 
 As simple full tensor 3    5 5 5 
  -8.9494063879760945e-09   -1.1332572932693931e-07    6.1707573876979862e-09    2.1676599149968444e-10   -7.1881241065193051e-10 
  -9.3658134670681561e-08   -5.0218885046552846e-08    8.7392231987211289e-09   -3.3837994462547091e-09    1.2721924527861036e-09 
  -7.1899454976775174e-08    3.3444246727598015e-09   -5.1638894952411483e-09    9.3256011776425948e-10   -4.9671224949234967e-11 
  -1.2258155333543455e-09   -7.0377982971780594e-09    3.8674994468027918e-10    9.0180632281988141e-11   -1.6635134359781476e-10 
  -7.6785441193169593e-09    5.1831740344224400e-11   -2.6508933968019721e-10   -6.0106667353444642e-10    6.6827258201206320e-10 

   1.5446926157401548e-06    6.7217088003436335e-09   -1.8350313275205528e-07   -8.5978587539235550e-09    6.5280144663458915e-09 
  -2.9737619734279725e-07    4.2786367074542774e-07   -6.7411572094647408e-07    1.7424786550862293e-07   -5.2897324744039423e-08 
   1.4254380066187146e-07   -3.6945470404404278e-07   -1.3975190372501069e-07    2.4590020043146935e-08   -3.7938213532822825e-09 
  -3.1394333711927520e-08   -3.2830628296927610e-08    1.6969144566608215e-08   -1.2625346690075444e-08    6.9811411757250814e-09 
  -1.1423134632440487e-08    4.3399605299323889e-08   -5.7908868205261956e-09    3.6250358446488429e-09   -1.8998596422138907e-09 

  -9.1725876910368993e-10   -4.0706135890809857e-09   -5.4099220699006608e-10    1.1097741925719550e-10   -2.0032838537394009e-11 
  -4.5337566587494835e-09   -1.7869572175426069e-09   -9.7656897507630597e-11   -1.4749707169883630e-11    9.5501363287867059e-12 
  -3.8821617941252441e-09   -6.5226869729616339e-11   -3.4459639806474155e-10    5.1766878339774292e-11    2.3712375424890507e-12 
  -7.3597270974087323e-10   -5.5899703281636236e-10    2.1915111447710234e-10    1.6386204667792910e-10   -1.1676988512236111e-10 
  -2.5401707279573057e-10   -1.5634523982024274e-10    2.1575810185880150e-10   -1.0940772600445307e-10    5.7454344574219488e-11 

   1.0640536723852117e-07   -1.9914724934692035e-07   -1.2513353591727654e-07    1.4741740717587743e-08   -1.4218023190704279e-10 
   4.2392436469160807e-07   -1.0885541705195507e-08    5.2028678195180821e-09   -1.5887047579137593e-09    1.0146383269102500e-09 
   1.8624178414536861e-07    9.2898821413026211e-10    1.4081662111605946e-08   -2.1682453537788592e-09    7.3498424273963227e-11 
  -1.0479567468192561e-08    1.8849456591114110e-11   -3.1770006218387770e-10    1.1223952439948899e-09   -7.2246631976588476e-10 
  -8.2141553666703006e-09   -1.3981954818751512e-09    7.3697236479653495e-11   -1.3693843600459549e-09    8.6525472243640365e-10 

  -1.4342533303977462e-10   -5.6539330896460211e-10   -5.2794815411030557e-11    2.0081218190770185e-11   -5.5225899338266591e-12 
  -3.5032470956303686e-10   -1.2604456677862428e-10   -6.2736498000184515e-11   -1.5481025404709315e-12    5.7717382541640676e-12 
  -9.0412135274577886e-11    9.7654745497865783e-12   -1.8767186516117755e-11    4.5919401923435696e-11   -2.9040972643206975e-11 
   1.9111585931474969e-11    2.8225432813778104e-11   -6.6384390872792976e-11    3.4197722230807721e-11   -1.4840403998323096e-11 
   4.5746429537502515e-11   -3.1282102761686945e-11    7.9167594447042851e-11    4.6221977039352937e-12   -1.0567866062580392e-11 
