2    21 5 
  -1.5419299087524803e-05    1.9252763124637591e-03   -3.5262484040537972e-07    1.0132218709812241e-04   -3.8383081410075877e-08 
   6.6771352877656020e-04   -1.4444334080525583e-03    1.4424409609803581e-05    1.7006742515694654e-05    1.5285387393498795e-06 
  -8.8982583722186097e-04    2.3857619265849625e-04   -7.2373679814081120e-05    3.3404613971325497e-04   -4.3240116840495633e-06 
  -7.5300582471013249e-04   -1.8342918616695955e-03   -2.3585308934203904e-05    1.0339389811152289e-04   -2.1357092205058664e-06 
  -1.0447684259313667e-04    1.1515626183336995e-04   -3.1101252279808983e-06   -6.8380084920558164e-06   -3.0476508402929866e-07 
  -2.2634020678539367e-03    2.0381294236063528e-03   -1.1232739400384436e-04   -6.6346120307124326e-04   -7.8292154172167141e-06 
   6.9392136365227598e-05    5.7949001558135543e-04   -2.5791003376810341e-04    1.0842157354756482e-03   -1.4587284603111654e-05 
   1.0624028902122968e-04   -3.9920044082073574e-05    7.2400405604317831e-05    5.4560429772000391e-04    4.2646646607388035e-06 
   5.7980865684098615e-05   -1.9007636331534411e-04    6.3910465631383700e-05    9.3799223424391107e-04    3.0742045469948439e-06 
  -4.1829542791508022e-04   -2.8261074533796168e-04   -6.2426258038980958e-05   -7.2523328042932970e-05   -3.7793229579768053e-06 
   1.9751689739504018e-04    5.7576686894886584e-05    1.1932429472825123e-05    3.6460474124550967e-04    1.0776746079309991e-06 
  -2.3059938561364177e-05    4.5275743424000484e-05    3.2654038961092583e-04   -2.5925464330839979e-05    1.6711657115340849e-05 
  -1.0272561881630034e-04   -3.2442437807297257e-05    4.3389869442044308e-04    2.1654569410854459e-05    2.2759481526756125e-05 
  -1.8359970429269930e-05    3.6962040012786903e-05    2.5150393136509012e-04    1.0466812158980826e-05    1.5931659468398557e-05 
  -6.8471238630894317e-05   -1.0339373194860840e-04   -1.2625924175453028e-04    3.1588074482381088e-05   -8.0368252390646316e-06 
   3.5536148596367666e-05   -1.4026166926895555e-04   -1.8927805584122685e-04   -1.1775980933863264e-05   -1.2552595034625040e-05 
  -1.1049001347276031e-04    3.9100861079674613e-05   -2.6660017786900298e-05   -1.1814639714734579e-05   -7.0097387003833906e-07 
   1.5553372698303234e-05   -3.4717954196474580e-05    6.5223524661791591e-06    4.6220438172429555e-05   -7.4891991171669137e-07 
   4.7206791693188202e-05   -3.4965700252813419e-05    6.4757947558384538e-06   -7.8383566732036312e-05    5.3894107372855771e-06 
  -2.8543023496278467e-04   -7.7639976625789157e-05    6.7951962067810129e-05    1.2048420303662917e-05    9.3030465588199103e-06 
   1.9993996800786803e-04   -6.7366234097097073e-05    6.0487491639878553e-05    6.6591571134000811e-05   -1.9257186972577573e-05 
2    21 5 
  -5.3584867090800251e-02   -1.5938474751300187e-04   -5.7452537447528226e-04   -1.4704095247880492e-05   -2.5061727794848098e-04 
  -1.1082348999452356e-02   -1.8435718926848539e-02   -4.1019946448496089e-03   -1.0186907867244233e-03   -4.6642638065472230e-04 
   1.0417554152984990e-02   -3.5922943826778996e-03   -1.1474601097626455e-03   -3.5371207773699805e-04   -5.6854273103633548e-05 
   5.7872492538434605e-03    1.8195162985836157e-02    9.0843648090829700e-04    6.6604713679197287e-06    8.0437063189006073e-05 
  -2.5425220422779740e-02   -9.6189144342464492e-02   -6.0495465159923056e-03   -3.5187309544134687e-03   -7.0482701275347795e-04 
  -1.6306395618370606e-02    4.3222703639990970e-04   -9.2689973666569580e-04   -8.1460812834068810e-04   -1.9066230781182011e-04 
  -2.5317988100653122e-03   -3.3692336493026803e-03    3.7941086831662432e-03   -3.4280230191892471e-03    3.6169249201982445e-04 
  -1.6968241341118345e-03   -6.3591730457241320e-03   -1.0178315794050027e-02    4.1344621611510337e-03   -1.2968138924558167e-03 
  -5.2970799135072496e-04   -5.6295698393173527e-03   -2.8583884728909585e-03    7.6577196255857658e-03   -6.5445085753295545e-04 
  -1.6749224701340020e-03    2.8464556120097017e-04   -6.7977221920814323e-03    3.0132701035033827e-03   -9.5281460596057562e-04 
   3.2860160129440287e-04   -9.0124553409589810e-04   -1.1636272428282010e-02    2.9151388854585470e-03   -2.3153341137671754e-04 
  -1.1136629919702230e-03    3.3534916155827547e-05    4.8587642843230163e-03    7.9216285427813847e-04    1.6241291311394985e-03 
   1.9471878106062843e-03    2.0042317587084943e-04    8.5019749303514593e-04   -2.0214277652211262e-03   -4.0087197247368547e-04 
   5.6118965886661227e-03   -1.1459524554040717e-02    8.4731994943167566e-05    3.3720419096189150e-04    9.3798134879904231e-03 
  -1.0496001176702042e-03   -1.6557121144588157e-04   -3.7495099876766892e-04   -3.5555804827165790e-03   -3.2694238960900438e-03 
  -1.0032010916836930e-03    2.8652309490958617e-03    4.4049806836760747e-04    8.9057194603192852e-04   -1.1659579002912847e-02 
   4.7443628640134671e-05    1.4643552037126010e-04    7.5219227951260962e-05    2.6508773518680198e-03   -1.2911218233284001e-03 
  -3.6764180541226345e-04    3.5840143072323735e-04   -3.8733564004565817e-04   -7.7471185042527575e-04    1.9196993570409569e-03 
  -3.6896473958778777e-04    2.7055238327822466e-04    4.9582827037088937e-03   -1.4318186841974162e-03   -3.2300929562073602e-03 
  -1.9176561398636822e-04   -6.3947531677649704e-05   -2.9249824023106553e-03   -8.0894199630382037e-05   -1.3185701505268568e-03 
   2.9430191889609645e-05   -3.7451989955938252e-04    2.7723356994779539e-04   -1.4390547329424107e-03   -1.0651474957075179e-04 
2    21 5 
  -5.8132229847920963e-02    2.4529380827922198e-04   -6.1913007494377179e-03    5.9518917448175769e-04    9.5557214823127254e-04 
   1.4017180349308591e-03    8.7332414803122250e-03    2.0889167843114533e-02    2.9631792248185043e-03   -1.2495869905926851e-02 
   3.0922128194316575e-03    7.2929230195185749e-03    1.8669510640714149e-02    6.2288328118194044e-05   -3.9993447765335087e-03 
  -5.5964354064403088e-03    1.9780431914286641e-02    5.7113670465930612e-03    2.2028300876713219e-04   -3.7279251759465234e-03 
   2.0500449709915193e-02    3.5356071231459923e-02    3.2133323356411364e-02    3.7185156025825988e-03   -1.8651531127434853e-02 
  -8.0442426316749689e-04   -4.0510897003382933e-03    7.0767002805758577e-03   -6.2938358338420375e-04   -2.6048805591160104e-03 
  -4.8513721405157233e-04   -1.0691657420769442e-04    1.2544959624155394e-03   -3.6283121126955923e-03   -2.5149507581832061e-04 
   2.9123808252800127e-03    3.2493941978561521e-03   -2.7623017237159925e-03    4.5385085116288497e-03   -3.7287870095343849e-03 
  -2.2597292793063036e-03   -3.0232137094697545e-03    9.0724401629476109e-04   -6.5046299701965408e-03    6.1082796315585974e-04 
  -5.3866379824852489e-04   -1.7584834425023793e-03    2.2562256131724856e-03   -5.5092849331246875e-03   -4.0418190425106611e-03 
   7.4545638113679667e-03   -3.4141177198172903e-03    2.5112025778498250e-03   -6.0817079061485846e-03    4.1069047136847473e-03 
  -3.5217708312141319e-05    1.4926633592718865e-03   -2.2270840908606383e-03    7.7335943507229703e-04   -5.6778144554792175e-04 
   1.7813114197626403e-03    7.8926886159256496e-04   -1.8909648861308503e-04   -5.1632350027157430e-03    2.4214482136511403e-03 
  -1.5295491222554232e-04    6.2312499964368344e-04   -1.0979060035397224e-03   -1.5425852336719019e-03   -1.3295216904464122e-03 
  -2.3031311978838941e-03    1.2396782529901953e-03    1.6801144447234923e-03   -2.3435967860755951e-03    3.3358424452971944e-03 
   7.5553025896238292e-04   -8.3973380552491809e-04    1.3173639918316962e-03    1.3160213206651109e-03    1.1795779605883764e-03 
  -3.8571899954027958e-03    1.8726338143091094e-03   -1.8923085494293185e-04    2.8866701956572468e-04    1.3583986067198411e-03 
   4.1834681824836906e-03   -1.5380972025516575e-03    1.6101216015726896e-03   -9.9114771442155485e-04   -5.0246653643662279e-04 
   7.4604862982305062e-04    9.7242756931198494e-05    6.9755864243804735e-04   -2.4054692750372067e-04   -5.6740179225111479e-05 
  -2.0865949730662205e-05   -2.9311757930604987e-04    8.7192421541766474e-05    1.0271568617720092e-05   -7.1618080440448808e-05 
   8.1710508653282359e-04   -5.6356171630702484e-04    4.4600685988769424e-04   -1.6970300523994644e-04   -5.7318985722482388e-04 
 TENSORSUMACCUMULATOR_IMPL_H - PrettifyOut: Norm of simple tensor is 6.17025e-06 
 As simple full tensor 3    5 5 5 
  -3.8723825773896771e-08   -2.7583955987451080e-07   -8.9522651568102961e-09   -3.9555597815256798e-08   -1.1523365424582183e-09 
   2.7360697301864987e-07    3.7458033931509349e-09    4.0749294471176553e-08    2.2348830802863860e-10    9.1990534758992250e-09 
  -7.6560524785089455e-09   -1.6827089427493208e-08   -2.5630408204722881e-09   -1.3366845355209363e-08   -1.7746367980065543e-09 
   1.2078572753178477e-08    2.1723200284403958e-09    1.4312975818680462e-08    7.6248012996159793e-12    2.8986503944487440e-09 
  -1.1785613412297042e-09   -2.9703017779526664e-09    6.8412377674616832e-10   -4.3058012082896767e-09    8.8745387393041180e-10 

   6.0538307302502600e-06   -4.7064251573090377e-08    6.2908916430748907e-07   -3.9868139607950319e-09   -1.2933159271030808e-07 
   1.0084019675994485e-08   -8.3092107767037879e-07   -7.0275363125865696e-10    3.1741200218467833e-08   -4.5622324028468166e-10 
   6.0885688465707886e-08   -1.7889837347357271e-09    8.4423505577954356e-08   -8.9334473335718626e-10   -6.2264818810633291e-08 
   1.0282096955819669e-09    1.0161638489218070e-08    9.0138093555292784e-11    2.2089541575105021e-08   -5.2184688217201796e-10 
   2.8378105199788945e-08    1.6099994784001283e-10    1.3582343969361684e-08   -2.7948412880103721e-10   -4.5297335123313829e-09 

  -2.2325602940745641e-09   -1.3765946859213008e-08   -1.8675439069796809e-09   -1.1584007614236512e-08    2.0172770585446837e-10 
   8.1267180119220301e-09    1.9939688225449850e-10    1.0524779443025876e-08    7.8047404539847340e-10    3.2087380650073956e-09 
  -1.4734025083406049e-09    7.5222720975689046e-10   -8.6481549618121030e-10   -1.2115058946450011e-09    4.8708959459089175e-10 
  -2.6647732698241497e-09    5.2036404448728952e-11    1.5467776880741421e-09   -9.4134708818931355e-10   -1.6244717679124432e-09 
  -2.2189578129190888e-10    5.1657859320495938e-10    2.2949150681738713e-10   -5.4304449823208332e-10    2.4762238063362699e-10 

   3.1831920387832364e-07   -5.1891913057601631e-09    1.7926551787058396e-07   -2.1952796205210438e-09   -4.6648998966992006e-08 
   1.1888875955929576e-09    5.6307106896036162e-08    4.1756152490605247e-10    3.6116704861823046e-08   -3.4991503247750629e-10 
  -4.2359512896334652e-08    4.5386460983817823e-10    6.4456299962460184e-09   -1.4627353128689230e-10   -1.6652515095535790e-09 
   8.3436804425709292e-11   -1.9702874101684397e-08   -3.2654807411358745e-10   -2.8099139671141944e-08    5.2575411865430093e-10 
   6.3495408818268790e-10   -1.0365046093792822e-09    2.8749298888504438e-09   -4.6788429615653213e-10    8.9589848882268838e-10 

  -1.3797617995371996e-10   -9.3558070012683161e-10   -8.1377465893602102e-11   -6.8336934458227789e-10   -2.2534575572512827e-12 
   7.7102540789084701e-10    3.1847775089120653e-11    6.7036882995194793e-10    4.9760990316943099e-11    1.8676641782957958e-10 
  -1.0109926206825847e-10    2.6647612116367640e-11   -4.3823597007483903e-11   -8.0341797594309057e-11    3.3301258290983250e-11 
  -1.0810677037588390e-10    1.0518413270139851e-11    1.0791398962484020e-10   -6.1607192486883332e-11   -9.0365438115868058e-11 
  -1.9999269303266708e-11    1.7668472147104322e-11    1.9833061141821991e-11   -3.9451343639930849e-11    3.2574543305100770e-11 
