2    107 5 
   2.9872364930565295e-03   -1.0157832570664064e-04    2.6685230260664212e-06   -4.0068063870200229e-06    1.1435658001928363e-06 
   2.2452594661099199e-05    5.5560936424749055e-04   -2.6407055500407361e-04    4.5220730139083793e-05    1.5863495483356764e-05 
   2.2507193409360159e-04   -6.0424735703104408e-04    6.7645097922647713e-04   -1.5446058053596016e-05    1.5248147088244068e-05 
   1.5210849152646965e-04   -3.2544699942823009e-03    1.7162872509002140e-03   -8.1311595114501388e-05   -2.1471483211416868e-05 
   4.0417717016025462e-04    1.6459255656346634e-03    6.8977541807885442e-04    8.6202502726404870e-05    7.6612115714185403e-09 
   1.0791025862006728e-03    2.6743716850148569e-03    1.4791915399843421e-03    3.6058941237921099e-04    1.0329991073892694e-04 
  -5.5345108100876774e-05    8.3073569147430379e-05    1.1479653731764124e-04   -1.0387525353123416e-04    1.2562391016844842e-04 
  -6.0181308133349222e-04   -1.2028689712936161e-04    4.6010149046894897e-05   -2.8448832271634784e-04    7.9773066673574387e-05 
   1.3060299113823454e-04    1.1304561003276756e-05   -3.1302538267442895e-06   -2.2995016576712407e-04   -2.3196137234200565e-05 
  -1.5666614681207914e-04   -1.2134263402202987e-05   -1.5394270104048636e-04   -1.6437193193636691e-04   -1.2843032305985945e-04 
   4.2861309711130505e-04   -2.5049130205289987e-04   -2.0356561888141709e-04    1.0861103635783750e-04   -1.3444031133146077e-04 
  -2.1608654161138121e-05   -7.4667078023687602e-06   -6.4149079431792170e-05    1.4606427490270734e-04    1.1751973534945809e-04 
   3.5703687622972275e-05   -3.7970870167884177e-05    1.8684763779437211e-06    6.6355502404459734e-06    2.3764290875144157e-04 
  -5.8860980134103533e-05   -1.4473379309591144e-05   -1.6381310252416465e-07   -1.5822335844885424e-04    1.6164977237328844e-04 
  -8.8123888327039989e-05    2.5318249975110532e-04   -2.6761855878059776e-04   -2.4953598295861499e-05    9.3554629475235587e-05 
   1.2596005997834124e-04    1.8193709295467802e-04    3.8616312200878510e-04    2.0006318199909171e-04   -9.6829646350165898e-05 
   1.4176321570177813e-02    1.6961911065972824e-02    1.2109290663448433e-02    1.1954365266874725e-02    6.6737434792187532e-04 
  -3.5975999971338127e-04    3.5813764295207452e-03    1.4876627654179019e-03    3.9321090437499043e-03    1.7477094170815135e-03 
   1.2329874051714570e-03   -3.4228202718220257e-04    2.8970875101401177e-03    7.6238476918065511e-04    1.7995082764861044e-03 
  -2.6687035853204009e-05    8.8790218549453852e-05   -1.7222055325090169e-04    2.5359992882883743e-04   -2.7281773183051661e-04 
   1.5027559166489211e-04   -1.2267480658099267e-04   -2.9447217070325676e-06    4.5773395532006205e-07    1.3290380910853026e-07 
   9.6676747832536586e-05    1.1842016111824947e-04    6.9339223209717817e-07    2.2915415756739123e-06    5.8767821673401132e-08 
   1.8156654089667739e-07   -3.1997750684429305e-07    2.2892920395415404e-05    1.9519070326852696e-06   -1.3824000268238121e-07 
  -3.4979499222169888e-08   -2.7443253527138406e-08   -2.7254910380044213e-07    3.0345977707959419e-06   -2.2696909990037029e-06 
   1.9557939701633372e-08    1.3392251871525193e-08    1.1575996424423859e-07   -1.5004056782456869e-06   -2.0204202496805074e-06 
   7.0964601687666793e-05    5.0979873003421697e-05    1.6573497151638742e-06    1.0159088253017411e-06    7.3461570294576435e-08 
  -6.6014543967531592e-06    8.9478889992704872e-06    5.3197082616008033e-06    3.4143351454396389e-06    3.0038582572525015e-07 
   1.9117273209269173e-06   -2.8941625867627453e-06    5.6782133413334533e-06    2.4096302395307842e-06    2.7665307693044173e-07 
   1.9820270038268881e-08   -2.9709496653108934e-08   -1.9957501781689085e-07    4.5416192312341611e-07   -3.0727234703256070e-07 
  -2.6393781453290933e-03    4.2428121891077284e-05   -3.2260264730046050e-05   -1.2375092592853765e-08   -1.2159366166588637e-06 
  -2.6393781453290933e-03    4.2428121891077284e-05   -3.2260264730046050e-05   -1.2375092592853765e-08   -1.2159366166588637e-06 
  -2.6393781453290933e-03    4.2428121891077284e-05   -3.2260264730046050e-05   -1.2375092592853765e-08   -1.2159366166588637e-06 
  -2.6393781453290933e-03    4.2428121891077284e-05   -3.2260264730046050e-05   -1.2375092592853765e-08   -1.2159366166588637e-06 
  -1.0765092294231819e-03    1.0015699524615618e-05   -1.3069307216227402e-05   -9.6176158751187614e-08   -5.1745771038922957e-07 
  -1.0765092294231819e-03    1.0015699524615618e-05   -1.3069307216227402e-05   -9.6176158751187614e-08   -5.1745771038922957e-07 
  -1.0765092294231819e-03    1.0015699524615618e-05   -1.3069307216227402e-05   -9.6176158751187614e-08   -5.1745771038922957e-07 
  -1.0765092294231819e-03    1.0015699524615618e-05   -1.3069307216227402e-05   -9.6176158751187614e-08   -5.1745771038922957e-07 
   1.1153939044380907e-03   -2.6201222985495278e-04    2.1115482023056513e-05   -2.0228482752173940e-05    2.8838555010749898e-06 
   1.1153939044380907e-03   -2.6201222985495278e-04    2.1115482023056513e-05   -2.0228482752173940e-05    2.8838555010749898e-06 
   1.1153939044380907e-03   -2.6201222985495278e-04    2.1115482023056513e-05   -2.0228482752173940e-05    2.8838555010749898e-06 
   1.1153939044380907e-03   -2.6201222985495278e-04    2.1115482023056513e-05   -2.0228482752173940e-05    2.8838555010749898e-06 
   1.3618891269559761e-03   -1.6643680287713645e-03    1.7173169030609222e-03    5.6251142872641500e-05   -8.2636429213965937e-06 
  -1.4001543924978361e-03   -1.1489709220506711e-03   -1.7164643423940419e-03   -2.1799426021139491e-05   -4.1634378036848917e-05 
   2.2882977006376954e-06   -3.2567394029250804e-04   -2.8844091388565833e-05   -3.7093321825409388e-04   -3.8123502923872165e-05 
   3.4890557551133538e-07    4.0031259626192054e-06   -4.8875818689928190e-05    4.6118123968471991e-05   -5.5870225389650376e-05 
  -1.7022509581892594e-07   -1.7435423729964706e-06    2.4507688647371882e-05    3.4869587675290587e-05    2.6920584849564380e-05 
  -5.7104790373905829e-03   -7.9338284626924733e-03   -6.9023933934836690e-03   -3.0137003752169048e-04   -1.7315398303340484e-04 
  -9.4213562126021849e-04   -1.1741971714960393e-05   -1.6962558553902721e-03   -8.6412750043229328e-04   -5.8486239701884511e-04 
   3.0147664689741965e-04   -9.4848755610033963e-04    9.7827758439709931e-06   -9.0595132057882716e-04   -4.1473336241279062e-04 
   3.2400282358523904e-06    2.3834288114318623e-05   -6.4695126881139753e-05    8.2915807455043612e-05   -7.7636699153910900e-05 
  -1.4176321570177813e-02   -1.6961911065972824e-02   -1.2109290663448433e-02   -1.1954365266874725e-02   -6.6737434792187532e-04 
   3.5975999971338127e-04   -3.5813764295207452e-03   -1.4876627654179019e-03   -3.9321090437499043e-03   -1.7477094170815135e-03 
  -1.2329874051714570e-03    3.4228202718220257e-04   -2.8970875101401177e-03   -7.6238476918065511e-04   -1.7995082764861044e-03 
   2.6687035853204009e-05   -8.8790218549453852e-05    1.7222055325090169e-04   -2.5359992882883743e-04    2.7281773183051661e-04 
  -1.7586829557595480e-04    1.4356695524859100e-04    3.4462229150039899e-06   -5.3568839528439836e-07   -1.5553800936343201e-07 
  -1.1314129377077503e-04   -1.3858772184466474e-04   -8.1148048511078960e-07   -2.6818028576051262e-06   -6.8776283080356706e-08 
  -2.1248825392966700e-07    3.7447131718394777e-07   -2.6791702139332321e-05   -2.2843268102152861e-06    1.6178298406823484e-07 
   4.0936687323259140e-08    3.2116980338625418e-08    3.1896561387710672e-07   -3.5514053333330285e-06    2.6562310156728000e-06 
  -2.2888757130790489e-08   -1.5673021044037409e-08   -1.3547447980085999e-07    1.7559324597036372e-06    2.3645081794175945e-06 
  -7.0964601687666793e-05   -5.0979873003421697e-05   -1.6573497151638742e-06   -1.0159088253017411e-06   -7.3461570294576435e-08 
   6.6014543967531592e-06   -8.9478889992704872e-06   -5.3197082616008033e-06   -3.4143351454396389e-06   -3.0038582572525015e-07 
  -1.9117273209269173e-06    2.8941625867627453e-06   -5.6782133413334533e-06   -2.4096302395307842e-06   -2.7665307693044173e-07 
  -1.9820270038268881e-08    2.9709496653108934e-08    1.9957501781689085e-07   -4.5416192312341611e-07    3.0727234703256070e-07 
   2.6430967727623816e-03   -4.4768499238461093e-05    3.2445072551609989e-05   -1.8173386306638120e-08    1.2168481970445613e-06 
   2.6430967727623816e-03   -4.4768499238461093e-05    3.2445072551609989e-05   -1.8173386306638120e-08    1.2168481970445613e-06 
   2.6430967727623816e-03   -4.4768499238461093e-05    3.2445072551609989e-05   -1.8173386306638120e-08    1.2168481970445613e-06 
   2.6430967727623816e-03   -4.4768499238461093e-05    3.2445072551609989e-05   -1.8173386306638120e-08    1.2168481970445613e-06 
   1.0765092294231819e-03   -1.0015699524615618e-05    1.3069307216227402e-05    9.6176158751187614e-08    5.1745771038922957e-07 
   1.0765092294231819e-03   -1.0015699524615618e-05    1.3069307216227402e-05    9.6176158751187614e-08    5.1745771038922957e-07 
   1.0765092294231819e-03   -1.0015699524615618e-05    1.3069307216227402e-05    9.6176158751187614e-08    5.1745771038922957e-07 
   1.0765092294231819e-03   -1.0015699524615618e-05    1.3069307216227402e-05    9.6176158751187614e-08    5.1745771038922957e-07 
  -1.1153939044380907e-03    2.6201222985495278e-04   -2.1115482023056513e-05    2.0228482752173940e-05   -2.8838555010749898e-06 
  -1.1153939044380907e-03    2.6201222985495278e-04   -2.1115482023056513e-05    2.0228482752173940e-05   -2.8838555010749898e-06 
  -1.1153939044380907e-03    2.6201222985495278e-04   -2.1115482023056513e-05    2.0228482752173940e-05   -2.8838555010749898e-06 
  -1.1153939044380907e-03    2.6201222985495278e-04   -2.1115482023056513e-05    2.0228482752173940e-05   -2.8838555010749898e-06 
  -2.1984121655896756e-04   -5.2439190820939442e-03    8.8039413404917085e-05    2.3038924683304655e-04    2.0318728374036100e-04 
   1.4765070782619015e-03    3.0147491543582655e-03    1.7770646526800819e-03    4.7312454194686998e-04    6.1600645522414188e-05 
  -7.8798737405063463e-04   -5.9837979302488904e-04   -8.1761991114402569e-04    1.3886289881657684e-03    1.1033107676942107e-04 
  -7.8072266997721398e-04   -9.2927187032729034e-04   -9.3159211519989690e-04   -2.7468218696396989e-05   -4.6754612398885774e-06 
  -4.4174142992101150e-04   -2.2772043243475979e-04   -8.1881157339352517e-04   -4.6865733116106708e-04   -3.0664440252974290e-04 
  -5.6587035049987023e-04    3.2415802876677014e-05   -6.1138749883234622e-04   -4.2262333088505510e-04    1.0309306425001233e-04 
  -1.4352811173761089e-04    6.5613116736984618e-04    3.6167284803299848e-05    3.4635504575675484e-04    2.5242672772341694e-04 
  -1.4996143321648354e-04    4.6088299721226721e-04   -1.2526475304281291e-04    3.8013200652381289e-04    7.3871004439400045e-05 
   4.6712903878107481e-04    4.6124242661157748e-06   -1.3109852872315695e-05   -1.0965231124827699e-05   -7.9142688751036506e-07 
  -2.2250596551086254e-04   -1.1991242950486941e-04   -2.8215852695672870e-05   -3.1927070602257209e-06    3.7284304562962326e-08 
   1.4772808276308823e-04    6.3584102958751964e-05   -7.9415427848603684e-05   -5.5733322823545092e-06   -4.6917002576075199e-06 
   7.5041286554278246e-05    6.4774130785538459e-05    3.0228714034836635e-06    2.2534664896292765e-07   -1.4945943141804694e-06 
  -1.9050686583113302e-05    3.8392877770998710e-05    3.0842105640048359e-05    1.6447477413923946e-05   -2.2338808002400844e-06 
  -3.0187873269760965e-05    4.9446479241323526e-05    2.1643158022040876e-05   -5.6792895301629394e-06    3.3441246593601428e-06 
  -2.9751411870099048e-05    1.3357764819706435e-05   -2.1882200448026648e-05   -1.3569759211258082e-05    6.3384372005103676e-07 
  -2.4259016370045364e-05    1.3696568811446455e-05   -1.2727620880342927e-05   -4.0499331613855231e-06   -9.3457850256948463e-06 
  -2.2242528067984704e-04   -2.1962234775264045e-06    6.2423066491546363e-06    5.2211367912887002e-06    3.7684094324645621e-07 
   1.0594706756153613e-04    5.7096762511745426e-05    1.3435086313265006e-05    1.5202196931543140e-06   -1.7753064397386759e-08 
  -7.0341292330308448e-05   -3.0275814118258736e-05    3.7813960090402862e-05    2.6537635092425284e-06    2.2339710444615196e-06 
  -3.5731195962395800e-05   -3.0842450425178350e-05   -1.4393517948132687e-06   -1.0729966986559519e-07    7.1165680622542926e-07 
   9.0710573708920185e-06   -1.8280915775659157e-05   -1.4685586709928976e-05   -7.8315293560287463e-06    1.0636708976501597e-06 
   1.4374071461442756e-05   -2.3544130445369330e-05   -1.0305472574371151e-05    2.7042154585483376e-06   -1.5923177628337854e-06 
   1.4166248694570799e-05   -6.3603508722801348e-06    1.0419293540913964e-05    6.4612928136470624e-06   -3.0180711459812161e-07 
   1.1551023544167104e-05   -6.5216736903923785e-06    6.0603054224246394e-06    1.9283911839571349e-06    4.4500313295399981e-06 
   2.0767467359848280e-04    4.9537079570272820e-03   -8.3167100004488399e-05   -2.1763895044594420e-04   -1.9194240957460951e-04 
  -1.3947936166994522e-03   -2.8479056676104261e-03   -1.6787176103064700e-03   -4.4694068909454428e-04   -5.8191517280344907e-05 
   7.4437825293691888e-04    5.6526401258810027e-04    7.7237085398365786e-04   -1.3117789119828902e-03   -1.0422508897330801e-04 
   7.3751559510208784e-04    8.7784372455338626e-04    8.8003556148064360e-04    2.5948061247995749e-05    4.4167099423586730e-06 
   4.1729439415272838e-04    2.1511783467095726e-04    7.7349656677117809e-04    4.4272070452405137e-04    2.8967396197557320e-04 
   5.3455372099252491e-04   -3.0621834191137510e-05    5.7755184059465696e-04    3.9923433681106628e-04   -9.7387645517536581e-05 
   1.3558491998846722e-04   -6.1981928663852289e-04   -3.4165700063136227e-05   -3.2718692246423329e-04   -2.3845682401158150e-04 
   1.4166220594599203e-04   -4.3537662095985966e-04    1.1833229959670895e-04   -3.5909458478635304e-04   -6.9782804951088671e-05 
2    107 5 
  -6.5335811805482688e-02    2.7103417547407567e-03   -3.1946221415793015e-06    1.1070476005601887e-05   -6.5964513157301517e-05 
  -2.3948136705734206e-03   -2.0216172890365705e-01   -2.4162912304784745e-03    1.2810843809989540e-02    2.3267754234206090e-03 
  -5.7354543055416303e-03    7.3839131186635515e-02   -4.0564365835703475e-03   -2.2126777668437297e-03   -9.1303202576420331e-04 
  -1.8129792571603880e-03    6.8979046260237500e-03   -3.3458897164429305e-04   -2.9134463083675465e-04   -1.5407963427280176e-04 
   1.1195991799118461e-02    9.8260855336650674e-02   -1.9715390160003003e-02    6.1796033601023235e-03   -3.9145302378403198e-03 
   2.0598784462586171e-03    1.6447946126413903e-03   -6.1661660777490501e-04    6.4610941424138129e-05   -1.9579859253778174e-04 
   2.7059763049502145e-03    3.6441736004718677e-03    1.2503737067185451e-02   -2.5393133976567240e-04    9.3093477854089973e-04 
  -6.1530030752410074e-05   -1.2593723350325040e-03    4.9333456975156620e-03   -7.7004054470812858e-04    6.7174489895258267e-04 
  -1.2404975635022662e-03   -8.5442175702496166e-04   -2.8077558244789893e-03    2.9646143597344028e-03   -3.0555921181917569e-03 
  -5.8170321628706306e-04    8.5626139764568174e-05   -4.0382147225643096e-03   -1.3350713370630157e-03    1.3553604846464414e-03 
   7.1211607144147638e-04    3.0857245257486410e-03    9.3031980323637076e-03   -1.2535358064932644e-03    6.3340585154675571e-04 
  -1.9004170059738193e-03    8.9123315459172360e-04    2.2070955904083286e-04   -1.8672701804199593e-04    7.9589882553398727e-04 
  -2.9075034480038975e-03   -2.9571049006397515e-03    9.3387440490860871e-04   -1.4208980788438469e-03    2.0070736932899713e-04 
   2.6787696274432600e-04    1.9547955800990756e-03   -4.7686112814232295e-04    3.4849471874384837e-04    2.5937802041539858e-03 
  -8.5303709731647103e-05    2.6643020986693163e-05   -5.3472634044909092e-04   -1.1762633671798103e-03    2.5487394671427533e-03 
  -5.6379982372246006e-04   -9.7446686693347125e-05   -1.4910107166483217e-04   -2.8298224996455880e-04   -2.1827628960176342e-03 
  -1.4570396822657203e-03    5.3648188103917410e-05   -1.1730127912980229e-05    1.5743238114921723e-06   -3.9242704593411154e-07 
  -1.4570396822657203e-03    5.3648188103917410e-05   -1.1730127912980229e-05    1.5743238114921723e-06   -3.9242704593411154e-07 
  -1.4570396822657203e-03    5.3648188103917410e-05   -1.1730127912980229e-05    1.5743238114921723e-06   -3.9242704593411154e-07 
  -1.4570396822657203e-03    5.3648188103917410e-05   -1.1730127912980229e-05    1.5743238114921723e-06   -3.9242704593411154e-07 
  -9.7449873814749383e-04    1.4367740942480059e-03   -1.6693226969128584e-03    4.5735737235055120e-04   -7.4240844996520652e-05 
  -1.5675500600535782e-03   -1.2699699652818025e-03   -1.4495338182335118e-03    4.5762314743313969e-04   -1.1264834000832043e-04 
  -3.4061750175295050e-05   -3.2443928981321134e-04   -8.3785989087900990e-05   -3.0741695440581439e-04    1.3148815136283432e-04 
   3.4381636341565951e-07    8.7226613904846200e-06    4.4634531045656661e-05   -2.2843860987398948e-05    1.1969684020275210e-05 
   2.8089333855437624e-07    5.1805647072264957e-06    3.2019559805137006e-05    4.9916738367391962e-05    4.7088118972449507e-05 
   1.3194612467791948e-03    1.6973795390369555e-04   -1.5251311437370362e-05   -1.5076313499908092e-05    7.8342286888539373e-06 
   1.3194612467791948e-03    1.6973795390369555e-04   -1.5251311437370362e-05   -1.5076313499908092e-05    7.8342286888539373e-06 
   1.3194612467791948e-03    1.6973795390369555e-04   -1.5251311437370362e-05   -1.5076313499908092e-05    7.8342286888539373e-06 
   1.3194612467791948e-03    1.6973795390369555e-04   -1.5251311437370362e-05   -1.5076313499908092e-05    7.8342286888539373e-06 
   3.6911444846964437e-04   -8.0494550391008272e-03    3.3755077849261911e-03   -7.4973885207437721e-04    1.7291702437775808e-04 
  -9.5994990856984976e-04   -1.1567360573986375e-04   -1.0420636148177227e-03    5.9065593310418120e-04   -2.3715696031346856e-04 
  -9.4958745218267583e-05   -3.3135752427532439e-04   -1.2130953836724003e-04   -2.7915566914923998e-04    1.3441624701404767e-04 
   6.1505841446097142e-08   -6.4380889242786411e-06   -2.7289845101826791e-05   -1.9826909801902164e-05   -2.5362179004039919e-05 
  -1.2413621958261239e-02    1.6300201787829494e-03   -9.1163251373150896e-03    5.2113127931286097e-03   -1.5626798837021572e-03 
  -3.8183318334147404e-04   -2.3140847564107883e-03    2.1691333123573096e-04   -1.4482117286128953e-03    1.0058660063158478e-03 
  -3.5362125996444551e-04   -3.4539825577059992e-04   -8.7055938958664357e-04   -1.1310369471146268e-04   -4.2123945741380801e-04 
  -4.7882016131340294e-06   -3.4256380971887885e-05   -4.7634437717800690e-05   -9.1403154725334113e-05   -4.4095599773750641e-05 
  -7.2986976344387617e-05    2.0461385232450028e-05   -3.0925212458868612e-06    6.2637803694705885e-07   -1.3486674015942801e-07 
  -2.2401658065753984e-06   -7.4513361561772793e-06    3.3176343672173944e-06   -1.1721195177759619e-06    3.2791223862579794e-07 
  -1.6527339427917010e-07   -8.9063638449193296e-07   -1.8378680613444952e-06    7.1531811800481690e-07   -2.1608931221851032e-07 
   5.2130486197367247e-10   -2.0288028582727892e-09   -5.4565384560652169e-08   -1.4183460428398939e-07    2.5354477162373441e-09 
   1.4273221386526216e-04   -1.1617184787888217e-04    2.0756509899754716e-05   -1.7702007843326028e-06   -2.0602629287990749e-08 
  -9.2975379727276732e-05   -1.1019319220852405e-04    2.2226804519589600e-05   -4.4671518644701440e-06    1.1465956175620799e-06 
  -3.1092523984347999e-07   -4.1533114810819048e-06   -2.0573113901913550e-05    6.2790924793268049e-06   -1.0908831549006202e-06 
  -3.1636544234706531e-08    6.9306404017426626e-08    7.8321267640917568e-07    2.1173995502309102e-06   -2.8378754214971614e-06 
  -9.4497450399748150e-09    4.4154163896855023e-08    4.6929410625500679e-07    1.8257228320062962e-06    1.4929129333250969e-06 
   3.0485361304419122e-03   -1.0381076800022136e-04    2.4053568469262343e-05   -3.4105032576814889e-06    8.8434652389814116e-07 
   3.0485361304419122e-03   -1.0381076800022136e-04    2.4053568469262343e-05   -3.4105032576814889e-06    8.8434652389814116e-07 
   3.0485361304419122e-03   -1.0381076800022136e-04    2.4053568469262343e-05   -3.4105032576814889e-06    8.8434652389814116e-07 
   3.0485361304419122e-03   -1.0381076800022136e-04    2.4053568469262343e-05   -3.4105032576814889e-06    8.8434652389814116e-07 
  -1.4570396822657203e-03    5.3648188103917410e-05   -1.1730127912980229e-05    1.5743238114921723e-06   -3.9242704593411154e-07 
  -1.4570396822657203e-03    5.3648188103917410e-05   -1.1730127912980229e-05    1.5743238114921723e-06   -3.9242704593411154e-07 
  -1.4570396822657203e-03    5.3648188103917410e-05   -1.1730127912980229e-05    1.5743238114921723e-06   -3.9242704593411154e-07 
  -1.4570396822657203e-03    5.3648188103917410e-05   -1.1730127912980229e-05    1.5743238114921723e-06   -3.9242704593411154e-07 
  -1.1404608707254061e-03    1.6814640906325953e-03   -1.9536169128982241e-03    5.3524767830396885e-04   -8.6884441624907396e-05 
  -1.8345118740664672e-03   -1.4862523630904743e-03   -1.6963968610478645e-03    5.3555871624608273e-04   -1.3183293000038361e-04 
  -3.9862640907256620e-05   -3.7969296467360331e-04   -9.8055172704917745e-05   -3.5977163825156580e-04    1.5388125784379978e-04 
   4.0237005328099106e-07    1.0208175357256672e-05    5.2236020579685213e-05   -2.6734287662541840e-05    1.4008182592438538e-05 
   3.2873091460094265e-07    6.0628414440887714e-06    3.7472655044201582e-05    5.8417814896782201e-05    5.5107467113018736e-05 
   1.3194612467791948e-03    1.6973795390369555e-04   -1.5251311437370362e-05   -1.5076313499908092e-05    7.8342286888539373e-06 
   1.3194612467791948e-03    1.6973795390369555e-04   -1.5251311437370362e-05   -1.5076313499908092e-05    7.8342286888539373e-06 
   1.3194612467791948e-03    1.6973795390369555e-04   -1.5251311437370362e-05   -1.5076313499908092e-05    7.8342286888539373e-06 
   1.3194612467791948e-03    1.6973795390369555e-04   -1.5251311437370362e-05   -1.5076313499908092e-05    7.8342286888539373e-06 
   3.6963999583002305e-04   -8.0609159013505325e-03    3.3803138531081894e-03   -7.5080633473812732e-04    1.7316322467174019e-04 
  -9.6131669099366521e-04   -1.1583830251186526e-04   -1.0435473112278327e-03    5.9149691255600673e-04   -2.3749462581262453e-04 
  -9.5093948047908210e-05   -3.3182931310111140e-04   -1.2148225961383980e-04   -2.7955313266134142e-04    1.3460762967084457e-04 
   6.1593413831176851e-08   -6.4472555138122292e-06   -2.7328700546575353e-05   -1.9855139474715183e-05   -2.5398289826263994e-05 
  -1.2413621958261239e-02    1.6300201787829494e-03   -9.1163251373150896e-03    5.2113127931286097e-03   -1.5626798837021572e-03 
  -3.8183318334147404e-04   -2.3140847564107883e-03    2.1691333123573096e-04   -1.4482117286128953e-03    1.0058660063158478e-03 
  -3.5362125996444551e-04   -3.4539825577059992e-04   -8.7055938958664357e-04   -1.1310369471146268e-04   -4.2123945741380801e-04 
  -4.7882016131340294e-06   -3.4256380971887885e-05   -4.7634437717800690e-05   -9.1403154725334113e-05   -4.4095599773750641e-05 
  -7.2986976344387617e-05    2.0461385232450028e-05   -3.0925212458868612e-06    6.2637803694705885e-07   -1.3486674015942801e-07 
  -2.2401658065753984e-06   -7.4513361561772793e-06    3.3176343672173944e-06   -1.1721195177759619e-06    3.2791223862579794e-07 
  -1.6527339427917010e-07   -8.9063638449193296e-07   -1.8378680613444952e-06    7.1531811800481690e-07   -2.1608931221851032e-07 
   5.2130486197367247e-10   -2.0288028582727892e-09   -5.4565384560652169e-08   -1.4183460428398939e-07    2.5354477162373441e-09 
  -4.4949247931833151e-04    2.4372214525375989e-05   -6.0214460498962762e-06    3.1591623382053984e-06   -1.0049051477146866e-06 
   2.2782789394492931e-04   -7.8632430876467022e-05    4.1446363521705633e-05   -1.3382830125447955e-05    4.4287218180781225e-06 
   1.7246921061840769e-04    1.1465725224933149e-05   -3.5689157268356606e-06    8.4244499719930192e-07    2.6181362843833549e-07 
  -5.1892729447544553e-05    2.3959664835811557e-06    7.5790480009526380e-05   -2.5204824800218495e-05    6.8657774113144964e-06 
   2.7869817316721847e-06   -5.2950103286360225e-05    8.6361654327017435e-07   -5.3268732505677975e-06    1.0128006043756459e-06 
   5.2587466832877310e-05    2.5162518463901396e-05   -1.3655651054988903e-05   -1.1088126513353030e-06    1.2082778796115523e-06 
  -3.5625928709440303e-05    1.7104129627096889e-05    6.2964030069482895e-06   -5.6632426357520547e-07    2.3001603459277833e-07 
   1.9604141240788610e-05   -4.7749620895857309e-06    1.8926228783348391e-05   -1.3012954149357634e-05    5.6266318215336686e-06 
  -9.6347806297822044e-04   -5.1916389591774824e-03    6.8528080014941658e-04   -1.5142304583454821e-04    6.2739446909595468e-05 
  -3.0934416859206216e-04    2.8883882844720761e-03   -1.2486393258528429e-03    7.5302437852278325e-04   -2.6782761587320107e-04 
   6.1564303543913928e-04    2.0010043419596600e-03    3.0391215037024565e-05   -4.5329874479700477e-05    2.2335441915475336e-05 
  -1.7315123036895039e-04    5.1325344843385654e-04    1.2284353938492337e-04    1.1672701481563123e-03   -4.9321262443274372e-04 
  -6.0773247176975481e-04   -1.9083342782417120e-04   -8.3882996554685626e-04    4.3652230656898957e-05   -9.6033300601137508e-05 
   4.4806360778147116e-04    5.3135993183948418e-04    2.1503336100780386e-04   -2.3200033881331408e-04    1.0287973211639364e-05 
   9.4761438788806989e-05   -2.4523555855477172e-04    2.9877856258051660e-04    8.3548425733399455e-05   -1.3752985930681472e-05 
  -1.5528593910192399e-05    4.8856100372072120e-04   -1.8449442764980546e-04    3.1826677612879615e-04   -2.1155406883820895e-04 
  -2.2223287315989473e-04    1.2049828436412583e-05   -2.9770537168388490e-06    1.5619165069516313e-06   -4.9683358121692938e-07 
   1.1264003245200584e-04   -3.8876537075158623e-05    2.0491431717448219e-05   -6.6165840956881193e-06    2.1895974222972390e-06 
   8.5270232475243620e-05    5.6687512624526733e-06   -1.7645020384835544e-06    4.1651191248116846e-07    1.2944286624885369e-07 
  -2.5656203144323858e-05    1.1845860390112532e-06    3.7471452595219658e-05   -1.2461477979206509e-05    3.3944982637009799e-06 
   1.3779072758078719e-06   -2.6178977688984699e-05    4.2697930343663531e-07   -2.6336510662593204e-06    5.0073716158680658e-07 
   2.5999687167612152e-05    1.2440561369685310e-05   -6.7514690644466295e-06   -5.4820632744730219e-07    5.9738277527765907e-07 
  -1.7613759651986269e-05    8.4564259577679676e-06    3.1129947556158211e-06   -2.7999549275072083e-07    1.1372186764485911e-07 
   9.6924527867070790e-06   -2.3607815330024697e-06    9.3572871496839698e-06   -6.4337142932744531e-06    2.7818542321522745e-06 
  -4.2461648178865807e-04    2.3023397412250155e-05   -5.6882047078176683e-06    2.9843266776839703e-06   -9.4929127401869747e-07 
   2.1521934900206480e-04   -7.4280722569352212e-05    3.9152621837432140e-05   -1.2642192040366858e-05    4.1836256750387621e-06 
   1.6292434868035106e-04    1.0831184347177201e-05   -3.3714033258739920e-06    7.9582205992347242e-07    2.4732423100916417e-07 
  -4.9020860686797333e-05    2.2633679217161530e-06    7.1596052115317877e-05   -2.3809929027063526e-05    6.4858087360161692e-06 
   2.6327434432419494e-06   -5.0019716908049720e-05    8.1582192159028751e-07   -5.0320712418156917e-06    9.5674977707213155e-07 
   4.9677149630217293e-05    2.3769964025398587e-05   -1.2899914401897067e-05   -1.0474482858684593e-06    1.1414088686017161e-06 
  -3.3654303920717802e-05    1.6157545855559410e-05    5.9479448839465268e-06   -5.3498251342388890e-07    2.1728639267086534e-07 
   1.8519200799033505e-05   -4.5107041751375169e-06    1.7878805651431687e-05   -1.2292785892562568e-05    5.3152404507478449e-06 
2    107 5 
  -3.9368939529972979e-05    4.3006486300903722e-02   -4.4261043801042927e-05    1.8959241695709363e-03   -8.8522802383273922e-06 
   1.3547535999804746e-04    3.4200533396178956e-03   -6.0753793013565158e-06   -1.1555280085935441e-03   -1.7975561755576463e-05 
   4.4998962061233147e-04   -1.6572757237671352e-02    6.5106983150062909e-04   -1.6918434917116382e-02    7.7276211813645911e-05 
  -1.7408893966915757e-03    1.6410482810086030e-02   -1.6444602888460655e-03    4.3750375469003469e-02   -1.2960402036349918e-04 
  -2.3949845840077006e-05    9.1687944018632901e-03   -2.9427267644314858e-05    7.8364678980833956e-03   -2.6897467999951060e-06 
  -4.8980996134926442e-04   -2.8658213696404106e-02   -2.3195194436364261e-04   -1.6415485029874499e-02    4.4303533098790719e-06 
   2.5602056153213697e-03    8.6853450030246018e-04   -1.6678567078716167e-03   -2.4825268602683037e-03   -4.5349481153016358e-04 
   2.1662819364884020e-03    9.1840906558443602e-04    2.9149331542003697e-03    2.3351212048104554e-03    3.9661618281148651e-04 
   2.9105763012621075e-03   -2.8160771708308158e-03    1.7851102323084985e-03    2.2840185257115299e-03    1.7408075272440002e-04 
  -3.6996898214370526e-04    4.9240512307932366e-03    2.6849805110666408e-03   -1.7528518739182710e-03    4.5437424196381152e-04 
   2.2569976405384341e-03   -1.1350479546737645e-04    1.1480823384655591e-03   -2.6894700104488846e-03    6.3457881113251289e-05 
   9.8933391467166849e-04    5.5415948316962869e-04   -2.9559236337904481e-03   -3.5395521633853599e-04   -9.2095688281871040e-04 
  -5.6719985663804089e-04    7.7500690876442467e-04   -1.4384227501988691e-03   -4.8922352957706742e-04   -1.5268281992437721e-04 
   3.2139147548949866e-04    5.3199724033498703e-04    7.7164386742874290e-04   -1.6909767025123769e-03    1.4387435279775509e-04 
  -2.8067216648248643e-03    1.7687481862941793e-04    8.6695124392803871e-04   -2.9650340981819456e-04    4.1104761322811948e-04 
   2.1084788263105864e-03   -1.5046195033224776e-05   -7.7122737691610692e-04    1.8483611811179385e-04   -3.5063941369913601e-04 
  -9.4811986407172318e-07   -7.6039991029256876e-05   -1.1272655685378964e-07   -3.9414349377515792e-06   -1.3195973595638342e-08 
   4.3663313139241193e-06    4.7552255409652307e-07    4.2163000434179422e-07   -1.0236542352928645e-05    4.5511866773342035e-08 
  -5.6321306211531663e-06    1.9672080672331785e-07   -6.6584814754397906e-07   -2.4210522242823507e-06   -9.3579118710019874e-08 
  -5.8501815580607297e-08    1.8928038326558119e-10    4.9510224955833017e-07   -4.0883424182881700e-09    1.0432110540270400e-07 
  -1.4910673820209581e-05    3.8198745457551273e-04   -1.3550361758135609e-05   -6.8326817218325746e-04   -8.7049039671536841e-07 
  -1.4910673820209581e-05    3.8198745457551273e-04   -1.3550361758135609e-05   -6.8326817218325746e-04   -8.7049039671536841e-07 
  -1.4910673820209581e-05    3.8198745457551273e-04   -1.3550361758135609e-05   -6.8326817218325746e-04   -8.7049039671536841e-07 
  -1.4910673820209581e-05    3.8198745457551273e-04   -1.3550361758135609e-05   -6.8326817218325746e-04   -8.7049039671536841e-07 
  -1.4910673820209581e-05    3.8198745457551273e-04   -1.3550361758135609e-05   -6.8326817218325746e-04   -8.7049039671536841e-07 
  -1.3080193416768163e-04   -1.6191367877147513e-02   -1.2980553331212884e-04   -1.2155015466661860e-02   -2.7593883496069735e-05 
   5.9610748641708946e-04   -1.3521425174026814e-03    5.7359096328899795e-04   -3.5611283757389172e-03    1.0332866423313362e-04 
  -7.8147977354648280e-04   -3.0238284323391143e-04   -7.8020049466548641e-04   -8.3031338603088776e-04   -1.6960491166041178e-04 
   4.3407563744162273e-05   -5.4729692151804301e-07    1.5222590763789781e-04   -1.4347908971458982e-06    1.3300780658511866e-04 
   8.4623842239538393e-06    7.9383062885821131e-04    1.0642347468036057e-06    3.1035693473667722e-05    1.0807381421642351e-07 
   1.5489833272357375e-05    3.2770260945430588e-06    9.1944085352432886e-07   -8.8074879070809659e-05    1.7048870784508305e-08 
   2.2349847101357602e-05   -3.9579450721029829e-07    2.5114918058362835e-06    3.9422529348960136e-06    3.4641610603127654e-07 
  -1.7683246655362651e-07    3.3070289782626380e-10    1.5647632490231257e-06   -1.4707457743352100e-08    2.3209059705484068e-07 
   7.5198169432108557e-07    7.0541124758084114e-05    9.4569689448919100e-08    2.7578839184229670e-06    9.6036208916353373e-09 
   1.3764526356445858e-06    2.9120205011886512e-07    8.1703060575310197e-08   -7.8264818800495818e-06    1.5149913309899059e-09 
   1.9860450017765312e-06   -3.5170965564586340e-08    2.2317538573589982e-07    3.5031522594235107e-07    3.0783117790390364e-08 
  -1.5713630377780647e-08    2.9386815682554284e-11    1.3904749395342455e-07   -1.3069294303248137e-09    2.0623960788174613e-08 
   9.7520726340427082e-05    1.3944056694977369e-02    9.7466102591010589e-05    1.0259195137384419e-02    2.1035428392192475e-05 
   1.7101175005273880e-04   -9.8181684595752402e-04    1.5371569939917967e-04   -2.5587673707361531e-03    1.6896304121375549e-05 
   2.5689173325973237e-04    3.9659138188218634e-05    2.5415778662168633e-04    1.1159564915035380e-04    5.3174299980889470e-05 
   1.1483729585239716e-05   -1.6955339381941097e-07    3.8639101222518500e-05   -4.3290882286615450e-07    3.1526437648452142e-05 
   2.0819691257037340e-05    3.5824016986725931e-05    7.9849798836178434e-06    7.9050578256232489e-04    1.0039082842189602e-06 
   2.0819691257037340e-05    3.5824016986725931e-05    7.9849798836178434e-06    7.9050578256232489e-04    1.0039082842189602e-06 
   2.0819691257037340e-05    3.5824016986725931e-05    7.9849798836178434e-06    7.9050578256232489e-04    1.0039082842189602e-06 
   2.0819691257037340e-05    3.5824016986725931e-05    7.9849798836178434e-06    7.9050578256232489e-04    1.0039082842189602e-06 
   2.0819691257037340e-05    3.5824016986725931e-05    7.9849798836178434e-06    7.9050578256232489e-04    1.0039082842189602e-06 
  -9.6736146661215565e-06   -7.7583183340701088e-04   -1.1501428405467024e-06   -4.0214243224117582e-05   -1.3463779058516090e-07 
   4.4549437509018309e-05    4.8517303852540371e-06    4.3018676733147034e-06   -1.0444287688520999e-04    4.6435506583571257e-07 
  -5.7464318007557384e-05    2.0071315380710073e-06   -6.7936119150901444e-06   -2.4701862276869528e-05   -9.5478258551441792e-07 
  -5.9689079687132312e-07    1.9312173080138340e-09    5.0515009378549715e-06   -4.1713132143266134e-08    1.0643824831131998e-06 
  -9.4811986407172318e-07   -7.6039991029256876e-05   -1.1272655685378964e-07   -3.9414349377515792e-06   -1.3195973595638342e-08 
   4.3663313139241193e-06    4.7552255409652307e-07    4.2163000434179422e-07   -1.0236542352928645e-05    4.5511866773342035e-08 
  -5.6321306211531663e-06    1.9672080672331785e-07   -6.6584814754397906e-07   -2.4210522242823507e-06   -9.3579118710019874e-08 
  -5.8501815580607297e-08    1.8928038326558119e-10    4.9510224955833017e-07   -4.0883424182881700e-09    1.0432110540270400e-07 
  -2.5923840815062803e-05    8.8376792257746693e-04   -1.1687073692265648e-05   -2.4074833932385964e-04   -1.0251961656748190e-06 
  -2.5923840815062803e-05    8.8376792257746693e-04   -1.1687073692265648e-05   -2.4074833932385964e-04   -1.0251961656748190e-06 
  -2.5923840815062803e-05    8.8376792257746693e-04   -1.1687073692265648e-05   -2.4074833932385964e-04   -1.0251961656748190e-06 
  -2.5923840815062803e-05    8.8376792257746693e-04   -1.1687073692265648e-05   -2.4074833932385964e-04   -1.0251961656748190e-06 
  -2.5923840815062803e-05    8.8376792257746693e-04   -1.1687073692265648e-05   -2.4074833932385964e-04   -1.0251961656748190e-06 
  -1.3080193416768163e-04   -1.6191367877147513e-02   -1.2980553331212884e-04   -1.2155015466661860e-02   -2.7593883496069735e-05 
   5.9610748641708946e-04   -1.3521425174026814e-03    5.7359096328899795e-04   -3.5611283757389172e-03    1.0332866423313362e-04 
  -7.8147977354648280e-04   -3.0238284323391143e-04   -7.8020049466548641e-04   -8.3031338603088776e-04   -1.6960491166041178e-04 
   4.3407563744162273e-05   -5.4729692151804301e-07    1.5222590763789781e-04   -1.4347908971458982e-06    1.3300780658511866e-04 
   8.4744330172477575e-06    7.9496088965757552e-04    1.0657500106041011e-06    3.1079882279741919e-05    1.0822769035977956e-07 
   1.5511887789656129e-05    3.2816919439050106e-06    9.2074995891317890e-07   -8.8200280610638962e-05    1.7073145068745574e-08 
   2.2381668947393929e-05   -3.9635804179795572e-07    2.5150676828972935e-06    3.9478659382137367e-06    3.4690933535587284e-07 
  -1.7708424167760722e-07    3.3117375459099557e-10    1.5669911683000633e-06   -1.4728398309691203e-08    2.3242104903567370e-07 
   7.5198169432108557e-07    7.0541124758084114e-05    9.4569689448919100e-08    2.7578839184229670e-06    9.6036208916353373e-09 
   1.3764526356445858e-06    2.9120205011886512e-07    8.1703060575310197e-08   -7.8264818800495818e-06    1.5149913309899059e-09 
   1.9860450017765312e-06   -3.5170965564586340e-08    2.2317538573589982e-07    3.5031522594235107e-07    3.0783117790390364e-08 
  -1.5713630377780647e-08    2.9386815682554284e-11    1.3904749395342455e-07   -1.3069294303248137e-09    2.0623960788174613e-08 
   9.7520726340427082e-05    1.3944056694977369e-02    9.7466102591010589e-05    1.0259195137384419e-02    2.1035428392192475e-05 
   1.7101175005273880e-04   -9.8181684595752402e-04    1.5371569939917967e-04   -2.5587673707361531e-03    1.6896304121375549e-05 
   2.5689173325973237e-04    3.9659138188218634e-05    2.5415778662168633e-04    1.1159564915035380e-04    5.3174299980889470e-05 
   1.1483729585239716e-05   -1.6955339381941097e-07    3.8639101222518500e-05   -4.3290882286615450e-07    3.1526437648452142e-05 
  -3.9332897659989857e-06    4.5013314407166120e-04   -5.0869645148401891e-07    7.0112507042083074e-06   -8.4790561387961237e-08 
   1.0833507648522260e-05    2.1447516708420359e-04    1.9832786640474985e-06    1.1783080810482740e-04    3.5818506759993370e-07 
  -1.1696960541417226e-05    1.6300850685414746e-04   -1.4044873763255707e-06    5.6391676330533403e-05   -1.4473700603616704e-07 
   6.3257987337453661e-06   -7.7213787526171616e-05    7.8128973811169377e-07    5.5880146282374492e-05    1.7059220752001759e-07 
   1.7866840211357467e-05    4.0037904362296221e-05    2.2015228579798530e-06   -3.0240232237455146e-05    2.2752780610332956e-07 
  -1.6422094378290386e-05   -4.0897489252972328e-05    1.4918598889419451e-06   -4.0536134960215454e-05    2.5790619106453588e-07 
  -1.8055975332089898e-05   -1.3754861920710381e-05   -1.2644731285339795e-05    3.0387391483982004e-05   -1.8108301836912024e-06 
  -6.8880051459191301e-06   -2.6988764380033498e-05    3.2530036651068169e-06   -1.3392722230531285e-05    7.3188442616009280e-07 
  -4.0840827405942335e-06    4.6739017820762377e-04   -5.2819866353776004e-07    7.2800453804764743e-06   -8.8041229843618290e-08 
   1.1248838565085465e-05    2.2269763487719763e-04    2.0593128509483086e-06    1.2234816103587340e-04    3.7191703117553767e-07 
  -1.2145394188236421e-05    1.6925786530349213e-04   -1.4583320818665614e-06    5.8553599077695620e-05   -1.5028587860153745e-07 
   6.5683148117618163e-06   -8.0173980492753022e-05    8.1124252843216020e-07    5.8022458184125942e-05    1.7713230701563147e-07 
   1.8551812370128560e-05    4.1572862388409830e-05    2.2859240081986693e-06   -3.1399570817326798e-05    2.3625068103159912e-07 
  -1.7051678418040725e-05   -4.2465401719336616e-05    1.5490542488077139e-06   -4.2090193962449379e-05    2.6779370101951984e-07 
  -1.8748198481546249e-05   -1.4282190611848401e-05   -1.3129500208279723e-05    3.1552371799358322e-05   -1.8802531060108606e-06 
  -7.1520748806127581e-06   -2.8023449415622754e-05    3.3777160886030584e-06   -1.3906167347269789e-05    7.5994313432714435e-07 
  -2.3910896825434714e-04    4.0291693049734019e-02   -2.4460347711876564e-04    2.8502892227660576e-02   -5.7793257393139606e-05 
   6.7764838713258672e-04    2.6182810535723355e-02    7.4306623621521039e-04    3.1061704296071396e-02    2.2637375922477025e-04 
  -7.0076259308442528e-04    1.7876623470916956e-02   -6.9838935116817960e-04    1.8544370126208246e-02   -1.4486417896682300e-04 
   3.7999247491737496e-04   -3.4288423922601264e-03    3.8664750913791981e-04    3.8264324125282172e-03    9.6034910185113946e-05 
   1.0715645579770258e-03    1.7006928414132285e-03    1.0716725953194713e-03   -2.1772234232415163e-03    2.2638818299363771e-04 
  -8.2972251114790891e-04   -6.0949435269938212e-03   -5.2166736471555080e-04   -8.6816915198103233e-03    1.4968910660198337e-04 
  -1.5432232066948921e-03    6.3599126754340239e-04   -2.4699673468745976e-03    3.8015608196823028e-03   -1.3231334089439629e-03 
  -2.3175522047774166e-04   -3.2072141076760724e-03    1.4828322022028149e-04   -3.6896776904634669e-03    3.7985276535567800e-04 
  -3.7156120272059702e-06    4.2522169060989879e-04   -4.8054396339420523e-07    6.6232311861458292e-06   -8.0098047291117421e-08 
   1.0233955215718413e-05    2.0260559423917164e-04    1.8735192411038282e-06    1.1130976709479693e-04    3.3836224237648508e-07 
  -1.1049622543739817e-05    1.5398722307211611e-04   -1.3267596587074317e-06    5.3270825002342371e-05   -1.3672691116190296e-07 
   5.9757137803496982e-06   -7.2940590362404432e-05    7.3805128031880695e-07    5.2787604260345043e-05    1.6115122345887128e-07 
   1.6878046197195476e-05    3.7822110203692673e-05    2.0796852751582688e-06   -2.8566664876380488e-05    2.1493586874512952e-07 
  -1.5513256081805553e-05   -3.8634123594063752e-05    1.4092967658209100e-06   -3.8292767519091494e-05    2.4363304064044323e-07 
  -1.7056714124342713e-05   -1.2993634699112601e-05   -1.1944941369623023e-05    2.8705679975404315e-05   -1.7106144754229029e-06 
  -6.5068063341968212e-06   -2.5495141089461856e-05    3.0729745993036778e-06   -1.2651536692505060e-05    6.9138017744657615e-07 
 TENSORSUMACCUMULATOR_IMPL_H - PrettifyOut: Norm of simple tensor is 8.59807e-06 
 As simple full tensor 3    5 5 5 
   6.1743283144683716e-09   -8.3827605586771815e-06    8.3493574016881108e-09   -3.5904635350551210e-07    1.7829050086856047e-09 
   6.6713811410900031e-09    3.8613968515403465e-07    1.1136534874657591e-08    6.5788934551477800e-08    1.5293645073623404e-09 
  -5.0887910753762463e-10   -3.9112427797511391e-08   -1.9556783271854045e-09   -5.5955924214189920e-08   -4.0199311761567299e-10 
   3.3482166980515764e-10    3.1014851921024775e-08    1.7814626919738020e-09    2.7590320970209769e-08    3.1724405423738787e-10 
  -1.3929174937508625e-09   -1.4150589645533509e-08   -2.1144027950852709e-09   -8.6997133734824522e-09   -2.9750176036929503e-10 

  -1.1953223472921839e-08    3.5088291371737270e-07   -1.0206407602644746e-08    2.6859726929207750e-07   -6.6229332003408387e-10 
  -3.0548005522063773e-09    1.3319393552647000e-06    1.6663277665213872e-09    1.0990271781732429e-06    9.3258525683153446e-10 
  -3.0386312970627713e-09   -2.7650695141153782e-07   -4.9467226054948554e-09   -2.1730699679995622e-07   -7.2315187057006226e-10 
   1.2296871568020743e-09    1.0594811094593470e-07   -6.0665669471766166e-10    8.7024651816272328e-08   -2.0932653175029209e-10 
  -3.1306058175967237e-09   -4.0131421632974615e-08    5.0344636682926238e-11   -3.0963568924698880e-08    2.8442475671028409e-10 

   2.1078206175828154e-09    8.5339287838991851e-09    1.0545255431950631e-09   -5.9897916489910223e-08   -4.8372521645860430e-11 
   5.7116524495805501e-09    1.0080446008314092e-07    8.7486722953211497e-09    1.0290858387877274e-07    9.9963511602379806e-10 
  -2.2641987739977404e-10   -5.5451825909649057e-08   -2.2480036144533901e-09   -7.0073076856575494e-08   -4.2177279196036408e-10 
  -1.1894961997363284e-09    4.2370515977964743e-08    8.1979124900162103e-10    3.7995847064648207e-08    2.6308476314593992e-10 
   5.4669903216317398e-10   -1.3720566492208354e-08   -3.8738676586352812e-10   -1.6210078809613896e-08   -7.1858428099984741e-11 

  -8.1172515054696455e-10   -6.9058312553125910e-10    1.8929288067739082e-09    2.4844638426971002e-09    5.1546085538106989e-10 
  -1.2853531190687514e-10    3.7865069490144536e-08    1.6411344021313968e-09    6.3757571392369748e-08    3.3671119653142814e-10 
  -2.3831090664092903e-09   -1.1184852796727271e-08    2.2570769529575380e-09   -1.2009832247606540e-08    5.1352677347101742e-10 
  -2.0433026356930603e-09    9.2115050509840623e-09   -1.1002020294938627e-10    2.5367711642922343e-09    8.5686875563731396e-11 
   9.0275065811563537e-10   -4.2279727968962110e-09   -2.7020836537516142e-11    8.9806720886286795e-10   -4.7652006340872393e-11 

   8.0702768090480082e-10   -7.0091788117087143e-09    1.0327123816343810e-09   -4.7203308572738754e-10    1.6242880776796750e-10 
   9.4346702567928975e-10   -3.6874967824596914e-08    3.6966991927345375e-10   -2.5021165317272095e-08   -5.6752278549781763e-11 
   2.0803375810153165e-09    7.2128985239663213e-09   -1.9467473365890189e-09    2.1039709949736867e-09   -4.8839408858179783e-10 
   4.5480083409142292e-10    1.8375122504422977e-09    8.4768517495601272e-10   -3.5951332396912632e-10    8.4706077591923817e-11 
   4.7350071449573617e-10    4.4200557212434299e-10   -4.6531342938529448e-10    4.0327893591632461e-10   -1.1538553005730717e-10 
