2    21 5 
  -2.6746076580199695e-03    2.1258657165211365e-04   -1.9786381358583281e-03    3.7379900945706178e-05   -3.5783204588201768e-04 
   2.3880733495014166e-03   -3.1324581077666984e-04   -9.4266815457893106e-04   -9.8297206597557039e-05   -4.6874354429619718e-04 
  -3.6437386940017406e-04    5.8707280560278349e-04    9.1085871596603338e-04    1.5742916280615669e-04    2.3859199850375062e-05 
   7.6414800341164518e-04    4.2256971453068929e-03   -4.6964880490597496e-04    1.2310248528632978e-03    3.6417624919471653e-05 
   1.8841505648252159e-03   -2.8692624210165966e-03    8.6035963934993150e-04   -9.3269079247318724e-04   -1.3746928198131789e-04 
   3.6633110227311989e-04   -2.4545509784442256e-04    1.2802137150688044e-03   -1.6604084653853323e-04    1.3314111809451781e-04 
   6.6545380510312391e-04    2.7785358154679330e-04    1.0363334577641166e-04    3.9231197460723720e-04    8.3433599568456948e-04 
  -8.3148650155844700e-05   -3.8112393191164651e-04   -1.2991677384459346e-04    3.5563834650732395e-04    9.3121074321666673e-04 
   1.2654054635913517e-04   -5.5647651358416909e-04    8.3410679497242425e-05    9.8667953250835953e-04   -2.3113542834578819e-04 
   1.1755826162693750e-04    5.2592211105100244e-04    8.9755738851424335e-04    1.9614834716980944e-04   -2.6893426110802715e-04 
   2.3119239872476281e-04    6.5553613963828183e-06   -4.6422037754794158e-04    1.0345723319883617e-04    3.0585705577236680e-04 
  -1.8189464582924611e-04   -2.3279291329251182e-04    1.3239846878750332e-04   -5.0972541998602994e-05    1.4468274595767877e-04 
   3.2584915998838470e-04   -5.5872827732611724e-04   -8.5115143071697692e-05   -8.0609098606507560e-04   -6.7401694385607331e-04 
  -4.1993242224260116e-06    1.0840254519834526e-04    1.3134745312387267e-05    7.3831439166492904e-05    7.2019095815300358e-05 
   1.8479935426737938e-05   -5.6228280955310901e-04    4.1520080548430077e-05    4.9444063228805391e-04   -1.3852896736470582e-04 
   2.5049686613007549e-04   -1.4551925915347709e-04   -2.4454359285989286e-05   -1.5536612447999878e-04    2.7667584142508509e-04 
   1.0440898610258531e-04   -1.7124020719854190e-04   -8.3310012904924701e-05   -3.8722168913380698e-05    5.5524612852727955e-04 
   7.4629306485302191e-05    4.1298771931726368e-05    2.2038308812627884e-04    2.3753977183423826e-05   -8.8174882289984426e-05 
  -4.9415205520735000e-05    2.6476233947929405e-04    5.5155314260257028e-05   -5.6956996310331338e-04    1.1946342405730265e-04 
  -1.2671990681471557e-04    2.8867366316327911e-05    2.2211986866309420e-05   -9.7882446033076083e-05    1.0341978628635044e-04 
   4.2627507905973203e-05    2.6087049092329400e-05   -2.9561371996856821e-05    3.1396794867038457e-05   -3.7485012543177676e-05 
2    21 5 
  -4.6730785808647722e-02    1.4705013485659359e-02   -1.2620450334906485e-02    2.8133686195130729e-03   -7.9731775754552530e-04 
  -1.7483491293572462e-02   -1.2086182441213230e-02    1.3268667662169033e-02   -3.1673049444191515e-03    1.4955965236506373e-03 
  -3.1954956195875663e-02   -7.7529084791700172e-03   -5.7209429473545461e-03    1.3280420653850693e-03   -4.7231668937393648e-04 
   1.5136975149710470e-02   -1.1174407245996040e-02    3.7563987558043017e-03   -1.0434789443809014e-03    1.5319371555521852e-04 
  -1.3194728084595364e-03   -1.6866522163574271e-02    7.0229222408285728e-04   -1.1140920412846271e-03    2.6616387244774635e-04 
   3.7865240274330492e-03    2.0519423357228263e-02   -5.5060763509469524e-03    2.7098264379759869e-03   -7.5370138993763021e-04 
  -3.4353556988056316e-03   -3.5652756966153029e-03    8.7313760725692136e-03    9.6712494155165737e-04   -7.3029384339463670e-04 
  -1.7067179871089338e-03    1.1148008415107349e-02    1.9654763496002856e-03    3.6914771255091095e-03   -1.0055762096078638e-03 
  -3.9972917010496229e-03   -3.9066064500925990e-04    1.0522636913011646e-02   -3.6645540267667559e-03    4.3509056430148560e-04 
   3.9018536369054709e-03   -3.1589453193570804e-04   -5.3515765888908417e-03    6.3072642582451656e-03   -1.8391474250564629e-03 
   1.5310372680855157e-03   -1.3052255266747526e-02   -2.0602250131290800e-02   -1.0054527407199303e-02    3.8167624823170414e-03 
   7.5730013882106072e-05   -7.3883715603194457e-03   -3.4440885775675924e-03    1.1254885936963709e-02   -7.6342116554657859e-03 
  -1.6077978446782336e-03    1.2426003241247294e-04   -2.1495112357445712e-03   -4.5440027823816119e-03    2.1595330519957852e-03 
  -1.0621451920081194e-02    9.5914323956082081e-04   -8.5016439061038618e-03   -8.7733889918860421e-03    1.0006216209903791e-03 
   3.6160077164651278e-03   -3.6649873546220754e-03    9.8980088603003308e-04   -9.3837762516065393e-04   -7.6698532777195582e-04 
  -4.3655601491163340e-03   -1.7355931704657256e-03    5.4241775073026293e-05    3.7673404937459678e-03   -4.2103317244851363e-03 
  -2.0993928898118542e-03   -5.8340489697556494e-04   -8.4104495676682418e-04    3.4096574831624692e-03    5.1045229949848959e-03 
  -3.3247186046563921e-04    1.1090784249670368e-04    8.6330411025046030e-04   -1.1593387358953629e-03   -6.1342120556460104e-03 
  -1.8654264552631530e-03   -2.4600131096139646e-03    8.2482775384536621e-04   -2.2243030799780428e-03   -1.2479000100538633e-03 
  -1.3850033373332487e-03   -2.7751878183972620e-03   -2.8327897044164189e-03    3.9891643619452098e-03    1.0168027854703766e-02 
   3.1446985317201104e-05    2.2450003477898100e-04   -1.4138485508324861e-03   -5.3537334485096715e-03   -6.2539258861806484e-03 
2    21 5 
  -1.6552576433656537e-02   -8.3211058970129805e-04   -1.9325452853420366e-02   -1.1452223035830862e-03   -9.8805475155507652e-03 
  -1.2472449375113989e-02    2.0834149495746767e-03   -2.8957523039746121e-03   -2.0065283984789400e-03    4.7010687013852945e-03 
   2.3893639066019819e-02   -6.7517576889832885e-03   -1.4310649837351802e-02   -8.5055363900552530e-03   -1.6918772906238527e-02 
   5.2709372473752746e-03    2.0437201927601283e-02   -5.6429805408531961e-03    1.1639733993606910e-02   -6.3008079330793363e-03 
   8.3246642819935369e-03   -9.5444036547217958e-03   -5.4867236115252937e-03    1.3089780904771632e-03   -8.4985693536926699e-03 
  -5.1245703266356267e-03   -1.3648664903795852e-02    1.9797253294758566e-03    1.2473213897938235e-02   -1.4541688326281613e-02 
  -9.9140769347523831e-04   -4.7460709145917910e-03    1.9984263133135199e-03    8.4859489452788128e-04    1.0811271074683066e-02 
  -3.0317770948089951e-03    3.0219284053970346e-03   -1.1556652596957177e-02   -2.6235639210574289e-03    1.3448068257484766e-03 
  -1.9571772721487376e-03   -8.1880748495022394e-03   -2.8905951596308269e-03   -8.2876562694341165e-03   -1.7845912879739213e-03 
  -5.3995097137951500e-03    4.8379893481204543e-03    8.7223865658694628e-04   -9.6227636918635000e-03   -1.2480022984912029e-03 
  -1.9398180258130854e-03   -1.1439603970018932e-03   -1.1217346392903399e-02    2.0504402775655900e-03    3.3585562147029711e-03 
  -1.5861886574059624e-03    5.1807570882360095e-04   -8.2532800067932417e-04   -7.6899344735870709e-04   -6.2920424801554548e-03 
   1.1417877668269609e-03    1.8442991409011473e-03   -3.9007898246119630e-04    2.7777521262313557e-03   -3.2835004966372803e-03 
   6.7288209500967339e-03    6.4885813883528518e-03    4.5785015098439661e-03   -1.9777801729497402e-03   -4.9177456617778680e-03 
   5.3407141105158568e-04   -1.6192831725005089e-04   -2.2326107281450880e-03    2.1584002685850567e-04    4.6073512441110560e-03 
   3.9725935206018151e-03    3.5952437401738685e-03   -2.6685200059611077e-03   -3.8115641576799623e-03    2.8229099997941587e-03 
  -4.1271475591655082e-04    9.5401832818073253e-04    7.0704101580181585e-04    1.5796594755623089e-04    2.3983123505611124e-05 
   1.4946692450569948e-03    1.0628025842537091e-03   -1.1739730448247752e-03    8.4843953052533036e-04   -5.4878050631729236e-05 
   4.6459418650227421e-04    1.5963038926446668e-03   -6.3404943172953583e-04   -1.1714892056718844e-03   -3.3574305903564942e-04 
   7.0121832795613250e-04    2.3662471349076815e-03   -7.4232205880200852e-04   -1.7214890028002105e-03   -3.1374022059713308e-04 
   1.9035680778194182e-03   -1.8328281797533048e-03    1.8849714397914355e-03   -5.8475673662035724e-03    2.0064874979108180e-03 
 TENSORSUMACCUMULATOR_IMPL_H - PrettifyOut: Norm of simple tensor is 5.41965e-06 
 As simple full tensor 3    5 5 5 
  -1.2414301552384994e-06   -1.5480050225630201e-08   -2.5154699458127544e-06   -9.3448206127159524e-09   -1.7244161040516145e-06 
   7.3821934852592579e-07   -7.9858985238800527e-09    1.0803801401711742e-06    2.6620452941772588e-08    3.7255416890656450e-07 
  -8.6412080591243034e-07    6.1040636607849293e-08   -7.3948272769642254e-07   -1.2209403114547072e-07   -1.7673468007805486e-07 
   1.8680020994084073e-07   -1.0490170655212203e-08    2.2530775522754326e-07    1.7403124087941939e-08    7.3868246949518060e-08 
  -7.7861388905913863e-08    1.6924840552660948e-09   -6.7423889493301589e-08   -1.3830246404852060e-09   -2.4365892917180656e-08 

  -8.3887569350074978e-10    1.4245731894805774e-06    4.4705322687875720e-08    8.5977679798120319e-07   -8.9244409074366762e-10 
  -1.3815874586551483e-08   -1.3319257980364632e-06    2.6386283036765081e-08   -5.1298786478344123e-07    5.8637163897066134e-09 
   9.6289943449994752e-08    3.5926038320476907e-07    6.1425034655115359e-08    3.2292668318980106e-07   -7.1826121621209357e-09 
  -1.6173161170088342e-08   -1.2726525166921046e-07   -8.2572723171438657e-09   -9.5453163248401395e-08    2.4448253187609694e-09 
   1.7387499828120701e-09    1.9321826908285632e-08    5.1096524077002847e-10    1.5831049421325246e-08   -4.2299168097705338e-10 

  -2.5210333866296986e-06   -2.4288360867917912e-08   -1.3544540579777208e-06    5.1976202736519857e-08   -3.6821118213691243e-07 
  -6.0772280027633159e-08   -2.8360495811348464e-08    6.8146847580331424e-07    4.6002179575190862e-07    1.8919737794303396e-07 
  -3.4393770542011620e-07   -4.2189700795793128e-09   -4.8872605399949616e-07   -5.7726059176499034e-09   -5.9811744245638130e-08 
   1.9920896689129949e-08   -3.2792338062646392e-09    4.9023467287462774e-08   -3.9091592822053151e-09    2.5968780077368531e-09 
   1.2848295343186102e-10    5.0683676584809923e-10   -4.0667296802600717e-09    8.9023273791852462e-10    4.3355675156951782e-10 

   5.8235829877286441e-09    4.5857261444928519e-07   -8.3630017966233750e-09    2.7957657709073257e-07   -7.6638262208741799e-09 
   1.6623799086142598e-08   -3.4687460604080953e-07   -4.2120777978281406e-08   -1.8949084960009579e-07   -7.4899463741111980e-10 
  -1.6273218403871870e-09   -1.0616986534614674e-08   -7.9160703364309305e-09    2.3580456960699847e-09   -1.0995196669171665e-08 
  -2.1640744596101634e-10    9.5455393618272760e-09    1.3017261336662764e-09    5.2330280334238327e-09    3.1183799682689765e-10 
  -4.2950854539057455e-11   -2.0173786977467471e-09   -6.6680564861870614e-11   -1.7098760838114276e-10    8.1305629360187712e-11 

  -3.9345344574619671e-07   -2.4093973754386745e-09   -3.3548981363403884e-07   -1.6636183903046777e-09   -1.6352711136796939e-07 
  -6.0473290261866151e-09   -4.0975260060603942e-09    3.1374729686737616e-09   -7.6839134518303564e-09    8.2045090063675833e-10 
  -1.9925735548273042e-09    3.2874302592992480e-10    6.9599322298245984e-10    1.0305111486220628e-09    2.6280706412789577e-09 
   1.1659181036259407e-09   -2.9339032355452944e-10    2.0101430840720255e-10    1.9952297762580262e-10    4.5357782326313421e-10 
  -5.4709962514113065e-10    2.5897378093575848e-10   -3.1508711048925339e-10   -6.2475999615483730e-10    2.5193159419531984e-10 
