2    2 5 
  -4.8329899886138291e-07    7.0674813015134726e-04   -3.5080572886257215e-07    4.9301860748738973e-04    1.2690156113523450e-07 
  -3.6948731266111310e-06   -5.5134851765124523e-04   -3.5784996652312905e-06   -3.8464728632858850e-04   -3.0979531297389892e-07 
2    2 5 
  -7.3921001636351991e-06    8.6168105746627175e-04   -1.4367464795288189e-08    3.4280315589776615e-06   -5.8759601115453639e-11 
  -3.1622327498473888e-06    6.7227076730834771e-04   -7.7603253326195175e-09    2.7004005335183487e-06   -3.7294203590549750e-11 
2    2 5 
   8.6051253179095818e-04    4.5348550951036333e-05    4.6973874088379343e-06   -5.1118233973335844e-07    6.5949387293170668e-08 
   6.7132030740154529e-04    3.5780579004639908e-05    3.7286338311423568e-06   -4.0750708529104384e-07    5.2732346224148340e-08 
 TENSORSUMACCUMULATOR_IMPL_H - PrettifyOut: Norm of simple tensor is 3.36055e-10 
 As simple full tensor 3    5 5 5 
   1.0918001668827593e-14    5.8007402008489045e-16    6.0347400599535160e-17   -6.5875799448694719e-18    8.5173773249891794e-19 
  -2.0258896561498348e-12   -1.0776274054897557e-13   -1.1217984435494669e-14    1.2251110172883172e-15   -1.5844938064434080e-16 
   2.5224258338495060e-17    1.3408419035176183e-18    1.3953030573051977e-19   -1.5234159199028759e-20    1.9699547060162604e-21 
  -8.1238569552358962e-15   -4.3213749859246863e-16   -4.4985419613132145e-17    4.9128665302673223e-18   -6.3540681312467889e-19 
   1.1694338739009695e-19    6.2182978373212636e-21    6.4719441487148266e-22   -7.0670186097638452e-23    9.1392384010957618e-24 

  -3.3251793868939636e-12   -1.7453367139703376e-13   -1.8039965333854882e-14    1.9601114927190126e-15   -2.5260443561412180e-16 
   2.7521623881317021e-10    1.4354612905194376e-11    1.4786302886620077e-12   -1.6026094886566506e-13    2.0617081036807341e-14 
  -5.8654576583486918e-15   -3.0738494328985780e-16   -3.1744615733715054e-17    3.4470592255775549e-18   -4.4403894569043720e-19 
   1.0853077658823153e-12    5.6596085391941639e-14    5.8291977419058364e-15   -6.3174777028201685e-16    8.1268023283878717e-17 
  -2.1931811520173637e-17   -1.1475214447790022e-18   -1.1840566719416009e-19    1.2849298962517419e-20   -1.6544738855696539e-21 

   9.8281668102311673e-15    5.2249223749931135e-16    5.4374625682239657e-17   -5.9369635650384718e-18    7.6774116838483608e-19 
  -1.8751271801073454e-12   -9.9786160352417444e-14   -1.0389990369704840e-14    1.1348697899120539e-15   -1.4679465335188659e-16 
   2.2979926598591619e-17    1.2222034519961620e-18    1.2722108079373861e-19   -1.3893058399767123e-20    1.7967915873391278e-21 
  -7.5220540780031596e-15   -4.0029636553434137e-16   -4.1680166342535672e-17    4.5526309338614274e-18   -5.8888178644069367e-19 
   1.0733051330936658e-19    5.7099582532427916e-21    5.9444159358721478e-22   -6.4921899528701542e-23    8.3969445093598410e-24 

  -2.3195322187631717e-12   -1.2174870446794842e-13   -1.2584058021469335e-14    1.3673059651281760e-15   -1.7620809229178919e-16 
   1.9197227082292496e-10    1.0012791760611472e-11    1.0313899357248109e-12   -1.1178684656879629e-13    1.4381029066130704e-14 
  -4.0914950045606301e-15   -2.1441857044719608e-16   -2.2143675545026303e-17    2.4045192436805647e-18   -3.0974227774901690e-19 
   7.5703632915802022e-13    3.9477481140010516e-14    4.0660377897912521e-15   -4.4066244154302795e-16    5.6686781488080504e-17 
  -1.5298517327830228e-17   -8.0045183363659092e-19   -8.2593646773222955e-20    8.9630003294078340e-21   -1.1540743057419188e-21 

  -1.4956466896388253e-16   -7.4878109632774837e-18   -7.5373668939408564e-19    8.0312100759927625e-20   -1.0206105918387006e-20 
  -4.5717516462358381e-14   -2.4930861772797500e-15   -2.6289582204720987e-16    2.8972896538416399e-17   -3.7708944863135677e-18 
   4.4996817721533760e-20    3.3386203492158197e-21    3.9952585494683161e-22   -4.7677744562050457e-23    6.5320230484854708e-24 
  -1.8726502705977222e-16   -1.0205367521930983e-17   -1.0757990509815483e-18    1.1853293619428742e-19   -1.5424903148604351e-20 
   1.3395748249417576e-21    7.5243540546894873e-23    8.0520912465687201e-24   -8.9643567799359725e-25    1.1748301114260319e-25 
