2    101 5 
  -2.3207322299652262e-06    8.5936398039541961e-04   -2.4159340846156477e-06    4.6208731351005664e-05    1.5302394910852314e-08 
   7.9964920480739277e-06   -1.5630100555711105e-04   -2.5057853827682749e-06   -1.9176751309410900e-04   -2.4053912235555119e-07 
  -1.9415793044985566e-05   -1.0274068417456612e-04    5.2073296925475770e-06    2.8247141384072456e-04    4.9479478352661831e-07 
   9.2612574422058774e-05   -6.2840779722487009e-04   -2.4221159767400760e-05   -1.6390002916034279e-03   -2.3293267841357697e-06 
  -3.2585275474445935e-05   -1.0717228679036181e-04    6.4696022700671653e-06    5.6917152076240709e-04    6.9742993980146867e-07 
   3.0513494550879253e-05   -2.0248157075820100e-05   -6.6267584168981892e-06   -4.8059904118487280e-04   -6.5648500353556909e-07 
   2.0720376211934860e-04    1.7137748504805151e-04    5.2794571657109524e-06   -9.5945451636830477e-05    6.7336861590370915e-08 
   9.4882099894625846e-05   -7.8064361743208308e-05    4.0470003862641656e-05    1.2146447135455607e-04    1.6276354942614116e-06 
  -3.2167046315788642e-04   -7.7871125475548328e-05    5.3048474379517877e-05    3.2377668677748818e-05    3.3764532580397439e-06 
   4.5470924757143884e-05   -5.1633199702865706e-05   -2.5452606251866643e-05   -1.3244615808942207e-04   -9.9208518264169779e-07 
   4.0517377283119485e-05    2.4953300250011667e-04    3.2103716235738105e-05   -1.1182480463580881e-04    1.1544940351749150e-06 
   8.6332052543378529e-05   -1.0574991709344998e-04    4.3098028350446748e-04   -3.7324606669013539e-05    1.2336308187931442e-05 
   2.0517805637656179e-04    4.1014914080628989e-05    1.9450145500481207e-04    6.2080891028469353e-05    1.2165742105743250e-05 
  -2.1497803168912873e-04    2.4256617367948452e-06    6.3025662391418151e-05   -3.3619276157487256e-05    5.1883811647068355e-06 
   2.2305400766556155e-04   -3.6272265361293521e-05    4.9100133154902158e-05    4.2610421055924497e-06    2.8836438698532011e-06 
  -4.6493559236188245e-05    9.1209146355515659e-06   -2.4198581555574453e-05    5.1507946757927813e-05   -1.8271418871021611e-06 
  -1.8794851365410289e-05   -2.5097562759203995e-03   -3.2088388031305003e-07   -1.2934489371019748e-05    8.9047809570373547e-09 
   1.3070328406572675e-05   -1.5442738989459714e-06    1.3204857833173317e-06    2.8061975194519444e-04    7.7656516422727379e-08 
  -8.6141425629505098e-05    6.2446436150095404e-07   -6.8545840029282068e-07    4.0188463572155715e-06   -1.8844429546946006e-08 
   7.3476256851164540e-06    9.8115964408598474e-04    1.2544577209411369e-07    5.0565862149501382e-06   -3.4812191917983403e-09 
  -5.1096908853338058e-06    6.0371568490468092e-07   -5.1622835795284534e-07   -1.0970498553333507e-04   -3.0358900083370967e-08 
   3.3675975361674990e-05   -2.4412698418294161e-07    2.6797188496736053e-07   -1.5711206300443766e-06    7.3670076910174752e-09 
  -1.9690648582894741e-06   -2.6293758805037720e-04   -3.3617779679748979e-08   -1.3550970946897787e-06    9.3291992111930170e-10 
   1.3693284320965465e-06   -1.6178768359851846e-07    1.3834225667707196e-07    2.9399460594517415e-05    8.1357768961443383e-09 
  -9.0247084561773547e-06    6.5422748261189070e-08   -7.1812860958288744e-08    4.2103919733153475e-07   -1.9742589751836112e-09 
  -5.8301401841063106e-06    1.0481126606770832e-02   -1.6969452694382824e-06    2.8203087834282968e-04   -5.8607498194585904e-08 
  -6.5195807334038400e-08   -1.0944544069126073e-03    2.7052011491989793e-08   -1.2472512842878160e-05    2.2149152200474051e-09 
  -6.5195807334038400e-08   -1.0944544069126073e-03    2.7052011491989793e-08   -1.2472512842878160e-05    2.2149152200474051e-09 
  -6.5195807334038400e-08   -1.0944544069126073e-03    2.7052011491989793e-08   -1.2472512842878160e-05    2.2149152200474051e-09 
   1.6531665400468759e-05    1.1112895024737014e-03    2.0510209352067469e-06    2.4392371131282522e-05    3.4708634041000682e-08 
  -5.6828651451524268e-05    1.4066290716268479e-06   -1.2524004707649525e-05   -2.4516338715792366e-05   -3.5773027063537606e-08 
   8.6617352556311057e-06    3.2279634321455586e-07    1.2122568563355246e-06   -2.0678484860561759e-05   -6.2915888144551066e-08 
   1.3740214818938231e-05    1.8347892039087643e-03    2.3458623650251589e-07    9.4559227458516757e-06   -6.5099532252998294e-09 
  -9.5552295981915442e-06    1.1289610488672121e-06   -9.6535790442724710e-07   -2.0515063403269218e-04   -5.6771782707598232e-08 
   6.2974783356747955e-05   -4.5652260329045181e-07    5.0111307008271768e-07   -2.9380286759848969e-06    1.3776459578281564e-08 
   5.9120682157104659e-04   -1.0221457496134148e-08    3.2236821521225760e-06   -7.0854189263320639e-10    5.2900230835566463e-07 
   5.9120682157104659e-04   -1.0221457496134148e-08    3.2236821521225760e-06   -7.0854189263320639e-10    5.2900230835566463e-07 
   5.9120682157104659e-04   -1.0221457496134148e-08    3.2236821521225760e-06   -7.0854189263320639e-10    5.2900230835566463e-07 
  -6.2900581813034438e-08   -1.0559240199285113e-03    2.6099642471497731e-08   -1.2033416665399315e-05    2.1369388877064954e-09 
  -6.2900581813034438e-08   -1.0559240199285113e-03    2.6099642471497731e-08   -1.2033416665399315e-05    2.1369388877064954e-09 
  -6.2900581813034438e-08   -1.0559240199285113e-03    2.6099642471497731e-08   -1.2033416665399315e-05    2.1369388877064954e-09 
   9.2977311195443309e-04   -1.6074977483575165e-08    5.0697875551674101e-06   -1.1143024343207662e-09    8.3194595279516389e-07 
   9.2977311195443309e-04   -1.6074977483575165e-08    5.0697875551674101e-06   -1.1143024343207662e-09    8.3194595279516389e-07 
   9.2977311195443309e-04   -1.6074977483575165e-08    5.0697875551674101e-06   -1.1143024343207662e-09    8.3194595279516389e-07 
  -7.5693644766772084e-08   -1.2706835988058865e-03    3.1407929924233574e-08   -1.4480838493810897e-05    2.5715611587687677e-09 
  -7.5693644766772084e-08   -1.2706835988058865e-03    3.1407929924233574e-08   -1.4480838493810897e-05    2.5715611587687677e-09 
  -7.5693644766772084e-08   -1.2706835988058865e-03    3.1407929924233574e-08   -1.4480838493810897e-05    2.5715611587687677e-09 
   2.3760732670706612e-05    1.5972409402437735e-03    2.9479038537816239e-06    3.5058815649549220e-05    4.9886236796821453e-08 
  -8.1679030059375862e-05    2.0217283938508734e-06   -1.8000577716549574e-05   -3.5236992533971772e-05   -5.1416074078935099e-08 
   1.2449391569929160e-05    4.6395069295228065e-07    1.7423599131641539e-06   -2.9720898584913892e-05   -9.0428130664946118e-08 
   1.1171815303290997e-05    7.5099034304010922e-04    1.3860446915809966e-06    1.6483945113012548e-05    2.3455498253949862e-08 
  -3.8403825783549124e-05    9.5057574707562369e-07   -8.4635070975632085e-06   -1.6567720275658889e-05   -2.4174796761985057e-08 
   5.8534517931369998e-06    2.1814021997254393e-07    8.1922234518154678e-07   -1.3974164611845129e-05   -4.2517475702932505e-08 
   2.7686291381801824e-05    3.6970680002459877e-03    4.7268714380047916e-07    1.9053518149120722e-05   -1.3117441339354500e-08 
  -1.9253619711310388e-05    2.2748366724631452e-06   -1.9451792116714291e-06   -4.1337492214182242e-04   -1.1439414441617609e-07 
   1.2689308170914747e-04   -9.1988502244209271e-07    1.0097340293702558e-06   -5.9200761475207434e-06    2.7759323934892602e-08 
  -8.9185949292642778e-06   -1.1909378350981304e-03   -1.5226687842338998e-07   -6.1377166051603506e-06    4.2255260627281246e-09 
   6.2021753928423897e-06   -7.3279394961759826e-07    6.2660127405601516e-07    1.3316061128079991e-04    3.6849826589567469e-08 
  -4.0876113722973780e-05    2.9632289075924200e-07   -3.2526598344501998e-07    1.9070362433894446e-06   -8.9421209316704647e-09 
   1.9193551877637631e-05    1.2902264956438265e-03    2.3812710799781437e-06    2.8319968338676050e-05    4.0297329514605122e-08 
  -6.5979055548758559e-05    1.6331208867860117e-06   -1.4540587911078400e-05   -2.8463896866552482e-05   -4.1533108379067189e-08 
   1.0056425711023914e-05    3.7477218473249662e-07    1.4074513545645585e-06   -2.4008081600229006e-05   -7.3046443523823449e-08 
   1.3256460859839430e-05    1.7701914844990769e-03    2.2632712104081534e-07    9.1230065487240067e-06   -6.2807562521967437e-09 
  -9.2188170886977229e-06    1.0892135351452941e-06   -9.3137039299690616e-07   -1.9792786257440627e-04   -5.4773009397879357e-08 
   6.0757620002778631e-05   -4.4044973837021381e-07    4.8347030140674708e-07   -2.8345890265556508e-06    1.3291429544095148e-08 
  -1.7733222684949473e-06    3.1879877024862096e-03   -5.1615068243394955e-07    8.5783809852797442e-05   -1.7826326360481468e-08 
  -1.7733222684949473e-06    3.1879877024862096e-03   -5.1615068243394955e-07    8.5783809852797442e-05   -1.7826326360481468e-08 
  -1.7733222684949473e-06    3.1879877024862096e-03   -5.1615068243394955e-07    8.5783809852797442e-05   -1.7826326360481468e-08 
   8.8306682635983887e-06    8.6336122548524494e-04    8.8829039368237294e-06    6.2098842225703776e-04    1.5891326219472840e-06 
   8.8306682635983887e-06    8.6336122548524494e-04    8.8829039368237294e-06    6.2098842225703776e-04    1.5891326219472840e-06 
   8.8306682635983887e-06    8.6336122548524494e-04    8.8829039368237294e-06    6.2098842225703776e-04    1.5891326219472840e-06 
   8.2758164775605672e-06    1.7805244900984084e-03    6.9861046153502196e-06    1.2434937214958913e-03    2.3016375013109978e-07 
   8.2758164775605672e-06    1.7805244900984084e-03    6.9861046153502196e-06    1.2434937214958913e-03    2.3016375013109978e-07 
   8.2758164775605672e-06    1.7805244900984084e-03    6.9861046153502196e-06    1.2434937214958913e-03    2.3016375013109978e-07 
  -1.8883829211399723e-04   -1.9255698191153060e-02   -1.8903661343644634e-04   -1.3843815112995220e-02   -3.3169505829305186e-05 
   6.9268239111848181e-04    2.6524134736605908e-04    7.7503023731860792e-04    7.2383122551566851e-04    1.9392626974456284e-04 
  -9.9719321963534052e-05    2.3841708904930649e-04   -1.0056346756355105e-04    6.2069760518438917e-04   -1.6494443354434638e-05 
  -1.7861312402158946e-04   -3.8665625908515008e-02   -1.5069767645866280e-04   -2.6975052665148418e-02   -4.8805552076741122e-06 
   1.3148337908397545e-04    2.9536251269064976e-03    1.2827996234132929e-04    7.6060243659299585e-03    2.1509522770552379e-05 
  -8.0600929265407231e-04    5.2178849231313453e-05   -6.6613257502651159e-04    1.1579080583848577e-04   -1.4406013595607442e-05 
  -2.7237978431925467e-06   -1.8309879111844097e-04   -3.3793125280048854e-07   -4.0189470490889296e-06   -5.7186798940629652e-09 
   9.3632283563405372e-06   -2.3175966478008341e-07    2.0634858124978627e-06    4.0393722531524073e-06    5.8940519058273134e-09 
  -1.4271288001585050e-06   -5.3184719272948608e-08   -1.9973442062216261e-07    3.4070380145784199e-06    1.0366176442562921e-08 
  -1.4070755597768127e-06   -1.8789277170572476e-04   -2.4022954836758522e-08   -9.6833986703664179e-07    6.6665595839042776e-10 
   9.7850944929478812e-07   -1.1561198429092708e-07    9.8858098774754364e-08    2.1008582982432924e-05    5.8137510210334701e-09 
  -6.4489733029055336e-06    4.6750491607329803e-08   -5.1316807116164411e-08    3.0087072133718152e-07   -1.4107872277320843e-09 
  -1.8364571074803410e-06   -2.8827002569979223e-03   -1.6909305774290155e-06   -1.5467511079698577e-03    2.0231947376564999e-06 
  -1.8364571074803410e-06   -2.8827002569979223e-03   -1.6909305774290155e-06   -1.5467511079698577e-03    2.0231947376564999e-06 
  -1.8364571074803410e-06   -2.8827002569979223e-03   -1.6909305774290155e-06   -1.5467511079698577e-03    2.0231947376564999e-06 
  -1.4511854673654807e-05   -9.1374185881939232e-05   -1.5019361610445555e-05   -1.6218433383517695e-03   -4.8497493784190082e-06 
  -1.4511854673654807e-05   -9.1374185881939232e-05   -1.5019361610445555e-05   -1.6218433383517695e-03   -4.8497493784190082e-06 
  -1.4511854673654807e-05   -9.1374185881939232e-05   -1.5019361610445555e-05   -1.6218433383517695e-03   -4.8497493784190082e-06 
  -4.9865344025604136e-06   -3.3520417943689018e-04   -6.1866038333258756e-07   -7.3576009954032114e-06   -1.0469350396265688e-08 
   1.7141529219802944e-05   -4.2428902880589416e-07    3.7776823338531947e-06    7.3949939990713798e-06    1.0790408940347710e-08 
  -2.6126854005193095e-06   -9.7366782563506275e-08   -3.6565950086828060e-07    6.2373616724115433e-06    1.8977654888390789e-08 
  -4.2352058274450648e-06   -5.6554501009818767e-04   -7.2307530047091012e-08   -2.9146399561310514e-06    2.0065910322001185e-09 
   2.9452497366386567e-06   -3.4798454581151801e-07    2.9755644116751647e-07    6.3234467015883822e-05    1.7499012069757789e-08 
  -1.9410989782123316e-05    1.4071593605299404e-07   -1.5446024844517052e-07    9.0560128307320604e-07   -4.2463777063427408e-09 
   7.4188010861178489e-07   -1.3337139588174311e-03    2.1593476332372378e-07   -3.5888176278719872e-05    7.4577515725257468e-09 
   7.4188010861178489e-07   -1.3337139588174311e-03    2.1593476332372378e-07   -3.5888176278719872e-05    7.4577515725257468e-09 
   7.4188010861178489e-07   -1.3337139588174311e-03    2.1593476332372378e-07   -3.5888176278719872e-05    7.4577515725257468e-09 
2    101 5 
   1.2842588806686958e-01    1.6934552772140909e-02    5.9403139103230262e-03    4.1851516418380296e-03   -1.0765046261788425e-03 
  -2.8139592606149402e-03    3.0875670287420498e-02    2.9877144898001192e-02    4.7024614981441906e-03    9.4491240117226018e-03 
   3.0412192967924394e-02    4.6705003810720236e-02   -8.7935954486677168e-02    8.8748826114517076e-03   -2.8020251139644431e-02 
   9.5472509721305934e-04    1.1186429787504195e-02    3.0038664656488325e-02   -7.7741496520454187e-03    7.6019736603854882e-03 
  -6.3852605305493807e-03    5.3996168144481556e-02    1.7922621141507094e-02   -9.9678790958349205e-03    4.7695349551172958e-03 
   1.1176475273619943e-02    1.8896834337988621e-02    6.8243327035097889e-02   -3.6183201661603950e-02    1.4240006530175360e-02 
   2.9917343504944258e-03    4.9692282894035159e-04   -4.1440518786221483e-03   -8.3494223626349971e-03   -2.7756306898934083e-03 
  -2.1159897994026348e-03   -3.2287989443311937e-03    7.4458274990503934e-03    1.3103921761585351e-02    3.6524725088940869e-03 
   1.5945602211761606e-03   -6.7705250096033757e-03   -1.0091599190345736e-03   -1.4569723528246362e-03   -1.6970168284350331e-04 
   8.4840171345881860e-03    7.2017454336149997e-03   -7.6976205575551848e-03   -9.2603812032694358e-03    7.1357271078731290e-04 
   6.8907444168929020e-03   -1.3124663060523720e-03    1.4619144976621818e-03    1.7762981121468521e-03   -1.1067655043662408e-02 
   5.7377953574905315e-04    4.5260864777464552e-04   -8.1135801590586715e-05   -2.7413109360922133e-04   -1.3091774546989019e-03 
   2.5618806118100613e-03   -5.6414360449457519e-05    5.7907705756830483e-04    4.0675089203598674e-04    2.3624532536760229e-03 
  -3.2974196230983396e-03   -1.5236375064788729e-03    1.0626970445956679e-03    2.7069686461637227e-04   -3.1189505394303577e-03 
  -1.3773374469579415e-03   -8.1530389968941723e-04   -1.3915577244132233e-03    1.6196466242154677e-04    5.5176656671180949e-03 
  -4.7795999572396589e-03    7.4683630092123852e-05   -6.7231325100758073e-04   -2.3182403520451682e-03   -2.5658270204914030e-03 
   4.1651197594942723e-04   -2.9969151311282017e-02    1.4916073474052509e-03    3.3635840654946980e-04   -1.2836872031497936e-05 
   3.3083801677780589e-03   -7.1212007445970555e-04    4.1145186889374472e-03   -1.0310971326156968e-03    6.5894880808843386e-05 
  -2.3432558726836958e-04   -1.2672254838247106e-03   -2.9459290959558422e-04   -1.4354179012972608e-03   -1.9151437026924588e-05 
   1.6283044931533091e-04   -1.1716086584285164e-02    5.8312631713988510e-04    1.3149535579281638e-04   -5.0184238662707965e-06 
   1.2933722445729642e-03   -2.7839495233342333e-04    1.6085226008419940e-03   -4.0309527477296091e-04    2.5760827225258319e-05 
  -9.1606827328346053e-05   -4.9540687142227418e-04   -1.1516762687367237e-04   -5.6115971525361782e-04   -7.4870286479038374e-06 
  -5.7097336265009617e-02    2.0848967555282807e-03   -4.5897304735732967e-02    2.3711822489579037e-03    6.9170492318179296e-04 
  -6.4636208681729829e-04    1.0539805493888834e-02   -2.8990120811506958e-03    7.5034158656459493e-03   -2.0116761045698007e-03 
  -1.6267846480162926e-03   -7.9560991723374801e-04   -4.5401407895747032e-03   -5.6502274816551943e-04   -2.8669915614603176e-03 
   1.0904796185448297e-02    3.7754842863823330e-05    2.1777415057238943e-05   -8.4298321201809908e-07    3.1451879905451265e-06 
  -7.7554803108227622e-04    6.4392910391979736e-04    1.7584335485481588e-05   -4.9797438253087935e-06   -1.2782835106160931e-07 
  -5.0856249848335925e-04   -6.1250191210929575e-04   -2.8431634011606612e-06   -8.6642624666151164e-06   -9.6725147521597547e-08 
  -1.3190420580528465e-06    1.6312678623361006e-06   -1.1770502278351089e-04    7.2779514826745438e-07    9.7642952905905119e-08 
   1.1116760045352945e-03    3.8488709144991284e-06    2.2200717324954661e-06   -8.5936884384610278e-08    3.2063231255136556e-07 
   1.1116760045352945e-03    3.8488709144991284e-06    2.2200717324954661e-06   -8.5936884384610278e-08    3.2063231255136556e-07 
   1.1116760045352945e-03    3.8488709144991284e-06    2.2200717324954661e-06   -8.5936884384610278e-08    3.2063231255136556e-07 
  -1.8329851157332312e-03    8.1895531278818547e-05    1.3713289487033832e-05   -5.6452232445319581e-07   -1.7160061502215558e-08 
   8.6031966287648370e-06    2.0014199490813692e-04   -4.5183605489921769e-05    2.8101567036964029e-06    8.0279813652830472e-08 
  -1.0780190065108576e-06   -1.3832640064869478e-05   -6.1499966850484347e-05   -3.6912041975758166e-07    1.6982249504900193e-07 
  -4.1891787474894351e-04    3.4782295988377746e-04    9.4983059142972588e-06   -2.6898446214625537e-06   -6.9047407785515052e-08 
  -2.7470370951023681e-04   -3.3084733506759368e-04   -1.5357552618837686e-06   -4.6800639977337339e-06   -5.2246787575464840e-08 
  -7.1249010186108008e-07    8.8114112685252174e-07   -6.3579218843395278e-05    3.9312380993260431e-07    5.2742546787812677e-08 
  -7.4824477790551779e-04    6.2125950945551823e-04    1.6965277033311748e-05   -4.8044313998126334e-06   -1.2332813999494952e-07 
  -4.9065850015469494e-04   -5.9093871536668857e-04   -2.7430695229562979e-06   -8.3592361597521415e-06   -9.3319928134145701e-08 
  -1.2726050382701368e-06    1.5738388989973399e-06   -1.1356120459503641e-04    7.0217304054804912e-07    9.4205422079612042e-08 
  -6.5881948896263833e-04    5.4701066364721987e-04    1.4937698832302947e-05   -4.2302373942933077e-06   -1.0858877277249112e-07 
  -4.3201822701916507e-04   -5.2031361121678303e-04   -2.4152359156608150e-06   -7.3601952963864471e-06   -8.2166944800423748e-08 
  -1.1205116637249405e-06    1.3857440369304883e-06   -9.9989117179954034e-05    6.1825394228895192e-07    8.2946610340174847e-08 
  -9.0042687658631446e-04    7.4761465253983300e-04    2.0415767487595294e-05   -5.7815828280364697e-06   -1.4841128888556620e-07 
  -5.9045129857305178e-04   -7.1112705018937716e-04   -3.3009699442587140e-06   -1.0059383143364125e-05   -1.1229984343933301e-07 
  -1.5314343829370228e-06    1.8939348271043490e-06   -1.3665790096272453e-04    8.4498481832857037e-07    1.1336543396678609e-07 
   1.5977964542793967e-03    5.5319286150612960e-06    3.1908782126767162e-06   -1.2351588826363781e-07    4.6084036178880221e-07 
   1.5977964542793967e-03    5.5319286150612960e-06    3.1908782126767162e-06   -1.2351588826363781e-07    4.6084036178880221e-07 
   1.5977964542793967e-03    5.5319286150612960e-06    3.1908782126767162e-06   -1.2351588826363781e-07    4.6084036178880221e-07 
   5.7743050766872259e-05    7.4899905928859940e-04    6.9798890154910601e-06    2.3151316383613297e-06   -7.1040097945358584e-08 
   5.7743050766872259e-05    7.4899905928859940e-04    6.9798890154910601e-06    2.3151316383613297e-06   -7.1040097945358584e-08 
   5.7743050766872259e-05    7.4899905928859940e-04    6.9798890154910601e-06    2.3151316383613297e-06   -7.1040097945358584e-08 
  -3.6934327942783614e-03    1.6501805624812252e-04    2.7632037311215572e-05   -1.1375025625364288e-06   -3.4577222346272810e-08 
   1.7335290009485054e-05    4.0328260233051937e-04   -9.1044170979782583e-05    5.6624163706542780e-06    1.6176241362729810e-07 
  -2.1721893523995489e-06   -2.7872526628019388e-05   -1.2392135236829132e-04   -7.4377115867909825e-07    3.4218934296651639e-07 
  -1.1897668249016902e-03    5.3157325385187530e-05    8.9011180461328476e-06   -3.6642410665845862e-07   -1.1138372981518582e-08 
   5.5842231609807362e-06    1.2990956869613781e-04   -2.9328091308504995e-05    1.8240362074602167e-06    5.2108584065190210e-08 
  -6.9972813175137818e-07   -8.9785869556307271e-06   -3.9918829489234684e-05   -2.3959126893710821e-07    1.1022957524153724e-07 
   1.2906752312787607e-03    4.4686062642953635e-06    2.5775420042387466e-06   -9.9774221694070495e-08    3.7225970738719758e-07 
   1.2906752312787607e-03    4.4686062642953635e-06    2.5775420042387466e-06   -9.9774221694070495e-08    3.7225970738719758e-07 
   1.2906752312787607e-03    4.4686062642953635e-06    2.5775420042387466e-06   -9.9774221694070495e-08    3.7225970738719758e-07 
  -1.7684509131468962e-03    7.9012222101292187e-05    1.3230483492437801e-05   -5.4464709593220581e-07   -1.6555904449399030e-08 
   8.3003024975657977e-06    1.9309556341528308e-04   -4.3592819004401812e-05    2.7112190634182126e-06    7.7453389306338949e-08 
  -1.0400650174899144e-06   -1.3345632075231190e-05   -5.9334727599103720e-05   -3.5612473760886985e-07    1.6384352707749978e-07 
   1.5471862125759890e-03   -1.8509341591567985e-03    1.9413843838750823e-03    7.3650441523210518e-05   -1.9541496776390076e-05 
  -1.5678047943259675e-03   -1.3048656083025712e-03   -1.9096381161252205e-03   -2.1021063735743656e-05   -3.3993868598312218e-05 
   2.4772732083122665e-06   -3.6304602158093431e-04    5.8600366001032249e-06   -4.1522870539786074e-04    1.2768014968263145e-07 
   1.8489782492643039e-03   -2.2119748568617424e-03    2.3200681792981720e-03    8.8016596398179505e-05   -2.3353234538883386e-05 
  -1.8736186635056611e-03   -1.5593909177535361e-03   -2.2821295277721310e-03   -2.5121403815430976e-05   -4.0624666336690939e-05 
   2.9604867484104574e-06   -4.3386128439411618e-04    7.0030873629902175e-06   -4.9622265148844364e-04    1.5258526588919004e-07 
  -4.1395189365758876e-04    3.4369975973874413e-04    9.3857100800933074e-06   -2.6579583775612384e-06   -6.8228898616682333e-08 
  -2.7144728740609428e-04   -3.2692536919049804e-04   -1.5175499475461218e-06   -4.6245850823663617e-06   -5.1627438116243794e-08 
  -7.0404402546546195e-07    8.7069580943228276e-07   -6.2825531264968062e-05    3.8846359960413207e-07    5.2117320446694755e-08 
   6.1612088074188931e-04   -2.7011447014707417e-04    7.6464053029029054e-04    2.1637828265846184e-05    1.1395880819235561e-07 
   6.1612088074188931e-04   -2.7011447014707417e-04    7.6464053029029054e-04    2.1637828265846184e-05    1.1395880819235561e-07 
   6.1612088074188931e-04   -2.7011447014707417e-04    7.6464053029029054e-04    2.1637828265846184e-05    1.1395880819235561e-07 
  -8.8754495345047001e-05    3.9654422107832918e-06    6.6400762204517685e-07   -2.7334588583286836e-08   -8.3090287294006031e-10 
   4.1657314540428676e-07    9.6910234583748377e-06   -2.1878236046251367e-06    1.3606986654515434e-07    3.8872079680260585e-09 
  -5.2198477813043538e-08   -6.6978666531946180e-07   -2.9778738925375217e-06   -1.7873083799718131e-08    8.2229308448484603e-09 
  -9.0201524159993857e-06    6.4889964696317561e-04   -3.2299053318824897e-05   -7.2908143477412142e-06    2.7783766116635599e-07 
  -9.0201524159993857e-06    6.4889964696317561e-04   -3.2299053318824897e-05   -7.2908143477412142e-06    2.7783766116635599e-07 
  -9.0201524159993857e-06    6.4889964696317561e-04   -3.2299053318824897e-05   -7.2908143477412142e-06    2.7783766116635599e-07 
   3.1182147191191311e-05   -2.2436389380000609e-03    1.1166910567752889e-04    2.5181454430240994e-05   -9.6103175004326323e-07 
   2.4768170740089256e-04   -5.3312831951561543e-05    3.0803322542383046e-04   -7.7193032647737911e-05    4.9332167888897589e-06 
  -1.7542772776722827e-05   -9.4870769252139409e-05   -2.2054682695621191e-05   -1.0746248574748493e-04   -1.4337713265870261e-06 
   5.6873112779522571e-03   -6.8038602157608876e-03    7.1363467509641260e-03    2.7073210922925399e-04   -7.1832707725200492e-05 
  -5.7631032489308476e-03   -4.7965634840782031e-03   -7.0196504508425826e-03   -7.7271456975949688e-05   -1.2495826985073572e-04 
   9.1062237639422819e-06   -1.3345230950030438e-03    2.1540944440999660e-05   -1.5263417421532792e-03    4.6934024447622684e-07 
  -3.0964738606490132e-04    2.5709686034742384e-04    7.0207689279660083e-06   -1.9882258699411447e-06   -5.1037090141248446e-08 
  -2.0305002655509463e-04   -2.4454915549166912e-04   -1.1351690418145047e-06   -3.4593166605344464e-06   -3.8618741710953097e-08 
  -5.2664426833210736e-07    6.5130437999972961e-07   -4.6995222953196073e-05    2.9058144205104251e-07    3.8985187149245979e-08 
   7.2432660124436730e-04    2.6319362585155542e-04    9.0192975802367399e-04   -8.4944850449394913e-05    2.4115116347822607e-05 
   7.2432660124436730e-04    2.6319362585155542e-04    9.0192975802367399e-04   -8.4944850449394913e-05    2.4115116347822607e-05 
   7.2432660124436730e-04    2.6319362585155542e-04    9.0192975802367399e-04   -8.4944850449394913e-05    2.4115116347822607e-05 
   9.3856232935586419e-05   -6.7532071315400746e-03    3.3611673788582191e-04    7.5794538399498161e-05   -2.8926429997750503e-06 
   7.4550581398925798e-04   -1.6046815324876178e-04    9.2715995406006217e-04   -2.3234600262669148e-04    1.4848661358079283e-05 
  -5.2802603937848245e-05   -2.8555483889904895e-04   -6.6383159046385943e-05   -3.2345508576786839e-04   -4.3155583475191563e-06 
   2.3194560402672189e-03   -2.7748181703644201e-03    2.9104161471050810e-03    1.1041267047935774e-04   -2.9295531698408412e-05 
  -2.3503662782159577e-03   -1.9561823860072105e-03   -2.8628238974522354e-03   -3.1513616692288173e-05   -5.0961728595763897e-05 
   3.7137910483608526e-06   -5.4425852609485002e-04    8.7850429236091943e-06   -6.2248792097486681e-04    1.9141102214873636e-07 
2    101 5 
  -6.0062287354996337e-02   -2.1496811919631230e-03   -5.7356207979217277e-04   -8.8167848388462063e-04    3.8232625818671555e-04 
   2.6766710147722392e-02   -8.9972106015537940e-04    5.0951159839107016e-02   -2.1664966931261791e-02    6.8320551163358603e-03 
  -4.5313995205358776e-03   -1.0588144269881998e-02    4.1007023224015468e-03   -2.4696202942493294e-03    8.8741182188056410e-04 
  -4.5803039093624117e-03    1.0043059679307501e-02   -1.8209655466083403e-02    8.8762810433068249e-03   -2.8720340345739404e-03 
  -2.2628340282262606e-02    1.5416840290221504e-02    6.4656840659736757e-04    9.1618665137470915e-05   -5.0757294116257853e-05 
  -6.7689566732676556e-03    5.8769637375267819e-04    1.5050061516965052e-02   -7.5001736529428905e-03    2.4009532716497417e-03 
   2.3438719802361704e-03   -7.8867570509840801e-04    3.3030485164186403e-03    5.0528625270113521e-03   -2.9327410199185924e-03 
  -4.1348611884518011e-03   -1.3012492019492900e-03    3.4207812727818734e-03    4.5449129434654905e-03   -2.3761000645195463e-03 
  -2.0896747068089891e-03   -2.3513207471283987e-03    3.7214474454653769e-03   -7.8414372337124957e-05   -3.9933323610736525e-04 
   2.4065472759434610e-03    6.7471236105919269e-04   -4.7261218980434979e-03   -5.4724601027627499e-03    3.6668538515202448e-03 
  -1.2426208601384802e-03   -1.0861196999973487e-03   -1.8650424397291317e-03   -3.7321655263411958e-03    1.8132996620622835e-03 
  -1.5088417128084923e-03   -5.1437489650883392e-04    2.3476899059384371e-03    3.1178599987222509e-03   -1.3556700049980424e-03 
   7.7358304771127958e-05   -2.2516807997942346e-03   -7.2035936523363593e-04    3.1141269430155392e-04    9.5575433270703213e-04 
  -1.0744890898911009e-03    5.6251174107900743e-04   -9.4994335397582930e-04    1.8470120307363404e-03   -5.8276721940182319e-04 
  -5.7835628357561745e-04    1.7084721690504689e-03    1.1200973606531189e-03   -4.5240795408646277e-04   -2.9156873939454578e-04 
   3.0603683270231144e-04   -2.6071268616552675e-03   -2.1168904938516577e-03   -1.7152837288505359e-03   -2.1290987313347799e-03 
   8.6682444849984740e-03   -4.4491118537562618e-04    5.1366671075388952e-05   -6.1897910973863832e-06    2.0120063932330206e-06 
   8.6682444849984740e-03   -4.4491118537562618e-04    5.1366671075388952e-05   -6.1897910973863832e-06    2.0120063932330206e-06 
   8.6682444849984740e-03   -4.4491118537562618e-04    5.1366671075388952e-05   -6.1897910973863832e-06    2.0120063932330206e-06 
   8.9917913960087779e-04    3.2463123315958926e-03   -4.0380318211496736e-04    6.3687615260892583e-05   -9.7802995775627922e-06 
   8.9917913960087779e-04    3.2463123315958926e-03   -4.0380318211496736e-04    6.3687615260892583e-05   -9.7802995775627922e-06 
   8.9917913960087779e-04    3.2463123315958926e-03   -4.0380318211496736e-04    6.3687615260892583e-05   -9.7802995775627922e-06 
   4.3857108822638021e-03   -2.2510346018962283e-04    2.5989041807816321e-05   -3.1317337924337332e-06    1.0179775558081707e-06 
   4.3857108822638021e-03   -2.2510346018962283e-04    2.5989041807816321e-05   -3.1317337924337332e-06    1.0179775558081707e-06 
   4.3857108822638021e-03   -2.2510346018962283e-04    2.5989041807816321e-05   -3.1317337924337332e-06    1.0179775558081707e-06 
   1.0067701974487614e-02   -5.1674052655410372e-04    5.9659638892688678e-05   -7.1891110317285561e-06    2.3368377268188408e-06 
   7.7620684358512514e-04   -6.3344971028494058e-04    1.1236506213049633e-04   -8.4315377418686180e-06   -9.3001555025534800e-07 
  -5.0787317285765369e-04   -6.0018305780964554e-04    1.2319787566457475e-04   -2.2649621561549364e-05    5.6555339064919375e-06 
  -1.9890834098550577e-06   -2.2030076141575339e-05   -1.0741144867627423e-04    4.1629968504532023e-05   -9.9929086426984552e-06 
  -1.0988322628576375e-03   -1.6851449174440158e-04   -2.0523413748802076e-06    1.7275987958444480e-06   -4.2119200341766733e-07 
   9.5754944784302213e-06   -6.2420252945318542e-05   -1.0324991750221232e-06    5.6136709336920471e-07   -1.3345026862695707e-07 
  -1.3413016029110477e-08    4.0475436448871659e-07   -2.1941696943236587e-05    4.6811666917769856e-06   -8.2929125849670933e-07 
   1.8324928351260419e-03   -9.4055556563874733e-05    1.0859068046918720e-05   -1.3085403689890854e-06    4.2534417507583129e-07 
   1.8324928351260419e-03   -9.4055556563874733e-05    1.0859068046918720e-05   -1.3085403689890854e-06    4.2534417507583129e-07 
   1.8324928351260419e-03   -9.4055556563874733e-05    1.0859068046918720e-05   -1.3085403689890854e-06    4.2534417507583129e-07 
   4.1927373708433802e-04   -3.4216243966551891e-04    6.0694800498754392e-05   -4.5543560554979905e-06   -5.0235462174116185e-07 
  -2.7433136529097856e-04   -3.2419321687539120e-04    6.6546223030141470e-05   -1.2234356800817551e-05    3.0548775185103256e-06 
  -1.0744177811811937e-06   -1.1899704864065453e-05   -5.8019070386107961e-05    2.2486728394432465e-05   -5.3977418333687723e-06 
   7.4888039684221702e-04   -6.1114904401863787e-04    1.0840923784029753e-04   -8.1347045343696875e-06   -8.9727425118775973e-07 
  -4.8999344231296358e-04   -5.7905354767871298e-04    1.1886068099022990e-04   -2.1852239159598375e-05    5.4564302173455596e-06 
  -1.9190575110681380e-06   -2.1254504903830961e-05   -1.0363001688900228e-04    4.0164380914510624e-05   -9.6411072020280872e-06 
   6.5937914290933647e-04   -5.3810853446571683e-04    9.5452879567964761e-05   -7.1624982124128145e-06   -7.9003794090160478e-07 
  -4.3143265251151990e-04   -5.0984888051148417e-04    1.0465523505146667e-04   -1.9240603424076083e-05    4.8043136063233857e-06 
  -1.6897043936222036e-06   -1.8714306430701174e-05   -9.1244839635383420e-05    3.5364198575054968e-05   -8.4888655523315962e-06 
   9.0119177116462768e-04   -7.3544786556986954e-04    1.3045809914622345e-04   -9.7891850529692986e-06   -1.0797667759204026e-06 
  -5.8965097764484458e-04   -6.9682461235754257e-04    1.4303521373385290e-04   -2.6296666590807641e-05    6.5661887165700143e-06 
  -2.3093658809320604e-06   -2.5577361886194977e-05   -1.2470685420504720e-04    4.8333231483564609e-05   -1.1601968100674337e-05 
  -1.5793363230644395e-03   -2.4220353439800371e-04   -2.9498017033526664e-06    2.4830537127330577e-06   -6.0537340635764182e-07 
   1.3762724987487126e-05   -8.9715761088991435e-05   -1.4839966988280655e-06    8.0684511285227545e-07   -1.9180621436901345e-07 
  -1.9278341319838227e-08    5.8174781662623316e-07   -3.1536495735942128e-05    6.7281757557937957e-06   -1.1919287876910115e-06 
  -7.4257195464376771e-04   -1.1387919680754174e-04   -1.3869370220143613e-06    1.1674815693290549e-06   -2.8463431574606308e-07 
   6.4709545686589983e-06   -4.2182533955110856e-05   -6.9774519413031501e-07    3.7936223196776285e-07   -9.0183397568200215e-08 
  -9.0642856667698414e-09    2.7352604191593725e-07   -1.4827821623081796e-05    3.1634519824583028e-06   -5.6042077722528106e-07 
   3.6924408575064946e-03   -1.8952029349030263e-04    2.1880831271096365e-05   -2.6366858464794979e-06    8.5706103753708234e-07 
   3.6924408575064946e-03   -1.8952029349030263e-04    2.1880831271096365e-05   -2.6366858464794979e-06    8.5706103753708234e-07 
   3.6924408575064946e-03   -1.8952029349030263e-04    2.1880831271096365e-05   -2.6366858464794979e-06    8.5706103753708234e-07 
   3.1561100983037245e-04    1.1394524940320026e-03   -1.4173452704495794e-04    2.2354291465325409e-05   -3.4328757087139443e-06 
   3.1561100983037245e-04    1.1394524940320026e-03   -1.4173452704495794e-04    2.2354291465325409e-05   -3.4328757087139443e-06 
   3.1561100983037245e-04    1.1394524940320026e-03   -1.4173452704495794e-04    2.2354291465325409e-05   -3.4328757087139443e-06 
  -1.2757634231686053e-03   -1.9564826416933155e-04   -2.3828041334703306e-06    2.0057723350028905e-06   -4.8901126245961266e-07 
   1.1117316106613906e-05   -7.2471002412573821e-05   -1.1987495512002834e-06    6.5175698684749340e-07   -1.5493808953473919e-07 
  -1.5572745561558318e-08    4.6992687695543069e-07   -2.5474692861341909e-05    5.4349161787380023e-06   -9.6282161573247542e-07 
   1.7679759643424373e-03   -9.0744127415015791e-05    1.0476751086882563e-05   -1.2624703771817817e-06    4.1036901410608109e-07 
   1.7679759643424373e-03   -9.0744127415015791e-05    1.0476751086882563e-05   -1.2624703771817817e-06    4.1036901410608109e-07 
   1.7679759643424373e-03   -9.0744127415015791e-05    1.0476751086882563e-05   -1.2624703771817817e-06    4.1036901410608109e-07 
  -1.0488918833316450e-03    1.5374132126147882e-03   -1.7911926233639844e-03    4.8794231011678072e-04   -7.6648284405706548e-05 
  -1.6843370803097427e-03   -1.3615549947574540e-03   -1.5481163800344421e-03    4.9887270367958197e-04   -1.1642767551004687e-04 
  -3.5919125058023581e-05   -3.3698337149263565e-04   -5.7181921080667826e-05   -3.1822833828310090e-04    1.5981912184669461e-04 
   1.9158610333746718e-04   -1.5635028556718714e-04    2.7734339864130947e-05   -2.0811018022546484e-06   -2.2954970931937175e-07 
  -1.2535504290070448e-04   -1.4813929339223278e-04    3.0408133003585346e-05   -5.5904592608370025e-06    1.3959187713846610e-06 
  -4.9095256355536151e-07   -5.4375408811108372e-06   -2.6511671567686865e-05    1.0275255254136515e-05   -2.4664848599108432e-06 
  -2.7106570685348848e-03    3.9731454292468082e-03   -4.6289889575720422e-03    1.2609919982926314e-03   -1.9808258335974517e-04 
  -4.3528415893875462e-03   -3.5186740686898050e-03   -4.0008056837333265e-03    1.2892394745518290e-03   -3.0088468278727969e-04 
  -9.2825992632202339e-05   -8.7086798213540089e-04   -1.4777555345111502e-04   -8.2239924656033728e-04    4.1302143643703296e-04 
  -4.3247523248836283e-05   -6.6323447589070596e-06   -8.0775459844847871e-08    6.7994335089544198e-08   -1.6577153379768813e-08 
   3.7686954967818102e-07   -2.4567183106095692e-06   -4.0636804711256198e-08    2.2094124137272170e-08   -5.2522971795518753e-09 
  -5.2790561595580213e-10    1.5930205528158570e-08   -8.6357497931828116e-07    1.8424000839565093e-07   -3.2639006146964313e-08 
   1.1960615146949941e-03   -3.5198795854375208e-04    1.5567749821276649e-03   -4.5198594370988012e-04    8.4817224104213957e-05 
   1.1960615146949941e-03   -3.5198795854375208e-04    1.5567749821276649e-03   -4.5198594370988012e-04    8.4817224104213957e-05 
   1.1960615146949941e-03   -3.5198795854375208e-04    1.5567749821276649e-03   -4.5198594370988012e-04    8.4817224104213957e-05 
  -7.9503065210693102e-04   -2.1490413117468358e-03   -2.5260368236481510e-04    8.6882439739092842e-06    2.9711039253159479e-06 
  -1.1058659847906678e-04   -2.9852557628119462e-05   -1.4155608077058275e-04    7.5756186070029580e-06    4.3726222125793259e-07 
   3.3030802327478963e-06   -5.0025307070444135e-05   -8.5008765839130969e-06   -5.3872887605874625e-05    1.6761087423376238e-05 
   2.2412852233020985e-04    6.0575667952387623e-04    7.1246709208770678e-05   -2.4484918492223067e-06   -8.3849279170543953e-07 
   2.2412852233020985e-04    6.0575667952387623e-04    7.1246709208770678e-05   -2.4484918492223067e-06   -8.3849279170543953e-07 
   2.2412852233020985e-04    6.0575667952387623e-04    7.1246709208770678e-05   -2.4484918492223067e-06   -8.3849279170543953e-07 
   5.8930374472693345e-04   -4.8092114808334348e-04    8.5308642196626176e-05   -6.4013050208887231e-06   -7.0607680278671915e-07 
  -3.8558222603269498e-04   -4.5566478370027042e-04    9.3533019029063780e-05   -1.7195811803487582e-05    4.2937360538233079e-06 
  -1.5101313672883808e-06   -1.6725446927119323e-05   -8.1547810940591707e-05    3.1605874819750366e-05   -7.5867129136056331e-06 
  -2.0276459382124823e-03    2.9720219075495724e-03   -3.4626108801451994e-03    9.4325664914834647e-04   -1.4817121289234517e-04 
  -3.2560450640753700e-03   -2.6320648473356126e-03   -2.9927125376224598e-03    9.6438653723584004e-04   -2.2507000682817188e-04 
  -6.9436392049016804e-05   -6.5143316991056000e-04   -1.1054017278703905e-04   -6.1517722445738189e-04    3.0895137850797341e-04 
  -1.4554852915128775e-03   -3.9343112266322531e-03   -4.6244876633326227e-04    1.5905816058271337e-05    5.4392847010279911e-06 
  -2.0245404010293863e-04   -5.4651928735855137e-05   -2.5915075467817410e-04    1.3868901063604607e-05    8.0050842051001977e-07 
   6.0470431960211753e-06   -9.1582756528302452e-05   -1.5562797233115489e-05   -9.8626631959255163e-05    3.0685000823344873e-05 
   1.0290355959468830e-03   -5.8452802452772291e-04    1.5516491270011611e-03   -1.3163085445463965e-04   -1.0436799908763410e-06 
   1.0290355959468830e-03   -5.8452802452772291e-04    1.5516491270011611e-03   -1.3163085445463965e-04   -1.0436799908763410e-06 
   1.0290355959468830e-03   -5.8452802452772291e-04    1.5516491270011611e-03   -1.3163085445463965e-04   -1.0436799908763410e-06 
   2.4033573396234481e-04   -1.9613406182609873e-04    3.4791421773770646e-05   -2.6106440936074719e-06   -2.8795928780354855e-07 
  -1.5725199122795794e-04   -1.8583375926474482e-04    3.8145569206386575e-05   -7.0129675703733182e-06    1.7511142855784457e-06 
  -6.1587684413067439e-07   -6.8211386726213523e-06   -3.3257642040797125e-05    1.2889823270759084e-05   -3.0940889698535715e-06 
 TENSORSUMACCUMULATOR_IMPL_H - PrettifyOut: Norm of simple tensor is 5.5996e-06 
 As simple full tensor 3    5 5 5 
   1.5481216770784935e-08    1.0892993515295628e-08   -4.4790099710146010e-09    9.5446314271206007e-10    1.8531312516643995e-10 
   4.8156304255328396e-08   -1.2224913574076842e-08    3.2165692160700041e-09   -1.9555185860121427e-10   -1.7003909545744870e-10 
  -1.9255842371281583e-08   -4.8656722320620771e-10    1.5456658379400328e-09   -1.4351906567995522e-10   -3.2568071581149460e-12 
  -4.4315877735045097e-09   -3.3040360798455377e-09   -1.7115332435504836e-10    8.8398689298011564e-11   -7.4239493803011460e-11 
  -6.5704169145697550e-09    6.0800757966891851e-10   -2.5459984413259573e-10    4.2965316963491894e-10   -2.1071649285131721e-10 

  -5.4813691909072866e-06   -2.5012311518524234e-07   -2.8437785330827809e-08   -1.0763920825747561e-07    4.4632350289698256e-08 
  -1.5122171226629796e-07   -2.2516710011918279e-07   -1.1626079730732337e-07    4.1632611573899747e-08   -1.3976326073573006e-08 
  -3.2487304944442455e-07   -3.0064937011886686e-07    1.0943775214846561e-07   -9.2825404835077483e-08    3.4906021512143362e-08 
  -2.9260642592270695e-07    7.2510180036243279e-08   -1.3208518573967538e-07    3.7599855852909969e-08   -7.8744421063800294e-09 
   4.1732034247250178e-08   -8.0275953631179027e-08    2.2662455557537928e-08   -7.2907086940354350e-09    2.1252557418681872e-09 

   1.8880880887853457e-08   -4.1907167374976928e-09    1.2621697848058412e-09    4.8605377327955279e-10   -2.7010599558231112e-10 
  -5.7079490880666343e-09    8.9907482953616270e-10    4.1412171239077203e-11    7.3437533336845676e-10   -3.7445720398683483e-10 
   4.0183152635955608e-09   -1.3706578434592354e-09    2.4501175754111071e-10   -2.2255623589727552e-10    3.4916309910403939e-10 
  -2.4031567310023484e-09   -3.6136760918258989e-11   -5.6687741999066226e-10    2.9597791863724603e-10   -3.3342199074064357e-11 
   1.3869398605366983e-09   -2.0839145161163894e-10    2.1768033506636320e-11   -2.3704460929992949e-10    1.0234314076051565e-10 

  -2.2231850445565255e-07   -1.8120456402590279e-07    1.5141808948358363e-08   -6.5770093856096336e-09    2.2350728822725197e-09 
  -8.1001850202107001e-07    1.4100357542073117e-07   -2.7432624629508412e-08    5.6618439103890125e-09   -1.2056891801073268e-09 
   1.5944072594630115e-07   -8.9606370830254807e-08    1.5611600991848896e-08   -3.7898480053770916e-09    1.3721811756664458e-09 
  -9.8146111086855145e-08    2.3638650454610549e-08   -7.2525876843945890e-09    9.6083603599145846e-10   -1.4584237223047998e-10 
   2.9020819941320166e-08   -3.9942033195193725e-09    1.6560003438585878e-09   -3.0719882792912851e-10    1.4575619688294073e-10 

  -1.5823632882918633e-11   -3.9335674905229413e-10    3.6636735472429031e-11   -2.8259363942062757e-11    9.0237245647708330e-12 
  -9.2029911677866569e-10    1.2704576950356514e-10   -2.0397566321580402e-11   -4.3656088225837967e-12    2.8553824694876633e-12 
   3.3069422766896181e-10   -9.7227908316433269e-11    3.2213596934637474e-11   -6.0271870360245402e-12    1.2949250519291802e-11 
  -1.9486766408439405e-10    1.2263644261584560e-11   -3.1913240768762907e-11    1.8126764519165826e-11   -8.7278241511433989e-12 
   9.8664068775107196e-11   -2.6363148052763494e-11    2.0626212465496302e-11   -1.2106502163989557e-11    5.4630929469050310e-12 
