2    8 5 
  -3.1817877577861959e-07    5.8887696862982501e-04    1.4324732607998728e-07    5.2405299375379224e-06    9.8696683170512366e-09 
  -3.1817877577861959e-07    5.8887696862982501e-04    1.4324732607998728e-07    5.2405299375379224e-06    9.8696683170512366e-09 
  -3.1817877577861959e-07    5.8887696862982501e-04    1.4324732607998728e-07    5.2405299375379224e-06    9.8696683170512366e-09 
  -3.1817877577861959e-07    5.8887696862982501e-04    1.4324732607998728e-07    5.2405299375379224e-06    9.8696683170512366e-09 
  -3.1817877577861959e-07    5.8887696862982501e-04    1.4324732607998728e-07    5.2405299375379224e-06    9.8696683170512366e-09 
  -3.1817877577861959e-07    5.8887696862982501e-04    1.4324732607998728e-07    5.2405299375379224e-06    9.8696683170512366e-09 
  -3.1817877577861959e-07    5.8887696862982501e-04    1.4324732607998728e-07    5.2405299375379224e-06    9.8696683170512366e-09 
  -3.1817877577861959e-07    5.8887696862982501e-04    1.4324732607998728e-07    5.2405299375379224e-06    9.8696683170512366e-09 
2    8 5 
  -5.6757879842954764e-04    3.0775047129505820e-05   -7.6033421493312492e-06    3.9891069294012409e-06   -1.2689041141256486e-06 
  -1.9876253989579751e-04    6.8600825862724291e-05   -3.6158805405145126e-05    1.1675503208448249e-05   -3.8637235406561738e-06 
   1.2257857304285766e-04    8.1490037087454463e-06   -2.5365257690756595e-06    5.9874864187940488e-07    1.8607808815307951e-07 
  -2.6309051220658298e-05    1.2147290306484328e-06    3.8424951661571517e-05   -1.2778572908695670e-05    3.4808747103291739e-06 
  -7.0774755452163999e-07    1.3446556066983825e-05   -2.1931342053583015e-07    1.3527471219102880e-06   -2.5719836725833838e-07 
  -1.6823339531211358e-05   -8.0497810043577322e-06    4.3686008863654769e-06    3.5472200570524859e-07   -3.8654208390294247e-07 
   1.1341731190945519e-05   -5.4452037466244562e-06   -2.0044982113194852e-06    1.8029277543235361e-07   -7.3227004276445216e-08 
  -5.6343474791034528e-06    1.3723526719087068e-06   -5.4395113830604380e-06    3.7400008756605244e-06   -1.6171276481900215e-06 
2    8 5 
  -4.9666056318595578e-06    5.6838777243383462e-04   -6.4233626586263362e-07    8.8531787143976319e-06   -1.0706591804100772e-07 
   9.4514129017113602e-06    1.8711329950026357e-04    1.7302600562269668e-06    1.0279843390270287e-04    3.1248927669111380e-07 
  -8.3133489563992124e-06    1.1585459278431731e-04   -9.9820749355433521e-07    4.0079102764523894e-05   -1.0286853869623533e-07 
   3.2071113751284310e-06   -3.9146553141332177e-05    3.9610542665583135e-07    2.8330628325244764e-05    8.6488399690482642e-08 
   4.5372426818994766e-06    1.0167533062222284e-05    5.5907162980356594e-07   -7.6794369231060247e-06    5.7780159275994350e-08 
  -5.2536181371423592e-06   -1.3083580349351759e-05    4.7726325218187700e-07   -1.2967978927107383e-05    8.2507176724617233e-08 
  -5.7482296188573997e-06   -4.3789439917655024e-06   -4.0255271487718660e-06    9.6740109883514531e-06   -5.7648880800780039e-07 
  -1.9796538880883865e-06   -7.7567323496105237e-06    9.3493271523030458e-07   -3.8491484942439252e-06    2.1034796275342042e-07 
 TENSORSUMACCUMULATOR_IMPL_H - PrettifyOut: Norm of simple tensor is 2.04233e-10 
 As simple full tensor 3    5 5 5 
   4.1977301979284422e-17    1.0956734687816904e-13    5.4556037463937671e-17    6.6610280607688164e-15    8.0754467735634394e-18 
  -1.7931338126262984e-16   -1.0016290751814419e-14   -3.7594317935300255e-17   -2.4272908436728254e-15   -6.6656537136313804e-18 
   5.1329951660108998e-17    4.1025745641610881e-15    1.1130522867286471e-17    9.0708401610266682e-16    2.0814584966688572e-18 
  -1.2858133860124053e-17   -1.5911865344063786e-15   -4.9879058300353439e-18   -2.7677480868587920e-16   -9.0514711948163679e-19 
   5.1267597722166669e-18    4.9113545227996496e-16    1.9798793486182264e-18    9.2221375324515125e-17    3.6091034605072424e-19 

  -7.7690494220830170e-14   -2.0278438413290398e-10   -1.0097088934860867e-13   -1.2328056774952619e-11   -1.4945825989525618e-14 
   3.3186852307889553e-13    1.8537889337242761e-11    6.9578581818571138e-14    4.4923665021563417e-12    1.2336617812466752e-14 
  -9.5000133995586241e-14   -7.5929378601982396e-12   -2.0600081037187282e-14   -1.6788074075272728e-12   -3.8523090261054220e-15 
   2.3797498344310260e-14    2.9449264823300913e-12    9.2314858456992578e-15    5.1224758764375250e-13    1.6752226498452110e-15 
  -9.4884730955682753e-15   -9.0898066854872300e-13   -3.6643089917421133e-15   -1.7068091299012113e-13   -6.6796344290847886e-16 

  -1.8898608965572260e-17   -4.9328335705510676e-14   -2.4561683817861421e-17   -2.9988626875376041e-15   -3.6356484004422851e-18 
   8.0728710874495201e-17    4.5094361304458043e-15    1.6925344900376422e-17    1.0927910641547359e-15    3.0009452035769446e-18 
  -2.3109267125477781e-17   -1.8470208609034923e-15   -5.0110747792941847e-18   -4.0837846433544037e-16   -9.3709381860761867e-19 
   5.7888628471022109e-18    7.1636838689323939e-16    2.2456060154951240e-18    1.2460683832078654e-16    4.0750645374586892e-19 
  -2.3081194747428861e-18   -2.2111418371645420e-16   -8.9136185138847218e-19   -4.1519002612063641e-17   -1.6248551431456967e-19 

  -6.9138272086560278e-16   -1.8046174201485833e-12   -8.9855945577629933e-16   -1.0970975949548170e-13   -1.3300579358975877e-16 
   2.9533621166541281e-15    1.6497225944602075e-13    6.1919324486412997e-16    3.9978437600846032e-14    1.0978594582264196e-16 
  -8.4542455010995499e-16   -6.7571021265814049e-14   -1.8332410187865441e-16   -1.4940031529807584e-14   -3.4282442437723385e-17 
   2.1177853635886066e-16    2.6207469839426575e-14    8.2152776419339748e-17    4.5585902683963552e-15    1.4908130078481728e-17 
  -8.4439755615754345e-17   -8.0891946194744719e-15   -3.2609393803079997e-17   -1.5189224268224048e-15   -5.9443357546951891e-18 

  -1.3021045994233580e-18   -3.3986973814344949e-15   -1.6922875925461633e-18   -2.0662012244368198e-16   -2.5049433599721687e-19 
   5.5621673492843593e-18    3.1069786866091452e-16    1.1661477033444439e-18    7.5292751621920230e-17    2.0676360674552337e-19 
  -1.5922168170262715e-18   -1.2725880315289663e-16   -3.4526051785397998e-19   -2.8137069648105880e-17   -6.4565290150349937e-20 
   3.9884972234592931e-19    4.9357419541006593e-17    1.5472111871279315e-19    8.5853481381975296e-18    2.8076988559519123e-20 
  -1.5902826443768013e-19   -1.5234655425668164e-17   -6.1414380738699213e-20   -2.8606382810038439e-18   -1.1195169756361193e-20 
