2    101 5 
   3.3259998025475382e-07    1.2583108188711986e-04    1.4717072320300223e-08    4.4847987128551757e-06    1.3767585104975147e-09 
  -2.1903206299069344e-04    1.8474956564142229e-04   -2.0123591447151410e-05    8.9310138711561223e-04   -1.7517675933209674e-06 
  -2.4862262528799802e-04   -4.7216959956604800e-04   -1.7427370104192052e-05    5.7781024844757288e-05   -1.4961384409589197e-06 
  -1.3239545067081175e-04    2.8497144128839007e-04   -6.6597040283104475e-06   -2.8050577947039037e-04   -5.8477288772437443e-07 
   3.5334957141019063e-04    1.3018658178892667e-03    4.2471165192016947e-05   -2.2083816878842328e-03    4.0226626090625854e-06 
  -2.7847318563315268e-04   -1.1052235871298853e-03    9.3390265417275830e-06   -1.9215404154160746e-03    7.5143162912287185e-07 
  -1.6732178087317835e-04    3.9100254576228443e-04   -1.9953064979585152e-05    4.5889305583179136e-05   -1.4707752887256655e-06 
   1.8807175971932358e-04   -1.4033969392871088e-05    2.0704157703673522e-05   -1.5408243022847643e-05    1.3913182492203600e-06 
  -7.5606603477433034e-04   -1.1407898950558725e-04   -9.6579869736022851e-05    3.1651205789877466e-04   -5.4903567397595623e-06 
  -2.0050629006987831e-03    2.7564836446223397e-04   -8.4384077609793114e-05   -3.5512706599324429e-04   -2.6242962430511477e-06 
   3.6944905754362443e-04    1.0897870481029085e-05    2.0545958208696512e-05   -9.6438153315040256e-05    1.1263293508324569e-06 
   2.1577182672368497e-05    2.0195154641051757e-05    1.0743322676949993e-04    1.2460349619152181e-05    7.3981219148588025e-06 
   4.0095749529076556e-05    7.3158234716361750e-05   -2.9112304782847352e-05    1.3290213146914623e-04   -1.1092398858161171e-06 
  -4.7143180684206155e-05    6.2564279934313561e-07    9.4195762409116554e-05   -1.8355425190505030e-05    4.2302469064418305e-06 
   3.6378128440471966e-05    2.4512958735903306e-04    9.4711547104546080e-06    2.3419430251139211e-05    2.5741082032114676e-06 
   1.0960461240550911e-05   -2.0156432342178983e-05   -1.1690683786972007e-04   -3.7470271022772549e-05   -6.2629254279670819e-06 
   5.3037829807224849e-04    3.8952989299148938e-09    4.5150963843940285e-06    1.2056339375127962e-09    9.4530463742262525e-07 
   5.3037829807224849e-04    3.8952989299148938e-09    4.5150963843940285e-06    1.2056339375127962e-09    9.4530463742262525e-07 
   5.3037829807224849e-04    3.8952989299148938e-09    4.5150963843940285e-06    1.2056339375127962e-09    9.4530463742262525e-07 
   5.3037829807224849e-04    3.8952989299148938e-09    4.5150963843940285e-06    1.2056339375127962e-09    9.4530463742262525e-07 
   5.3037829807224849e-04    3.8952989299148938e-09    4.5150963843940285e-06    1.2056339375127962e-09    9.4530463742262525e-07 
  -1.5267936456064606e-07   -3.7053633451022486e-03   -5.4064486033552745e-08   -6.7951431026937328e-05   -1.7289079216297234e-08 
  -1.5267936456064606e-07   -3.7053633451022486e-03   -5.4064486033552745e-08   -6.7951431026937328e-05   -1.7289079216297234e-08 
  -1.5267936456064606e-07   -3.7053633451022486e-03   -5.4064486033552745e-08   -6.7951431026937328e-05   -1.7289079216297234e-08 
  -1.5267936456064606e-07   -3.7053633451022486e-03   -5.4064486033552745e-08   -6.7951431026937328e-05   -1.7289079216297234e-08 
  -1.5267936456064606e-07   -3.7053633451022486e-03   -5.4064486033552745e-08   -6.7951431026937328e-05   -1.7289079216297234e-08 
  -1.6597041493021454e-07   -4.0279227885412780e-03   -5.8770909911753747e-08   -7.3866741816068493e-05   -1.8794128856558151e-08 
  -1.6597041493021454e-07   -4.0279227885412780e-03   -5.8770909911753747e-08   -7.3866741816068493e-05   -1.8794128856558151e-08 
  -1.6597041493021454e-07   -4.0279227885412780e-03   -5.8770909911753747e-08   -7.3866741816068493e-05   -1.8794128856558151e-08 
  -1.6597041493021454e-07   -4.0279227885412780e-03   -5.8770909911753747e-08   -7.3866741816068493e-05   -1.8794128856558151e-08 
  -1.6597041493021454e-07   -4.0279227885412780e-03   -5.8770909911753747e-08   -7.3866741816068493e-05   -1.8794128856558151e-08 
  -6.3586721800498378e-06   -6.2575305565900372e-04   -3.6334108048164000e-07   -1.7644664363749065e-05   -2.3277418883102004e-08 
   2.3396306710382088e-06    1.3759217469608603e-06   -5.0726325977582915e-07   -4.9628516443988919e-05   -5.8290916210479471e-08 
  -7.3019823067797901e-06    8.3884297573628834e-08   -1.4745689741271150e-07   -3.4037599943728814e-07   -2.3471639814711828e-08 
  -7.3245890435216007e-05   -7.2080834577545041e-03   -4.1853456536208191e-06   -2.0324984779183803e-04   -2.6813385323993135e-07 
   2.6950332858391259e-05    1.5849317384456871e-05   -5.8431930590671974e-06   -5.7167357822340782e-04   -6.7145623193420735e-07 
  -8.4111931053833052e-05    9.6626778285414250e-07   -1.6985640155652276e-06   -3.9208096369209819e-06   -2.7037109470703392e-07 
   2.4056193830371002e-05    2.3673553802803439e-03    1.3745957034907649e-06    6.6753475251944897e-05    8.8063369940585765e-08 
  -8.8513147588519007e-06   -5.2054012698062555e-06    1.9190835688116165e-06    1.8775511259034504e-04    2.2052679226155966e-07 
   2.7624934380004069e-05   -3.1735193521800944e-07    5.5786044717240284e-07    1.2877139732662673e-06    8.8798148561723074e-08 
  -4.0126704577231738e-05   -3.9488445530356138e-03   -2.2928812469688723e-06   -1.1134749743979066e-04   -1.4689326393853958e-07 
   1.4764351125244646e-05    8.6828199187419515e-06   -3.2011090352748334e-06   -3.1318312401798054e-04   -3.6784761158983755e-07 
  -4.6079508198522866e-05    5.2935586740362821e-07   -9.3053379586375625e-07   -2.1479590058836793e-06   -1.4811890440635201e-07 
   3.0218061197343408e-05    2.9737409941740706e-03    1.7266911541612166e-06    8.3852026406270030e-05    1.1062033839905555e-07 
  -1.1118532422292619e-05   -6.5387373928267286e-06    2.4106467188484264e-06    2.3584759594039438e-04    2.7701356877996497e-07 
   3.4700915845367741e-05   -3.9863996221239600e-07    7.0075346295848521e-07    1.6175551262688750e-06    1.1154332669456866e-07 
   5.9236919650532971e-06    5.8294691768270021e-04    3.3848586278369911e-07    1.6437638795963746e-05    2.1685071238242464e-08 
  -2.1795826258671295e-06   -1.2817985211733722e-06    4.7256270035881474e-07    4.6233558795362910e-05    5.4303386338263134e-08 
   6.8024727010370522e-06   -7.8145991090729614e-08    1.3736975482647405e-07    3.1709176316553658e-07    2.1866006021392939e-08 
  -1.3230737385485748e-05    5.5419155504471071e-04   -4.8289277101141684e-07    1.0706776969999785e-05   -2.4681545824633998e-08 
  -5.8943888859492021e-06   -1.1649457023203070e-06   -1.9155863042218318e-06    5.2927996900305764e-05   -1.0849622924841277e-07 
   2.3872278339940903e-05    5.1835442336589434e-07    6.7652624437281199e-08    2.6725384779238461e-06    5.6840202785804009e-08 
   1.7941979533507086e-08   -6.8382741222033913e-11   -2.6637155699931907e-06   -9.4269931368126935e-08    6.8030810421192541e-08 
  -8.4409424502960355e-05    3.5356298642161645e-03   -3.0807580643561419e-06    6.8307068305252386e-05   -1.5746326287046263e-07 
  -3.7605007125712160e-05   -7.4321176095540758e-06   -1.2221052600023413e-05    3.3766989913580365e-04   -6.9218396562283135e-07 
   1.5230030024323681e-04    3.3069962232700335e-06    4.3161004020307406e-07    1.7050254140108712e-05    3.6262898022936865e-07 
   1.1446619509874162e-07   -4.3626803739743568e-10   -1.6993965774678205e-05   -6.0142306682365039e-07    4.3402279017512478e-07 
   5.1801078617155674e-05   -2.1697747809073346e-03    1.8906252664541262e-06   -4.1919250560270153e-05    9.6633366561818180e-08 
   2.3077753959208627e-05    4.5610038316391516e-06    7.4999173403439705e-06   -2.0722407592255694e-04    4.2478522074872525e-07 
  -9.3464916657969106e-05   -2.0294649839987949e-06   -2.6487404405569715e-07   -1.0463541960569577e-05   -2.2254117267511660e-07 
  -7.0246567918593491e-08    2.6773260256719553e-10    1.0428998447685011e-05    3.6908631648839359e-07   -2.6635472055268426e-07 
  -1.8914907736411498e-04    7.9228253320699320e-03   -6.9035246820641954e-06    1.5306607080270928e-04   -3.5285196014630504e-07 
  -8.4267277546122395e-05   -1.6654279981016134e-05   -2.7385577349027845e-05    7.5666846742843304e-04   -1.5510822308615680e-06 
   3.4128252198041732e-04    7.4104910460111236e-06    9.6717447567287776e-07    3.8207106118963506e-05    8.1259808889550484e-07 
   2.5650186954595837e-07   -9.7761236074159106e-10   -3.8080972189604219e-05   -1.3477004358820180e-06    9.7258109269237514e-07 
   7.8890987384558960e-05   -3.3044808995773326e-03    2.8793472650850120e-06   -6.3841355342458014e-05    1.4716878308072681e-07 
   3.5146503606913724e-05    6.9462278652939503e-06    1.1422076529625731e-05   -3.1559404544848795e-04    6.4693103668571556e-07 
  -1.4234335959407412e-04   -3.0907946460602926e-06   -4.0339265949521450e-07   -1.5935559236322783e-05   -3.3892137605496030e-07 
  -1.0698273571544825e-07    4.0774613068710501e-10    1.5882950836807874e-05    5.6210381550348491e-07   -4.0564767105023906e-07 
   1.1174966709423303e-05   -4.6808216336166093e-04    4.0786166961439060e-07   -9.0431752002139079e-06    2.0846566966854243e-08 
   4.9785282296613842e-06    9.8393831442806132e-07    1.6179455879903915e-06   -4.4704129945638842e-05    9.1638259805461222e-08 
  -2.0163042161170707e-05   -4.3781334751234010e-07   -5.7140868559683749e-08   -2.2572837514872447e-06   -4.8008463578533159e-08 
  -1.5154183636661671e-08    5.7757540973766528e-11    2.2498317327877016e-06    7.9622421188262577e-08   -5.7460292614220257e-08 
   6.0518130519146278e-05    5.9555523579184382e-03    3.4580683370569954e-06    1.6793161696276120e-04    2.2154088687512212e-07 
  -2.2267239182532970e-05   -1.3095220119691162e-05    4.8278356382323560e-06    4.7233525342792220e-04    5.5477891852552882e-07 
   6.9496005734759008e-05   -7.9836178455546454e-07    1.4034086851605697e-06    3.2395000994325849e-06    2.2338936834356313e-07 
   2.9039071139809810e-05    2.8577173008300536e-03    1.6593224474168456e-06    8.0580449689570267e-05    1.0630436728887215e-07 
  -1.0684730958504453e-05   -6.2836215425866871e-06    2.3165927524080466e-06    2.2664574910809756e-04    2.6620558737902086e-07 
   3.3347022407207808e-05   -3.8308659666340760e-07    6.7341281525065260e-07    1.5544444786687845e-06    1.0719134420640426e-07 
  -1.4335060299642416e-04    6.0044796655351800e-03   -5.2319812486822594e-06    1.1600433823752049e-04   -2.6741627271103617e-07 
  -6.3863727052973878e-05   -1.2621796051133535e-05   -2.0754735265407859e-05    5.7345709842106013e-04   -1.1755202625864253e-06 
   2.5864813088067852e-04    5.6161963608226079e-06    7.3299350027261008e-07    2.8956058243723018e-05    6.1584453733641140e-07 
   1.9439533188068900e-07   -7.4090407081019242e-10   -2.8860464994821495e-05   -1.0213830954635323e-06    7.3709101859369464e-07 
  -6.1311307839119643e-05    2.5681266314348523e-03   -2.2377276847203869e-06    4.9615261768598163e-05   -1.1437441541690126e-07 
  -2.7314629637072870e-05   -5.3983646179216741e-06   -8.8768371836468369e-06    2.4526862084213897e-04   -5.0277210687671066e-07 
   1.1062426556262036e-04    2.4020571714785724e-06    3.1350262363674091e-07    1.2384557606867306e-05    2.6339780384889490e-07 
   8.3143229161875648e-08   -3.1688598872398002e-10   -1.2343672204307200e-05   -4.3684736637766121e-07    3.1525513950977643e-07 
   6.6201793515114780e-04   -4.4825845462235690e-02    5.7652518675857360e-04   -3.2009692334890726e-02    4.3718380953850141e-05 
   3.6220906256359569e-04   -2.8221366726241155e-03    4.5123324866108174e-04   -7.3331711245033992e-03    1.5548648635818401e-04 
  -1.1635145382437142e-03   -1.8859015809966772e-04   -9.5298960312440752e-04   -4.0206524029835674e-04   -2.4858518471859207e-05 
   1.0415635780567667e-04    5.1988564851470177e-06    2.8810938649282531e-04    1.3179402451627085e-05    1.7566055533113959e-04 
   3.0440887058149463e-04   -2.0611805610529804e-02    2.6509762295623266e-04   -1.4718686268069936e-02    2.0102571642223844e-05 
   1.6655085277137138e-04   -1.2976739624795568e-03    2.0748592492796677e-04   -3.3719363498531927e-03    7.1495745341360495e-05 
  -5.3500687471715275e-04   -8.6717464862637320e-05   -4.3820336785403588e-04   -1.8487750739163312e-04   -1.1430435839506670e-05 
   4.7893142405982003e-05    2.3905364899178423e-06    1.3247836393765446e-04    6.0601485280346738e-06    8.0772179143246033e-05 
  -2.3693104366717696e-04   -3.7237127739114896e-02   -2.1409913503509846e-04   -2.6998667645850238e-02   -2.3750920008603328e-05 
   6.8538287675241051e-05   -1.9185816129149824e-03    2.3595643182373802e-05   -5.0169218057291819e-03   -3.2480746836265473e-05 
  -2.6391686533245012e-04   -8.8170749517915253e-06   -2.2369803151517725e-04   -3.1412292690899658e-05   -1.2823362877567187e-05 
  -9.3589821904453067e-05   -1.4708989161558007e-02   -8.4571019515616947e-05   -1.0664708421164531e-02   -9.3818198715850112e-06 
   2.7073219439207690e-05   -7.5785641544762531e-04    9.3204841753934890e-06   -1.9817277256682577e-03   -1.2830177357425107e-05 
  -1.0424945605161876e-04   -3.4828212533244325e-06   -8.8362667069036773e-05   -1.2408128681868987e-05   -5.0653398109094972e-06 
2    101 5 
  -6.0276157871675207e-01   -3.0621255524021531e-02   -1.8146753943633596e-02   -1.2766215781034574e-03    1.5234132205543208e-05 
  -2.5606147368581332e-03    1.6184780033945322e-02    3.5916320981327109e-05   -5.4618556556230871e-04    2.3374103171071363e-04 
   9.3583599206891171e-03   -2.6383393530527141e-02    1.7504863680406258e-02    2.5615201970906614e-04   -1.5971518348856569e-03 
  -3.0425386346027740e-02   -1.7314198809699866e-02    2.1557617961062314e-02    2.9764431914308834e-03   -1.7252593533925828e-03 
  -4.2977654307909427e-04    1.5655525150990481e-02    1.5203350565725243e-03   -4.7101013741829631e-04   -1.9477170787369222e-05 
   4.1601090408681009e-03    6.6169713009368598e-03    6.2413954880999817e-03    2.3757589787057581e-04   -4.8344047774807756e-04 
  -2.8842107196277609e-03   -8.3472654162972224e-04    9.7676844024572711e-03   -5.1540497602187083e-03    1.4330100632891371e-03 
  -2.0157622151840216e-03    7.9597723005400550e-03    4.7859841436883712e-03    9.9912979105195449e-04    6.3625993066197071e-03 
   9.5900614883231549e-04    1.0763241756123862e-03    4.5300310737328275e-03   -3.1230124548005530e-04    1.7916308279799361e-03 
   3.7723401298214655e-03    4.8013343231096404e-04    1.4776875849760217e-03    5.9648940042863552e-04    1.3575959490421421e-04 
   1.8078915062739783e-02    1.7586181806600134e-03    9.8580758681213188e-03   -8.5574419455049439e-04   -7.7273853492591750e-04 
   2.4719877327624036e-04    4.5637658349907646e-04    2.4658090729806183e-03   -3.0197444218080685e-03   -2.0561703186557762e-03 
  -4.9391424000441145e-04    1.6752954591854610e-05    2.9842101645064103e-04    9.7488425945264847e-04   -4.8336530887517519e-03 
  -1.0541406911514825e-03   -1.4624376176515231e-03    5.9857568012419938e-03   -1.2331778547279755e-03   -5.3858453027459448e-03 
  -3.3863287608834790e-05   -1.5925353320438486e-05   -1.3192116334449219e-04   -1.6805329988141371e-03   -2.3282595894571784e-03 
   1.4686243769801565e-03   -3.3159813419332800e-04   -1.3885912479097574e-03   -2.1601465075712757e-03    2.7307184825953964e-03 
  -3.7888190045308055e-04    3.0898868308415944e-04    7.8789494591849437e-06   -1.4904537639959926e-06   -3.3346409536457818e-07 
  -2.4329040243851427e-04   -2.9830780654122258e-04   -1.6298447586676066e-06   -5.4982074813927849e-06   -1.5863609382214872e-07 
  -5.3017763365033759e-07    8.2546878291963608e-07   -5.8587561008478300e-05   -3.9817271757498464e-06    7.8380165600733275e-07 
   9.6681106278391200e-08    6.8001614905382273e-08    6.3626717520092446e-07   -8.3101248292280429e-06    5.3378517334737306e-06 
  -3.4482335554778001e-08   -2.1963373329045237e-08   -1.2400395335955399e-07    2.6353733539623395e-06    4.1185123943229655e-06 
  -2.6473142961108290e-03    2.1589581267592137e-03    5.5051601875656185e-05   -1.0414061881553007e-05   -2.3299721254634957e-06 
  -1.6999127161045127e-03   -2.0843289688783581e-03   -1.1388011211151477e-05   -3.8416940083621482e-05   -1.1084182130430362e-06 
  -3.7044441219343996e-06    5.7676951773181266e-06   -4.0936156529656397e-04   -2.7821026190404975e-05    5.4765596529742683e-06 
   6.7552784788222117e-07    4.7513921114301156e-07    4.4457103573466980e-06   -5.8064299816309920e-05    3.7296506345768052e-05 
  -2.4093412688305240e-07   -1.5346194192773560e-07   -8.6643737299259166e-07    1.8413815880861831e-05    2.8776768505338031e-05 
  -2.8777684098998052e-03    2.3468998390601442e-03    5.9843956203042313e-05   -1.1320627227942987e-05   -2.5328009554651103e-06 
  -1.8478935882978900e-03   -2.2657740606353977e-03   -1.2379360834934482e-05   -4.1761213143477520e-05   -1.2049082812490139e-06 
  -4.0269235451201361e-06    6.2697848168620649e-06   -4.4499732523949233e-04   -3.0242903315017180e-05    5.9533053507906531e-06 
   7.3433392608463885e-07    5.1650104943747446e-07    4.8327185195698044e-06   -6.3118915649648403e-05    4.0543243361454484e-05 
  -2.6190793447889603e-07   -1.6682111725468783e-07   -9.4186251508471040e-07    2.0016776143846688e-05    3.1281844949548257e-05 
   6.2603400147877145e-04    2.3937634599183133e-06    1.4939189264445670e-06   -4.6793016451423674e-08    2.0458905264332280e-07 
   6.2603400147877145e-04    2.3937634599183133e-06    1.4939189264445670e-06   -4.6793016451423674e-08    2.0458905264332280e-07 
   6.2603400147877145e-04    2.3937634599183133e-06    1.4939189264445670e-06   -4.6793016451423674e-08    2.0458905264332280e-07 
   7.2113196879217871e-03    2.7573891395613056e-05    1.7208533308065056e-05   -5.3901129969989661e-07    2.3566724167937856e-06 
   7.2113196879217871e-03    2.7573891395613056e-05    1.7208533308065056e-05   -5.3901129969989661e-07    2.3566724167937856e-06 
   7.2113196879217871e-03    2.7573891395613056e-05    1.7208533308065056e-05   -5.3901129969989661e-07    2.3566724167937856e-06 
   2.3684182573881418e-03    9.0561104811355649e-06    5.6518094098583624e-06   -1.7702781992676405e-07    7.7400340300625076e-07 
   2.3684182573881418e-03    9.0561104811355649e-06    5.6518094098583624e-06   -1.7702781992676405e-07    7.7400340300625076e-07 
   2.3684182573881418e-03    9.0561104811355649e-06    5.6518094098583624e-06   -1.7702781992676405e-07    7.7400340300625076e-07 
   3.0496806146235503e-04    3.9386541045835135e-03    3.8525160357623808e-05    1.4535897996567581e-05   -3.1720118505321989e-07 
   3.0496806146235503e-04    3.9386541045835135e-03    3.8525160357623808e-05    1.4535897996567581e-05   -3.1720118505321989e-07 
   3.0496806146235503e-04    3.9386541045835135e-03    3.8525160357623808e-05    1.4535897996567581e-05   -3.1720118505321989e-07 
   2.2966111076396775e-04    2.9660669128310272e-03    2.9011992526909300e-05    1.0946492114078393e-05   -2.3887346152135262e-07 
   2.2966111076396775e-04    2.9660669128310272e-03    2.9011992526909300e-05    1.0946492114078393e-05   -2.3887346152135262e-07 
   2.2966111076396775e-04    2.9660669128310272e-03    2.9011992526909300e-05    1.0946492114078393e-05   -2.3887346152135262e-07 
   4.5040181773975239e-04    3.2803272386504971e-05    3.6899618230800709e-04    6.2431260339351213e-06    2.0639964241716260e-06 
   4.5040181773975239e-04    3.2803272386504971e-05    3.6899618230800709e-04    6.2431260339351213e-06    2.0639964241716260e-06 
   4.5040181773975239e-04    3.2803272386504971e-05    3.6899618230800709e-04    6.2431260339351213e-06    2.0639964241716260e-06 
  -5.5406305672558954e-04   -2.0791260780064892e-05   -1.2784322846239165e-07    1.2804305229737988e-07   -1.4446621611656664e-07 
  -1.9931780412886020e-06    5.3089279503051284e-05    4.3248569881784310e-06   -6.0487856340382412e-08   -5.1121632209860851e-08 
   6.7632337200556555e-08   -1.9482137195055141e-06    2.3947427781643387e-05    1.4310761773360557e-07   -6.8891747551715997e-08 
   3.4922043649805468e-10    4.5420632484577339e-09   -1.4379285471313392e-08    2.6417051312887452e-06    3.6108731829741881e-07 
  -3.5348100709687740e-03   -1.3264403230174284e-04   -8.1561390168237991e-07    8.1688873727331485e-07   -9.2166519576580572e-07 
  -1.2716072165537269e-05    3.3869884947193709e-04    2.7591711542111087e-05   -3.8590027103935078e-07   -3.2614565830776113e-07 
   4.3148061174215083e-07   -1.2429208900528321e-05    1.5277973845903757e-04    9.1299761328002518e-07   -4.3951539467655161e-07 
   2.2279556468115311e-09    2.8977443485421295e-08   -9.1736928640790298e-08    1.6853543634175439e-05    2.3036639489374454e-06 
  -2.1692716833597806e-03   -8.1402094444064593e-05   -5.0053273187299467e-07    5.0131508359567057e-07   -5.6561517325457259e-07 
  -7.8037050699868154e-06    2.0785553073425663e-04    1.6932711331596050e-05   -2.3682249222999992e-07   -2.0015178383370932e-07 
   2.6479461531987695e-07   -7.6276604324288226e-06    9.3759142295153628e-05    5.6029597904835148e-07   -2.6972546782725398e-07 
   1.3672703764491659e-09    1.7783118851377193e-08   -5.6297882382213342e-08    1.0342823019021615e-05    1.4137316778202980e-06 
  -7.9209882962497456e-03   -2.9723572308979076e-04   -1.8276705225393121e-06    1.8305272411727605e-06   -2.0653158393658343e-06 
  -2.8494843223608558e-05    7.5897419345226477e-04    6.1828958221413761e-05   -8.6474562113730738e-07   -7.3084434254212181e-07 
   9.6688444557123395e-07   -2.7852024933759928e-05    3.4235687234716606e-04    2.0458930647193224e-06   -9.8488920970523838e-07 
   4.9925201775044863e-09    6.4934179233102043e-08   -2.0556893397625976e-07    3.7766306872621034e-05    5.1621713222699395e-06 
  -3.3037147019741777e-03   -1.2397215998773719e-04   -7.6229149063845229e-07    7.6348298127014482e-07   -8.6140946653885987e-07 
  -1.1884733188263344e-05    3.1655572607201116e-04    2.5787847506420737e-05   -3.6067125908666267e-07   -3.0482322520969063e-07 
   4.0327169268211249e-07   -1.1616624190314655e-05    1.4279145356529990e-04    8.5330854481635301e-07   -4.1078118540579828e-07 
   2.0822985331430742e-09    2.7082984416804862e-08   -8.5739441095762404e-08    1.5751709078199174e-05    2.1530572516521953e-06 
  -4.6797363090450767e-04   -1.7560748149913753e-05   -1.0797915342644933e-07    1.0814792895563428e-07   -1.2201928801867108e-07 
  -1.6834812458592176e-06    4.4840352717203139e-05    3.6528676715274647e-06   -5.1089350595808554e-08   -4.3178435292902102e-08 
   5.7123733521142904e-08   -1.6455034080110396e-06    2.0226515003597333e-05    1.2087178646537733e-07   -5.8187458719343045e-08 
   2.9495912725145210e-10    3.8363247727440825e-09   -1.2145055242612383e-08    2.2312412406166603e-06    3.0498215206018518e-07 
   5.9582262362546830e-03    2.2782443472052717e-05    1.4218248404006666e-05   -4.4534861946124440e-07    1.9471591929999533e-06 
   5.9582262362546830e-03    2.2782443472052717e-05    1.4218248404006666e-05   -4.4534861946124440e-07    1.9471591929999533e-06 
   5.9582262362546830e-03    2.2782443472052717e-05    1.4218248404006666e-05   -4.4534861946124440e-07    1.9471591929999533e-06 
   2.2070063628400194e-04    2.8503426319987880e-03    2.7880058531704068e-05    1.0519402987377472e-05   -2.2955355729907021e-07 
   2.2070063628400194e-04    2.8503426319987880e-03    2.7880058531704068e-05    1.0519402987377472e-05   -2.2955355729907021e-07 
   2.2070063628400194e-04    2.8503426319987880e-03    2.7880058531704068e-05    1.0519402987377472e-05   -2.2955355729907021e-07 
  -6.0030874293359902e-03   -2.2526633875658198e-04   -1.3851385115691063e-06    1.3873035358156041e-06   -1.5652430087260207e-06 
  -2.1595415718204340e-05    5.7520454133998353e-04    4.6858375241336976e-05   -6.5536564045682285e-07   -5.5388574271636663e-07 
   7.3277369486548299e-07   -2.1108242369272037e-05    2.5946234988216162e-04    1.5505230508164118e-06   -7.4641898371058504e-07 
   3.7836863276863136e-09    4.9211732237130240e-08   -1.5579473637136354e-07    2.8621989272073093e-05    3.9122600127397478e-06 
  -2.5675311695364782e-03   -9.6346813704304595e-05   -5.9242620475584531e-07    5.9335218947639431e-07   -6.6945721849125924e-07 
  -9.2363977083906456e-06    2.4601600528624957e-04    2.0041410424581602e-05   -2.8030104993860667e-07   -2.3689791720115529e-07 
   3.1340861247320633e-07   -9.0280328006535750e-06    1.1097250847757788e-04    6.6316146631505511e-07   -3.1924472677930820e-07 
   1.6182893713340739e-09    2.1047945396939031e-08   -6.6633685814474253e-08    1.2241675713577763e-05    1.6732805650894137e-06 
  -9.6637113581987419e-05   -3.6263154619798998e-06   -2.2297824118829252e-08    2.2332676467138245e-08   -2.5197128677234567e-08 
  -3.4764088748932087e-07    9.2595863792867377e-06    7.5432153600424004e-07   -1.0550011903052233e-08   -8.9163984466982117e-09 
   1.1796119182698796e-08   -3.3979841862491263e-07    4.1767995004172805e-06    2.4960168236265226e-08   -1.2015779706305233e-08 
   6.0909411983639824e-11    7.9220564646881048e-10   -2.5079684098255022e-09    4.6075398047862479e-07    6.2979178574984938e-08 
  -4.4435645984473301e-05   -1.6674511905806310e-06   -1.0252978198978715e-08    1.0269003994387765e-08   -1.1586135473478292e-08 
  -1.5985211926986737e-07    4.2577399827195302e-06    3.4685188215923945e-07   -4.8511030253224508e-09   -4.0999354197168388e-09 
   5.4240876673986268e-09   -1.5624599779969908e-07    1.9205745812265414e-06    1.1477176400954825e-08   -5.5250918975742161e-09 
   2.8007345911994828e-11    3.6427174145183026e-10   -1.1532132145554979e-09    2.1186374472075817e-07    2.8959065309589128e-08 
  -8.4222991148764827e-04    1.7211909676106381e-03    3.1756055594648987e-05    6.1705701355391844e-06   -8.6603431450759361e-07 
  -8.4222991148764827e-04    1.7211909676106381e-03    3.1756055594648987e-05    6.1705701355391844e-06   -8.6603431450759361e-07 
  -8.4222991148764827e-04    1.7211909676106381e-03    3.1756055594648987e-05    6.1705701355391844e-06   -8.6603431450759361e-07 
   7.3172710184144310e-04    1.9377341329663157e-04   -3.5252267396390502e-06    1.0175684431588443e-05    5.4311152917817765e-07 
   7.3172710184144310e-04    1.9377341329663157e-04   -3.5252267396390502e-06    1.0175684431588443e-05    5.4311152917817765e-07 
   7.3172710184144310e-04    1.9377341329663157e-04   -3.5252267396390502e-06    1.0175684431588443e-05    5.4311152917817765e-07 
2    101 5 
  -1.8371747265057564e-01    5.8251546554370891e-03    2.6169069917144922e-03   -1.1844629949582857e-03    2.6206301943089341e-04 
  -1.7699837781755032e-02   -4.2445305885420686e-04    2.2372550850850246e-02   -6.4567092661104095e-03    1.8355667832335148e-03 
   1.8827930927052487e-03   -1.2671218012533340e-02    1.9130538480621993e-03   -8.9287381721035123e-04    3.4083560156875645e-04 
   7.1137825826711703e-04    1.4753277615013615e-02   -2.4371544693382059e-03    4.6535070840856261e-04   -4.6165085063094944e-05 
   2.2256058575363816e-03    6.9541613294371273e-03    8.9118044449890098e-03   -2.5671773830042506e-03    7.0758619554827490e-04 
   9.5043132994961809e-05   -1.1865732956775822e-02   -2.7195864763798743e-03    7.3757581260012692e-04   -2.4938954171111046e-04 
   1.7201138067468836e-03   -3.9403927864335199e-05    4.5592549686332877e-03   -6.2897527181651758e-04    2.6692301746867599e-04 
  -3.7085488422767410e-04   -2.2362315463270643e-03    2.5708224865477218e-03    3.4667181135088171e-03   -2.8991325890781821e-03 
   5.3787441519782707e-03   -2.6925563659306101e-03   -3.9719117776266686e-04    2.7664859622093499e-03   -2.1196530437784357e-03 
   1.7247837240084733e-03   -8.8780719927999269e-05    4.3275659194992964e-03   -8.7619171247976238e-05   -3.3493820996272690e-04 
   2.5264300820540464e-03   -1.9230526065879923e-03   -6.0758095624921960e-04    2.6121052534123614e-03   -1.8036724113488006e-03 
  -1.2998050753630106e-03   -4.0635611974886037e-04    6.2694243074893686e-04   -8.2894558600047892e-04    1.9220157888333593e-04 
  -2.8432595699282004e-04   -1.0738396713954625e-04    5.5122133971430547e-04    2.1087600009709112e-03   -1.7511301985034084e-03 
  -8.7518747871850270e-04   -1.7468459677782511e-04    5.1172434921434133e-04    1.0684275759197475e-03   -6.6598376535717562e-04 
   2.6743601675958961e-04    5.2431927737116500e-05   -3.3026738293340355e-05    1.0227064447431186e-03    3.0400199662053998e-04 
  -9.5165489393250952e-04    9.2693288960475151e-04   -4.9597803708330756e-04   -3.2514670924069374e-04    3.0514038120803126e-04 
   3.7687209370804164e-04   -3.0672494165078390e-04    5.4388253612688171e-05   -4.3625693318196587e-06   -1.7964285279454418e-07 
  -2.4519068901008618e-04   -2.9069069948603899e-04    5.8713476380283662e-05   -1.1611636914035241e-05    3.0033384060046806e-06 
  -8.8987368861177452e-07   -1.1054352367432859e-05   -5.4752124292551098e-05    1.7871515455276825e-05   -3.1235440824191308e-06 
  -8.6020868829031417e-08    2.2753272609431398e-07    2.3328070375187826e-06    5.9651508404589390e-06   -7.5422449724890841e-06 
  -1.6495172920740343e-08    9.9806610004303817e-08    9.7675633393893793e-07    3.6050487230110254e-06    3.1565365160798016e-06 
   2.6332714238538040e-03   -2.1431409682934567e-03    3.8002026794415635e-04   -3.0482037136347844e-05   -1.2551961226662585e-06 
  -1.7131903516991766e-03   -2.0311069058078328e-03    4.1024135808550910e-04   -8.1132543853412224e-05    2.0984852242260905e-05 
  -6.2177035503087013e-06   -7.7238698976003455e-05   -3.8256269620896599e-04    1.2487141323283893e-04   -2.1824750388002640e-05 
  -6.0104289896838155e-07    1.5898110675179638e-06    1.6299731956333446e-05    4.1679555237450728e-05   -5.2698988567581327e-05 
  -1.1525466652715920e-07    6.9736629064304337e-07    6.8247678328291314e-06    2.5189107769968638e-05    2.2055274309015852e-05 
   2.8625030769452355e-03   -2.3297057646602874e-03    4.1310180805428969e-04   -3.3135560696077689e-05   -1.3644635075420819e-06 
  -1.8623270691764616e-03   -2.2079189083253526e-03    4.4595370578675241e-04   -8.8195297422435603e-05    2.2811626469101854e-05 
  -6.7589673373830321e-06   -8.3962485399428273e-05   -4.1586555988974586e-04    1.3574172467127580e-04   -2.3724639463025488e-05 
  -6.5336491031187969e-07    1.7282073664368363e-06    1.7718656897929205e-05    4.5307845606855085e-05   -5.7286543103799089e-05 
  -1.2528782053293070e-07    7.5807344986948983e-07    7.4188778049774123e-06    2.7381871023198969e-05    2.3975230961961846e-05 
  -6.2550928298851023e-04   -2.5628977998934302e-05    2.6677495858622116e-07   -3.5572365876326069e-08   -7.7879522534485605e-08 
   2.0286623570312355e-06   -4.9547701636426834e-05   -3.3947798540825447e-06    5.2533153252981225e-09    5.1228325342678324e-08 
  -2.3368868173050138e-08    4.9418811352555296e-07   -7.2274021036991632e-06    9.8168138806934923e-07   -1.4256559045308798e-07 
  -7.2052754271140695e-03   -2.9522159050221551e-04    3.0729952471480439e-06   -4.0976001588406685e-07   -8.9709845281930527e-07 
   2.3368271948246956e-05   -5.7074266806282322e-04   -3.9104653645135668e-05    6.0513224749292160e-08    5.9010186387687101e-07 
  -2.6918726258110400e-07    5.6925797387773242e-06   -8.3252837641120456e-05    1.1308041263459935e-05   -1.6422207848552614e-06 
  -2.3664331370122703e-03   -9.6959812514166318e-05    1.0092657603853755e-06   -1.3457773954924471e-07   -2.9463460868203588e-07 
   7.6748562428230427e-06   -1.8744937318123110e-04   -1.2843165973781685e-05    1.9874396436716387e-08    1.9380752602961170e-07 
  -8.8409341832570429e-08    1.8696175413689771e-06   -2.7342781790530283e-05    3.7139070992143558e-06   -5.3935560449884584e-07 
  -3.9473062139522459e-03   -1.6173289008453777e-04    1.6834961213095006e-06   -2.2448111432933594e-07   -4.9146244764149375e-07 
   1.2801970723218662e-05   -3.1267313831393937e-04   -2.1422920454509181e-05    3.3151297336990505e-08    3.2327879450389523e-07 
  -1.4747035905173938e-07    3.1185977001984558e-06   -4.5608866263919661e-05    6.1949472991571673e-06   -8.9966696961327459e-07 
  -2.9725825231495190e-03   -1.2179555788817131e-04    1.2677838699987833e-06   -1.6904911883296465e-07   -3.7010371211628114e-07 
   9.6407302527485102e-06   -2.3546354299169473e-04   -1.6132875304380111e-05    2.4965118423129095e-08    2.4345030320942552e-07 
  -1.1105492916924440e-07    2.3485102289701317e-06   -3.4346491355948163e-05    4.6652048448171632e-06   -6.7750870228272158e-07 
  -5.8271982086616171e-04   -2.3875766315039837e-05    2.4852557796779492e-07   -3.3138952906025934e-08   -7.2551987084212882e-08 
   1.8898868449069544e-06   -4.6158272318460568e-05   -3.1625517993909165e-06    4.8939496959750379e-09    4.7723928930895338e-08 
  -2.1770264720267721e-08    4.6038199083463685e-07   -6.7329943355495449e-06    9.1452711919852314e-07   -1.3281304944602715e-07 
   5.5372172447322302e-04   -2.8505283857660520e-05    3.3739951722065190e-06   -4.1052435007376868e-07    1.4152137083888497e-07 
   5.5372172447322302e-04   -2.8505283857660520e-05    3.3739951722065190e-06   -4.1052435007376868e-07    1.4152137083888497e-07 
   5.5372172447322302e-04   -2.8505283857660520e-05    3.3739951722065190e-06   -4.1052435007376868e-07    1.4152137083888497e-07 
   5.5372172447322302e-04   -2.8505283857660520e-05    3.3739951722065190e-06   -4.1052435007376868e-07    1.4152137083888497e-07 
   9.3674406709319785e-04    3.3842847945109141e-03   -4.2133927922966246e-04    6.7285560750563419e-05   -1.0398704151763664e-05 
   9.3674406709319785e-04    3.3842847945109141e-03   -4.2133927922966246e-04    6.7285560750563419e-05   -1.0398704151763664e-05 
   9.3674406709319785e-04    3.3842847945109141e-03   -4.2133927922966246e-04    6.7285560750563419e-05   -1.0398704151763664e-05 
   9.3674406709319785e-04    3.3842847945109141e-03   -4.2133927922966246e-04    6.7285560750563419e-05   -1.0398704151763664e-05 
   1.6825816607439518e-03    5.1589926219295919e-04    1.2413814452073570e-03   -2.6657365145785580e-04    5.7042253137495239e-05 
   1.6825816607439518e-03    5.1589926219295919e-04    1.2413814452073570e-03   -2.6657365145785580e-04    5.7042253137495239e-05 
   1.6825816607439518e-03    5.1589926219295919e-04    1.2413814452073570e-03   -2.6657365145785580e-04    5.7042253137495239e-05 
   1.6825816607439518e-03    5.1589926219295919e-04    1.2413814452073570e-03   -2.6657365145785580e-04    5.7042253137495239e-05 
   7.9161085470166783e-03   -4.0751682877429720e-04    4.8235261214839020e-05   -5.8689323043430264e-06    2.0232157846958194e-06 
   7.9161085470166783e-03   -4.0751682877429720e-04    4.8235261214839020e-05   -5.8689323043430264e-06    2.0232157846958194e-06 
   7.9161085470166783e-03   -4.0751682877429720e-04    4.8235261214839020e-05   -5.8689323043430264e-06    2.0232157846958194e-06 
   7.9161085470166783e-03   -4.0751682877429720e-04    4.8235261214839020e-05   -5.8689323043430264e-06    2.0232157846958194e-06 
   8.7550252610735582e-04    3.1630303203897753e-03   -3.9379337032632774e-04    6.2886630913465210e-05   -9.7188678027745211e-06 
   8.7550252610735582e-04    3.1630303203897753e-03   -3.9379337032632774e-04    6.2886630913465210e-05   -9.7188678027745211e-06 
   8.7550252610735582e-04    3.1630303203897753e-03   -3.9379337032632774e-04    6.2886630913465210e-05   -9.7188678027745211e-06 
   8.7550252610735582e-04    3.1630303203897753e-03   -3.9379337032632774e-04    6.2886630913465210e-05   -9.7188678027745211e-06 
   4.6768533430803592e-04   -2.4076178739777991e-05    2.8497492338200873e-06   -3.4673773742305870e-07    1.1953200805961179e-07 
   4.6768533430803592e-04   -2.4076178739777991e-05    2.8497492338200873e-06   -3.4673773742305870e-07    1.1953200805961179e-07 
   4.6768533430803592e-04   -2.4076178739777991e-05    2.8497492338200873e-06   -3.4673773742305870e-07    1.1953200805961179e-07 
   4.6768533430803592e-04   -2.4076178739777991e-05    2.8497492338200873e-06   -3.4673773742305870e-07    1.1953200805961179e-07 
  -5.9532322719205773e-03   -2.4392165403307170e-04    2.5390083504563108e-06   -3.3855701631114015e-07   -7.4121184046853210e-07 
   1.9307624268992111e-05   -4.7156610525776385e-04   -3.2309533260374109e-05    4.9997989126108921e-08    4.8756130078421445e-07 
  -2.2241124784172897e-07    4.7033940276373366e-06   -6.8786194891177756e-05    9.3430704853433600e-06   -1.3568560803698345e-06 
  -2.8566040287946416e-03   -1.1704357360750753e-04    1.2183199229881314e-06   -1.6245348620659340e-07   -3.5566371896146772e-07 
   9.2645868251101703e-06   -2.2627668039697441e-04   -1.5503433876649940e-05    2.3991077560156531e-08    2.3395182860137599e-07 
  -1.0672200203419221e-07    2.2568805843053323e-06   -3.3006426169258204e-05    4.4831868757463822e-06   -6.5107497383577403e-07 
   5.9993892088382773e-03   -3.0884519211019394e-04    3.6556106311460232e-05   -4.4478936746449003e-06    1.5333365976177527e-06 
   5.9993892088382773e-03   -3.0884519211019394e-04    3.6556106311460232e-05   -4.4478936746449003e-06    1.5333365976177527e-06 
   5.9993892088382773e-03   -3.0884519211019394e-04    3.6556106311460232e-05   -4.4478936746449003e-06    1.5333365976177527e-06 
   5.9993892088382773e-03   -3.0884519211019394e-04    3.6556106311460232e-05   -4.4478936746449003e-06    1.5333365976177527e-06 
   6.8040984999258867e-04    2.4581962034847574e-03   -3.0604239284508602e-04    4.8873283434847937e-05   -7.5531631110025331e-06 
   6.8040984999258867e-04    2.4581962034847574e-03   -3.0604239284508602e-04    4.8873283434847937e-05   -7.5531631110025331e-06 
   6.8040984999258867e-04    2.4581962034847574e-03   -3.0604239284508602e-04    4.8873283434847937e-05   -7.5531631110025331e-06 
   6.8040984999258867e-04    2.4581962034847574e-03   -3.0604239284508602e-04    4.8873283434847937e-05   -7.5531631110025331e-06 
  -9.1720100974062679e-04    2.0816513463491246e-03   -3.8830709791220683e-04    4.9870443594754755e-05   -7.4148120934113652e-06 
  -9.1720100974062679e-04    2.0816513463491246e-03   -3.8830709791220683e-04    4.9870443594754755e-05   -7.4148120934113652e-06 
  -9.1720100974062679e-04    2.0816513463491246e-03   -3.8830709791220683e-04    4.9870443594754755e-05   -7.4148120934113652e-06 
  -9.1720100974062679e-04    2.0816513463491246e-03   -3.8830709791220683e-04    4.9870443594754755e-05   -7.4148120934113652e-06 
   1.0604009470795695e-03    3.7507751141234666e-05   -1.9880589243439042e-05    1.4290809742020806e-05   -5.8153179906656776e-06 
   1.0604009470795695e-03    3.7507751141234666e-05   -1.9880589243439042e-05    1.4290809742020806e-05   -5.8153179906656776e-06 
   1.0604009470795695e-03    3.7507751141234666e-05   -1.9880589243439042e-05    1.4290809742020806e-05   -5.8153179906656776e-06 
   1.0604009470795695e-03    3.7507751141234666e-05   -1.9880589243439042e-05    1.4290809742020806e-05   -5.8153179906656776e-06 
  -7.9782103104103478e-05   -3.2689103435757246e-06    3.4026461045998244e-08   -4.5371639385471266e-09   -9.9333331503232273e-09 
   2.5875067522387613e-07   -6.3196821342799711e-06   -4.3299545458404007e-07    6.7004688230822045e-10    6.5340413731560783e-09 
  -2.9806391379210520e-09    6.3032425094868323e-08   -9.2183658259590159e-07    1.2521094066603465e-07   -1.8183875037446224e-08 
  -3.1514624276777133e-05   -1.2912480025480901e-06    1.3440747907256831e-08   -1.7922191975671384e-09   -3.9237529454446079e-09 
   1.0220876604872841e-07   -2.4963293804202897e-06   -1.7103696861641757e-07    2.6467434326989291e-10    2.5810031432142034e-09 
  -1.1773783703554375e-09    2.4898355857163451e-08   -3.6413346370664743e-07    4.9459410029377390e-08   -7.1827887133187140e-09 
 TENSORSUMACCUMULATOR_IMPL_H - PrettifyOut: Norm of simple tensor is 1.34499e-05 
 As simple full tensor 3    5 5 5 
   4.4329671978056482e-08    9.0425269110624965e-08   -3.5798852135290082e-08    1.4614868520106294e-08   -6.5653641533620978e-09 
   8.6014153519157112e-08    1.0140828617384444e-08   -1.7771511954573119e-08    7.2506518398847703e-09   -3.4801678936250399e-09 
  -2.3955335455178095e-08    3.7873566949676624e-08   -1.0960208918743041e-08    4.0818132026358935e-09   -1.7457545382832003e-09 
  -2.9595810162674288e-09   -5.8202205006582986e-09    1.5721740073847219e-09   -3.3506931705604681e-10    1.2498594319364576e-10 
  -7.6789492261034668e-09   -1.7133806177806604e-09    1.2993964210372851e-10   -1.6784853494879569e-10    8.1693730426308039e-11 

   1.3394651601338183e-05   -5.1007012114009938e-07   -1.7239466500493180e-07    8.8883663664310747e-08   -2.1487021100437857e-08 
   6.3101352437763567e-07   -2.0364223826401688e-08    2.9345291643224220e-07   -8.7291443211718707e-08    2.6018710705421132e-08 
   4.1550753886804938e-07    2.7937860004879276e-07    1.7500585441764074e-08   -6.8440185019137227e-10    1.3100406372911424e-09 
   2.7075040945805504e-08    1.1188746988918060e-08   -1.8172289100422044e-08    3.7855267487329947e-09   -1.5629704176441276e-09 
  -1.5885649942194288e-10   -2.2667548284791932e-08    4.3526968918133276e-09   -3.2840843768400069e-09    1.4883116928990423e-09 

   1.4779223253515318e-09    3.7771128052773520e-09   -1.2780688117147915e-09    5.1005110949072350e-10   -2.3204620522381599e-10 
   7.5531903412602861e-09   -2.0217751591285860e-10   -6.4659081021799841e-10    2.5451380576135841e-10   -1.8224401268506062e-10 
  -3.8960946793446650e-09    2.0272079884305055e-09   -5.8551799357220760e-10    1.9373183182102147e-10   -6.3261886980494959e-11 
   2.1304825813177059e-10   -1.1032559245882338e-10    1.0929869821608943e-12    1.2323564467696831e-11    9.3900460574697251e-11 
   4.0087656332871390e-11   -6.3093686055851927e-11    5.5184435750272767e-13   -1.5783542960246413e-11   -4.4550957296516404e-11 

   5.2742509119876421e-07    2.1466448205038835e-07   -5.3983924762578010e-08    9.7206058982224384e-09    4.4034527633865723e-10 
  -2.9850528920673359e-07   -5.4830180597517035e-09    3.3451684106809325e-08   -1.0033433630870884e-08    4.4350685011803272e-09 
   9.3037896048894671e-09    1.4640956722089333e-08    1.9394257279971783e-08   -3.1331403836118286e-09    4.8463533038556881e-10 
   1.0214488341848751e-08    5.4324847411941939e-10   -3.7695607574899069e-10    6.5962588304546335e-11   -1.2727752785987560e-10 
   1.5335555322495948e-10   -3.9862222051015783e-09    4.7326048128867393e-10   -3.2990284269768956e-10    1.1627401969723152e-10 

   1.1975392817817444e-10    3.4882228785594605e-10   -3.1501528088333665e-11    2.4238296388256252e-11   -1.3008837320532576e-11 
   6.9008641210101102e-10    3.2548959048693602e-11   -8.5631157227898077e-12    1.1005100368581318e-11   -1.2732789124660962e-11 
  -2.3012393104501142e-10    1.6050438643022449e-10   -2.1243407174519000e-11    6.4332230581931909e-12   -4.6851985249060926e-12 
   1.4122235939739374e-11   -1.9988520920434136e-11    1.4931989915998085e-11    2.6136049268496220e-12    8.2817489524231288e-13 
   2.5441794606189609e-12   -9.5406756993704938e-12   -2.7942886380805765e-13    2.4777289691865876e-12   -7.8157951848142172e-12 
