2    108 5 
   3.0595804796044674e-05    4.1008133497471054e-03    4.5764424694100242e-07    7.1900122370391285e-05   -2.7528813566970617e-08 
  -7.7531845801418493e-06    8.9695852303557298e-06   -1.2489068603500090e-06   -5.0827186650227805e-04   -3.7110392373980457e-08 
  -1.3123497027690516e-04    9.4366913871369559e-07    1.0712584684053240e-06    2.0158721198989923e-06    1.1537560143379119e-07 
  -1.5818436880035891e-07    2.4762214445156188e-09   -1.9508373368522416e-05    5.0369551486620335e-08    3.0607796904182552e-07 
  -3.3478456940761300e-09    1.0393280228176748e-12   -5.2226042834471482e-08    4.2258450859887488e-10   -3.3305108864589407e-06 
   7.8804671179448875e-06    1.0562338521550915e-03    1.1787401781964074e-07    1.8519092859074952e-05   -7.0905116422560106e-09 
  -1.9969638501244398e-06    2.3102684155757296e-06   -3.2167708978311858e-07   -1.3091401771086873e-04   -9.5584093566642295e-09 
  -3.3801786711795302e-05    2.4305795083429292e-07    2.7592074113963215e-07    5.1922196721883763e-07    2.9716937971497537e-08 
  -4.0743060207563083e-08    6.3779272355594331e-10   -5.0247115864429557e-06    1.2973530092833449e-08    7.8835558882676613e-08 
  -8.6229429439721667e-10    2.6769651470753883e-13   -1.3451700845948643e-08    1.0884378910002866e-10   -8.5782942144048950e-07 
  -2.9004761754598109e-05   -3.8875628538742268e-03   -4.3384583080495531e-07   -6.8161172205845964e-05    2.6097260203462729e-08 
   7.3500034754931417e-06   -8.5031488590769998e-06    1.1839612057800189e-06    4.8184071289307301e-04    3.5180577749211822e-08 
   1.2441048935066685e-04   -8.9459645614865326e-07   -1.0155508855158118e-06   -1.9110427378908397e-06   -1.0937583940636195e-07 
   1.4995846525171407e-07   -2.3474529769220922e-09    1.8493898936330271e-05   -4.7750234069484372e-08   -2.9016130249128425e-07 
   3.1737510222443475e-09   -9.8528088696007333e-13    4.9510184154237702e-08   -4.0060926897660235e-10    3.1573176592931175e-06 
   6.9545970438666009e-06    4.4565413633320221e-03    1.0996023504140486e-06    1.3872769588171328e-04    5.1974991045241844e-08 
  -3.1543407839565740e-03    5.1517155312921127e-06   -1.1032379000883771e-03    1.4039674296467941e-06   -6.3693026368645455e-05 
  -3.8075323854010705e-04    4.0331327449130187e-07    1.0893331301487738e-03   -2.4984357697067619e-06   -1.2082264927370469e-05 
  -1.7745754617571108e-07   -1.5390514434472631e-05    1.0755424347411082e-06    4.9441119155850402e-04   -1.8790038666392304e-07 
   2.5420862428257479e-06   -1.1337419779600276e-09   -4.2607348816405721e-07   -4.3237672692887074e-08   -1.1851552465139415e-04 
   2.6788341753052491e-06    1.7166106436438222e-03    4.2355471308477339e-07    5.3436380346009185e-05    2.0020194037837172e-08 
  -1.2150173244148213e-03    1.9843840756880617e-06   -4.2495508677316707e-04    5.4079278897548747e-07   -2.4533852168390080e-05 
  -1.4666195342818988e-04    1.5535183077420727e-07    4.1959912255568348e-04   -9.6236993782380941e-07   -4.6539553619539429e-06 
  -6.8354692063798403e-08   -5.9282566311953889e-06    4.1428709859135329e-07    1.9044174497045315e-04   -7.2377159190309346e-08 
   9.7918361925234134e-07   -4.3670492156205919e-10   -1.6411881437358031e-07   -1.6654675251460932e-08   -4.5650874628369938e-05 
  -6.8613119591375841e-06   -4.3967638038192921e-03   -1.0848528979612908e-06   -1.3686687996628940e-04   -5.1277827512565106e-08 
   3.1120302165089475e-03   -5.0826132933328044e-06    1.0884396824005860e-03   -1.3851353938285744e-06    6.2838683647712887e-05 
   3.7564602702317438e-04   -3.9790345523851873e-07   -1.0747214232873859e-03    2.4649231461863746e-06    1.1920200166413229e-05 
   1.7507722965609273e-07    1.5184074660322222e-05   -1.0611157085739954e-06   -4.8777943567033442e-04    1.8537999570812819e-07 
  -2.5079881162118409e-06    1.1185345955901005e-09    4.2035837610314714e-07    4.2657706673978957e-08    1.1692582352434476e-04 
   2.8932572953928425e-05    3.8778872529393318e-03    4.3276604913095526e-07    6.7991528568866254e-05   -2.6032307768038777e-08 
  -7.3317103434790594e-06    8.4819857092726320e-06   -1.1810144917125901e-06   -4.8064147866140199e-04   -3.5093018205159388e-08 
  -1.2410084902012599e-04    8.9236993052506376e-07    1.0130233212122435e-06    1.9062864194475420e-06    1.0910361821951723e-07 
  -1.4958523957765484e-07    2.3416104943509118e-09   -1.8447870205075189e-05    4.7631390406559738e-08    2.8943913153863789e-07 
  -3.1658519992543140e-09    9.8282866045484662e-13   -4.9386960221379053e-08    3.9961220846256468e-10   -3.1494595366480851e-06 
   7.7746726929808920e-06    1.0420540260935374e-03    1.1629157178607656e-07    1.8270476025763220e-05   -6.9953222847387593e-09 
  -1.9701548248425858e-06    2.2792533101409570e-06   -3.1735860938997001e-07   -1.2915651107881776e-04   -9.4300887372994110e-09 
  -3.3348001354352855e-05    2.3979492394050808e-07    2.7221653481434522e-07    5.1225146805572236e-07    2.9317991269819628e-08 
  -4.0196088998696889e-08    6.2923042471947301e-10   -4.9572553728782582e-06    1.2799361844253492e-08    7.7777199968937098e-08 
  -8.5071808607604316e-10    2.6410271773910028e-13   -1.3271113206347405e-08    1.0738257291748554e-10   -8.4631315355938439e-07 
  -2.8659045789441759e-05   -3.8412258918434994e-03   -4.2867469954744670e-07   -6.7348739901291812e-05    2.5786199572263225e-08 
   7.2623967036488659e-06   -8.4017974210077703e-06    1.1698492370478838e-06    4.7609751705099564e-04    3.4761250485149790e-08 
   1.2292760551368373e-04   -8.8393350777212148e-07   -1.0034462470594788e-06   -1.8882644785769108e-06   -1.0807215781762552e-07 
   1.4817106785860698e-07   -2.3194730204431495e-09    1.8273464920206560e-05   -4.7181085513897412e-08   -2.8670278779667916e-07 
   3.1359221854793906e-09   -9.7353704518445500e-13    4.8920058255436360e-08   -3.9583429370714092e-10    3.1196846964326428e-06 
   5.9118075368313164e-06    3.7883165126269993e-03    9.3472525031888740e-07    1.1792652153787197e-04    4.4181732147800730e-08 
  -2.6813711136254542e-03    4.3792545439226244e-06   -9.3781567666992587e-04    1.1934530756705066e-06   -5.4142736229676024e-05 
  -3.2366215484180871e-04    3.4283948312211234e-07    9.2599582237666415e-04   -2.1238141218645566e-06   -1.0270620196840194e-05 
  -1.5084912214639064e-07   -1.3082822578436611e-05    9.1427293799746299e-07    4.2027795285810962e-04   -1.5972613726527304e-07 
   2.1609195349234856e-06   -9.6374589754803612e-10   -3.6218697398057301e-07   -3.6754508951210260e-08   -1.0074501332662242e-04 
   1.5845279551727832e-06    1.0153736196421488e-03    2.5053222391099894e-07    3.1607569913075660e-05    1.1841926392223118e-08 
  -7.1868163184649005e-04    1.1737613588452702e-06   -2.5136054366195753e-04    3.1987843816046327e-07   -1.4511751032316431e-05 
  -8.6750410797911822e-05    9.1890465269636703e-08    2.4819249574479195e-04   -5.6924093464126380e-07   -2.7528103236558114e-06 
  -4.0431737597185908e-08   -3.5065583544368318e-06    2.4505043844702364e-07    1.1264611729958376e-04   -4.2811023209366013e-08 
   5.7918621176908099e-07   -2.5831056015170154e-10   -9.7076128019427855e-08   -9.8512251200681633e-09   -2.7002450429204948e-05 
  -5.8556170677431482e-06   -3.7523093725817976e-03   -9.2584088628018153e-07   -1.1680565511556946e-04   -4.3761794211890962e-08 
   2.6558852533812897e-03   -4.3376306639931027e-06    9.2890193878823464e-04   -1.1821095588630250e-06    5.3628121075595224e-05 
   3.2058581512788145e-04   -3.3958086699522432e-07   -9.1719442968773394e-04    2.1036277218472766e-06    1.0173000143566912e-05 
   1.4941533343081830e-07    1.2958473141635821e-05   -9.0558296882295371e-07   -4.1628330060135326e-04    1.5820797441530525e-07 
  -2.1403804558731853e-06    9.5458569845027442e-10    3.5874446408173062e-07    3.6405165186852745e-08    9.9787453473422101e-05 
  -1.6965800753822482e-06   -4.5602982620624741e-03    8.3907591419547405e-07   -1.3887230647412956e-04    5.4659153738591970e-08 
  -1.6965800753822482e-06   -4.5602982620624741e-03    8.3907591419547405e-07   -1.3887230647412956e-04    5.4659153738591970e-08 
  -1.6965800753822482e-06   -4.5602982620624741e-03    8.3907591419547405e-07   -1.3887230647412956e-04    5.4659153738591970e-08 
  -1.6965800753822482e-06   -4.5602982620624741e-03    8.3907591419547405e-07   -1.3887230647412956e-04    5.4659153738591970e-08 
  -8.2045131872726030e-07   -1.7620675640983433e-03    2.9601538510372063e-07   -6.5654561052137792e-05    2.3134740140307049e-08 
  -8.2045131872726030e-07   -1.7620675640983433e-03    2.9601538510372063e-07   -6.5654561052137792e-05    2.3134740140307049e-08 
  -8.2045131872726030e-07   -1.7620675640983433e-03    2.9601538510372063e-07   -6.5654561052137792e-05    2.3134740140307049e-08 
  -8.2045131872726030e-07   -1.7620675640983433e-03    2.9601538510372063e-07   -6.5654561052137792e-05    2.3134740140307049e-08 
   1.4445663428462086e-06    4.4999751195960360e-03   -9.2380434629830641e-07    1.3887546843835446e-04   -5.9339029379682709e-08 
   1.4445663428462086e-06    4.4999751195960360e-03   -9.2380434629830641e-07    1.3887546843835446e-04   -5.9339029379682709e-08 
   1.4445663428462086e-06    4.4999751195960360e-03   -9.2380434629830641e-07    1.3887546843835446e-04   -5.9339029379682709e-08 
   1.4445663428462086e-06    4.4999751195960360e-03   -9.2380434629830641e-07    1.3887546843835446e-04   -5.9339029379682709e-08 
  -2.1929435490457030e-05   -1.7901983033344606e-03   -1.3582752964487358e-06   -5.0536440922847154e-04   -2.1328644364486987e-08 
  -2.1929435490457030e-05   -1.7901983033344606e-03   -1.3582752964487358e-06   -5.0536440922847154e-04   -2.1328644364486987e-08 
  -2.1929435490457030e-05   -1.7901983033344606e-03   -1.3582752964487358e-06   -5.0536440922847154e-04   -2.1328644364486987e-08 
  -2.1929435490457030e-05   -1.7901983033344606e-03   -1.3582752964487358e-06   -5.0536440922847154e-04   -2.1328644364486987e-08 
  -9.1930541163050768e-06   -1.1055495936492684e-03   -1.1962157908069304e-07   -2.0527960702318447e-05    8.1698915780254721e-09 
  -9.1930541163050768e-06   -1.1055495936492684e-03   -1.1962157908069304e-07   -2.0527960702318447e-05    8.1698915780254721e-09 
  -9.1930541163050768e-06   -1.1055495936492684e-03   -1.1962157908069304e-07   -2.0527960702318447e-05    8.1698915780254721e-09 
  -9.1930541163050768e-06   -1.1055495936492684e-03   -1.1962157908069304e-07   -2.0527960702318447e-05    8.1698915780254721e-09 
   3.6603543772508820e-06   -1.3069631310284944e-03    1.5972598111666194e-06    6.9186871914158482e-04    5.8636441132078947e-08 
   3.6603543772508820e-06   -1.3069631310284944e-03    1.5972598111666194e-06    6.9186871914158482e-04    5.8636441132078947e-08 
   3.6603543772508820e-06   -1.3069631310284944e-03    1.5972598111666194e-06    6.9186871914158482e-04    5.8636441132078947e-08 
   3.6603543772508820e-06   -1.3069631310284944e-03    1.5972598111666194e-06    6.9186871914158482e-04    5.8636441132078947e-08 
  -1.4790345369806361e+00    3.2161759660286385e-03   -1.1970872098055432e+00    2.2694236405065809e-03   -6.3352402998175109e-03 
  -7.9567780801641248e-03    9.4058750464884511e-01   -9.9516188061061009e-03    8.6175247282434098e-01   -3.6371587212930445e-03 
  -1.0063267941345031e+00    2.8181620158299154e-03   -1.1015546590083245e+00    2.6970463675111515e-03   -2.8793554872625454e-01 
  -6.2549183538644593e-01    2.4751645731417174e-03   -6.5948347291184251e-01    2.3838591185616365e-03   -1.3960750565399438e-01 
   1.3417702308654380e-03   -4.2669258542730842e-01   -8.6849913655110040e-04   -6.9338588249786837e-02   -1.3673250044425882e-03 
   6.2319234967636181e-02    2.0400855756190833e-03    3.9238484894610876e-01    9.8474274682795976e-04    2.6537501116911111e-01 
   3.4493951738659824e-03    2.1046417136350495e-01    2.6494203374692767e-02    1.6686161424309850e-01    2.6760581274780083e-02 
   3.3171069120823338e-01    2.5910047380587513e-03    4.6603295397292233e-01   -3.8206325295890949e-04    1.5721019848928455e-01 
  -4.2756807858944507e-02   -5.5359755895529128e-03   -2.4555469318540674e-01   -4.3697907680870229e-03   -2.4024559769709297e-01 
   1.6554523275009475e-02   -2.1705003260635642e-02   -6.5712271247572854e-02    4.5700302841244572e-02   -1.0138268758887921e-01 
  -3.6013723986918794e-02   -1.1866900574218952e-03   -6.7516243230439671e-02    2.0883096509115205e-02    4.0900721275156190e-02 
   7.6048544045106775e-02    6.7452835087326597e-03    1.1427285592566516e-01    4.3882396212545855e-03    7.2057602503081075e-02 
   2.2239574094602197e-04   -1.7218021012367959e-01    4.1292112287476230e-04   -9.9154779919973013e-02    2.0889897388456905e-04 
   6.5216047799393204e-02   -1.1758313867862649e-03    1.3817877594422626e-01   -1.1489247458521788e-03    9.7145703877582812e-02 
   1.9165410112996893e-04   -1.3774076503883825e-01    4.2008313688976490e-04   -1.1700940091007130e-01    3.0781444594180524e-04 
   1.6900486588246943e-04   -8.3803121166318356e-02    3.7114349830843471e-04   -6.7050336708938021e-02    2.7393156247362111e-04 
  -3.1578628841130420e-02    1.5035774735986401e-05   -3.6181457727778213e-02   -1.9632235501916380e-04    1.1997019914964933e-02 
   1.4679346568419901e-04    3.1763911570836682e-02    2.2802094306471307e-04    5.6512349410597920e-02    5.5851020115870955e-05 
   1.4753581078468071e-02    2.1030140991784591e-03    2.8779118230053833e-02    4.6283401552544368e-03    1.7210820243232391e-02 
   1.9761473650544404e-04    5.2776301805120600e-02    1.5496118110722143e-04    5.2714933694599626e-02   -2.1218925490516357e-04 
  -3.8818764963229112e-04   -2.0116052686314494e-02   -7.5613536887659985e-04   -4.2181484072851133e-02   -4.4959594515217734e-04 
  -1.9114308102313878e-03   -3.7530182101875361e-03    2.2162150403247133e-03   -1.4683703549416911e-02    9.1925729888936644e-03 
  -2.1850153616616302e-04   -6.9252033777659266e-03    1.6360373237755495e-03   -1.7818655576510550e-03    3.7083521639214791e-03 
   4.7901600303523317e-04    1.2639505810218962e-02    8.4361891836958359e-04    1.6002180721341502e-02    3.8469269961184996e-04 
2    108 5 
  -4.1007750492132664e-03    8.0061623762480325e-05    2.0682022277693525e-06   -2.0379554532706726e-06   -1.3311482753283955e-06 
   9.9125514012113093e-06    5.0807272603846506e-04   -1.5537489440331343e-05   -2.1896800948612872e-06    2.3421594692370002e-07 
   1.4567578136931583e-07    3.9905656847674771e-06    1.3113832401201897e-04   -3.8428735627495671e-06    8.7123122337894601e-07 
  -7.0334071630008481e-09    1.0214356332348757e-07    5.7483691846930980e-07    1.9471339706839685e-05   -1.1062958412640040e-06 
  -1.2053363287941838e-09   -1.1977895221330750e-09   -1.6504218309457386e-08    1.8943618438083288e-07    3.3254894927380280e-06 
  -1.0562239872046668e-03    2.0621225611658527e-05    5.3270047177525941e-07   -5.2490990331498622e-07   -3.4285975749821065e-07 
   2.5531453051459773e-06    1.3086272571553176e-04   -4.0019432548404822e-06   -5.6398915149973689e-07    6.0326279388119020e-08 
   3.7521261905495965e-08    1.0278377009672501e-06    3.3776893831297961e-05   -9.8979709641704375e-07    2.2440034029934252e-07 
  -1.8115729997830151e-09    2.6308802708289110e-08    1.4805897293356321e-07    5.0151729403738850e-06   -2.8494520925062281e-07 
  -3.1045476229325796e-10   -3.0851095456749938e-10   -4.2509406293465678e-09    4.8792494000847089e-08    8.5653607654017755e-07 
  -3.8875265450447490e-03    7.5898259202425512e-05    1.9606515754909682e-06   -1.9319776937602063e-06   -1.2619259026955096e-06 
   9.3970789031021069e-06    4.8165192813166217e-04   -1.4729508914230440e-05   -2.0758123505366307e-06    2.2203624924838521e-07 
   1.3810034938444106e-07    3.7830482879704638e-06    1.2431886888484867e-04   -3.6430364516838659e-06    8.2592545728818932e-07 
  -6.6676559236087199e-09    9.6831893742061768e-08    5.4494424902675223e-07    1.8458791099122901e-05   -1.0487662449105875e-06 
  -1.1426564290067901e-09   -1.1355020713857817e-09   -1.5645965948690204e-08    1.7958512391792010e-07    3.1525573880885528e-06 
   3.8820607003483003e-03    2.7861508126590228e-03    8.8751084129969123e-05    5.4490320326984645e-05    3.9161246744485810e-06 
   3.8820607003483003e-03    2.7861508126590228e-03    8.8751084129969123e-05    5.4490320326984645e-05    3.9161246744485810e-06 
   3.8820607003483003e-03    2.7861508126590228e-03    8.8751084129969123e-05    5.4490320326984645e-05    3.9161246744485810e-06 
   3.8820607003483003e-03    2.7861508126590228e-03    8.8751084129969123e-05    5.4490320326984645e-05    3.9161246744485810e-06 
   3.8820607003483003e-03    2.7861508126590228e-03    8.8751084129969123e-05    5.4490320326984645e-05    3.9161246744485810e-06 
   1.4855350126390552e-03    1.0861855543524981e-03    4.4710551652966197e-05    2.7282433666330745e-05    2.0861134678055305e-06 
   1.4855350126390552e-03    1.0861855543524981e-03    4.4710551652966197e-05    2.7282433666330745e-05    2.0861134678055305e-06 
   1.4855350126390552e-03    1.0861855543524981e-03    4.4710551652966197e-05    2.7282433666330745e-05    2.0861134678055305e-06 
   1.4855350126390552e-03    1.0861855543524981e-03    4.4710551652966197e-05    2.7282433666330745e-05    2.0861134678055305e-06 
   1.4855350126390552e-03    1.0861855543524981e-03    4.4710551652966197e-05    2.7282433666330745e-05    2.0861134678055305e-06 
   3.8285126169220057e-03    2.7507641383831246e-03    8.9165937112192889e-05    5.4718810990823813e-05    3.9516851063885677e-06 
   3.8285126169220057e-03    2.7507641383831246e-03    8.9165937112192889e-05    5.4718810990823813e-05    3.9516851063885677e-06 
   3.8285126169220057e-03    2.7507641383831246e-03    8.9165937112192889e-05    5.4718810990823813e-05    3.9516851063885677e-06 
   3.8285126169220057e-03    2.7507641383831246e-03    8.9165937112192889e-05    5.4718810990823813e-05    3.9516851063885677e-06 
   3.8285126169220057e-03    2.7507641383831246e-03    8.9165937112192889e-05    5.4718810990823813e-05    3.9516851063885677e-06 
  -3.8778510344774589e-03    7.5709359036614936e-05    1.9557717875801649e-06   -1.9271692711359102e-06   -1.2587851453874391e-06 
   9.3736908862808413e-06    4.8045316375889315e-04   -1.4692849223936546e-05   -2.0706459435422070e-06    2.2148363203766479e-07 
   1.3775663690445329e-07    3.7736328091916802e-06    1.2400945658484983e-04   -3.6339694428089764e-06    8.2386984418891105e-07 
  -6.6510610593420925e-09    9.6590892683857754e-08    5.4358795890784273e-07    1.8412849746370825e-05   -1.0461560122169526e-06 
  -1.1398125167593664e-09   -1.1326759653351678e-09   -1.5607025324846754e-08    1.7913816162864371e-07    3.1447111130936413e-06 
  -1.0420442935790129e-03    2.0344387871840993e-05    5.2554902513560770e-07   -5.1786304422047128e-07   -3.3825690206528580e-07 
   2.5188696035454504e-06    1.2910590767301115e-04   -3.9482175963169797e-06   -5.5641765769412516e-07    5.9516405564326227e-08 
   3.7017542992923348e-08    1.0140390901866110e-06    3.3323442658103544e-05   -9.7650917666822273e-07    2.2138778982379595e-07 
  -1.7872528267623166e-09    2.5955609856601847e-08    1.4607129711843324e-07    4.9478447821085391e-06   -2.8111985040986712e-07 
  -3.0628694044176413e-10   -3.0436922812602495e-10   -4.1938722078041794e-09    4.8137460007541747e-08    8.4503717167549777e-07 
  -3.8411900157892375e-03    7.4993606367975191e-05    1.9372820143998926e-06   -1.9089499047816270e-06   -1.2468846506729165e-06 
   9.2850724598110734e-06    4.7591098246859163e-04   -1.4553943728291446e-05   -2.0510701555715067e-06    2.1938973634619139e-07 
   1.3645429223079794e-07    3.7379570646336113e-06    1.2283707709813085e-04   -3.5996140690540902e-06    8.1608101798441457e-07 
  -6.5881822453739587e-09    9.5677726992264320e-08    5.3844890427602967e-07    1.8238775543248149e-05   -1.0362657031840144e-06 
  -1.1290367836003400e-09   -1.1219677007928585e-09   -1.5459477251954145e-08    1.7744459799433916e-07    3.1149811642479610e-06 
   4.0620839116367749e-03   -8.0067690362521345e-05   -2.0553753206814114e-06    2.0228746913088036e-06    1.3180450705540939e-06 
   4.0620839116367749e-03   -8.0067690362521345e-05   -2.0553753206814114e-06    2.0228746913088036e-06    1.3180450705540939e-06 
   4.0620839116367749e-03   -8.0067690362521345e-05   -2.0553753206814114e-06    2.0228746913088036e-06    1.3180450705540939e-06 
   4.0620839116367749e-03   -8.0067690362521345e-05   -2.0553753206814114e-06    2.0228746913088036e-06    1.3180450705540939e-06 
   4.0620839116367749e-03   -8.0067690362521345e-05   -2.0553753206814114e-06    2.0228746913088036e-06    1.3180450705540939e-06 
   1.0888968477176337e-03   -1.1926634370639629e-05   -8.5209130079094344e-07    5.0132941025040087e-07    3.5759190072489855e-07 
   1.0888968477176337e-03   -1.1926634370639629e-05   -8.5209130079094344e-07    5.0132941025040087e-07    3.5759190072489855e-07 
   1.0888968477176337e-03   -1.1926634370639629e-05   -8.5209130079094344e-07    5.0132941025040087e-07    3.5759190072489855e-07 
   1.0888968477176337e-03   -1.1926634370639629e-05   -8.5209130079094344e-07    5.0132941025040087e-07    3.5759190072489855e-07 
   1.0888968477176337e-03   -1.1926634370639629e-05   -8.5209130079094344e-07    5.0132941025040087e-07    3.5759190072489855e-07 
   4.0234883579023514e-03   -7.8608699881707578e-05   -2.0581789022301210e-06    2.0006653755043997e-06    1.3058327034430563e-06 
   4.0234883579023514e-03   -7.8608699881707578e-05   -2.0581789022301210e-06    2.0006653755043997e-06    1.3058327034430563e-06 
   4.0234883579023514e-03   -7.8608699881707578e-05   -2.0581789022301210e-06    2.0006653755043997e-06    1.3058327034430563e-06 
   4.0234883579023514e-03   -7.8608699881707578e-05   -2.0581789022301210e-06    2.0006653755043997e-06    1.3058327034430563e-06 
   4.0234883579023514e-03   -7.8608699881707578e-05   -2.0581789022301210e-06    2.0006653755043997e-06    1.3058327034430563e-06 
  -3.7040078540512759e-03   -2.6609019921551682e-03   -8.6505612881408275e-05   -5.3025511007294633e-05   -3.8343374988510743e-06 
   3.4456388610977869e-04   -4.6703638634298087e-04   -2.7766295749751679e-04   -1.7821172661171506e-04   -1.5678682487770137e-05 
  -9.9782889540946289e-05    1.5106124317377286e-04   -2.9637518302217297e-04   -1.2577100582997626e-04   -1.4439948163281225e-05 
  -1.0345219186078246e-06    1.5506915606651052e-06    1.0416847497005825e-05   -2.3705048577092545e-05    1.6038125483330596e-05 
  -1.4315324661611261e-03   -1.0283907975185977e-03   -3.3432864676422403e-05   -2.0493407015512123e-05   -1.4819025315566668e-06 
   1.3316774938619354e-04   -1.8050116961746931e-04   -1.0731174283911484e-04   -6.8875629466138048e-05   -6.0595290000063082e-06 
  -3.8564293482531218e-05    5.8382455573195716e-05   -1.1454368170322271e-04   -4.8608233362795355e-05   -5.5807804464592354e-06 
  -3.9982412883455444e-07    5.9931441874945689e-07    4.0259243431957008e-06   -9.1615752415099544e-06    6.1984472577838159e-06 
  -3.6550573588781561e-03   -2.6257367130155269e-03   -8.5362393765075220e-05   -5.2324749798655234e-05   -3.7836646259454914e-06 
   3.4001028538633519e-04   -4.6086424436160019e-04   -2.7399348923603069e-04   -1.7585656090823019e-04   -1.5471480100064872e-05 
  -9.8464203931926397e-05    1.4906488599900728e-04   -2.9245842243806901e-04   -1.2410887301158471e-04   -1.4249116329030742e-05 
  -1.0208501440925759e-06    1.5301983212481554e-06    1.0279183144441454e-05   -2.3391773359632525e-05    1.5826172859310376e-05 
  -1.5102833206091491e-03   -1.0849641941585296e-03   -3.5272059191496048e-05   -2.1620781595671339e-05   -1.5634243225934623e-06 
   1.4049351690944477e-04   -1.9043082309879196e-04   -1.1321513074029823e-04   -7.2664586265454756e-05   -6.3928732290636753e-06 
  -4.0685775974002591e-05    6.1594166358555871e-05   -1.2084490994566753e-04   -5.1282248798012304e-05   -5.8877879639513453e-06 
  -4.2181908355541624e-07    6.3228364835142650e-07    4.2473967788296359e-06   -9.6655679174801515e-06    6.5394335988833543e-06 
  -8.9772936099475210e-04   -6.4491489737917098e-04   -2.0966107965874467e-05   -1.2851635306586426e-05   -9.2931696916270611e-07 
   8.3510923704136947e-05   -1.1319421912521091e-04   -6.7296344723870571e-05   -4.3192645846558094e-05   -3.7999956170694030e-06 
  -2.4184081998591674e-05    3.6612263971615929e-05   -7.1831571139404716e-05   -3.0482744406688503e-05   -3.4997672651372152e-06 
  -2.5073399882537359e-07    3.7583649892459661e-07    2.5247003288177600e-06   -5.7453220808338628e-06    3.8871127462530239e-06 
  -1.2005684376198424e-03   -8.6246980926002980e-04   -2.8038792733332450e-05   -1.7186992418062023e-05   -1.2428117762406566e-06 
   1.1168241070401135e-04   -1.5137903772264721e-04   -8.9998022737206569e-05   -5.7763207480714849e-05   -5.0818821341568343e-06 
  -3.2342314735196784e-05    4.8963006518381136e-05   -9.6063157652607743e-05   -4.0765761282611027e-05   -4.6803750663596901e-06 
  -3.3531634176963709e-07    5.0262078742131311e-07    3.3763800772522126e-06   -7.6834429772536037e-06    5.1983872638966167e-06 
   5.6080143629270492e-03   -6.5850521450452751e-04   -7.2398977527352706e-06   -3.4255045071988105e-06    4.8778448632721389e-06 
   1.6096890073289674e-03    1.0687397497677179e-03    2.2187753866004554e-04    3.5970499707835809e-05    3.9788038750999809e-06 
   2.9024605341804199e-03    1.7244858116994362e-03    2.7107642787269640e-04    1.5914852529695009e-05   -1.0761553705865619e-06 
   4.3197558943571342e-04    2.0792207650447126e-03   -9.7745141859689977e-05   -7.9094322587021767e-06   -2.3495198322124400e-05 
  -1.0356004290226954e-03    8.2463406436152022e-04   -5.2395767088339431e-05    2.2577444270795900e-05   -1.5402612435973839e-07 
   1.2519531009957678e-04   -6.7735325139590128e-04    6.9081786750458925e-04   -6.0289595721771505e-05   -8.5804515381773344e-06 
   1.6295906072411231e-05    3.8968060254721592e-05   -1.4546030417248178e-04   -4.3475796145821369e-04   -5.5274821226884591e-05 
   7.8827821843144752e-04   -5.4596992054630150e-04    2.6239968466711350e-04   -3.2942274484193232e-05   -1.6798999138987946e-05 
  -1.2998775970767608e-04   -2.2258976899077230e-04   -2.7596713356629215e-04    2.5320850150107699e-04   -4.9975588231132500e-05 
  -9.9568126661396574e-05    6.4004857544556381e-05    2.4966482032334151e-04    4.3784216630345640e-05    4.2119178856953134e-05 
  -7.5433507971305462e-05   -1.3454651933103486e-05    2.2105792478994399e-04    3.8976577741400511e-05    6.9193171920284689e-05 
  -4.4726659535927620e-05   -1.1917045012821268e-05    1.4367350561328941e-05    1.0936571407270055e-04   -2.0853877309898433e-04 
   2.4893902621424283e-05   -2.9230960594437159e-06   -3.2137811706957073e-08   -1.5205769834538930e-08    2.1652689734791052e-08 
   7.1453885111502346e-06    4.7441218114991866e-06    9.8491150054786799e-07    1.5967257910221648e-07    1.7661858512927806e-08 
   1.2883984459466046e-05    7.6549700286550450e-06    1.2033047281470078e-06    7.0645822829485719e-08   -4.7770396556049491e-09 
   1.9175340079964225e-06    9.2296338603617247e-06   -4.3388940999473644e-07   -3.5109866647366362e-08   -1.0429487894477143e-07 
  -4.5970167988907394e-06    3.6605398574283310e-06   -2.3258412679798560e-07    1.0022098067959923e-07   -6.8371995733716935e-10 
   5.5574034882663922e-07   -3.0067622494022554e-06    3.0665315047130765e-06   -2.6762472915626901e-07   -3.8088512478015455e-08 
   7.2337314536182293e-08    1.7297871127785705e-07   -6.4569639323507955e-07   -1.9298849211186462e-06   -2.4536421057247579e-07 
   3.4991567314710077e-06   -2.4235533571658906e-06    1.1647887782131444e-06   -1.4623032682635870e-07   -7.4570538097745648e-08 
  -5.7701397013738017e-07   -9.8807308169757863e-07   -1.2250145069398839e-06    1.1239892360037757e-06   -2.2184098441304109e-07 
  -4.4198161575548168e-07    2.8411672793589217e-07    1.1082588814698982e-06    1.9435756662047423e-07    1.8696648565858592e-07 
  -3.3484835813615735e-07   -5.9725024465347151e-08    9.8127324526729000e-07    1.7301652029014592e-07    3.0714758778756057e-07 
  -1.9854105838770366e-07   -5.2899607398555737e-08    6.3776481773294057e-08    4.8547297850131324e-07   -9.2570089417671145e-07 
2    108 5 
   1.3264677599351502e-06    4.0916190385823885e-03    9.7029277999675768e-07    2.8882781109726045e-04    1.0597029372463207e-07 
   1.3264677599351502e-06    4.0916190385823885e-03    9.7029277999675768e-07    2.8882781109726045e-04    1.0597029372463207e-07 
   1.3264677599351502e-06    4.0916190385823885e-03    9.7029277999675768e-07    2.8882781109726045e-04    1.0597029372463207e-07 
   1.3264677599351502e-06    4.0916190385823885e-03    9.7029277999675768e-07    2.8882781109726045e-04    1.0597029372463207e-07 
   1.3264677599351502e-06    4.0916190385823885e-03    9.7029277999675768e-07    2.8882781109726045e-04    1.0597029372463207e-07 
   2.0926625304587195e-05    1.0548671184342578e-03    2.4685973020903896e-06    5.4576461698616663e-05    3.0718386853686259e-07 
   2.0926625304587195e-05    1.0548671184342578e-03    2.4685973020903896e-06    5.4576461698616663e-05    3.0718386853686259e-07 
   2.0926625304587195e-05    1.0548671184342578e-03    2.4685973020903896e-06    5.4576461698616663e-05    3.0718386853686259e-07 
   2.0926625304587195e-05    1.0548671184342578e-03    2.4685973020903896e-06    5.4576461698616663e-05    3.0718386853686259e-07 
   2.0926625304587195e-05    1.0548671184342578e-03    2.4685973020903896e-06    5.4576461698616663e-05    3.0718386853686259e-07 
  -7.8046561152784783e-06    3.8777571783414977e-03   -8.4702519657867277e-10    2.8872680293523002e-04   -7.2977256843613114e-09 
  -7.8046561152784783e-06    3.8777571783414977e-03   -8.4702519657867277e-10    2.8872680293523002e-04   -7.2977256843613114e-09 
  -7.8046561152784783e-06    3.8777571783414977e-03   -8.4702519657867277e-10    2.8872680293523002e-04   -7.2977256843613114e-09 
  -7.8046561152784783e-06    3.8777571783414977e-03   -8.4702519657867277e-10    2.8872680293523002e-04   -7.2977256843613114e-09 
  -7.8046561152784783e-06    3.8777571783414977e-03   -8.4702519657867277e-10    2.8872680293523002e-04   -7.2977256843613114e-09 
   9.8980552947062078e-06   -4.4477819661814157e-03    3.5249874967164295e-06   -3.1173837929540020e-04    4.9202728754225429e-07 
  -2.9849741806742369e-03   -7.8547707945601551e-06   -1.4968393010756625e-03    1.4182037486393063e-07   -1.4291426924860302e-04 
   5.1741651897091543e-04    2.7966530355121534e-07   -1.0315239103222394e-03    7.6943902767706817e-07   -3.1592954297028233e-06 
   2.4289911917586232e-08    3.4584382601041174e-05   -3.4882359013654872e-07   -4.9344072089773045e-04    7.5566808750633616e-07 
   4.3854430242104214e-06    1.1456237679012191e-08    2.5623579126596710e-06   -1.8216635289590566e-07   -1.1843455615167193e-04 
   3.8126218708680458e-06   -1.7132366203475608e-03    1.3577863554374467e-06   -1.2007818985677623e-04    1.8952349140247552e-07 
  -1.1497791744305280e-03   -3.0255711885154216e-06   -5.7656601085145790e-04    5.4627646223608609e-08   -5.5049002291163848e-05 
   1.9930314368237496e-04    1.0772399437014492e-07   -3.9733164785625005e-04    2.9637943796798193e-07   -1.2169257993800658e-06 
   9.3562065134125360e-09    1.3321523225448060e-05   -1.3436300457329295e-07   -1.9006793036181182e-04    2.9107502350331141e-07 
   1.6892243465736908e-06    4.4128165616760082e-09    9.8699204317670216e-07   -7.0168472544162660e-08   -4.5619686454157838e-05 
   9.7652883031759837e-06   -4.3881219003351363e-03    3.4777052810501869e-06   -3.0755689459651254e-04    4.8542750801256233e-07 
  -2.9449354023522497e-03   -7.7494112813524483e-06   -1.4767615337879503e-03    1.3991807547806611e-07   -1.4099729697375369e-04 
   5.1047618245566586e-04    2.7591402919657119e-07   -1.0176876240834444e-03    7.5911820183512115e-07   -3.1169184034013879e-06 
   2.3964100590632257e-08    3.4120486987695170e-05   -3.4414466510953146e-07   -4.8682198236157226e-04    7.4553197737293733e-07 
   4.3266191381524168e-06    1.1302570098299531e-08    2.5279878731763151e-06   -1.7972287507001820e-07   -1.1684594109090494e-04 
  -5.7738803945641863e-06    3.8694098349911113e-03   -1.5554319754756573e-06    2.6997206125229392e-04   -2.8843570907476983e-07 
  -5.7738803945641863e-06    3.8694098349911113e-03   -1.5554319754756573e-06    2.6997206125229392e-04   -2.8843570907476983e-07 
  -5.7738803945641863e-06    3.8694098349911113e-03   -1.5554319754756573e-06    2.6997206125229392e-04   -2.8843570907476983e-07 
  -5.7738803945641863e-06    3.8694098349911113e-03   -1.5554319754756573e-06    2.6997206125229392e-04   -2.8843570907476983e-07 
  -5.7738803945641863e-06    3.8694098349911113e-03   -1.5554319754756573e-06    2.6997206125229392e-04   -2.8843570907476983e-07 
  -1.4171374405862540e-06    1.0392454727006460e-03   -4.3646755665857682e-07    7.9789048241583056e-05   -8.4269617425028599e-08 
  -1.4171374405862540e-06    1.0392454727006460e-03   -4.3646755665857682e-07    7.9789048241583056e-05   -8.4269617425028599e-08 
  -1.4171374405862540e-06    1.0392454727006460e-03   -4.3646755665857682e-07    7.9789048241583056e-05   -8.4269617425028599e-08 
  -1.4171374405862540e-06    1.0392454727006460e-03   -4.3646755665857682e-07    7.9789048241583056e-05   -8.4269617425028599e-08 
  -1.4171374405862540e-06    1.0392454727006460e-03   -4.3646755665857682e-07    7.9789048241583056e-05   -8.4269617425028599e-08 
  -5.5800864992291355e-06    3.8327916159266030e-03   -1.4727373791686572e-06    2.6795290582558377e-04   -2.7992140775821816e-07 
  -5.5800864992291355e-06    3.8327916159266030e-03   -1.4727373791686572e-06    2.6795290582558377e-04   -2.7992140775821816e-07 
  -5.5800864992291355e-06    3.8327916159266030e-03   -1.4727373791686572e-06    2.6795290582558377e-04   -2.7992140775821816e-07 
  -5.5800864992291355e-06    3.8327916159266030e-03   -1.4727373791686572e-06    2.6795290582558377e-04   -2.7992140775821816e-07 
  -5.5800864992291355e-06    3.8327916159266030e-03   -1.4727373791686572e-06    2.6795290582558377e-04   -2.7992140775821816e-07 
   8.4139163667035442e-06   -3.7808705211818555e-03    2.9964421401959905e-06   -2.6499555453948981e-04    4.1825149731489785e-07 
  -2.5373997583540407e-03   -6.6770070056490166e-06   -1.2723995086571631e-03    1.2055547657304496e-07   -1.2148534972414391e-04 
   4.3983380449496472e-04    2.3773159521620247e-07   -8.7685466016220533e-04    6.5406743399534676e-07   -2.6855828475160378e-06 
   2.0647822359455958e-08    2.9398714609613097e-05   -2.9652011700843011e-07   -4.1945299697203217e-04    6.4236134270392042e-07 
   3.7278788345812298e-06    9.7384610247469400e-09    2.1781516203703385e-06   -1.5485187872342032e-07   -1.0067618544430452e-04 
   2.2551623361327281e-06   -1.0133778879602049e-03    8.0312938261572260e-07   -7.1026139052793809e-05    1.1210297115720191e-07 
  -6.8009332602793815e-04   -1.7896225801366552e-06   -3.4103826605560148e-04    3.2312202585937778e-08   -3.2561434313036702e-05 
   1.1788762650176205e-04    6.3718643765219284e-08   -2.3502130490453231e-04    1.7530816544295899e-07   -7.1981049303620253e-07 
   5.5341875624617699e-09    7.8796687569512196e-06   -7.9475593842284529e-08   -1.1242500630178313e-04    1.7217060915725288e-07 
   9.9917465006936993e-07    2.6101769446883822e-09    5.8380488735118565e-07   -4.1504587086033577e-08   -2.6984002652793317e-05 
   8.3339438871246337e-06   -3.7449341536964029e-03    2.9679615970788144e-06   -2.6247682834228445e-04    4.1427610608564454e-07 
  -2.5132823151189821e-03   -6.6135434788993786e-06   -1.2603056228509071e-03    1.1940962249413865e-07   -1.2033065739936659e-04 
   4.3565327804151850e-04    2.3547200713437580e-07   -8.6852034373365158e-04    6.4785066260985741e-07   -2.6600569556400062e-06 
   2.0451569214068739e-08    2.9119286100783666e-05   -2.9370175657213741e-07   -4.1546618574493161e-04    6.3625583521813622e-07 
   3.6924461417687620e-06    9.6458990308443657e-09    2.1574487540251047e-06   -1.5338004466075107e-07   -9.9719279785438116e-05 
  -5.6799491043884539e-05   -4.5553657856034664e-03   -6.7531662388421478e-06   -2.3612151472647452e-04   -7.9053779217529090e-07 
   2.6157599451065249e-04    2.8487367553484102e-05    2.5258799612738735e-05   -6.1324566410680265e-04    2.7265021725010013e-06 
  -3.3740686689164994e-04    1.1785051788327023e-05   -3.9889298100551524e-05   -1.4503918685907784e-04   -5.6060910824480889e-06 
  -3.5046975346044658e-06    1.1339314617780352e-08    2.9660338165289330e-05   -2.4492237466119115e-07    6.2496166534917979e-06 
  -2.1951982472665462e-05   -1.7605670058713303e-03   -2.6099773815846577e-06   -9.1256721802137803e-05   -3.0552864891700621e-07 
   1.0109442076393605e-04    1.1009855576756831e-05    9.7620720923538888e-06   -2.3700842776055192e-04    1.0537440882381008e-06 
  -1.3040169008626945e-04    4.5547107120542369e-06   -1.5416496814622668e-05   -5.6055039037588881e-05   -2.1666534491829163e-06 
  -1.3545026097538334e-06    4.3824413065467814e-09    1.1463187637274869e-05   -9.4658095995473698e-08    2.4153645167759159e-06 
  -5.6048854619305062e-05   -4.4951641284563075e-03   -6.6639194433700062e-06   -2.3300103941370051e-04   -7.8009040169858869e-07 
   2.5811912428757964e-04    2.8110891367993157e-05    2.4924990723221984e-05   -6.0514128633450300e-04    2.6904699510011103e-06 
  -3.3294785010228419e-04    1.1629305865691221e-05   -3.9362139149742463e-05   -1.4312241446117561e-04   -5.5320035142558950e-06 
  -3.4583810346102066e-06    1.1189459356308094e-08    2.9268360529873386e-05   -2.4168559115774129e-07    6.1670245419507822e-06 
  -2.3159595584777622e-05   -1.8574185683071902e-03   -2.7535563459102010e-06   -9.6276897722643264e-05   -3.2233626084989279e-07 
   1.0665578399060272e-04    1.1615525063488082e-05    1.0299099045376929e-05   -2.5004663446471283e-04    1.1117122093110625e-06 
  -1.3757529233316684e-04    4.8052725182420558e-06   -1.6264582572679176e-05   -5.9138714975561322e-05   -2.2858444661170069e-06 
  -1.4290159305423160e-06    4.6235263015552180e-09    1.2093795634279810e-05   -9.9865386864717260e-08    2.5482375210533686e-06 
  -1.3766323617235972e-05   -1.1040704493469858e-03   -1.6367448048621684e-06   -5.7228068860778531e-05   -1.9160029216339278e-07 
   6.3397395377219438e-05    6.9043984996522866e-06    6.1219000956050693e-06   -1.4863052667916433e-04    6.6081421787294167e-07 
  -8.1776298254493149e-05    2.8563079313271937e-06   -9.6678504758487925e-06   -3.5152716103391908e-05   -1.3587316127367022e-06 
  -8.4942311198911272e-07    2.7482759397511490e-09    7.1886878962446286e-06   -5.9361107093069508e-08    1.5147009903515406e-06 
  -1.8410240719542137e-05   -1.4765164112778716e-03   -2.1888825725588073e-06   -7.6533325304247536e-05   -2.5623453281646039e-07 
   8.4783805926606746e-05    9.2335210137799942e-06    8.1870554226958242e-06   -1.9876939192463566e-04    8.8373258977471884e-07 
  -1.0936262853310532e-04    3.8198518389493770e-06   -1.2929192967545022e-05   -4.7011096310338686e-05   -1.8170847031676031e-06 
  -1.1359666094789951e-06    3.6753764491774585e-09    9.6137122958391659e-06   -7.9385920406057888e-08    2.0256686262689896e-06 
   5.6407286628585001e-03   -1.7136133726839666e-06   -2.4948371729892777e-04   -1.4780493984633473e-06   -5.8949653139709073e-05 
  -4.2568048528941211e-06    1.8960585669941387e-03    9.5848310205273748e-08    4.3449565783305671e-04    8.4961923079173416e-08 
   2.8508487585895336e-03   -1.4862617414388766e-05    1.7812004179208933e-03    3.6787269295633500e-06    4.1426722539433098e-04 
   6.8322217631060255e-04    7.8613155433045149e-06   -1.9114708158531665e-03   -9.0380401852111535e-06   -6.3188122884609381e-04 
   6.5859213770220481e-07   -1.3250125080128961e-03    4.0157449256207597e-06    5.5896365298566566e-06   -6.2224948325877833e-06 
   9.4603602196277180e-04   -4.9915908017461036e-06    1.5741486706549962e-04    6.2710646556270108e-07   -1.8875956650290376e-04 
   1.6177421470606362e-05    1.2009426540094225e-04    2.3182976844910940e-07   -4.4757465550187414e-04   -2.2560446273697505e-06 
  -3.8797732973301745e-05    4.4174589736577214e-05   -3.0092250690897277e-04    1.3396316851952018e-05    9.4630662218786932e-04 
  -2.6642540069374558e-04   -2.7245667804569375e-05    3.6353828615510639e-04    6.6641864437621406e-05    2.9781575649989222e-05 
   1.0602925895078707e-05   -6.7207281772103353e-05    2.0716374911115614e-05    2.5762564970931471e-04    9.2761277796430162e-05 
  -3.6350565973623622e-05   -7.4469863509799628e-06   -1.1170085740401300e-04    4.5959284563220615e-05   -2.1231711639452632e-04 
  -1.2742780516600174e-04   -4.9004462938390415e-05    1.7004019764652276e-04   -2.1334704805837548e-06   -1.0119627793663788e-04 
   2.5039120972184098e-05   -7.6067074136557486e-09   -1.1074549675063383e-06   -6.5610420041429450e-09   -2.6167674150904195e-07 
  -1.8895901227871203e-08    8.4165792518822325e-06    4.2546939901786958e-10    1.9287205587473462e-06    3.7714486853738408e-10 
   1.2654880460701013e-05   -6.5974964875119682e-08    7.9067254260418093e-06    1.6329820865074068e-08    1.8389268109562173e-06 
   3.0328143305604013e-06    3.4896277175219038e-08   -8.4849940235722149e-06   -4.0119742514663163e-08   -2.8049125343164167e-06 
   2.9234819103846170e-09   -5.8817132432282388e-06    1.7825839354431469e-08    2.4812323660095030e-08   -2.7621573412644826e-08 
   4.1994415639850249e-06   -2.2157606472285903e-08    6.9876254201454721e-07    2.7837174223703957e-09   -8.3790125404261089e-07 
   7.1811362933959713e-08    5.3309687793348285e-07    1.0290893187918432e-09   -1.9867780588325347e-06   -1.0014552679215486e-08 
  -1.7222263069691777e-07    1.9609042774807651e-07   -1.3357910837583731e-06    5.9466075800879107e-08    4.2006427548552627e-06 
  -1.1826588791549292e-06   -1.2094316406647331e-07    1.6137417112429067e-06    2.9582236714429860e-07    1.3220002592084238e-07 
   4.7066249772673913e-08   -2.9833224731830593e-07    9.1959718062679624e-08    1.1435968992949369e-06    4.1176610241382470e-07 
  -1.6135968829950316e-07   -3.3057075293867702e-08   -4.9583864929578305e-07    2.0401266480886603e-07   -9.4247291079124118e-07 
  -5.6565036531193681e-07   -2.1753017190326254e-07    7.5480621981341026e-07   -9.4704476401545450e-09   -4.4920895803312345e-07 
 TENSORSUMACCUMULATOR_IMPL_H - PrettifyOut: Norm of simple tensor is 7.30945e-05 
 As simple full tensor 3    5 5 5 
  -5.5297280143052137e-05    4.4504506991031250e-08   -2.6904928494617885e-06    1.9354535651527505e-09   -3.0432617836997762e-07 
  -3.7494123643743283e-07   -1.1804184762949618e-08   -7.9564112143512828e-07   -1.3433074777261042e-09   -1.1747662088774798e-07 
  -6.4103561298308221e-07    4.2233028793838291e-09   -6.1935517832182836e-07    5.5948604800346092e-10   -7.5711547520931319e-08 
  -1.4920296408173702e-08   -1.1100329684522240e-09   -3.8873307332376776e-08   -3.3036454233270764e-10   -2.0484086751316018e-08 
  -2.6306157343642082e-08    4.7610278882031778e-10   -2.4394474011503236e-08    1.1970817364345697e-10   -1.1321614766523003e-08 

   1.1913023478797200e-07    2.2451853647323480e-06    9.5603991969804375e-09    6.5731777615054469e-07    1.1326726305909439e-09 
  -5.1127548057979027e-10    2.3567741581806900e-06   -1.3552870577970763e-09    4.2962123815566152e-07   -2.2566527001584882e-11 
   1.3204030628338317e-09    3.6220607291605073e-07    2.4309534347851620e-09    1.0298135251327362e-07    3.8328251645149268e-10 
  -1.4192184416273638e-09    6.5654049504180724e-08   -3.2920893464049754e-10    5.5117695789061473e-08    4.8406063835517462e-11 
  -8.0993566528545935e-11    5.7039568015729324e-09   -3.8968929539584290e-11    6.6025703297594587e-09    1.0589045890572932e-10 

  -4.7150911985274511e-05    4.0163173430901297e-08   -3.5677312638308357e-06    2.5987484242467903e-09   -4.0931567806399816e-07 
  -2.1607821976183351e-06   -1.4043774406357742e-08   -9.0491368278449575e-07   -1.8179978881030317e-09   -1.5635884975433354e-07 
  -5.2457153222301191e-07    3.5573912502896863e-09   -6.2513816449340994e-07    4.8025197674535066e-10   -9.6882218013319822e-08 
  -3.0194817898393569e-08   -1.0071810803892157e-09   -6.1568097044213975e-08   -3.7069449479638965e-10   -2.3660386430762988e-08 
  -2.1967214334491984e-08    5.8831572496832547e-10   -2.3349952464825147e-08    3.4513642292724690e-10   -1.2212990639689041e-08 

   8.8912177445851186e-08    2.5344731683631884e-06    9.5774644808224076e-09    6.0050787491079281e-07    1.1467191860206796e-09 
   3.5032369553995900e-09    1.8218722330093443e-06   -6.9009969412884069e-10    3.9760725508022802e-07   -9.5186642418698835e-12 
   8.9776738094516201e-10    3.5393863494430539e-07    2.0847412637164718e-09    9.7188415405919741e-08    3.8372534796479892e-10 
  -1.0723749363794501e-09    5.1993173175790008e-08   -2.8909299210368549e-10    4.6402124625349735e-08    1.6053144761813969e-10 
  -1.2989039648262026e-10    5.2770986967847067e-09   -1.0370653951871184e-10    6.1968359414618771e-09    3.3080061572389674e-11 

  -2.6050633179177802e-06    3.0497080169871175e-09   -1.3850914960350777e-06    1.0212634240447879e-09   -1.9216140527881398e-07 
  -1.7711804100683079e-06   -4.5256035627795058e-09   -3.1384877641934651e-07   -7.6436718856266782e-10   -6.8615737687859452e-08 
  -5.9552579133149171e-08   -1.4056213100550783e-10   -1.2593341257382803e-07   -3.9997487156012152e-11   -3.8916861994913719e-08 
  -1.2210750910699296e-08   -1.1874210187666714e-10   -3.2285564625998557e-08   -9.7057175158588531e-11   -7.8109828976588381e-09 
  -5.5751406962298825e-10    3.8574617299084861e-10   -3.8691481121008391e-09    4.5266039278505131e-10   -3.1272103605670778e-09 
