2    4 5 
   1.5723753371728102e-04   -1.8773590757634315e-07    2.7798946204384245e-06   -4.2426104377421803e-09    2.3768863523800438e-07 
   2.3224231082758011e-06    2.0613491191651430e-05   -1.3045557174630435e-04   -1.2864701463786947e-06   -5.1050447326857904e-06 
  -2.9356614965100847e-06   -1.1366371062015594e-04    1.5917869824793820e-04   -2.2111346975019272e-05    6.2358562491474285e-06 
   5.7939074509450876e-07   -3.6240843880738880e-05   -3.4883980146197621e-05   -1.7267036537174851e-06   -1.3667743109757358e-06 
2    4 5 
   1.7586015913184989e-02   -6.2344630953773002e-04    1.4130959015245083e-04   -2.3074077128980621e-05    5.6900233848905491e-06 
   1.1057282946071719e-04   -3.6522942816517517e-06    7.5398079351749689e-07   -8.5484253977501317e-08    1.8124488901192595e-08 
   1.7611493751531139e-03   -5.6920973446900782e-05    1.1384486517961370e-05   -1.0852975460514448e-06    2.0689306230210914e-07 
  -6.9636174304023059e-03    2.5662224245551229e-04   -6.0739452602006941e-05    1.1243612976770241e-05   -2.8760086585201794e-06 
2    4 5 
  -2.1562946817321234e-02    5.3812311399449091e-06   -6.9061273090470282e-04    6.6412994021647441e-09   -6.1855994509032062e-05 
  -9.5894810725798780e-04   -1.4060516290000413e-01    3.2821766427622551e-02    1.7168446800477286e-03    1.7639717451806954e-03 
   1.3454807866751616e-05   -6.3991056607297508e-03   -3.0124256231211512e-04   -4.4253209775067586e-04   -1.7099789327695158e-05 
   1.7778337602564090e-05   -9.6188117885349499e-04   -5.2580098419571927e-04    6.1293195939161221e-04   -2.9331486954546701e-05 


 TENSORSUMACCUMULATOR_IMPL_H - PrettifyOut2: Norm of simple tensor is 5.97145e-08 
 As simple full tensor 3    5 5 5 
  -5.9625854996519142e-08    1.5738234243646544e-11   -1.8975623144439017e-09    2.7422768228258415e-13   -1.7038333519960975e-10 
   2.1138105917818861e-09   -5.4719227581153670e-13    6.7293269757485981e-11    1.9724722067418765e-15    6.0415103510978847e-12 
  -4.7911356672290397e-10    1.2107298674594714e-13   -1.5258797958497911e-11   -3.6264948971340867e-15   -1.3696964002303979e-12 
   7.8233113185690497e-11   -1.8263372170907777e-14    2.4947184266043875e-12    2.2180335676163113e-15    2.2382465108242148e-13 
  -1.9292128492423591e-11    4.3854788205986056e-15   -6.1544033721350000e-13   -6.7436023873899197e-16   -5.5208133256674324e-14 

   7.0798226364281218e-11    7.1771969791578836e-10    4.6978213292568094e-12    2.4718272870241033e-10    2.4553054461170912e-13 
  -2.5298933196728233e-12   -2.1869248498015116e-11    3.8919522547510507e-13   -8.6927642550368876e-12    2.2112684019304085e-14 
   5.7886076422389726e-13    3.9776687910551327e-12   -2.3916725683459810e-13    1.9485370549161824e-12   -1.3381797900283268e-14 
  -9.7301801272922116e-14   -1.4965375638401742e-13    1.1626357765559845e-13   -3.0737186889829479e-13    6.4662288642246448e-15 
   2.4212347772296371e-14   -2.3101357383427067e-15   -3.4719375759289698e-14    7.4933382932132863e-14   -1.9299567354833344e-15 

  -1.0322303734254546e-09    9.0231197074107881e-13   -7.1938742004456541e-10    6.9415494323558418e-14   -4.0387861975271128e-11 
   3.6633104523323332e-11   -4.1181953063932269e-13    2.4271653795514961e-11   -6.5936093446990965e-13    1.3651793904791056e-12 
  -8.3141063728459889e-12    1.9785840257192183e-13   -5.1596590802712086e-12    3.2789065233661731e-13   -2.9094087987256755e-13 
   1.3631313938013099e-12   -8.5603063644855439e-14    6.6859552014317272e-13   -1.4480954631830480e-13    3.8097840918199706e-14 
  -3.3658135450433780e-13    2.5293828722686170e-14   -1.5120164896719795e-13    4.2860229545289394e-14   -8.6550997974105008e-15 

   1.4350535064172519e-12    2.5762476988285369e-10    7.9119230033348273e-13    2.4358550846001405e-11    6.6897163207253283e-14 
  -5.2484091608904677e-14   -8.2883194191240252e-12    6.2328528983987541e-15   -8.2050052780740848e-13   -4.0016391971345640e-16 
   1.2335251112176735e-14    1.6463223189247073e-12   -1.0737030269906050e-14    1.7401539550065695e-13   -4.4571314510091358e-16 
  -2.2386236265995837e-15   -1.5034974052176826e-13    6.5209677850207710e-15   -2.2330507136579157e-14    3.4703634260463410e-16 
   5.6963686169906903e-16    2.7775478472976351e-14   -1.9816664606644626e-15    5.0282425645414038e-15   -1.0707106683258883e-16 

  -8.9274754611116342e-11   -4.0434932308036179e-14   -2.9726705351791877e-11    4.5941529999248367e-15   -1.7212459260854434e-12 
   3.1664378832862454e-12   -1.3654638883016094e-14    1.0056534227521042e-12   -2.5895614386923945e-14    5.8413124349720423e-14 
  -7.1812725275629103e-13    7.2468194515959893e-15   -2.1456683311036497e-13    1.2859506463839265e-14   -1.2516277519383453e-14 
   1.1747806227932485e-13   -3.3004392649217905e-15    2.8230051941814169e-14   -5.6750734616096339e-15    1.6755231252212418e-15 
  -2.8986920562321836e-14    9.8010119314316981e-16   -6.4263963711041405e-15    1.6795669824901676e-15   -3.8423040673080950e-16 
