2    101 5 
   1.2282566668548340e-03    9.5491617035335283e-04    1.3411981058740591e-05   -3.7679261387771204e-04    4.0741830002152786e-06 
   6.0279315815551246e-04   -5.1347145510096866e-05    9.4886183370428107e-06   -1.1627566597348057e-04    4.7185306175353800e-08 
   1.2017837163335334e-03   -6.6248186636335999e-04    8.0598884173188227e-05   -2.4804583950584409e-04    3.3893897487165100e-06 
   4.2556895457365539e-04    5.2751654216393734e-04   -1.6186802627839988e-04    4.4479916500954895e-04   -4.5643944714860621e-06 
   1.2423215405025489e-04    4.3367497912621326e-04    6.0233049388794857e-06    5.0324592755260547e-05   -1.1310549538793903e-06 
   2.4247382562080593e-04   -5.8080245417821983e-04   -5.1304106005667239e-05   -4.6135436420056990e-04    5.9706744036079256e-06 
   1.0497494184649793e-04    6.0572719878091954e-05   -1.5850266316613866e-04   -2.3439360414316565e-04    1.7106309717756001e-06 
  -2.7115215043794713e-04    3.0234854767047052e-04   -7.8999331771540478e-05    3.0665459282933587e-04    5.0788905908876953e-06 
   3.9469415831496445e-05    1.3890296350223204e-04    8.9629348614066561e-05   -2.6849313994622406e-04    4.0196520351343339e-06 
  -3.3603997543173240e-04   -2.8074759885693319e-05   -1.6678463395172904e-04    3.7722040192287985e-04   -1.1150933600177396e-05 
   3.5364390955271597e-04   -2.1477340880225801e-05    1.1112179894602072e-04    4.5445998180063921e-04    2.0162860620482734e-06 
  -8.0012739710430921e-05   -1.0240291967189081e-04   -1.6530691094142406e-04   -1.5100316655952974e-04    1.4626725703693528e-06 
  -7.3574277687050685e-06   -5.8112311083554629e-05   -1.5768355622821842e-04    7.0125074752373166e-05   -8.9643864564072645e-06 
   7.3815762356369599e-05   -3.0198881545739345e-05    2.3696276207060124e-05   -1.2922838975581075e-04    2.2837630233725421e-05 
  -1.3767989885909946e-04   -9.8744850211642411e-05   -2.5252085413517340e-04   -1.3101783964143186e-04    2.0149276144499472e-05 
  -1.5035737194918729e-04    2.7002940717117126e-04    8.5425102832444846e-05    4.2312766947849894e-07    7.7934053603753424e-05 
   5.5470829417234095e-05   -2.2022562820494165e-02    4.4182547477826486e-05   -1.5248538174794874e-02   -1.4888942018596338e-07 
   1.3271247224262517e-03    2.2788198705721231e-04    1.2056199590969139e-03    5.6334620978648880e-04    1.3987454417933366e-04 
   1.3157993561525942e-04   -8.8789300700844033e-04    1.3108473994756208e-04   -2.2595247408760820e-03    2.4335451038820947e-05 
   1.0167917599763274e-04    1.3530590806675073e-06    3.0544053596666669e-04    3.5616768490984743e-06    2.0768518231289903e-04 
   6.8847586581856520e-04   -4.6471523517049050e-02    6.0334055738663788e-04   -3.3450508827951989e-02    5.0270101422376077e-05 
   3.1226996287951500e-04   -3.0603648709290414e-03    4.0623269057947687e-04   -7.9874791906061511e-03    1.5607042118694547e-04 
  -1.2103027906560906e-03   -1.6145787355987802e-04   -9.9533848939240346e-04   -3.2950351574104967e-04   -3.2292657619958375e-05 
   1.1513420856691363e-04    5.0178247302896143e-06    3.2434536732324173e-04    1.2711367401713540e-05    2.0849290126675617e-04 
  -4.5606799460692761e-08   -4.4657154963537899e-08   -2.6029556788073676e-05   -1.1707630805162425e-07   -6.2851473168879144e-05 
   1.7499716619806040e-07   -4.1752881942067163e-05   -1.8713960191830723e-09   -8.6030024952526577e-08    2.7922335204312740e-10 
   3.9457478459852145e-06    1.5281058901163036e-08    2.3442992654762357e-07    6.0482002489984547e-07    1.7726797099022994e-08 
   3.7321875338359335e-07    6.6158223809358724e-09    4.5435606759910081e-08   -2.4526542597899247e-06    1.9606195752956299e-09 
  -2.5738412988387520e-08   -1.3479865918590677e-10    4.2230337318337546e-07    3.9148552973721523e-09    1.0775541603112177e-08 
   6.1686902932915989e-06   -2.5733156960143196e-04    2.4195142647065709e-07   -6.1599010993320106e-06    1.7563446971130986e-08 
   2.2231470160866750e-06    6.7508805916000303e-07    8.1573715034934715e-07   -2.5943430157657553e-05    7.0131357796768655e-08 
  -1.1146835856939786e-05   -2.4420044273894386e-07   -4.4012819541647709e-08   -9.6303841342855001e-07   -3.8574026224960093e-08 
  -8.7668098098557666e-09    5.5829562305309277e-11    1.3223254822137866e-06    4.0840475987274514e-08    4.6232226874291296e-09 
   6.1084696864168347e-10    1.2900648527886515e-11    6.0235669611703735e-10   -3.8185798010906362e-10   -1.6775352183225605e-07 
   7.6104398552876804e-07   -3.1747524031936320e-05    2.9850044199146393e-08   -7.5995964462615139e-07    2.1668385097998381e-09 
   2.7427421139604509e-07    8.3286999784173315e-08    1.0063916691049880e-07   -3.2006942392524523e-06    8.6522495879294865e-09 
  -1.3752080236263249e-06   -3.0127509953294775e-08   -5.4299519032038798e-09   -1.1881202613948765e-07   -4.7589568061246050e-09 
  -1.0815793241105005e-09    6.8878077172013996e-12    1.6313800941581154e-07    5.0385733662213709e-09    5.7037647421761490e-10 
   7.5361444562841469e-11    1.5915794933400275e-12    7.4313982211325981e-11   -4.7110602943416308e-11   -2.0696096378925853e-08 
   6.7812975542831040e-05   -2.8256800459874561e-03    2.6847920031945423e-06   -6.8531764400283534e-05    1.9526715192529875e-07 
   6.7812975542831040e-05   -2.8256800459874561e-03    2.6847920031945423e-06   -6.8531764400283534e-05    1.9526715192529875e-07 
   6.7812975542831040e-05   -2.8256800459874561e-03    2.6847920031945423e-06   -6.8531764400283534e-05    1.9526715192529875e-07 
   6.7812975542831040e-05   -2.8256800459874561e-03    2.6847920031945423e-06   -6.8531764400283534e-05    1.9526715192529875e-07 
   6.7812975542831040e-05   -2.8256800459874561e-03    2.6847920031945423e-06   -6.8531764400283534e-05    1.9526715192529875e-07 
  -1.1178126545109759e-05    7.0400221987813665e-04    1.3296077192374859e-06   -4.6447179114349096e-05    1.2393335824815604e-07 
  -1.1178126545109759e-05    7.0400221987813665e-04    1.3296077192374859e-06   -4.6447179114349096e-05    1.2393335824815604e-07 
  -1.1178126545109759e-05    7.0400221987813665e-04    1.3296077192374859e-06   -4.6447179114349096e-05    1.2393335824815604e-07 
  -1.1178126545109759e-05    7.0400221987813665e-04    1.3296077192374859e-06   -4.6447179114349096e-05    1.2393335824815604e-07 
  -1.1178126545109759e-05    7.0400221987813665e-04    1.3296077192374859e-06   -4.6447179114349096e-05    1.2393335824815604e-07 
   5.2087344395693288e-06   -1.2540199431311304e-03   -5.9416684385805528e-08   -2.5625836030004665e-06    8.1673949764498898e-09 
   5.2087344395693288e-06   -1.2540199431311304e-03   -5.9416684385805528e-08   -2.5625836030004665e-06    8.1673949764498898e-09 
   5.2087344395693288e-06   -1.2540199431311304e-03   -5.9416684385805528e-08   -2.5625836030004665e-06    8.1673949764498898e-09 
   5.2087344395693288e-06   -1.2540199431311304e-03   -5.9416684385805528e-08   -2.5625836030004665e-06    8.1673949764498898e-09 
   5.2087344395693288e-06   -1.2540199431311304e-03   -5.9416684385805528e-08   -2.5625836030004665e-06    8.1673949764498898e-09 
  -3.3485444710160287e-06    8.0617309172375021e-04    3.8197265054396578e-08    1.6474107587740712e-06   -5.2505816159935843e-09 
  -3.3485444710160287e-06    8.0617309172375021e-04    3.8197265054396578e-08    1.6474107587740712e-06   -5.2505816159935843e-09 
  -3.3485444710160287e-06    8.0617309172375021e-04    3.8197265054396578e-08    1.6474107587740712e-06   -5.2505816159935843e-09 
  -3.3485444710160287e-06    8.0617309172375021e-04    3.8197265054396578e-08    1.6474107587740712e-06   -5.2505816159935843e-09 
  -3.3485444710160287e-06    8.0617309172375021e-04    3.8197265054396578e-08    1.6474107587740712e-06   -5.2505816159935843e-09 
  -1.0762666577504274e-04    4.2729034937682250e-02   -8.5724701080611582e-05    2.9585808233592834e-02    2.8888105752419089e-07 
  -2.5749391246345740e-03   -4.4214551530645090e-04   -2.3391908459391166e-03   -1.0930262783756073e-03   -2.7139004364965257e-04 
  -2.5529652074690926e-04    1.7227246268577605e-03   -2.5433572280715545e-04    4.3840179902043348e-03   -4.7216590827220681e-05 
  -1.9728190125058761e-04   -2.6252579775496278e-06   -5.9262763553380286e-04   -6.9105042751989669e-06   -4.0295888736566410e-04 
  -1.2135725988636121e-03    8.1915097344311183e-02   -1.0635050618034000e-03    5.8963026806150738e-02   -8.8610829597863340e-05 
  -5.5043653556129894e-04    5.3944882228638752e-03   -7.1606411571703858e-04    1.4079485369015734e-02   -2.7510446778027440e-04 
   2.1333940316441914e-03    2.8460090026552969e-04    1.7544776473533558e-03    5.8081402382511790e-04    5.6922088889014687e-05 
  -2.0294643232341870e-04   -8.8448918849748659e-06   -5.7172178415266291e-04   -2.2406256978182849e-05   -3.6750928332699286e-04 
   8.0390853035290269e-08    7.8716919935197457e-08    4.5882155710735069e-05    2.0636976033813385e-07    1.1078794395396287e-04 
  -3.6055528251796888e-07    8.6025519564832134e-05    3.8557294101316337e-09    1.7725189856320044e-07   -5.7529762777747153e-10 
  -8.1296186690458210e-06   -3.1484318454887234e-08   -4.8300752654120382e-07   -1.2461404929464841e-06   -3.6523393349942072e-08 
  -7.6896098371630166e-07   -1.3630904771036649e-08   -9.3613218931520556e-08    5.0533243981596405e-06   -4.0395610982688648e-09 
   5.3030120248284790e-08    2.7773231819542865e-10   -8.7009244397759180e-07   -8.0659692292584579e-09   -2.2201379207461136e-08 
  -1.1675911379940751e-05    4.8706945219714336e-04   -4.5795838004605483e-07    1.1659275458068508e-05   -3.3243563967577587e-08 
  -4.2079057806867127e-06   -1.2777863659292960e-06   -1.5440027337994536e-06    4.9104944001145201e-05   -1.3274252388395602e-07 
   2.1098395517426343e-05    4.6221525036893647e-07    8.3306140544688094e-08    1.8228101324682543e-06    7.3011756200491475e-08 
   1.6593553827136917e-08   -1.0567251569860226e-10   -2.5028578858231490e-06   -7.7301624116319434e-08   -8.7506967965075552e-09 
  -1.1561927627201431e-09   -2.4417959371241498e-11   -1.1401226303458336e-09    7.2276929518170681e-10    3.1751881865692323e-07 
  -3.6973502208012930e-06    1.5423775395559839e-04   -1.4501930191848332e-07    3.6920822098164512e-06   -1.0527066759594453e-08 
  -1.3324956708785848e-06   -4.0462997263940674e-07   -4.8893132732565994e-07    1.5549807602769818e-05   -4.2034885673700293e-08 
   6.6811193393371871e-06    1.4636730293665384e-07    2.6380122896973296e-08    5.7721981834659429e-07    2.3120253667970813e-08 
   5.2545945160260498e-09   -3.3462766762866409e-11   -7.9256700874595323e-07   -2.4478703862535018e-08   -2.7710377100255585e-09 
  -3.6612555777670434e-10   -7.7323083856118557e-12   -3.6103671241388865e-10    2.2887559918616298e-10    1.0054703535063126e-07 
  -2.8912329688140812e-05   -5.0492178933118923e-03   -2.4108080875766351e-06   -2.8013749899821641e-04   -2.3223668339730563e-07 
  -2.8912329688140812e-05   -5.0492178933118923e-03   -2.4108080875766351e-06   -2.8013749899821641e-04   -2.3223668339730563e-07 
  -2.8912329688140812e-05   -5.0492178933118923e-03   -2.4108080875766351e-06   -2.8013749899821641e-04   -2.3223668339730563e-07 
  -2.8912329688140812e-05   -5.0492178933118923e-03   -2.4108080875766351e-06   -2.8013749899821641e-04   -2.3223668339730563e-07 
  -2.8912329688140812e-05   -5.0492178933118923e-03   -2.4108080875766351e-06   -2.8013749899821641e-04   -2.3223668339730563e-07 
  -5.1061360451131588e-06   -1.8289518239235512e-03   -2.1072001222157372e-07   -8.5660906870230430e-05   -3.2860642648169984e-08 
  -5.1061360451131588e-06   -1.8289518239235512e-03   -2.1072001222157372e-07   -8.5660906870230430e-05   -3.2860642648169984e-08 
  -5.1061360451131588e-06   -1.8289518239235512e-03   -2.1072001222157372e-07   -8.5660906870230430e-05   -3.2860642648169984e-08 
  -5.1061360451131588e-06   -1.8289518239235512e-03   -2.1072001222157372e-07   -8.5660906870230430e-05   -3.2860642648169984e-08 
  -5.1061360451131588e-06   -1.8289518239235512e-03   -2.1072001222157372e-07   -8.5660906870230430e-05   -3.2860642648169984e-08 
  -1.0554470443015985e-05   -3.6130716836993591e-03   -1.0541243463540733e-06   -1.8204743896013518e-04   -1.2625480717636105e-07 
  -1.0554470443015985e-05   -3.6130716836993591e-03   -1.0541243463540733e-06   -1.8204743896013518e-04   -1.2625480717636105e-07 
  -1.0554470443015985e-05   -3.6130716836993591e-03   -1.0541243463540733e-06   -1.8204743896013518e-04   -1.2625480717636105e-07 
  -1.0554470443015985e-05   -3.6130716836993591e-03   -1.0541243463540733e-06   -1.8204743896013518e-04   -1.2625480717636105e-07 
  -1.0554470443015985e-05   -3.6130716836993591e-03   -1.0541243463540733e-06   -1.8204743896013518e-04   -1.2625480717636105e-07 
  -2.2150614837519322e-06    5.2849541872489821e-04    2.3687567821798586e-08    1.0889421746571766e-06   -3.5343251888709328e-09 
  -4.9944089199404808e-05   -1.9342304643151430e-07   -2.9673434845609003e-06   -7.6556299216940186e-06   -2.2438046476644331e-07 
  -4.7240907015502947e-06   -8.3741089400094968e-08   -5.7511024156167855e-07    3.1044959766216957e-05   -2.4816932753140518e-08 
   3.2578908848702005e-07    1.7062408752731853e-09   -5.3453890524050175e-06   -4.9553060612745990e-08   -1.3639356390837878e-07 
2    101 5 
   3.9576439580909861e-04    1.0952616870657296e-02   -1.3757165886045400e-04    2.5836466921180194e-03   -3.3000995927237668e-05 
  -3.0413422736307060e-03    9.1604310457762492e-03    7.0502833893121698e-04   -1.7984061347996929e-02    1.4378412367253412e-04 
   1.2610227582126968e-02   -8.5556039380129140e-03    1.5845331599824089e-04    3.4510979126428339e-03    1.5196660446486720e-05 
  -8.6018919529498843e-03   -3.7668083847257174e-03   -2.7148663233710735e-04   -5.2127979093117031e-03   -9.5287857426594024e-05 
  -7.7532417571143219e-03   -9.9318768539034263e-03    1.8946345166224264e-04    1.9355768079272712e-02    7.1313789052331205e-05 
   1.7843096540589691e-03   -5.1594142038071224e-03   -4.2437066295700925e-04    2.6194186423181547e-02   -6.7568291606091651e-05 
   1.9391364091493339e-04   -3.3130150824184214e-03   -1.6182841807482360e-03    1.8763742342440594e-03    4.2166311412156969e-05 
  -2.4177013565811435e-03   -1.1602902301463762e-03    3.8325069971014051e-06   -1.6810829382345673e-03    1.2451519517290158e-05 
   3.7076349914379456e-03   -3.9811602304184431e-03    1.0751730999686094e-03   -2.7747745935908000e-03   -3.4462690462983784e-04 
   1.9653623720147667e-03    5.1249275363286200e-03   -1.3425715289236699e-03    2.6888214489038855e-03    3.0181132106151356e-04 
  -2.1816981242205923e-03    5.8053623360143905e-03    1.3275283328750742e-03    3.4931844382171790e-03   -8.5781039830829767e-05 
  -1.2161172028548170e-04   -8.3825626018978682e-04    2.8654878820153769e-03    4.4761040881867231e-06    3.2413567515633614e-04 
   1.0673850359367141e-05    1.6753749589618834e-04   -1.7016131221815039e-03   -1.7882310839510867e-03    6.8363521454854119e-05 
   8.0323840514193629e-06   -4.6502627242073522e-04    1.4215368599054434e-03    9.1191427452038288e-04    9.5896843176520371e-04 
   7.2613205716255658e-04    4.7931267422005177e-04   -1.2327315412942160e-03    4.5347835677090351e-04    1.1024651203983560e-04 
  -6.5402977877444932e-04   -1.1193621839532822e-04    2.4323768099924542e-03    1.7028796964848589e-04   -8.8598813461179034e-04 
  -2.1444415429872122e-07   -4.8053565350547751e-05    1.2222849899636320e-08    2.9052811400389908e-08    2.2980402384793594e-11 
  -4.4870627659348492e-06    2.0012284368239248e-08    9.3560857650063011e-07   -4.1300431519381537e-07    1.6007476201602324e-08 
  -2.0793981313594096e-07    2.7078576238556393e-09    2.5487994130779834e-07    2.8367423210229156e-06    1.6103172653259387e-09 
  -1.0136920699198022e-07    3.5394050899524813e-10   -4.6955347815038539e-07    3.4799583649450512e-08   -7.2868324282333709e-08 
   1.7871035379535861e-05    2.3921545412678093e-03    2.6732282904307039e-07    4.2825614685859210e-05   -1.7455048573857842e-08 
   1.7871035379535861e-05    2.3921545412678093e-03    2.6732282904307039e-07    4.2825614685859210e-05   -1.7455048573857842e-08 
   1.7871035379535861e-05    2.3921545412678093e-03    2.6732282904307039e-07    4.2825614685859210e-05   -1.7455048573857842e-08 
   1.7871035379535861e-05    2.3921545412678093e-03    2.6732282904307039e-07    4.2825614685859210e-05   -1.7455048573857842e-08 
   1.7871035379535861e-05    2.3921545412678093e-03    2.6732282904307039e-07    4.2825614685859210e-05   -1.7455048573857842e-08 
  -4.7350128957625305e-05   -1.8096839963727702e-02   -3.4273711736643867e-05   -1.2492467523998844e-02    3.9086869913309251e-06 
  -8.5026457388801165e-04   -1.0005901975783474e-04   -3.3794353092513637e-04   -2.7012349839414083e-04    3.1941490744461019e-04 
  -1.5151345299984803e-07    7.3978033862055564e-04    9.5343630987289381e-05    1.8920476389771355e-03    8.6168837975474918e-05 
  -1.1036322104533400e-04    9.1862590821755536e-06   -2.8875338607244847e-04    2.3281181424237625e-05   -2.1569578016661416e-04 
  -3.9608889843738747e-06   -8.9663435610503976e-04    2.2107988286432334e-07    5.6561527022442154e-07    2.8735698340969977e-10 
  -3.9608889843738747e-06   -8.9663435610503976e-04    2.2107988286432334e-07    5.6561527022442154e-07    2.8735698340969977e-10 
  -3.9608889843738747e-06   -8.9663435610503976e-04    2.2107988286432334e-07    5.6561527022442154e-07    2.8735698340969977e-10 
  -3.9608889843738747e-06   -8.9663435610503976e-04    2.2107988286432334e-07    5.6561527022442154e-07    2.8735698340969977e-10 
  -3.9608889843738747e-06   -8.9663435610503976e-04    2.2107988286432334e-07    5.6561527022442154e-07    2.8735698340969977e-10 
  -2.3669972663213634e-06   -5.3582190214450972e-04    1.3211566404485369e-07    3.3800740280592839e-07    1.7172235749915432e-10 
  -2.3669972663213634e-06   -5.3582190214450972e-04    1.3211566404485369e-07    3.3800740280592839e-07    1.7172235749915432e-10 
  -2.3669972663213634e-06   -5.3582190214450972e-04    1.3211566404485369e-07    3.3800740280592839e-07    1.7172235749915432e-10 
  -2.3669972663213634e-06   -5.3582190214450972e-04    1.3211566404485369e-07    3.3800740280592839e-07    1.7172235749915432e-10 
  -2.3669972663213634e-06   -5.3582190214450972e-04    1.3211566404485369e-07    3.3800740280592839e-07    1.7172235749915432e-10 
  -2.4351117188515804e-04   -5.3427355418202795e-02   -2.0448150220587507e-04   -3.8119335405322238e-02   -5.5151514477554737e-06 
   6.8814435813214776e-05    4.4177601805856503e-03    7.1973039576660861e-05    1.1526540475547659e-02    1.5162126712623502e-05 
   1.0153810342429590e-03   -3.0189654275472896e-05    8.0902456513052537e-04   -5.4745901857236777e-05   -1.1641139159759170e-05 
   1.2508999977380378e-04   -4.5780997761251178e-07    3.4868390754563155e-04   -1.1248567111900412e-06    2.1964172735705980e-04 
   3.1763740626874105e-07   -2.4868918177414889e-09    4.2931933804270575e-05   -2.2063608283695873e-09    1.0327245003321818e-04 
  -6.0773678003142320e-05   -1.3333995601140633e-02   -5.1032948001742654e-05   -9.5135356529325449e-03   -1.3764298189264485e-06 
   1.7174186842041634e-05    1.1025511997315479e-03    1.7962487298949278e-05    2.8767068628846606e-03    3.7840490008827650e-06 
   2.5341112503323441e-04   -7.5345057631649693e-06    2.0191023696055539e-04   -1.3663068456803422e-05   -2.9053075364387213e-06 
   3.1219016806553538e-05   -1.1425675442591216e-07    8.7021894552129304e-05   -2.8073323715010979e-07    5.4816522425292119e-05 
   7.9273543389761584e-08   -6.2065966579696935e-10    1.0714627591310061e-05   -5.5064686151367634e-10    2.5773957623079147e-05 
  -2.6943546145886323e-06   -3.6098472183801960e-04   -4.0034562471278868e-08   -6.3307654260996849e-06    2.6386937912102610e-09 
   6.9074121178821202e-07   -7.9173979607751434e-07    1.0634318381322453e-07    4.4850913979720465e-05    1.7701779192337181e-09 
   1.1549869302585947e-05   -8.3054656232066667e-08   -1.0522393111712372e-07   -1.7909373127381399e-07   -1.1869504543648225e-08 
   1.5569929248692814e-08   -2.3107272090060781e-10    1.7175722795073048e-06   -4.3159410716356573e-09   -9.0070902598058695e-09 
   3.5299155811390719e-10   -2.9319100020235758e-14    1.7198377253444984e-09   -2.2483041138221377e-11    3.2857877658340686e-07 
  -3.5795345747344212e-07   -4.7957951999846991e-05   -5.3187171344996581e-09   -8.4106203409742944e-07    3.5055874258839020e-10 
   9.1767135491456315e-08   -1.0518511404948600e-07    1.4128025360347497e-08    5.9585845318790922e-06    2.3517368615919763e-10 
   1.5344363462187513e-06   -1.1034071460588157e-08   -1.3979329130761945e-08   -2.3793163666791115e-08   -1.5769008900650214e-09 
   2.0685139131314326e-09   -3.0698735395228119e-11    2.2818486200044935e-07   -5.7338630204008566e-10   -1.1966201786564481e-09 
   4.6896035140163622e-11   -3.8951343544121376e-15    2.2848583358219716e-10   -2.9869425005782712e-12    4.3652720578646426e-08 
  -4.1607290831222948e-07   -9.3235400869555945e-05    2.3715249885157875e-08    5.6369397307833304e-08    4.4587472601874430e-11 
  -8.7059741073723560e-06    3.8828614313569677e-08    1.8153042349861040e-06   -8.0132707338255556e-07    3.1058329380532782e-08 
  -4.0345293201535604e-07    5.2538909280950152e-09    4.9452799866327901e-07    5.5039580421308177e-06    3.1244003366780273e-09 
  -1.9668048730162616e-07    6.8672917398355913e-10   -9.1104596392963445e-07    6.7519508864354824e-08   -1.4138196355660712e-07 
   9.9466340868929226e-06   -4.2140310223797344e-03    9.5896031729424886e-07   -1.6901525526247403e-04    6.9514426048398648e-08 
   9.9466340868929226e-06   -4.2140310223797344e-03    9.5896031729424886e-07   -1.6901525526247403e-04    6.9514426048398648e-08 
   9.9466340868929226e-06   -4.2140310223797344e-03    9.5896031729424886e-07   -1.6901525526247403e-04    6.9514426048398648e-08 
   9.9466340868929226e-06   -4.2140310223797344e-03    9.5896031729424886e-07   -1.6901525526247403e-04    6.9514426048398648e-08 
   9.9466340868929226e-06   -4.2140310223797344e-03    9.5896031729424886e-07   -1.6901525526247403e-04    6.9514426048398648e-08 
  -9.7557803331835177e-05   -3.7285810893757383e-02   -7.0615816739334273e-05   -2.5738846264310982e-02    8.0532603644484127e-06 
  -1.7518419887225028e-03   -2.0615652768014362e-04   -6.9628170509873665e-04   -5.5654875101240951e-04    6.5810626935408493e-04 
  -3.1217063132213561e-07    1.5242058759436614e-03    1.9644117989890119e-04    3.8982789597676250e-03    1.7753790187281787e-04 
  -2.2738678121540058e-04    1.8926902135708843e-05   -5.9493282637239483e-04    4.7967365004457564e-05   -4.4440864183987712e-04 
  -1.2472892986486140e-06   -1.6965323759312316e-03    3.9236651565735159e-07   -4.5371785146010073e-05    1.7971923003786279e-08 
  -1.2472892986486140e-06   -1.6965323759312316e-03    3.9236651565735159e-07   -4.5371785146010073e-05    1.7971923003786279e-08 
  -1.2472892986486140e-06   -1.6965323759312316e-03    3.9236651565735159e-07   -4.5371785146010073e-05    1.7971923003786279e-08 
  -1.2472892986486140e-06   -1.6965323759312316e-03    3.9236651565735159e-07   -4.5371785146010073e-05    1.7971923003786279e-08 
  -1.2472892986486140e-06   -1.6965323759312316e-03    3.9236651565735159e-07   -4.5371785146010073e-05    1.7971923003786279e-08 
  -3.3405676907283409e-06   -2.6012384427355137e-03   -1.2188683694377885e-07   -1.0068851614247548e-04    1.0518616873595098e-08 
  -3.3405676907283409e-06   -2.6012384427355137e-03   -1.2188683694377885e-07   -1.0068851614247548e-04    1.0518616873595098e-08 
  -3.3405676907283409e-06   -2.6012384427355137e-03   -1.2188683694377885e-07   -1.0068851614247548e-04    1.0518616873595098e-08 
  -3.3405676907283409e-06   -2.6012384427355137e-03   -1.2188683694377885e-07   -1.0068851614247548e-04    1.0518616873595098e-08 
  -3.3405676907283409e-06   -2.6012384427355137e-03   -1.2188683694377885e-07   -1.0068851614247548e-04    1.0518616873595098e-08 
  -4.3555370683507916e-04   -9.5562279622094862e-02   -3.6574369699545872e-04   -6.8181749976169062e-02   -9.8646178663195878e-06 
   1.2308421979236975e-04    7.9017804713696869e-03    1.2873382332777135e-04    2.0616825882128462e-02    2.7119579122640030e-05 
   1.8161506508749734e-03   -5.3998408885950415e-05    1.4470533139622059e-03   -9.7920683898619360e-05   -2.0821801618232618e-05 
   2.2374091778907911e-04   -8.1885702093887202e-07    6.2366981879937442e-04   -2.0119631736986439e-06    3.9285987491014998e-04 
   5.6813881949973261e-07   -4.4481529998384147e-09    7.6789753690918866e-05   -3.9463841842348824e-09    1.8471718598242365e-04 
  -3.9339191620700043e-06   -5.2705932128013918e-04   -5.8452859767643546e-08   -9.2432968123263236e-06    3.8526510251739998e-09 
   1.0085235530513033e-06   -1.1559875371632425e-06    1.5526741962369666e-07    6.5485021528286912e-05    2.5845658173729065e-09 
   1.6863501160104001e-05   -1.2126477408778218e-07   -1.5363324363047398e-07   -2.6148757756307451e-07   -1.7330187762112303e-08 
   2.2733029532142158e-08   -3.3738001659493594e-10    2.5077584316516009e-06   -6.3015325422057350e-09   -1.3150891414103727e-08 
   5.1538882335473916e-10   -4.2807642601960242e-14    2.5110661183017967e-09   -3.2826587070744976e-11    4.7974469969623300e-07 
  -1.6062851110467933e-06   -2.1520715234149248e-04   -2.3867282085549152e-08   -3.7741929701507798e-06    1.5731019690144908e-09 
   4.1179706564023479e-07   -4.7200908127555602e-07    6.3398289109978532e-08    2.6738631564080459e-05    1.0553215304968456e-09 
   6.8856500903140205e-06   -4.9514439185670105e-08   -6.2731027669516586e-08   -1.0676975943304494e-07   -7.0762060497650289e-09 
   9.2822768750674187e-09   -1.3775791395164465e-10    1.0239597879140004e-06   -2.5730213261412709e-09   -5.3697293221329345e-09 
   2.1044189248643013e-10   -1.7479077763855060e-14    1.0253103717972294e-09   -1.3403645546817291e-11    1.9588779953988316e-07 
  -2.3584688365928273e-06   -5.2849580692496221e-04    1.3442758874409632e-07    3.1952444927820081e-07    2.5273975433902695e-10 
  -4.9348967967444692e-05    2.2009622591893385e-07    1.0289875600208288e-05   -4.5422446228406410e-06    1.7605112108297528e-07 
  -2.2869337276729725e-06    2.9781170023863468e-08    2.8031838900568989e-06    3.1198651152116989e-05    1.7710359602566503e-08 
  -1.1148642240332629e-06    3.8926575695333562e-09   -5.1641754887326349e-06    3.8272777279489469e-07   -8.0140991745210420e-07 
2    101 5 
   2.4207382165480705e-02    5.8708956714834410e-03   -4.4648280728551621e-04   -2.5053703278086933e-04    1.7274629162294052e-05 
   1.2185925600274837e-02    1.9450185283837824e-03    8.4967227403636217e-04    3.9661399144543680e-04    4.4047796290177155e-05 
   2.0365311023594857e-03    7.8413338998061435e-03    4.4838679137486711e-04    9.2397182668320265e-05    5.8553698404980610e-05 
  -3.4269750538461295e-03   -5.5887047161321396e-03   -1.0123832606969592e-03   -4.0785011775111015e-04    1.8428292762144639e-05 
   1.4943586148789214e-02   -6.7326902766290620e-03   -7.6208887048537937e-04    7.4436997421513590e-04    8.6057019590687504e-05 
   1.5039309329624787e-03   -1.5922281696854040e-03    9.8207722337681036e-04    1.3556451959377430e-04    4.4413652627744737e-05 
  -6.3779272261881243e-04   -1.7044643030533230e-03   -5.3395938640717431e-03    3.7357809407944568e-04   -2.1981122093509724e-04 
   9.4340505552210202e-04   -6.2825950950448663e-03    2.9213817345245248e-03   -1.0963936023632584e-03   -1.3509741322595568e-03 
  -3.6560823395198443e-04    1.8155420871348211e-03   -2.0136453941865884e-03    1.8725917357338808e-03    3.1759694760270687e-04 
   4.3912443182937748e-04   -2.6508837664018280e-03    3.0980212937382484e-03   -1.4621601785401524e-03   -4.7166874032369076e-04 
  -2.4954557161491957e-04    6.4087540363195290e-04    4.3188676169079584e-03    4.8047006500393202e-04    3.7945549564311461e-05 
   7.8194725119979703e-04    1.4111630542741375e-03    3.0639567427539008e-04    4.7170642512879107e-04    2.3768582277513363e-04 
   7.0552119075962671e-04   -1.1894303230470559e-03    4.8408797694747747e-04    1.6455110505083506e-03    3.6792124728734983e-04 
  -1.5278300427802444e-04   -1.3731812549321592e-03   -5.4112075572408842e-04   -1.3990171046818466e-04   -1.0768022543556984e-04 
   2.7457237035902004e-04    7.9105705195567540e-04    1.2874710804267067e-04   -5.3651488015180233e-04    6.1214152104789457e-04 
   1.8768775360694887e-04   -4.6874293126598178e-04   -3.3423948795931289e-04   -1.4518707295977577e-04   -1.6245912648394257e-04 
   1.1343487991441591e-03   -2.2360006442057265e-05   -5.7844946241553425e-07    6.1768869059946066e-07    3.9319986860430983e-07 
   1.1343487991441591e-03   -2.2360006442057265e-05   -5.7844946241553425e-07    6.1768869059946066e-07    3.9319986860430983e-07 
   1.1343487991441591e-03   -2.2360006442057265e-05   -5.7844946241553425e-07    6.1768869059946066e-07    3.9319986860430983e-07 
   1.1343487991441591e-03   -2.2360006442057265e-05   -5.7844946241553425e-07    6.1768869059946066e-07    3.9319986860430983e-07 
  -9.9891674673663897e-05   -3.4992864196217549e-06   -9.5093903279909565e-08    4.8978065808377581e-08   -3.7633288692237090e-08 
  -3.5426856940331120e-07    1.0105572518065199e-05    3.0497470443755088e-07    4.6008371424609232e-08   -1.4875846654300582e-08 
   5.1938272012203275e-10   -1.3145368835776413e-07    4.3411038925557671e-06    1.0559487119730765e-07    1.2526559600158195e-08 
   3.0961377188514960e-10   -1.8635279362539898e-09   -1.2629377938272770e-08    5.1112209557044245e-07    4.8572111683971480e-08 
  -3.1735469486732783e-11    1.2338118077732189e-10   -3.3464744451810398e-11   -6.1612132486034766e-09    6.4830398119833516e-08 
  -9.5762290091117106e-04   -3.3713739925708710e-05   -8.7568682062444940e-07    4.6976895549934225e-07   -3.6041627703922587e-07 
  -9.5762290091117106e-04   -3.3713739925708710e-05   -8.7568682062444940e-07    4.6976895549934225e-07   -3.6041627703922587e-07 
  -9.5762290091117106e-04   -3.3713739925708710e-05   -8.7568682062444940e-07    4.6976895549934225e-07   -3.6041627703922587e-07 
  -9.5762290091117106e-04   -3.3713739925708710e-05   -8.7568682062444940e-07    4.6976895549934225e-07   -3.6041627703922587e-07 
  -2.0440327038498225e-04   -3.1118508460403118e-03   -1.4715076774462089e-04   -6.1420629979803216e-06    2.4363366206772593e-06 
   3.1423727885935133e-04    6.3574602590827632e-06    3.8734714833074251e-04    1.4957336608241003e-05    2.3058959037214293e-06 
  -3.4052653840709653e-06    1.6549211645250963e-04    4.1585124330172602e-07    1.9175414800995898e-04    6.4549804608507454e-06 
  -6.1551096902060268e-08   -3.5866080815200703e-07    2.2451477908640327e-05    1.7269365786754705e-06    2.5141834719795022e-05 
   3.8233127676987321e-09   -3.9453457785466582e-09   -2.4782682973271135e-07    3.1930361050129924e-06   -3.4275212055625494e-07 
  -6.9694662812788133e-03   -6.6702648913332112e-04   -5.7040957616642067e-03   -3.3782506670149875e-04   -2.1739767022265445e-05 
   1.9531303451176885e-05    1.1756503655256385e-03    4.8869098791966093e-05    8.2225936021226517e-04    3.8556975234941253e-05 
   2.4649198433250970e-04    2.2432052694558481e-06    7.0674466400129626e-04    1.5938758627901769e-05    4.5386054736558520e-04 
  -3.6086599627763655e-07    4.0910253331284254e-05    3.5274890133340698e-06    1.0669048854870626e-04    1.0904736977361434e-05 
  -8.8585580601199483e-09   -4.1261991440800963e-07    6.7195752561103091e-06   -1.3041060188071569e-06    1.6577651998956080e-05 
  -1.2173880286109299e-04    2.3767441506599893e-06    6.1815176839531522e-08   -6.6206548010774980e-08   -4.2237368412038364e-08 
   2.9501678610107950e-07    1.5121187300691521e-05   -4.1766052725847878e-07   -3.8106738965069927e-08    2.1503715921286655e-08 
   4.1202525150591292e-09    1.0710524215364313e-07    3.8925755695282271e-06   -1.1510296674309908e-07    2.8599471413330186e-08 
  -2.5662728631864834e-10    1.9816524395649214e-09    1.7264188201738885e-08    5.7823910486984577e-07   -2.9941419099653699e-08 
  -4.4962036764973398e-11   -1.5964247563141632e-10   -6.3859326394863269e-10    5.7496873369667948e-09    1.1066157005692906e-07 
  -3.0382650406927902e-05    5.9316984346074672e-07    1.5427364682572752e-08   -1.6523329912781141e-08   -1.0541283209724341e-08 
   7.3628059958105375e-08    3.7738316518423458e-06   -1.0423655802617617e-07   -9.5103919285688807e-09    5.3667349105758748e-09 
   1.0283014849106512e-09    2.6730516915108430e-08    9.7147959345772212e-07   -2.8726528577302870e-08    7.1376399418483478e-09 
  -6.4047098721634996e-11    4.9456584001434192e-10    4.3086656215220517e-09    1.4431254589320603e-07   -7.4725531039604713e-09 
  -1.1221285346237070e-11   -3.9842362609234885e-11   -1.5937528080433552e-10    1.4349635137083521e-09    2.7618078357134665e-08 
  -4.8774681927211399e-05   -4.3533325058724955e-03    7.8723080548243895e-05    2.3431737973216104e-06   -3.7069025475623757e-06 
   5.4199188774071202e-04    2.0958689445678133e-06    6.6173122585409837e-04   -1.6044891971813174e-05   -2.4147661820650645e-06 
   4.5503162245851920e-06    1.7103752813674923e-04   -3.2514361797446683e-07    1.9901467569733314e-04   -5.2451625554812011e-06 
   7.1449797207355597e-08    8.9929867251157292e-07    2.9394779418865047e-05   -9.6351695886749543e-07    3.2810507181464049e-05 
  -5.9158686299022145e-09   -2.8987241893969578e-08    3.2133555245440576e-07    6.2402492211897808e-06    2.4860103731508704e-07 
  -1.0494155748435567e-02   -6.4763091291888698e-05   -8.5637333965003903e-03    1.1919105632713480e-04   -3.5620541294628282e-08 
   4.5770571598012856e-05    2.1704230691887046e-03   -2.1814311886637107e-05    1.4969338512329435e-03   -2.7087980575745249e-05 
   2.7485263289995669e-04    1.3967302011791489e-05    7.8833699684520452e-04   -1.4239975528294252e-05    5.1035980062695866e-04 
   1.6795020019130640e-06    5.7924889015896377e-05    3.4293922476314155e-07    1.5010300646659178e-04   -7.5499480143762819e-06 
  -4.6678543733478599e-08    6.9362154163774521e-07    1.4120679671736346e-05    1.4190767205139982e-06    3.4992297843720403e-05 
  -3.5967666611540412e-04   -2.1706729159214986e-03    6.0262017579473338e-05   -3.2520671564698241e-05    1.7584267755977444e-06 
  -3.5967666611540412e-04   -2.1706729159214986e-03    6.0262017579473338e-05   -3.2520671564698241e-05    1.7584267755977444e-06 
  -3.5967666611540412e-04   -2.1706729159214986e-03    6.0262017579473338e-05   -3.2520671564698241e-05    1.7584267755977444e-06 
  -3.5967666611540412e-04   -2.1706729159214986e-03    6.0262017579473338e-05   -3.2520671564698241e-05    1.7584267755977444e-06 
  -1.7607850217730587e-04   -6.1681728078869780e-06   -1.6762149709093390e-07    8.6333365570797924e-08   -6.6335989726702222e-08 
  -6.2446724687335724e-07    1.7813036756447445e-05    5.3757722387537669e-07    8.1098701713909468e-08   -2.6221572579152154e-08 
   9.1551304665406147e-10   -2.3171268904374334e-07    7.6520398090674573e-06    1.8613149512978827e-07    2.2080497289051061e-08 
   5.4575448239407928e-10   -3.2848303810415347e-09   -2.2261734604680402e-08    9.0095208946874177e-07    8.5617792482133198e-08 
  -5.5939936449886563e-11    2.1748332460248466e-10   -5.8988119861550369e-11   -1.0860336499044519e-08    1.1427618401424499e-07 
  -9.7136989814536724e-04   -1.7177055224055285e-03    5.3149900974572634e-05   -2.8447461346587049e-05    1.1563203587470252e-06 
  -9.7136989814536724e-04   -1.7177055224055285e-03    5.3149900974572634e-05   -2.8447461346587049e-05    1.1563203587470252e-06 
  -9.7136989814536724e-04   -1.7177055224055285e-03    5.3149900974572634e-05   -2.8447461346587049e-05    1.1563203587470252e-06 
  -9.7136989814536724e-04   -1.7177055224055285e-03    5.3149900974572634e-05   -2.8447461346587049e-05    1.1563203587470252e-06 
  -3.8688835997821499e-04   -5.8900176501765593e-03   -2.7852254562769641e-04   -1.1625512036553373e-05    4.6114246496808717e-06 
   5.9477886646790016e-04    1.2033209491367902e-05    7.3315902763036094e-04    2.8310796686889225e-05    4.3645303854043082e-06 
  -6.4453838593308402e-06    3.1323849859664159e-04    7.8711072094337223e-07    3.6294648174104539e-04    1.2217792795028836e-05 
  -1.1650206423041598e-07   -6.7886238607161823e-07    4.2495481852129729e-05    3.2686935950278749e-06    4.7587708275236580e-05 
   7.2366513686045735e-09   -7.4676317797361292e-09   -4.6907916655786311e-07    6.0436826656099657e-06   -6.4875090086037913e-07 
  -3.3859485370020467e-02   -3.2405886962813013e-03   -2.7711985279284038e-02   -1.6412423049282248e-03   -1.0561745960595783e-04 
   9.4888167439589039e-05    5.7116161762203804e-03    2.3741883077007243e-04    3.9947504807155820e-03    1.8731984433106226e-04 
   1.1975223640514575e-03    1.0898076400357660e-05    3.4335499513602711e-03    7.7434647474713511e-05    2.2049729410176244e-03 
  -1.7531811516646728e-06    1.9875268323993995e-04    1.7137461868597671e-05    5.1833022649654147e-04    5.2978057034396269e-05 
  -4.3037186052799398e-08   -2.0046151873646155e-06    3.2645449578855138e-05   -6.3356872510264009e-06    8.0538558144075005e-05 
  -2.1774683453464085e-04    4.2511385288998546e-06    1.1056506854569038e-07   -1.1841964859192263e-07   -7.5547426577611836e-08 
   5.2767868418577732e-07    2.7046353272324498e-05   -7.4704412712496032e-07   -6.8159219485258328e-08    3.8462396233146994e-08 
   7.3696465017913272e-09    1.9157266946047398e-07    6.9624145180627117e-06   -2.0587771577196898e-07    5.1154144966599253e-08 
  -4.5901370752643956e-10    3.5444618783992881e-09    3.0879409386243943e-08    1.0342613179235818e-06   -5.3554405638962233e-08 
  -8.0420876086436671e-11   -2.8554284179776556e-10   -1.1422131523555441e-09    1.0284118027815375e-08    1.9793365811247603e-07 
  -7.1213957813278246e-05   -6.3561262763954119e-03    1.1494041407507891e-04    3.4211741288372240e-06   -5.4122998082077585e-06 
   7.9134062803949560e-04    3.0600942272335520e-06    9.6616723553479282e-04   -2.3426503563969774e-05   -3.5257032998214832e-06 
   6.6437343074481461e-06    2.4972503831793277e-04   -4.7472916231919690e-07    2.9057334992944824e-04   -7.6582515803436380e-06 
   1.0432098463881910e-07    1.3130299408482026e-06    4.2918139058079896e-05   -1.4067924863880492e-06    4.7905306235312895e-05 
  -8.6375226324892418e-09   -4.2323109855254030e-08    4.6916915851024262e-07    9.1111377301309396e-06    3.6297240872045195e-07 
  -4.7091614230235009e-02   -2.9061875815305756e-04   -3.8429011265503299e-02    5.3485953313475417e-04   -1.5984409127612353e-07 
   2.0539147240236966e-04    9.7395853788308853e-03   -9.7889833607309168e-05    6.7173608949867777e-03   -1.2155496469920977e-04 
   1.2333773644076795e-03    6.2677057015713165e-05    3.5375939359762881e-03   -6.3900655784186186e-05    2.2901953645320392e-03 
   7.5366196451570645e-06    2.5993291821235044e-04    1.5389100432752049e-06    6.7357422976850449e-04   -3.3879737243688162e-05 
  -2.0946591865227686e-07    3.1125665411869827e-06    6.3365325969100508e-05    6.3679837699678238e-06    1.5702490324975602e-04 
  -5.2818640010442218e-04   -1.8595147326231913e-05   -4.8299374311581824e-07    2.5910572235680918e-07   -1.9879116897398135e-07 
  -5.2818640010442218e-04   -1.8595147326231913e-05   -4.8299374311581824e-07    2.5910572235680918e-07   -1.9879116897398135e-07 
  -5.2818640010442218e-04   -1.8595147326231913e-05   -4.8299374311581824e-07    2.5910572235680918e-07   -1.9879116897398135e-07 
  -5.2818640010442218e-04   -1.8595147326231913e-05   -4.8299374311581824e-07    2.5910572235680918e-07   -1.9879116897398135e-07 
 TENSORSUMACCUMULATOR_IMPL_H - PrettifyOut: Norm of simple tensor is 4.55514e-07 
 As simple full tensor 3    5 5 5 
   1.9516894428202367e-08    1.4155915439707587e-07    5.9766075027244345e-09    1.5864524117072584e-09    4.7343710073308912e-11 
   3.5482126314394983e-07    3.2487889155224320e-08    1.5673083686320226e-09    2.2395405952686564e-10    1.1076607486340253e-10 
   2.0322283241952625e-09    1.2806476044824301e-09    4.7868335646533730e-09   -2.7798636155916644e-10   -1.8362675828465510e-11 
   5.6851578716627162e-09    1.5776912051249098e-08    8.7310585403303821e-10    1.7424664839179934e-10    9.3862348235698658e-12 
   3.1441675079810401e-10    3.0715235612555708e-10   -4.2645414410908871e-10    1.4672627657009090e-10    4.5160988128915446e-12 

  -4.4073532401747149e-08   -7.6611107254938211e-09   -1.1639924134346272e-09    3.3024857450309439e-10    2.1252244510354137e-10 
   1.3728173226780107e-07    1.5663014546906365e-07   -1.2548132700527882e-08   -3.5837122344868080e-09    6.1845978633174003e-10 
  -2.1936277846829755e-09   -2.1918759037757147e-09    2.4050606339127689e-10    1.9852172530000043e-10   -7.1715222173636045e-12 
   9.4047429145084147e-08   -1.4908053976168428e-08   -2.1923104690768005e-08    4.4057738446380752e-09    5.0123510848291203e-10 
  -2.5100523590660429e-10   -2.6344468031714072e-10    2.2789855554049758e-10   -6.7059306249313968e-12    1.1058232964537395e-11 

  -3.8258955484157965e-09    6.5747237852513961e-10   -3.0431633870796894e-09    3.4275715938530676e-10   -2.3426775687985195e-11 
  -9.6748401173061314e-10   -7.0725391603705736e-09   -2.3517899836463190e-09    7.6066776222613201e-10    1.0670471570143772e-11 
  -2.3535108353889101e-10   -1.8231405300956294e-09   -3.0851621981362437e-10    2.6540305900144380e-11    1.6795551227091005e-11 
  -3.6242532874468394e-09   -1.1130179036321760e-09    5.6743262771297176e-10    1.4960930864220925e-10    3.7260398737091383e-11 
  -1.1277947139783360e-10   -7.6784566771089551e-11   -1.2494885852266921e-10   -1.5244443258025140e-11   -6.9264640301151927e-12 

   5.4198721100442886e-10    8.8614735879833643e-10    3.9798275590226387e-10   -1.5211779914566467e-09   -5.9023345952318556e-11 
  -6.1907151943804084e-08    4.9190155555870790e-09    1.4883337953244511e-08    2.5983033342221509e-09   -1.3086384289857735e-10 
   1.3307214481445251e-10    5.9155858425902234e-10   -2.8065975382998708e-10    2.0202041937757668e-10    5.9121302814908019e-11 
   1.3330714690186552e-09    2.1011525719101568e-08    8.8651357519336802e-10    1.9016120501234367e-09    7.0415361444352706e-11 
   3.4969593039277245e-10    9.1896765863871166e-11    1.6399915045491324e-10    4.1005757321876900e-12   -3.3921461031357410e-11 

   1.0364264061472477e-10    2.3742998966494443e-10   -1.5333392715672612e-10    6.6072207124807246e-11    5.3036556615538363e-11 
   9.8125466478984515e-10    1.3770236773889744e-10   -1.6459980065694968e-10    4.3686636515155636e-11    3.8046566272414004e-11 
   2.0690989087220509e-11   -1.9105230735557658e-10   -1.4449376907626180e-11   -6.0285773175397996e-12   -4.7978735066361882e-11 
   8.1579339087213714e-11   -1.6614051835029316e-11    5.7047894672329001e-11    4.6901669722355925e-11    3.5115136925916271e-11 
  -2.3061731231441035e-11    9.5258715116007005e-12    2.0943132014694173e-12    6.9335202213298015e-12    1.1130122116170055e-11 
