2    101 5 
  -1.5225022380971156e-03    1.6759363207798593e-04   -5.5882871109725014e-05    1.2637943134002107e-05   -3.5500250126599102e-06 
  -2.5087755939884690e-04    1.4279098934047410e-03   -1.3455227981916508e-03    3.4536458282576960e-04   -1.0709901840554533e-04 
  -3.0215928933369184e-03    2.3707509626019335e-03   -1.0283571422036355e-03    3.8213963820105991e-04   -6.8097935813853311e-05 
   2.2808694387527768e-03    1.7853650589541577e-02   -2.0636321894471569e-03    1.1479409751202930e-03   -2.2395699598978236e-04 
  -8.2974053816656327e-05   -2.1496894818333777e-03    4.7533698805962037e-04   -1.9746911755089624e-04    3.7378037014978898e-05 
  -5.6822855432705575e-03    2.4319839156233445e-03   -4.7882546400560271e-04    3.4443852325118774e-04   -2.8911522694315383e-05 
   6.4407235204193714e-04   -1.0837438707024911e-03   -1.1370394176744951e-03    1.1363609710738091e-03    1.2554717910859031e-04 
   1.8223016693023593e-04    3.1617724681826424e-04   -4.2536755909840766e-04   -1.6266963492601820e-04    6.3261871039689557e-06 
  -1.3798048689910315e-04   -1.7098844694181641e-04   -2.8054765382363257e-04   -1.4605861527341281e-03   -5.5311651485872302e-05 
   5.1807815067651418e-04    6.6925689506270171e-04    1.6177299741225858e-03    3.5639401934906581e-04   -8.8219747795599763e-04 
   8.2923136912937717e-04    2.5875489429860975e-03    4.5411309368824642e-04   -6.6604753596527673e-04   -3.1546882072161283e-05 
  -1.0904044091731552e-05    1.0476934358995624e-05    1.0385379808547688e-05   -3.2836865673437207e-04   -3.3026003427002258e-05 
  -1.6776384283619320e-04    5.3132678419957750e-04    1.1949083330248601e-04   -3.9527427434825368e-04   -1.2252726188148247e-04 
   6.7908348393989662e-06   -4.7842139499817453e-05    2.8268760296568746e-05   -2.3496118005313256e-04    1.8267874179163054e-04 
  -1.6057787867979593e-04    7.2257634714040559e-05   -9.2849722517203840e-05   -9.8527210455704378e-05    1.5765885864716276e-04 
   2.8694669912868208e-04   -2.9103665190183313e-04    6.2949647823607423e-04   -5.3024880885392035e-04   -1.3328430077993165e-04 
  -1.6469535818781098e-04   -2.1097881108837765e-04   -1.2405545749101312e-04   -7.3175828363389143e-05   -2.0814741041331002e-04 
   2.7919746517848709e-05   -1.7499122314489442e-05   -1.3561757666173210e-04    3.5973232263259816e-05   -2.0333439383801515e-04 
  -8.1403816780726936e-05   -3.8835944306104784e-05   -2.4077341389147459e-04   -3.0176713404614380e-04   -4.6399871757754705e-04 
   1.0816355737644895e-04   -5.6167019196841680e-05    5.8464883369451516e-05    4.4894173857843175e-05    1.2616665079061715e-04 
  -1.0262735400902419e-04   -5.9327523236219614e-05   -5.0141321211561759e-06    2.7168976086392303e-05   -9.5562916679291099e-05 
  -5.9556039452703037e-04   -3.9149789170615773e-04   -1.1552886105193778e-05   -7.3743915201971958e-06   -5.1173663781017540e-07 
  -5.9556039452703037e-04   -3.9149789170615773e-04   -1.1552886105193778e-05   -7.3743915201971958e-06   -5.1173663781017540e-07 
  -5.9556039452703037e-04   -3.9149789170615773e-04   -1.1552886105193778e-05   -7.3743915201971958e-06   -5.1173663781017540e-07 
  -5.9556039452703037e-04   -3.9149789170615773e-04   -1.1552886105193778e-05   -7.3743915201971958e-06   -5.1173663781017540e-07 
  -5.9556039452703037e-04   -3.9149789170615773e-04   -1.1552886105193778e-05   -7.3743915201971958e-06   -5.1173663781017540e-07 
   3.7248541990646798e-04    8.1801270974045360e-04   -3.6085370342549390e-05    1.4628871552989378e-05   -7.0752200486081776e-07 
   3.7248541990646798e-04    8.1801270974045360e-04   -3.6085370342549390e-05    1.4628871552989378e-05   -7.0752200486081776e-07 
   3.7248541990646798e-04    8.1801270974045360e-04   -3.6085370342549390e-05    1.4628871552989378e-05   -7.0752200486081776e-07 
   3.7248541990646798e-04    8.1801270974045360e-04   -3.6085370342549390e-05    1.4628871552989378e-05   -7.0752200486081776e-07 
   3.7248541990646798e-04    8.1801270974045360e-04   -3.6085370342549390e-05    1.4628871552989378e-05   -7.0752200486081776e-07 
   9.0054585677103226e-04   -7.3492250035189419e-04   -1.7660532335249053e-05    2.7866718820597571e-06    8.0605831179591988e-07 
   5.7912561360260080e-04    7.0959096933626866e-04    4.1473509643244186e-06    1.3693553018417791e-05    3.5049397268001527e-07 
   1.0908113551751357e-06   -1.9166450961098895e-06    1.3717966263500635e-04    1.1663133625879933e-05   -9.2637413319954891e-07 
  -2.1082735497181723e-07   -1.6440261429234204e-07   -1.6473698000620810e-06    1.8284012729253730e-05   -1.3657139900544577e-05 
   1.1697472814698839e-07    7.9673820223821374e-08    6.8133600383234009e-07   -8.9724446165230063e-06   -1.2097149564069457e-05 
   6.6441902047487459e-04   -5.4222279091880026e-04   -1.3029867948450787e-05    2.0559950260631487e-06    5.9470649933293156e-07 
   4.2727649017387386e-04    5.2353329176894165e-04    3.0598984433311044e-06    1.0103046963027874e-05    2.5859300807333865e-07 
   8.0479612079610796e-07   -1.4140928502201598e-06    1.0121058954602314e-04    8.6050119059567094e-06   -6.8347501634244822e-07 
  -1.5554755332720261e-07   -1.2129557104763772e-07   -1.2154226469284957e-06    1.3489869212745318e-05   -1.0076181514780181e-05 
   8.6303472178982529e-08    5.8783016092496517e-08    5.0268689470596053e-07   -6.6198326476682760e-06   -8.9252270758497026e-06 
  -1.0216793136180735e-03    8.3377776942336200e-04    2.0036070810544700e-05   -3.1615103154768960e-06   -9.1448214051490042e-07 
  -6.5702446461267589e-04   -8.0503886509511794e-04   -4.7052159028938499e-06   -1.5535488552480138e-05   -3.9763931924461276e-07 
  -1.2375376426005694e-06    2.1744552279261429e-06   -1.5563185651180767e-04   -1.3231955116922575e-05    1.0509817811548646e-06 
   2.3918598447817419e-07    1.8651659864326398e-07    1.8689594027308945e-06   -2.0743416267982057e-05    1.5494177464326567e-05 
  -1.3270913309444270e-07   -9.0390837232290100e-08   -7.7298329175001094e-07    1.0179338440525573e-05    1.3724351037124471e-05 
  -8.3474885650763170e-04    6.8122651631548413e-04    1.6370192657400064e-05   -2.5830679798494608e-06   -7.4716489892329022e-07 
  -5.3681268987500815e-04   -6.5774579471769719e-04   -3.8443311342510125e-06   -1.2693054593173461e-05   -3.2488566873929682e-07 
  -1.0111128984178946e-06    1.7766083651145775e-06   -1.2715684121990142e-04   -1.0810984675902351e-05    8.5869002957745462e-07 
   1.9542357799998038e-07    1.5239078971443241e-07    1.5270072551082353e-06   -1.6948119413752525e-05    1.2659301943846384e-05 
  -1.0842814924617012e-07   -7.3852574885966482e-08   -6.3155523488364801e-07    8.3168867275405559e-06    1.1213289905986716e-05 
   3.7038350204940938e-04   -3.0226464023858335e-04   -7.2635610560023924e-06    1.1461240790565726e-06    3.3152192987648751e-07 
   2.3818728527800174e-04    2.9184609120046792e-04    1.7057547517927630e-06    5.6319909578467879e-06    1.4415388630391605e-07 
   4.4863737561756651e-07   -7.8829269775153857e-07    5.6420318271064565e-05    4.7969042828231812e-06   -3.8100635640331761e-07 
  -8.6710713813355069e-08   -6.7616785497196498e-08   -6.7754306027812242e-07    7.5199909202389583e-06   -5.6170146876024524e-06 
   4.8110275714004951e-08    3.2768868275030028e-08    2.8022516929522054e-07   -3.6902567859541114e-06   -4.9754097325159752e-06 
  -2.3359491151108060e-05    5.9836926184541359e-04   -3.2287464332946968e-05    1.0134985829531952e-05   -1.0464866394929740e-06 
  -1.9947651836887809e-04   -2.6162648458026634e-06    9.5642807954473741e-05   -4.3166014483619816e-07    1.6616372028571782e-06 
   1.7426658200164354e-05    1.9670536559248273e-06    3.6689282396278590e-05    4.0271743609289773e-05   -6.2148618330931452e-06 
  -1.2324563742811277e-05   -2.3581761991221391e-06   -2.5685713450483701e-05    2.9282212299810756e-05    2.8062945337424359e-06 
  -1.4337451519192736e-07   -2.2607724177092108e-08   -2.5905915727582665e-07   -6.3926246194931112e-08   -2.3527675506476359e-06 
  -2.1477991868594891e-05    5.5017337737356051e-04   -2.9686857984819063e-05    9.3186594616675141e-06   -9.6219696688714555e-07 
  -1.8340960476355043e-04   -2.4055367782090921e-06    8.7939220860910235e-05   -3.9689191090742475e-07    1.5277999893344570e-06 
   1.6023021250707254e-05    1.8086165556324305e-06    3.3734129903530620e-05    3.7028040387490836e-05   -5.7142833742456562e-06 
  -1.1331876971965789e-05   -2.1682359817609628e-06   -2.3616847689868385e-05    2.6923665143278247e-05    2.5802604511675439e-06 
  -1.3182635921030664e-07   -2.0786776257323889e-08   -2.3819313689079730e-07   -5.8777281880106227e-08   -2.1632629749773814e-06 
   5.6261551103002530e-05   -1.4411779171904064e-03    7.7764657320812374e-05   -2.4410207375145259e-05    2.5204727776636741e-06 
   4.8044104468976417e-04    6.3012981476753346e-06   -2.3035659007109973e-04    1.0396574626018441e-06   -4.0020686152131689e-06 
  -4.1972267912034426e-05   -4.7376669752462915e-06   -8.8366476954392201e-05   -9.6994868014220248e-05    1.4968552369518712e-05 
   2.9683826088202154e-05    5.6796892483037265e-06    6.1864279087385813e-05   -7.0526479924483477e-05   -6.7589864136547062e-06 
   3.4531884967692028e-07    5.4450913373244378e-08    6.2394638314213973e-07    1.5396695689360652e-07    5.6666624682862176e-06 
   2.6632944117302937e-05   -6.8222098714186975e-04    3.6812027612510666e-05   -1.1555239344962261e-05    1.1931347309249268e-06 
   2.2742990984118578e-04    2.9828918354251610e-06   -1.0904559277407920e-04    4.9215029731262042e-07   -1.8944886462061305e-06 
  -1.9868721069050366e-05   -2.2427042504946568e-06   -4.1830688923961563e-05   -4.5915173841519633e-05    7.0857736937337857e-06 
   1.4051651010251591e-05    2.6886362602549499e-06    2.9285148658186382e-05   -3.3385638358602144e-05   -3.1995510951149169e-06 
   1.6346612288131423e-07    2.5775829222175995e-08    2.9536208704937505e-07    7.2884470450367223e-08    2.6824696776166656e-06 
  -2.3175372456258876e-05    5.9365293618505685e-04   -3.2032975664742832e-05    1.0055102224569097e-05   -1.0382382682851356e-06 
  -1.9790425140563155e-04   -2.5956435375013419e-06    9.4888954676661499e-05   -4.2825781462397170e-07    1.6485402363554741e-06 
   1.7289301887792589e-05    1.9515494075880645e-06    3.6400098751563984e-05    3.9954323130192915e-05   -6.1658765087992616e-06 
  -1.2227421961073264e-05   -2.3395891365359669e-06   -2.5483259552572109e-05    2.9051410923356879e-05    2.7841754180659563e-06 
  -1.4224444226178477e-07   -2.2429530883322561e-08   -2.5701726203000098e-07   -6.3422381751143341e-08   -2.3342231188401731e-06 
  -3.4009794338771260e-04    2.7754903211173670e-04    6.6696334019973525e-06   -1.0524076801408872e-06   -3.0441400849403376e-07 
  -2.1871116131232113e-04   -2.6798238812964490e-04   -1.5662784108865305e-06   -5.1714737058843585e-06   -1.3236669557913476e-07 
  -4.1195314567234893e-07    7.2383549431714636e-07   -5.1806935522493909e-05   -4.4046704893411869e-06    3.4985218702621426e-07 
   7.9620542692715775e-08    6.2087888793213358e-08    6.2214164530056956e-07   -6.9050954810788666e-06    5.1577220169415898e-06 
  -4.4176389433150758e-08   -3.0089419873766072e-08   -2.5731168703638557e-07    3.3885114659024944e-06    4.5685798859209497e-06 
  -1.1740257904676644e-03    9.5810553446083995e-04    2.3023725309573222e-05   -3.6329351076466562e-06   -1.0508440403716667e-06 
  -7.5499587408876865e-04   -9.2508126312499674e-04   -5.4068284892190613e-06   -1.7852044163972387e-05   -4.5693282605866204e-07 
  -1.4220715734592528e-06    2.4986964928966482e-06   -1.7883871282092762e-04   -1.5205022122416076e-05    1.2076976600592164e-06 
   2.7485191366099064e-07    2.1432879597223197e-07    2.1476470267101398e-06   -2.3836545730553226e-05    1.7804573022804988e-05 
  -1.5249789518761318e-07   -1.0386935775068831e-07   -8.8824576167776686e-07    1.1697218197317240e-05    1.5770841065535234e-05 
  -1.4298412044529778e-03    1.1668728085103195e-03    2.8040500809203812e-05   -4.4245367965449935e-06   -1.2798186552432823e-06 
  -9.1950638455233046e-04   -1.1266526836319602e-03   -6.5849542847062241e-06   -2.1741931511738005e-05   -5.5649661844785088e-07 
  -1.7319351482077366e-06    3.0431522305337105e-06   -2.1780693628615673e-04   -1.8518134202647545e-05    1.4708500365960859e-06 
   3.3474102056879881e-07    2.6103016328101124e-07    2.6156105226511721e-06   -2.9030431472715956e-05    2.1684116603228617e-05 
  -1.8572656231405539e-07   -1.2650206562569712e-07   -1.0817908772018338e-06    1.4245994161115513e-05    1.9207242777348901e-05 
   8.8337295256241756e-05   -2.2628199310493285e-03    1.2209971747263927e-04   -3.8326915164790384e-05    3.9574406247380092e-06 
   7.5434931291313049e-04    9.8937840151210996e-06   -3.6168711513262579e-04    1.6323852869088945e-06   -6.2837214752679866e-06 
  -6.5901429136417744e-05   -7.4386979778049975e-06   -1.3874582929970870e-04   -1.5229342465915603e-04    2.3502399139403125e-05 
   4.6607120814849095e-05    8.9177844594535565e-06    9.7134241420963850e-05   -1.1073492213299499e-04   -1.0612408772073088e-05 
   5.4219147150082607e-07    8.5494379684239312e-08    9.7966968188955330e-07    2.4174634833503048e-07    8.8973308727663002e-06 
2    101 5 
   8.7462660169817533e-02    8.1448881029395920e-03   -2.5725268319316177e-03    4.6907585750718224e-04   -1.3000719952982611e-04 
  -6.2836545047610132e-02    5.6528632311471122e-04   -1.5290805813543322e-02    3.4367837512249049e-03   -7.7530765687378739e-04 
   4.1754385680218857e-03   -7.9972709403432846e-02   -4.8872977196383312e-03    1.1845974141342964e-03   -9.5971937967725789e-04 
   9.6455672840529607e-03   -1.5209367775983265e-02   -9.1828486293132217e-03    1.4003012726988273e-03   -3.4081242443081256e-04 
  -3.8181263164583833e-02   -4.3618611764677857e-02   -4.6397148741815775e-02    8.8986603326950981e-03   -2.5349603982738407e-03 
   1.6816027901218847e-03   -6.0365047067651882e-02    9.3259895745183650e-03   -9.7343639217756163e-04   -4.3491659391948128e-05 
   1.8149221714475472e-03   -6.8404134802673927e-03   -2.1155989051686894e-02    4.2466174408789950e-03   -7.5790057202407832e-04 
  -4.8320572930963526e-03    2.0270352243986520e-02    4.6411174795742749e-02   -1.2187075961661797e-02    4.9969667282141585e-03 
   9.7815011875473940e-03   -2.0938711105873207e-03    1.1054798239738293e-02   -2.5879353208490760e-03    1.1957691118286203e-03 
  -3.3735945607533995e-04   -5.6957854714655828e-03    5.9429951430585940e-03   -1.6281869235955063e-03    1.2432703136842930e-03 
   2.1696131264765835e-03    7.1712999720483141e-03    4.9080194680018886e-03   -7.7092186229814081e-04    4.2855906602438899e-04 
   1.2244105974484843e-03    2.7513017992235327e-03   -8.6483369400262213e-03   -2.3168929737598237e-02    1.2472180537084088e-03 
   2.4949114704451623e-03   -1.6176709786674614e-03    6.1455313901581524e-03    1.2640940591285860e-02   -2.0609897449144886e-03 
   5.3791086456793924e-03    5.0779324585575230e-03   -4.0011434174445758e-03    3.3367817988824598e-03    3.9942038891479436e-03 
  -2.9404395582376410e-03   -1.2444185376559484e-03   -7.9919400658939096e-03    3.4594473268233844e-03    5.6835746130323647e-03 
  -7.0062656382420888e-04    5.6747518037183109e-04   -1.1625711268832439e-04    7.5075628677679614e-03   -1.0969309923085719e-02 
  -1.6055106556108097e-04    1.8975909741655110e-04    3.4109200243430691e-04    1.8674545627243506e-03   -3.9900703693790561e-03 
  -5.6297324995804817e-05    4.3734363021418675e-04    2.8430500248125233e-03    4.7061257056110230e-03    2.2082817376312992e-04 
  -2.9984777223861393e-04   -6.0079759834872463e-05    5.4328571680586273e-04    5.4018178998306739e-04   -2.4650476061283738e-03 
   3.4333851332541685e-05   -8.4646023455147603e-06   -5.8461066578827960e-04   -2.2316265013077111e-03   -2.1041988658831905e-03 
   1.5220433165315586e-04    2.5029916015940575e-04   -4.2920363154139472e-04   -5.8695330143450890e-03    3.0772708076085495e-03 
  -4.5131442115754853e-04   -5.2891842606930036e-04    7.8044391488700683e-05   -1.1982987568553688e-05    1.6920818855243112e-06 
   2.8151284113465448e-04   -2.3598949111268232e-04    2.7090632072067574e-05   -9.4421867676770910e-06    2.4805153690215942e-06 
  -2.9003183625422985e-07    2.9634264614227049e-07   -3.5530648143134581e-06   -2.4193587877665917e-05    7.8192753955096864e-06 
   2.6927187182377881e-07    2.5188632938773346e-06    1.8220055858309990e-05   -2.6620027338262126e-06   -4.2805358276324925e-08 
  -4.8986860636645149e-11    1.3027521731106270e-09    1.9357817011356864e-08    1.2725039635871717e-07    4.0246989616317134e-07 
  -5.6959517064716122e-04   -6.6753767890390873e-04    9.8498311607335182e-05   -1.5123496012972438e-05    2.1355437033503048e-06 
   3.5529189245535981e-04   -2.9783775602938494e-04    3.4190560892008623e-05   -1.1916800640722106e-05    3.1306102988841521e-06 
  -3.6604355083674126e-07    3.7400830149966207e-07   -4.4842541349300484e-06   -3.0534257647697864e-05    9.8685556996365336e-06 
   3.3984280269299016e-07    3.1790084704873256e-06    2.2995178836069217e-05   -3.3596619792205606e-06   -5.4023811801716834e-08 
  -6.1825365943841850e-11    1.6441782304467286e-09    2.4431125102672588e-08    1.6060025523438807e-07    5.0794944375460178e-07 
   8.9582994195439166e-04   -7.2925074582586924e-04    1.3028181513667528e-04   -1.1087168703838475e-05   -1.3960202646233888e-07 
  -5.8358784937784876e-04   -6.9154290877163841e-04    1.3952528106993966e-04   -2.8021996891481787e-05    7.1935994644563955e-06 
  -1.9574050739925602e-06   -2.6068892272109533e-05   -1.2910571132934909e-04    3.9513059711901316e-05   -6.8574724883847250e-06 
  -1.9927602188076290e-07    4.3929077890879814e-07    4.9435841150415517e-06    1.3320951324998530e-05   -1.7930098716156146e-05 
  -5.9318060730252457e-08    2.7920659521492435e-07    2.9560153005245063e-06    1.1460193615413470e-05    9.3367285818948295e-06 
   6.6093963796530421e-04   -5.3803819381225489e-04    9.6121386099283536e-05   -8.1800673609861683e-06   -1.0299779959122937e-07 
  -4.3056870933253909e-04   -5.1021750709050336e-04    1.0294117715711293e-04   -2.0674513781170066e-05    5.3074080280599480e-06 
  -1.4441653938621735e-06   -1.9233521244997411e-05   -9.5253661558922760e-05    2.9152572556248738e-05   -5.0594149308539015e-06 
  -1.4702502739492382e-07    3.2410692562926133e-07    3.6473559793259752e-06    9.8281429697358932e-06   -1.3228752912951585e-05 
  -4.3764620658161719e-08    2.0599747487372167e-07    2.1809359020598977e-06    8.4552836028886602e-06    6.8885998554980804e-06 
   1.0163290556864869e-03   -8.2734310068596230e-04    1.4780617162907895e-04   -1.2578516492120795e-05   -1.5838005527796067e-07 
  -6.6208692084383748e-04   -7.8456313918825050e-04    1.5829298677474092e-04   -3.1791267857197056e-05    8.1612187852836999e-06 
  -2.2206978772183964e-06   -2.9575448893686037e-05   -1.4647186874868921e-04    4.4828006727112687e-05   -7.7798789838517581e-06 
  -2.2608086831434202e-07    4.9838028580081822e-07    5.6085512886358671e-06    1.5112767777604249e-05   -2.0341896874757767e-05 
  -6.7297001164759542e-08    3.1676299481254705e-07    3.3536323115328870e-06    1.3001717412712317e-05    1.0592622660207216e-05 
   8.3037750276592100e-04   -6.7596915982509154e-04    1.2076297435759474e-04   -1.0277101746512720e-05   -1.2940221875365805e-07 
  -5.4094889924496882e-04   -6.4101638798595771e-04    1.2933108064551419e-04   -2.5974612715554562e-05    6.6680101651454795e-06 
  -1.8143902777989934e-06   -2.4164208686262262e-05   -1.1967280076907815e-04    3.6626098675187831e-05   -6.3564417904674368e-06 
  -1.8471622532449302e-07    4.0719467266584798e-07    4.5823887324034923e-06    1.2347676470364978e-05   -1.6620063584597399e-05 
  -5.4984077704127477e-08    2.5880679404902943e-07    2.7400385814659021e-06    1.0622872165692224e-05    8.6545548443297578e-06 
   3.6844390393564209e-04   -2.9993191693713367e-04    5.3583317918639201e-05   -4.5600169513459907e-06   -5.7416606900743251e-08 
  -2.4002254830317684e-04   -2.8442314452111058e-04    5.7385042459033529e-05   -1.1525104762903333e-05    2.9586395206341487e-06 
  -8.0505677837900452e-07   -1.0721816708938191e-05   -5.3099600800120626e-05    1.6251238426942700e-05   -2.8203946044040170e-06 
  -8.1959791723785415e-08    1.8067492719765209e-07    2.0332357130265110e-06    5.4787444362615413e-06   -7.3744304131200281e-06 
  -2.4396793236967307e-08    1.1483425941438638e-07    1.2157729569103739e-06    4.7134375373850042e-06    3.8400823276745997e-06 
  -2.5884285919236836e-04   -5.2886143032655937e-04   -1.2010332454945923e-04    4.3968352378379470e-05   -4.4188624831699526e-06 
  -2.5884285919236836e-04   -5.2886143032655937e-04   -1.2010332454945923e-04    4.3968352378379470e-05   -4.4188624831699526e-06 
  -2.5884285919236836e-04   -5.2886143032655937e-04   -1.2010332454945923e-04    4.3968352378379470e-05   -4.4188624831699526e-06 
  -2.5884285919236836e-04   -5.2886143032655937e-04   -1.2010332454945923e-04    4.3968352378379470e-05   -4.4188624831699526e-06 
  -2.5884285919236836e-04   -5.2886143032655937e-04   -1.2010332454945923e-04    4.3968352378379470e-05   -4.4188624831699526e-06 
   3.2919248175988569e-04    3.3084455281458784e-04    2.8900835433108899e-04   -7.3172661548454821e-05    1.5286533424668269e-05 
   3.2919248175988569e-04    3.3084455281458784e-04    2.8900835433108899e-04   -7.3172661548454821e-05    1.5286533424668269e-05 
   3.2919248175988569e-04    3.3084455281458784e-04    2.8900835433108899e-04   -7.3172661548454821e-05    1.5286533424668269e-05 
   3.2919248175988569e-04    3.3084455281458784e-04    2.8900835433108899e-04   -7.3172661548454821e-05    1.5286533424668269e-05 
   3.2919248175988569e-04    3.3084455281458784e-04    2.8900835433108899e-04   -7.3172661548454821e-05    1.5286533424668269e-05 
   6.0850674827313852e-04    1.0831276473495493e-03    5.1899343164228250e-04    5.0789242616014723e-04   -1.8813098168097406e-04 
   6.0850674827313852e-04    1.0831276473495493e-03    5.1899343164228250e-04    5.0789242616014723e-04   -1.8813098168097406e-04 
   6.0850674827313852e-04    1.0831276473495493e-03    5.1899343164228250e-04    5.0789242616014723e-04   -1.8813098168097406e-04 
   6.0850674827313852e-04    1.0831276473495493e-03    5.1899343164228250e-04    5.0789242616014723e-04   -1.8813098168097406e-04 
   6.0850674827313852e-04    1.0831276473495493e-03    5.1899343164228250e-04    5.0789242616014723e-04   -1.8813098168097406e-04 
  -4.7056617191954035e-04   -3.4125600800623545e-04   -3.5919323899092845e-04   -5.8420697611100796e-05    4.0467418468298666e-05 
  -4.7056617191954035e-04   -3.4125600800623545e-04   -3.5919323899092845e-04   -5.8420697611100796e-05    4.0467418468298666e-05 
  -4.7056617191954035e-04   -3.4125600800623545e-04   -3.5919323899092845e-04   -5.8420697611100796e-05    4.0467418468298666e-05 
  -4.7056617191954035e-04   -3.4125600800623545e-04   -3.5919323899092845e-04   -5.8420697611100796e-05    4.0467418468298666e-05 
  -4.7056617191954035e-04   -3.4125600800623545e-04   -3.5919323899092845e-04   -5.8420697611100796e-05    4.0467418468298666e-05 
   2.5703795103024907e-04    2.9155777049695331e-04    4.1811724725759046e-04    1.2423476153066861e-04    1.2664896239392720e-04 
   2.5703795103024907e-04    2.9155777049695331e-04    4.1811724725759046e-04    1.2423476153066861e-04    1.2664896239392720e-04 
   2.5703795103024907e-04    2.9155777049695331e-04    4.1811724725759046e-04    1.2423476153066861e-04    1.2664896239392720e-04 
   2.5703795103024907e-04    2.9155777049695331e-04    4.1811724725759046e-04    1.2423476153066861e-04    1.2664896239392720e-04 
   2.5703795103024907e-04    2.9155777049695331e-04    4.1811724725759046e-04    1.2423476153066861e-04    1.2664896239392720e-04 
   3.3831694254442192e-04   -2.7540705118406087e-04    4.9201911324841151e-05   -4.1871529870652657e-06   -5.2721759514651865e-08 
  -2.2039635834994266e-04   -2.6116640176535673e-04    5.2692776037660426e-05   -1.0582718737478943e-05    2.7167171610658039e-06 
  -7.3922880776831187e-07   -9.8451140288733778e-06   -4.8757746840517951e-05    1.4922405387725047e-05   -2.5897762702498780e-06 
  -7.5258094519626385e-08    1.6590148001097815e-07    1.8669818731032989e-06    5.0307578626189897e-06   -6.7714371814092001e-06 
  -2.2401913582103808e-08    1.0544447914441376e-07    1.1163615009408750e-06    4.3280286618631287e-06    3.5260860563584443e-06 
   1.1678777352867361e-03   -9.5071136786655842e-04    1.6984611038889784e-04   -1.4454146786310572e-05   -1.8199670592677723e-07 
  -7.6081321236632466e-04   -9.0155232408043503e-04    1.8189665430886262e-04   -3.6531784365722688e-05    9.3781690672010780e-06 
  -2.5518345589855068e-06   -3.3985556233769196e-05   -1.6831284454609107e-04    5.1512480806244669e-05   -8.9399662418669050e-06 
  -2.5979264392895695e-07    5.7269566016635014e-07    6.4448636399431160e-06    1.7366289891319773e-05   -2.3375154257969820e-05 
  -7.7331912211051433e-08    3.6399672619262330e-07    3.8537051430965251e-06    1.4940452801027278e-05    1.2172128794245439e-05 
   1.4223535132145766e-03   -1.1578674832824283e-03    2.0685488259450965e-04   -1.7603646204438020e-05   -2.2165304316284087e-07 
  -9.2659129702787120e-04   -1.0979968850829561e-03    2.2153119070693399e-04   -4.4491910639794472e-05    1.1421633718343578e-05 
  -3.1078688637079524e-06   -4.1390869820619464e-05   -2.0498752440082626e-04    6.2736839512718027e-05   -1.0887948291108692e-05 
  -3.1640039760577511e-07    6.9748370024397762e-07    7.8491730456795929e-06    2.1150333371461098e-05   -2.8468504686916647e-05 
  -9.4182219331362442e-08    4.4331012284566672e-07    4.6934117190192476e-06    1.8195916309116282e-05    1.4824385833115161e-05 
  -3.0075567617052348e-04    1.8031709384944800e-03   -1.9826616083307218e-04    1.2470031013947797e-03   -5.0598596047887702e-04 
  -3.0075567617052348e-04    1.8031709384944800e-03   -1.9826616083307218e-04    1.2470031013947797e-03   -5.0598596047887702e-04 
  -3.0075567617052348e-04    1.8031709384944800e-03   -1.9826616083307218e-04    1.2470031013947797e-03   -5.0598596047887702e-04 
  -3.0075567617052348e-04    1.8031709384944800e-03   -1.9826616083307218e-04    1.2470031013947797e-03   -5.0598596047887702e-04 
  -3.0075567617052348e-04    1.8031709384944800e-03   -1.9826616083307218e-04    1.2470031013947797e-03   -5.0598596047887702e-04 
2    101 5 
   4.7132609424046046e-01    5.0565638312624606e-01    9.1113886117275056e-02   -3.0020458638488224e-02    9.1924978926521787e-03 
   3.0998385133552023e-02   -2.8272496555622299e-02   -2.0082381118636767e-02    2.4096860463077473e-02   -9.1320706201120979e-03 
  -2.5947859594179716e-02   -4.7452882659521391e-02   -1.9730143898191131e-02    1.0234045480803051e-02   -4.1431640898672503e-03 
   3.9760211531328846e-02   -2.3847346054767415e-02   -4.0402457583057589e-03    5.0812910328000170e-03   -1.9255711553919771e-03 
   5.6849949022672215e-02   -7.4753530772285928e-02   -1.8104051341307707e-02    1.6292008946183170e-02   -5.9332576403773110e-03 
  -1.8295715183367809e-03    5.2074096767365331e-02    1.5010885335009723e-02   -7.9436858587175509e-03    3.3435635037804353e-03 
   1.7802051003243877e-03   -3.9524940323835828e-03    1.1450854943028159e-02   -5.4317137005932960e-04   -8.9597227248853703e-05 
  -6.0383698319361571e-03    3.6568433129806148e-03    5.2436339223898968e-05    1.5060803400308154e-02   -5.1794795816510492e-03 
   1.4128435488944358e-04    1.6019844337138501e-03   -1.4904436908716156e-02   -7.4595638992807712e-03    2.0616649637055055e-03 
   7.6295841236033177e-03    4.6957061156015735e-03   -5.7975498790425028e-03    6.0350739614178622e-03   -3.0252895847275320e-03 
   3.9445175731282825e-03    2.8459506661042714e-04   -9.2244800889628303e-03   -1.2225798600838854e-02    3.8694934886222840e-03 
  -4.3524952463236460e-03   -3.1427601150767971e-03   -3.0880098003320652e-04   -2.1616717326832925e-03    4.4163312706859575e-04 
   1.1483177669882101e-04    1.6494689166620731e-03    2.0758238293911925e-03   -4.3231249528196856e-04    1.1077947396523286e-03 
   2.6914799264859328e-03    1.0736021078169328e-03    2.2816812086953841e-03   -3.0679019217937126e-03   -1.0520663300531967e-02 
   3.4798446604165974e-03    1.9437515811006898e-03   -1.6989638212946217e-03    1.2854004624828371e-03    8.2363090536800125e-03 
  -3.0583466091577225e-04    3.0710980327827305e-03   -2.4794040745246266e-03   -1.4260507307763248e-03   -8.6668392883693232e-04 
   9.2456148229755146e-04    1.6692640897301358e-03   -3.9800935300689380e-03    1.1075262695908221e-03   -3.0082150957421458e-03 
  -1.9166427588246980e-03    1.8984935669454630e-03   -4.1326454362392690e-04   -2.0295336506071459e-04    3.3665955509189719e-03 
  -5.6126196702847029e-04   -2.1583063361292130e-03    1.2323255393945972e-03    3.5880674809036354e-03    3.1239724207762320e-04 
  -1.9436574771688991e-03    9.7863660690649464e-04   -8.8463468861818811e-04   -2.2460950832556082e-03   -2.9449771021863654e-03 
   1.3496440117124534e-03    1.4434403688164635e-03   -5.3950268099797367e-03    2.3654901437701005e-03    2.8389980008268136e-03 
  -6.9622768986255228e-04   -7.0165066170658122e-05    4.5110410461295830e-06    4.1696443244877630e-07   -3.6655515218730118e-07 
   3.4789125731169062e-05   -3.5154360159020680e-04   -1.0150411147040763e-04    2.5015448353912252e-05   -6.9054647161851806e-06 
  -8.1162505184619482e-07    6.8433482911431368e-06   -2.0427007802949770e-05    1.3067506421767977e-05   -4.8738533201613616e-06 
   2.5057927744083172e-07   -1.7266499240798165e-06    9.9371127762044702e-06    1.3585863562893330e-05   -7.6882830955007921e-06 
   3.9134466958643992e-10   -2.7368634637871725e-09    3.0838004094957366e-08    1.8996603029410495e-07    3.7617201729912801e-07 
  -8.7869545315969887e-04   -8.8553968066076537e-05    5.6932973421860983e-06    5.2624271665262987e-07   -4.6262214251034655e-07 
   4.3906680306573576e-05   -4.4367635588535948e-04   -1.2810636882837906e-04    3.1571511801941403e-05   -8.7152529788991023e-06 
  -1.0243362237841315e-06    8.6368570445722807e-06   -2.5780530047078607e-05    1.6492246206423519e-05   -6.1511956708279716e-06 
   3.1625124215724536e-07   -2.1791713538239136e-06    1.2541437149260485e-05    1.7146454692600833e-05   -9.7032328604379532e-06 
   4.9390851123972979e-10   -3.4541422534106002e-09    3.8920046383258158e-08    2.3975243947447860e-07    4.7475940129860388e-07 
   8.6964372975078348e-04   -7.2038768415514168e-04    5.5097146143071095e-04    2.5546838443396359e-05   -1.0669534550008753e-04 
   8.6964372975078348e-04   -7.2038768415514168e-04    5.5097146143071095e-04    2.5546838443396359e-05   -1.0669534550008753e-04 
   8.6964372975078348e-04   -7.2038768415514168e-04    5.5097146143071095e-04    2.5546838443396359e-05   -1.0669534550008753e-04 
   8.6964372975078348e-04   -7.2038768415514168e-04    5.5097146143071095e-04    2.5546838443396359e-05   -1.0669534550008753e-04 
   8.6964372975078348e-04   -7.2038768415514168e-04    5.5097146143071095e-04    2.5546838443396359e-05   -1.0669534550008753e-04 
  -4.1467681255668079e-04    6.7488837982229526e-04   -4.4875132020869317e-04   -1.9194157303214590e-04    1.7728562658050099e-05 
  -4.1467681255668079e-04    6.7488837982229526e-04   -4.4875132020869317e-04   -1.9194157303214590e-04    1.7728562658050099e-05 
  -4.1467681255668079e-04    6.7488837982229526e-04   -4.4875132020869317e-04   -1.9194157303214590e-04    1.7728562658050099e-05 
  -4.1467681255668079e-04    6.7488837982229526e-04   -4.4875132020869317e-04   -1.9194157303214590e-04    1.7728562658050099e-05 
  -4.1467681255668079e-04    6.7488837982229526e-04   -4.4875132020869317e-04   -1.9194157303214590e-04    1.7728562658050099e-05 
  -2.5037964490282576e-04    1.3062128720253150e-03    5.1508141636059967e-04   -1.1121463788488125e-04    3.2270338481800491e-05 
  -2.5037964490282576e-04    1.3062128720253150e-03    5.1508141636059967e-04   -1.1121463788488125e-04    3.2270338481800491e-05 
  -2.5037964490282576e-04    1.3062128720253150e-03    5.1508141636059967e-04   -1.1121463788488125e-04    3.2270338481800491e-05 
  -2.5037964490282576e-04    1.3062128720253150e-03    5.1508141636059967e-04   -1.1121463788488125e-04    3.2270338481800491e-05 
  -2.5037964490282576e-04    1.3062128720253150e-03    5.1508141636059967e-04   -1.1121463788488125e-04    3.2270338481800491e-05 
   9.3816417994725470e-04   -1.4929290831057344e-04    5.7286932986738595e-04   -3.5247230466006253e-04    1.0961491788506584e-04 
   9.3816417994725470e-04   -1.4929290831057344e-04    5.7286932986738595e-04   -3.5247230466006253e-04    1.0961491788506584e-04 
   9.3816417994725470e-04   -1.4929290831057344e-04    5.7286932986738595e-04   -3.5247230466006253e-04    1.0961491788506584e-04 
   9.3816417994725470e-04   -1.4929290831057344e-04    5.7286932986738595e-04   -3.5247230466006253e-04    1.0961491788506584e-04 
   9.3816417994725470e-04   -1.4929290831057344e-04    5.7286932986738595e-04   -3.5247230466006253e-04    1.0961491788506584e-04 
  -2.3995693765507012e-04    4.5801114419011647e-04   -6.8127153845653529e-06    3.9129161883610328e-05   -1.3133348182236128e-05 
  -2.3995693765507012e-04    4.5801114419011647e-04   -6.8127153845653529e-06    3.9129161883610328e-05   -1.3133348182236128e-05 
  -2.3995693765507012e-04    4.5801114419011647e-04   -6.8127153845653529e-06    3.9129161883610328e-05   -1.3133348182236128e-05 
  -2.3995693765507012e-04    4.5801114419011647e-04   -6.8127153845653529e-06    3.9129161883610328e-05   -1.3133348182236128e-05 
  -2.3995693765507012e-04    4.5801114419011647e-04   -6.8127153845653529e-06    3.9129161883610328e-05   -1.3133348182236128e-05 
  -3.3599939379993214e-04   -4.9086391918643879e-04   -7.3394330679431126e-05    2.1641301568473120e-05   -6.2991484277756975e-06 
   1.8126821310037640e-04   -1.2613780457262322e-04    1.1857518460271306e-05   -5.9441044008355602e-06    1.8374874789261061e-06 
   6.7021926913157491e-06    3.6920797859269200e-06   -4.4377593310601562e-05    3.3847995325562607e-05   -1.1852872402236395e-05 
  -1.4929361202562193e-06   -1.3252276352991983e-06    2.5535880798050698e-05    3.0631196623656286e-05   -9.3914049430587657e-06 
  -7.3540923195368262e-09   -4.8567513065204549e-09    4.4669680450265919e-08   -7.2973683988733964e-07   -2.2568100969184610e-06 
  -3.0893619219721040e-04   -4.5132709427075235e-04   -6.7482755824456884e-05    1.9898194532864520e-05   -5.7917810724409164e-06 
   1.6666789451104687e-04   -1.1597798613882489e-04    1.0902450033006835e-05   -5.4653342044725732e-06    1.6894863366554020e-06 
   6.1623619793193788e-06    3.3946997863684383e-06   -4.0803182830791199e-05    3.1121695402863557e-05   -1.0898178193519866e-05 
  -1.3726870009184112e-06   -1.2184866609837629e-06    2.3479083366588020e-05    2.8163995001107444e-05   -8.6349705863404473e-06 
  -6.7617540989293204e-09   -4.4655623872305899e-09    4.1071743698408159e-08   -6.7095990284749631e-07   -2.0750344516078336e-06 
  -8.0925765645182071e-04   -1.1822503022553181e-03   -1.7677092619355317e-04    5.2123275556556098e-05   -1.5171557414592459e-05 
   4.3658617256365264e-04   -3.0380407227520255e-04    2.8558943193234110e-05   -1.4316430582578364e-05    4.4256056361837563e-06 
   1.6142293261672544e-05    8.8924084094373241e-06   -1.0688384510268919e-04    8.1523210690871527e-05   -2.8547753119363591e-05 
  -3.5957504930208771e-06   -3.1918230514606186e-06    6.1503405754262800e-05    7.3775521180657609e-05   -2.2619285913162017e-05 
  -1.7712399562787273e-08   -1.1697530569428234e-08    1.0758733968775753e-07   -1.7575779473739791e-06   -5.4355480509483266e-06 
  -3.8308424702550829e-04   -5.5965051825508638e-04   -8.3679353067561159e-05    2.4673978194576588e-05   -7.1818716845460423e-06 
   2.0667000657318183e-04   -1.4381396745890155e-04    1.3519156923386734e-05   -6.7770740086244789e-06    2.0949814799438163e-06 
   7.6413960499623893e-06    4.2094647515706315e-06   -5.0596391636107375e-05    3.8591241656635089e-05   -1.3513859795841914e-05 
  -1.7021468491877175e-06   -1.5109367462379359e-06    2.9114319395109467e-05    3.4923660907110930e-05   -1.0707457684478806e-05 
  -8.3846488141682118e-09   -5.5373460535359991e-09    5.0929410040392888e-08   -8.3199759580956688e-07   -2.5730653465772642e-06 
  -3.3335105829226307e-04   -4.8699494688886049e-04   -7.2815839123831238e-05    2.1470725584011408e-05   -6.2494987594810888e-06 
   1.7983946336444298e-04   -1.2514359079464238e-04    1.1764057913167235e-05   -5.8972531771830609e-06    1.8230044666792599e-06 
   6.6493662421876283e-06    3.6629789417746845e-06   -4.4027810667305058e-05    3.3581206606480929e-05   -1.1759448475199775e-05 
  -1.4811688498059920e-06   -1.3147822372804240e-06    2.5334607875881824e-05    3.0389762599792762e-05   -9.3173822167189351e-06 
  -7.2961276202668553e-09   -4.8184705620479369e-09    4.4317595586317887e-08   -7.2398507955684746e-07   -2.2390219984158369e-06 
  -1.8113857148741074e-04    2.7058782298493311e-04   -3.0284508600085010e-04   -1.5812740153986973e-04   -6.4391110396037093e-05 
  -1.8113857148741074e-04    2.7058782298493311e-04   -3.0284508600085010e-04   -1.5812740153986973e-04   -6.4391110396037093e-05 
  -1.8113857148741074e-04    2.7058782298493311e-04   -3.0284508600085010e-04   -1.5812740153986973e-04   -6.4391110396037093e-05 
  -1.8113857148741074e-04    2.7058782298493311e-04   -3.0284508600085010e-04   -1.5812740153986973e-04   -6.4391110396037093e-05 
  -1.8113857148741074e-04    2.7058782298493311e-04   -3.0284508600085010e-04   -1.5812740153986973e-04   -6.4391110396037093e-05 
   8.0626665758933578e-04    3.0593423119008341e-04    1.3516315003440540e-03   -3.4841786797050342e-04    1.0870101177015813e-04 
   8.0626665758933578e-04    3.0593423119008341e-04    1.3516315003440540e-03   -3.4841786797050342e-04    1.0870101177015813e-04 
   8.0626665758933578e-04    3.0593423119008341e-04    1.3516315003440540e-03   -3.4841786797050342e-04    1.0870101177015813e-04 
   8.0626665758933578e-04    3.0593423119008341e-04    1.3516315003440540e-03   -3.4841786797050342e-04    1.0870101177015813e-04 
   8.0626665758933578e-04    3.0593423119008341e-04    1.3516315003440540e-03   -3.4841786797050342e-04    1.0870101177015813e-04 
   3.4421957962227009e-04    1.5234117342594429e-03   -8.3680094477585028e-05   -1.1682618121208065e-03    4.4646271714577414e-04 
   3.4421957962227009e-04    1.5234117342594429e-03   -8.3680094477585028e-05   -1.1682618121208065e-03    4.4646271714577414e-04 
   3.4421957962227009e-04    1.5234117342594429e-03   -8.3680094477585028e-05   -1.1682618121208065e-03    4.4646271714577414e-04 
   3.4421957962227009e-04    1.5234117342594429e-03   -8.3680094477585028e-05   -1.1682618121208065e-03    4.4646271714577414e-04 
   3.4421957962227009e-04    1.5234117342594429e-03   -8.3680094477585028e-05   -1.1682618121208065e-03    4.4646271714577414e-04 
  -1.2706303174166067e-03   -1.8562729247529682e-03   -2.7755127958151637e-04    8.1839712775288526e-05   -2.3821141091119939e-05 
   6.8549197230521582e-04   -4.7700835662156042e-04    4.4840921510468651e-05   -2.2478490738255202e-05    6.9487247348640611e-06 
   2.5345311282985748e-05    1.3962133851685264e-05   -1.6782028930686162e-04    1.2800109118662380e-04   -4.4823351769854328e-05 
  -5.6457539250603865e-06   -5.0115400264445935e-06    9.6567627569173141e-05    1.1583630151410927e-04   -3.5514956467129971e-05 
  -2.7810564038839035e-08   -1.8366507702368514e-08    1.6892485908238338e-07   -2.7596054326477452e-06   -8.5344538791161539e-06 
 TENSORSUMACCUMULATOR_IMPL_H - PrettifyOut: Norm of simple tensor is 9.509e-05 
 As simple full tensor 3    5 5 5 
  -6.0860670633861761e-05   -6.8453837433557642e-05   -1.2474815745759868e-05    4.4636771187277651e-06   -1.3973694071691640e-06 
  -1.3945664327255427e-05    7.1158572299004067e-07   -7.6019124348923134e-07   -3.9263130853773093e-08    9.5259070395848905e-08 
   1.0322452954167713e-06   -1.2793086605376508e-06   -9.8527536919315234e-07    6.2103279792561805e-07   -2.4898977149336395e-07 
  -1.8865777153636316e-07    7.8809496138388217e-08    1.3239270392175578e-07   -1.1274441439404469e-07    3.9838990985761612e-08 
   2.8119396690836060e-09   -2.9732940869174868e-08   -4.0492604106977155e-08    4.5035215801093558e-08   -2.3308393766643914e-08 

   1.5403023121933806e-05   -5.4206505510711371e-07    7.7862431149639904e-07   -4.0502694970177031e-07    1.3901883141007854e-07 
   4.1467901024328535e-07    1.4742562835874425e-06    9.7531251332101741e-07   -8.0698596062603650e-07    3.1771348716039675e-07 
  -1.4378363875181258e-06   -1.4292045863790876e-06   -1.5563133051339019e-08    6.8624837533358302e-08   -4.8830265800722066e-09 
   3.3262098172172849e-08    4.8879984284091339e-07    4.7372163594417492e-08   -6.0922110182865066e-08    3.3158491903434032e-08 
   8.3431867771633340e-08   -1.2599372362844967e-07   -2.7101811276013170e-08    2.3449134168135507e-08   -1.0540864514363940e-08 

  -1.4083893841324122e-06   -2.8598532457787876e-06   -1.6485258767067764e-06    1.7874622216175642e-06   -6.6519847605136882e-07 
  -2.3475021264373666e-06   -1.9075767286569478e-06   -8.6422739148947045e-07    1.9449404210493940e-07   -9.4311643644057866e-08 
   3.3037665754829175e-07    9.2413003237168146e-08    1.2384328078358498e-09    5.9709477762625219e-08   -4.7646783466539094e-08 
  -6.0955906503813420e-08   -5.2650520323033943e-09    2.4606340810621330e-09   -1.6685180912911495e-08    3.5505324112907772e-09 
   1.1471436293607818e-09   -2.3655425790449213e-08   -2.4355457071200876e-09    1.0392054765622953e-08   -3.6752343251396157e-09 

   6.6407561725585497e-07    2.6996150129353769e-07    5.7696477195412432e-07   -2.2572009428063656e-07    1.1276405717896194e-07 
   6.5464940887791696e-07    2.0128817343047751e-07    1.3153510004687585e-07   -1.1061385774616315e-07    6.4812581920791638e-08 
  -3.8417167144155283e-08   -3.9313403958333224e-09    4.2395697839841410e-08   -1.0304304179256140e-08    1.6769336758790240e-08 
  -4.8856604352286904e-08   -3.0491257916942081e-08   -1.7093017410561659e-08   -3.0952014641082948e-09    1.8888988995166701e-09 
   1.4484105939051734e-08    1.2190707638828398e-08    6.5236129726276043e-09    1.3658976265587723e-09    7.5631908180309405e-10 

  -9.3728424864660596e-08   -1.7879006179250174e-07   -1.1213347287505916e-07    1.3778734224246303e-07   -6.7477716896835658e-08 
  -7.9779886078717432e-08   -1.1156786106928401e-07   -1.0209108394635771e-07    6.3793016018530063e-08   -4.1119576464080508e-08 
  -2.3398929552078301e-08   -1.1001676160342281e-08   -1.0204963519073050e-08    7.3151055058067940e-09   -2.9903700967489266e-09 
   1.2021116256470450e-08   -5.6475731314948728e-09   -1.7424579510666777e-09   -9.1550841333476220e-11   -3.3410777654349966e-09 
  -4.8705932146781938e-09    1.0551956507601694e-09    1.8939427625522977e-09   -2.2018320372677455e-09   -1.2778421233251175e-09 
