2    16 5 
  -6.0342420345278628e-03   -4.3175028926092593e-04   -2.2320908740624645e-04   -8.3264695709677125e-06    7.0091119159595351e-07 
   3.1347080479891289e-04    2.0083457984422224e-03   -5.1682988431143182e-04    2.8415724239137776e-05    1.1276122654341465e-05 
  -2.4857823590632524e-03    8.4121772488296139e-04   -1.2880449195874924e-03    5.7171234739310528e-05    9.2602609013207600e-06 
  -1.1418270432535303e-03   -3.6757654343218772e-03   -2.4341025093064530e-03    1.5591929358752698e-04    2.5698451222583708e-06 
  -6.6680678572330341e-04   -1.0950480296237528e-03   -1.2901458218159171e-03    6.2760635673834294e-06   -1.2604984233251473e-05 
   5.7051034833543069e-04   -1.2943531981083982e-03   -2.6957655427843627e-03   -7.5972690365357082e-05   -6.0059966111094420e-05 
   1.9222295808653427e-04    3.1277329012370630e-05   -4.6249393354751920e-04    4.8813484267715712e-05    1.1075567213278374e-04 
  -3.3744702573574806e-04   -1.6603064019904811e-04   -5.7709625478769770e-05   -4.7814096384598637e-04    4.6974113655797210e-04 
  -5.1486778910803761e-04   -4.3660861437231822e-04    2.3205305646291965e-04   -1.9306854908032398e-04   -3.1961174608880133e-06 
  -4.8670260517767854e-05   -6.5114004193766930e-04   -4.0161173140982411e-04   -1.6006094966472561e-05    4.5902672052727374e-05 
   4.6720783942937548e-04   -5.5694186493796384e-04   -3.0079073315985737e-05   -2.3941423138379753e-04    6.8113400675860495e-05 
  -1.1679877126047240e-04   -7.7894896930126291e-05    1.1118681919361387e-04    3.5219867577718933e-04    1.5246839148768026e-05 
   2.3083588745941364e-04    9.8479724800825874e-05   -1.3586177046064719e-04   -2.4777503124602556e-04   -8.4933101964337386e-05 
  -3.5743668403188110e-05    8.3141204575611963e-06    2.0075712100198634e-06   -2.1553423754626841e-04    5.3961837286000712e-05 
   2.7960074267104412e-05    1.1852952583134101e-04   -6.0264304957658821e-05    1.5186994635618927e-05   -8.0566168232169326e-05 
   5.1188730367663389e-06    1.2865649551227917e-05   -9.8214081311161050e-06    8.7430076264092706e-05    1.6247093623676095e-04 
2    16 5 
  -1.8863092468765902e-01    1.2895058621708271e-02   -4.2652366805854477e-03    6.8625296646700055e-04   -1.5994695815120983e-04 
  -2.1958094116409258e-02    1.6612312282137831e-02   -2.0102859441515315e-02    3.6942143502048537e-03   -4.3494409351961224e-04 
   7.8032022248639837e-04    1.1731795105993538e-02   -2.6017816048957153e-02    5.2306257250993617e-03   -6.5723617991468217e-04 
   3.8254890243251682e-02    6.1145071245319510e-02   -3.5716472188814206e-02    1.8701244158306842e-02   -6.8176121607207620e-03 
   5.5396867170975301e-03    5.2568221602655417e-02   -1.2968221797381765e-02    8.0071065269633878e-03   -3.2247473870604692e-03 
  -4.7674881007007203e-02   -4.3618210808137166e-02    8.2895445134378246e-03   -5.0503872186385586e-03    1.9788968266927754e-03 
   3.1718564132511094e-03    3.8129779350498582e-03   -1.0627808521308494e-02   -2.3593899666517941e-04    3.7453695367036888e-04 
   4.1432898451338870e-03    1.2628383409259603e-03   -5.8226788189810474e-03    4.0680624294543825e-03   -1.3825145719609990e-03 
   1.5715273979972422e-04    5.4339416418955301e-03    4.0269939095447307e-03   -7.7272982222343235e-03    7.5753220761562079e-03 
  -1.1911557252557404e-03   -1.3845721883132579e-03   -1.2751868473417031e-03    5.8357576318640685e-03   -2.3572795690320809e-03 
  -3.3135473397552951e-03   -6.7821952206146129e-03   -2.7095102108104468e-03    1.5580555864392945e-03   -5.6600862601814878e-04 
   2.3268357557046888e-04   -4.9889927269821202e-04    1.0488446739579914e-04    2.3409726961354498e-03    2.1512147583288097e-03 
  -3.0419267653280466e-04   -1.8102243815458173e-03    2.2876256145932064e-04    2.4577348057053662e-03    1.0853440528515686e-04 
   4.5942406893906490e-04    2.1699616049756301e-03    2.8463076715136400e-03    1.7703476440664642e-03    2.1515193074123982e-03 
  -2.6999775719768748e-03    3.5536138165502243e-03    7.3029595851472652e-03    4.3623231965656106e-03   -2.2344727445047772e-03 
  -2.5287681714367804e-03   -4.2378968205467648e-03   -1.6122174047417490e-03   -3.3370826685355367e-03    8.0444047126161395e-04 
2    16 5 
   1.8351691758183431e-05   -8.3649186536771489e-02    7.3097797354433461e-08   -7.7166659288608322e-03    3.2349060542219903e-06 
   3.6680133202643822e-03    1.7462651302903913e-02    7.8054574962446895e-04    1.3533161921269767e-02    1.2421608978705436e-04 
  -6.9848962288480184e-04    1.3972584936865172e-02   -1.4997892955131748e-04   -9.3385132372645358e-03   -3.1166589331488957e-05 
   9.3352140645568387e-04   -1.3623983994605361e-02    1.7383443719627749e-04    1.0802603577727754e-03    2.7127882332085781e-05 
  -2.8616279711438570e-03    2.9102744864447142e-02   -7.4575879421980419e-04   -3.6591608473056196e-02   -1.3364643311084158e-04 
  -4.2567209264263216e-04   -1.3352888622698867e-02   -1.7146286161272761e-04   -1.8466442406792318e-02   -3.6342843233961530e-05 
  -9.3320142336526853e-03    6.2262231219472968e-04   -1.9801366197938599e-03    1.2399157706150608e-03   -2.8308238429604901e-04 
   2.7902259324044968e-03    2.0537345530309398e-03    5.1312946472061472e-04    2.2682398472613791e-03    7.3288968625053315e-05 
   7.9933094981534942e-04   -3.0808004429966999e-03   -3.1489570134690174e-05    3.4308452591769400e-03   -1.2176497618012895e-05 
  -9.4842785216564581e-03   -6.3948539203121614e-03   -1.6539643603283802e-03    3.9859904357937101e-05   -2.4165511245682504e-04 
  -7.2690169356818312e-03    6.2324031269622125e-03    5.2362303941875550e-06    5.0477949952043221e-03    3.0352607804340498e-05 
   2.1821138597489884e-03   -2.2081348919556027e-03    1.3674613270173597e-03    3.1926977196428258e-03    1.9119862687993165e-04 
   3.1763201376630978e-03    4.5242569792702201e-04   -2.2097037838587300e-04    9.7659773310172803e-04   -7.5841324127526191e-05 
   1.0942524776649748e-04    2.4880474273219714e-03    2.4608308685885520e-03    2.3395799020729249e-04    3.9153786342719624e-04 
   9.6453948200150592e-04   -3.5614478080881845e-04    1.6747124743770932e-03    5.3712377049286004e-06    3.1076559488179721e-04 
   5.2569358417412435e-03   -4.4394633283122755e-04    1.3152773338418841e-04    4.6254537029784710e-04    6.7648574106133168e-06 
 TENSORSUMACCUMULATOR_IMPL_H - PrettifyOut: Norm of simple tensor is 9.56134e-05 
 As simple full tensor 3    5 5 5 
  -2.1009521792395074e-08   -9.4521998429769008e-05   -7.3896971307099667e-09   -8.2789138012283940e-06    2.8198426253261185e-09 
   9.4670266523671567e-08    6.4431800115132791e-06    2.5138675473156370e-08    2.5841100089886525e-06    4.7252008021143576e-09 
  -2.4718176294153939e-08   -1.7258003143647253e-06   -9.7154894374604541e-09   -1.2591411788201647e-06   -2.2250658691694181e-09 
   8.2266506274430743e-09    3.5086565208506473e-07    2.8981911072110353e-09    4.0835933974765478e-07    6.4691024180848599e-10 
  -3.1597775477482850e-09   -1.0780795919641574e-07   -1.4092821028519390e-09   -1.3002924488072913e-07   -2.5584962782337995e-10 

  -3.2518227539620352e-07   -6.6526419013163303e-06   -6.7384185686403458e-08   -2.2932795458451698e-06   -1.0789849814914412e-08 
   6.3023793428933043e-09    1.8435976529289603e-06    1.7834699160158003e-08    1.2339029649008703e-06    3.3981260459786119e-09 
  -5.9949591258650804e-08   -2.3858800249188125e-06   -1.2826197883288466e-08   -5.3247840852584082e-07   -1.9670304430004859e-09 
   2.6145666011780939e-08    8.1738084550517720e-07    5.0354045903111888e-09    1.9261263463896193e-07    7.6931977639099428e-10 
  -7.9298951302298616e-09   -2.2987431662971758e-07   -1.4048817825117907e-09   -7.1711240838717727e-08   -2.0573365049501217e-10 

  -6.9814536239574115e-08   -3.9974030932741915e-06   -2.1586899545123575e-08   -2.3758957995550506e-06   -4.3268314421312026e-09 
  -4.7270044709135384e-09   -1.6435747339879915e-06    2.1322334304312328e-09    1.9976389955666237e-07    4.0477376562054289e-10 
   7.4636015741233968e-09    1.6914663504999048e-07   -1.5838835342887740e-09   -2.7481763716751546e-07   -4.4556482703135509e-10 
  -2.1397080249425346e-09    4.2240452391693418e-08    5.7520917840365763e-10    1.0931490168308586e-07    1.5694577348395791e-10 
   7.9630136544968176e-10   -3.2883687345027901e-08    7.3573696432410654e-11   -3.4067663607248600e-08   -1.4757566856911506e-11 

  -1.2102731594839445e-08   -2.6960618752532801e-07   -1.6992730396459061e-09   -8.2885612472719043e-08   -2.6052164041478937e-10 
  -9.3730172027654529e-09   -1.2627895489548462e-07   -1.0112723884297122e-09   -5.8958518749756763e-08   -1.4521921156828764e-10 
   5.2505496301424939e-10    5.8273176239786741e-08    1.4837120483501758e-10    2.0612151531408478e-08    3.8009308393046463e-11 
   4.1431185777378690e-10   -5.0162533791533837e-08   -3.3410456120447458e-11   -6.4829016509830820e-09   -1.1027429481934376e-11 
   1.2653197191724813e-10    1.8668521594576752e-08   -7.2963183416989913e-12    2.0482404536369197e-09   -9.6868748815012493e-12 

   6.1054010181889063e-10   -3.1437941288536802e-08    1.4658810197030275e-10   -4.9052172518087103e-08   -6.6424556470551876e-13 
  -2.1098665654145025e-10   -5.2525102949729142e-08   -5.5263918381788369e-10   -2.3201351078572735e-08   -1.1789849245643905e-10 
   2.2486370982773469e-09   -8.0984101815592176e-10    1.9490822060950104e-10   -6.4252108070500387e-09   -8.1445950884869871e-12 
  -1.1568409371660643e-09   -3.0675028214845027e-09    3.1600692781087271e-10    2.8643789924209954e-09    4.0241452512850383e-11 
  -9.2128736041370059e-11    2.1558621493244982e-09    3.9952191533603523e-10   -8.3948986275211113e-10    7.3183266753510522e-11 
