2    101 5 
   1.8068372735779789e-05    2.3726444219049759e-03    2.6385173455303813e-05    3.2555860049584131e-05    9.1476144896398824e-06 
  -5.6895269742813752e-06    1.8259123234596079e-04   -1.0938096651766036e-05    7.0405731869303633e-05   -1.3681464389662810e-06 
   3.5066798298225409e-05   -1.7853516202485795e-04   -1.0286012269625312e-04    6.6143539815585316e-04   -1.3641930752353344e-05 
  -4.8344303791197544e-05    1.0086848675383193e-03    5.9646256183475513e-05   -7.5263649730001019e-04    6.9488848474607379e-06 
   2.2941056475426775e-06   -6.2196317229466246e-05   -2.3527299431059693e-04    7.6760605482764839e-04   -3.8725641998357124e-05 
   5.9636444938213189e-05   -7.4403556247683723e-05   -9.3312843768959369e-05    6.3843095413217978e-04   -1.3457565968516692e-05 
  -3.7257794950754011e-04   -2.7117613544555559e-05    1.6378048544031558e-05    1.6852691539896796e-05   -9.6247695847101011e-06 
   3.9071187192274794e-04    5.0805897414593537e-05   -1.0956095727413725e-04   -4.2381893480082393e-06    9.8977246039198927e-06 
   1.2992656488846944e-05    3.4759746553717477e-05    8.4996982695001433e-05   -8.6242897833940707e-06    2.3294820951036668e-05 
  -4.7356274194949459e-05   -1.9940641422456262e-05   -1.7146368860345817e-04   -2.6483028316689211e-05   -1.9531890960298601e-05 
   4.4841508054965733e-05    1.0671377112825381e-05   -7.8216086729557860e-05   -5.3404377395273654e-05   -9.8684183044410879e-06 
   2.1525755817747321e-06    5.0954890343460860e-02    8.2432222901131599e-07    9.5140586747565251e-04    2.6683758801972116e-07 
  -1.6715023232098402e-03   -1.4037889879742222e-08   -1.4513695349541560e-05   -4.2485768291978316e-09   -3.1189804086459433e-06 
  -1.6715023232098402e-03   -1.4037889879742222e-08   -1.4513695349541560e-05   -4.2485768291978316e-09   -3.1189804086459433e-06 
  -1.6715023232098402e-03   -1.4037889879742222e-08   -1.4513695349541560e-05   -4.2485768291978316e-09   -3.1189804086459433e-06 
  -1.6715023232098402e-03   -1.4037889879742222e-08   -1.4513695349541560e-05   -4.2485768291978316e-09   -3.1189804086459433e-06 
  -6.1663874337858902e-04   -5.1787584467775487e-09   -5.3542892150664600e-06   -1.5673547327609948e-09   -1.1506320590189354e-06 
  -6.1663874337858902e-04   -5.1787584467775487e-09   -5.3542892150664600e-06   -1.5673547327609948e-09   -1.1506320590189354e-06 
  -6.1663874337858902e-04   -5.1787584467775487e-09   -5.3542892150664600e-06   -1.5673547327609948e-09   -1.1506320590189354e-06 
  -6.1663874337858902e-04   -5.1787584467775487e-09   -5.3542892150664600e-06   -1.5673547327609948e-09   -1.1506320590189354e-06 
   7.1814877064435228e-08    1.6999724501336317e-03    2.7501287313275875e-08    3.1741090064217125e-05    8.9023162494519531e-09 
   7.1814877064435228e-08    1.6999724501336317e-03    2.7501287313275875e-08    3.1741090064217125e-05    8.9023162494519531e-09 
   7.1814877064435228e-08    1.6999724501336317e-03    2.7501287313275875e-08    3.1741090064217125e-05    8.9023162494519531e-09 
   7.1814877064435228e-08    1.6999724501336317e-03    2.7501287313275875e-08    3.1741090064217125e-05    8.9023162494519531e-09 
  -3.6498214510933082e-04   -7.6256298456223182e-08   -4.5970864586215301e-04    1.5500459095367946e-08   -2.0405168764151968e-05 
  -1.1407649956074509e-06    4.8459431893140952e-07    5.6514076260876691e-05    1.0213700622115182e-07    6.4532452585741668e-05 
  -1.1127165450185498e-09   -3.1763811434749193e-05    3.6190738066112352e-07   -6.3593289297429280e-06    4.0456036963464990e-07 
  -1.3359804448069499e-10   -1.7869636610386995e-06    2.2647050400130785e-10   -4.4779276139404243e-06    4.4243035684461951e-10 
   3.3951893598406001e-11    4.7357312245204779e-07   -2.0142045794584503e-10   -2.4901702445213993e-07   -2.5811428583946829e-10 
  -4.4969768848433312e-04   -9.3956051296324905e-08   -5.6641103733594126e-04    1.9098251021416117e-08   -2.5141386638579621e-05 
  -1.4055465137201207e-06    5.9707289245838606e-07    6.9631486914875523e-05    1.2584389735723458e-07    7.9510998411552031e-05 
  -1.3709877727942666e-09   -3.9136469471349402e-05    4.4590924435488559e-07   -7.8353847122036428e-06    4.9846236457011398e-07 
  -1.6460731735520656e-10   -2.2017335328386741e-06    2.7903628581272868e-10   -5.5172937201790066e-06    5.4512230654111969e-10 
   4.1832424614348271e-11    5.8349358002485323e-07   -2.4817190529846195e-10   -3.0681605056551340e-07   -3.1802486576986782e-10 
   1.7376502745816848e-06    1.2628246425048305e-02    9.8859161538183369e-07    9.2117340302223863e-03   -3.1921864221725545e-07 
  -9.4051631831368917e-06   -9.2983843945606691e-04   -1.0030197391184909e-05   -2.4425290409562160e-03   -2.2190270911008456e-06 
   6.2133827891920905e-04   -6.0338342322604536e-06    6.5091513264844199e-04   -1.5456211395539300e-05    1.4988302268484723e-04 
   2.2811362824045082e-05   -1.6138027352651327e-09    1.1531529232798524e-04   -1.3772935825355891e-08    1.4846735546683522e-04 
  -6.0302585246924871e-06    2.8875879188063211e-09   -3.0063072124204335e-06    9.3224597507276369e-09    2.6905384565077066e-05 
   1.0826655193134009e-03    1.1820729713596758e-05    1.3661502514111699e-03    1.0722005371710931e-06    6.3307459897079860e-05 
  -2.5890699028958561e-06   -2.1459805301693115e-06    1.2232723953382757e-04    1.5202347082573557e-06    1.3984487131544820e-04 
  -1.4778271448722740e-07    1.3712967141311019e-05    4.7158007805374928e-07    8.2686833607608409e-07    7.2503501564162228e-07 
  -8.9251867854847724e-11   -1.1899232295272754e-06    1.6688327746866267e-08   -1.7309348743117148e-06    1.8717055733636675e-08 
   1.0683236470947365e-04    1.1664142667958428e-06    1.3480531087685737e-04    1.0579972926578264e-07    6.2468837548685565e-06 
  -2.5547729671847510e-07   -2.1175531183801673e-07    1.2070679295364211e-05    1.5000964369821864e-07    1.3799237186934630e-05 
  -1.4582506388369909e-08    1.3531313972376487e-06    4.6533314296653621e-08    8.1591496238299424e-08    7.1543060932878069e-08 
  -8.8069564676980646e-12   -1.1741605340285556e-07    1.6467260519898023e-09   -1.7080054964536743e-07    1.8469114317887447e-09 
  -7.2406486815302504e-05   -1.1370316615918355e-02   -6.5991838593774634e-05   -8.3171396700492638e-03   -8.0240853922176158e-06 
   1.5818056123145882e-05   -6.0974410283994040e-04    2.0805680726701126e-06   -1.6040211382623794e-03   -1.1483576252929799e-05 
  -8.4724345181044227e-05   -1.7858089707435042e-06   -7.4142684016057455e-05   -7.3745798189881689e-06   -6.7523573009460888e-06 
   4.8966221102887262e-06   -8.4209902517910764e-08    1.6012149586043705e-05   -2.1652899764028275e-07    1.3686879606581980e-05 
   9.1609985565454730e-04    7.6937427570131011e-09    7.9545173405421100e-06    2.3285164285570493e-09    1.7094188039553234e-06 
   9.1609985565454730e-04    7.6937427570131011e-09    7.9545173405421100e-06    2.3285164285570493e-09    1.7094188039553234e-06 
   9.1609985565454730e-04    7.6937427570131011e-09    7.9545173405421100e-06    2.3285164285570493e-09    1.7094188039553234e-06 
   9.1609985565454730e-04    7.6937427570131011e-09    7.9545173405421100e-06    2.3285164285570493e-09    1.7094188039553234e-06 
   7.3354009519273865e-04    6.1605388970784957e-09    6.3693464977401524e-06    1.8644912474538008e-09    1.3687669793176887e-06 
   7.3354009519273865e-04    6.1605388970784957e-09    6.3693464977401524e-06    1.8644912474538008e-09    1.3687669793176887e-06 
   7.3354009519273865e-04    6.1605388970784957e-09    6.3693464977401524e-06    1.8644912474538008e-09    1.3687669793176887e-06 
   7.3354009519273865e-04    6.1605388970784957e-09    6.3693464977401524e-06    1.8644912474538008e-09    1.3687669793176887e-06 
  -3.1544290316201470e-08   -7.4670356183225936e-04   -1.2079789404928991e-08   -1.3942099476686435e-05   -3.9102935176981455e-09 
  -3.1544290316201470e-08   -7.4670356183225936e-04   -1.2079789404928991e-08   -1.3942099476686435e-05   -3.9102935176981455e-09 
  -3.1544290316201470e-08   -7.4670356183225936e-04   -1.2079789404928991e-08   -1.3942099476686435e-05   -3.9102935176981455e-09 
  -3.1544290316201470e-08   -7.4670356183225936e-04   -1.2079789404928991e-08   -1.3942099476686435e-05   -3.9102935176981455e-09 
   3.0525708893521918e-03    6.3777847743069870e-07    3.8448270655047135e-03   -1.2963990386965633e-07    1.7066101724814628e-04 
   9.5409215597112785e-06   -4.0529613049218025e-06   -4.7266209140423953e-04   -8.5423480598722861e-07   -5.3972472029481619e-04 
   9.3063350603265898e-09    2.6566035467719330e-04   -3.0268547370089008e-06    5.3186991821020477e-05   -3.3835880025373962e-06 
   1.1173628817760020e-09    1.4945479731297401e-05   -1.8941125670797582e-09    3.7451671710807213e-05   -3.7003180729978690e-09 
  -2.8396063595338760e-10   -3.9607842382089843e-06    1.6846035749537689e-09    2.0826830297904132e-06    2.1587690401772163e-09 
  -1.6007256420962135e-03   -1.7476999888980166e-05   -2.0198590417628537e-03   -1.5852531208415472e-06   -9.3600352634763280e-05 
   3.8279510234825050e-06    3.1728414739389817e-06   -1.8086135150293019e-04   -2.2476735760971280e-06   -2.0676124568208773e-04 
   2.1849738106401375e-07   -2.0274681091016857e-05   -6.9723318030954750e-07   -1.2225284028938174e-06   -1.0719673992122570e-06 
   1.3195927175259139e-10    1.7593066294733267e-06   -2.4673764585257641e-08    2.5591946807971581e-06   -2.7673247667826913e-08 
   1.0709773613558091e-04    1.6818039684978570e-02    9.7609714649547771e-05    1.2302030784311670e-02    1.1868568934399293e-05 
  -2.3396771137036555e-05    9.0188346249630994e-04   -3.0774056339361819e-06    2.3725364974511195e-03    1.6985564049893619e-05 
   1.2531730185453053e-04    2.6414221480611974e-06    1.0966577662289386e-04    1.0907873566348162e-05    9.9875330556302194e-06 
  -7.2426817787894964e-06    1.2455638046452178e-07   -2.3683858266786360e-05    3.2027193246006046e-07   -2.0244509644063941e-05 
  -8.6042284556867777e-08   -3.5532529894353939e-04    1.1353304591547404e-08   -1.1298823551672007e-05    5.9130256858397152e-10 
   3.8641864369615191e-07   -1.2917653512613408e-06    7.0661210604246604e-08    4.0620553219781225e-05   -1.6164310068806747e-10 
  -2.6031196606279009e-05   -1.9237299155571674e-09   -4.0610024658913850e-06    2.5463377338395286e-07   -2.8016009432862021e-07 
   2.7132793966294751e-07   -1.2928371654555851e-10   -1.6470660094005180e-06    2.7460505078393346e-10   -1.3355993648948410e-06 
  -6.1681331043337506e-08    3.3197189826530176e-11    4.3307850932894133e-07   -1.6771084640966639e-10   -5.4660464067290381e-07 
   3.2508073310830201e-06    3.1941280046519850e-04    1.9762691684444633e-07    1.0686891934157658e-05    1.7656508072378994e-08 
  -9.7075041166107479e-07   -8.8282284059977947e-07    2.7613434953721722e-07    2.6676165108178089e-05    4.3784224679439705e-08 
   3.8856870448158892e-06   -4.4265678899847831e-08    1.3702593375137669e-07    1.3847710085933972e-07    2.4620114888671139e-08 
   1.0753918887168924e-08   -4.1472874364093109e-11   -2.9737127163188904e-07    3.5704948558355864e-09   -6.2349617084591724e-08 
  -1.3435778167945520e-03   -1.1283859540683739e-08   -1.1666318880078653e-05   -3.4150676917371679e-09   -2.5070817012244198e-06 
  -1.3435778167945520e-03   -1.1283859540683739e-08   -1.1666318880078653e-05   -3.4150676917371679e-09   -2.5070817012244198e-06 
  -1.3435778167945520e-03   -1.1283859540683739e-08   -1.1666318880078653e-05   -3.4150676917371679e-09   -2.5070817012244198e-06 
  -1.3435778167945520e-03   -1.1283859540683739e-08   -1.1666318880078653e-05   -3.4150676917371679e-09   -2.5070817012244198e-06 
   1.3213457931385847e-07    3.1278358151614447e-03    5.0600532623188987e-08    5.8401486628397482e-05    1.6379667565048292e-08 
   1.3213457931385847e-07    3.1278358151614447e-03    5.0600532623188987e-08    5.8401486628397482e-05    1.6379667565048292e-08 
   1.3213457931385847e-07    3.1278358151614447e-03    5.0600532623188987e-08    5.8401486628397482e-05    1.6379667565048292e-08 
   1.3213457931385847e-07    3.1278358151614447e-03    5.0600532623188987e-08    5.8401486628397482e-05    1.6379667565048292e-08 
  -1.1981004200034495e-03   -1.0062086978487495e-08   -1.0403135103453193e-05   -3.0452974027005402e-09   -2.2356246148705537e-06 
  -1.1981004200034495e-03   -1.0062086978487495e-08   -1.0403135103453193e-05   -3.0452974027005402e-09   -2.2356246148705537e-06 
  -1.1981004200034495e-03   -1.0062086978487495e-08   -1.0403135103453193e-05   -3.0452974027005402e-09   -2.2356246148705537e-06 
  -1.1981004200034495e-03   -1.0062086978487495e-08   -1.0403135103453193e-05   -3.0452974027005402e-09   -2.2356246148705537e-06 
  -9.0183136606839117e-04   -7.5739107455468725e-09   -7.8306236982324202e-06   -2.2922491895579544e-09   -1.6827941688218653e-06 
  -9.0183136606839117e-04   -7.5739107455468725e-09   -7.8306236982324202e-06   -2.2922491895579544e-09   -1.6827941688218653e-06 
  -9.0183136606839117e-04   -7.5739107455468725e-09   -7.8306236982324202e-06   -2.2922491895579544e-09   -1.6827941688218653e-06 
  -9.0183136606839117e-04   -7.5739107455468725e-09   -7.8306236982324202e-06   -2.2922491895579544e-09   -1.6827941688218653e-06 
2    101 5 
   2.3718887570672358e-02   -1.1380423300060743e-03    9.7837901397124075e-05   -1.5542742488601968e-05    2.2795827871067639e-06 
  -6.0171543828774782e-03    3.4025359841125392e-03   -7.1027978742881359e-03    9.6181016782122123e-04   -8.1928381663151379e-05 
   1.4751850518136342e-02    3.7160921855520970e-03   -8.5574039706702706e-04    5.8561431525624194e-04   -2.9059339085743541e-05 
  -1.6696647817800560e-03   -5.0904688897872620e-03    7.5902332513735004e-04   -4.1501464101829119e-04    5.2805392303437951e-05 
   5.7219705525064953e-03    5.4741695069279728e-03    5.6866096090780376e-04    5.2722837010747399e-04   -6.7137943939179741e-05 
   2.0125319882630190e-02   -5.9317637232199315e-03   -1.9165685570530935e-04   -1.5692897854678554e-04    9.3854544658937241e-05 
  -2.6193020272838024e-03    2.2532333927291099e-04   -3.8725186405697123e-04   -7.9590127751142455e-04    3.2941539839417627e-04 
   2.6224899867073235e-03    5.9194894251870937e-04   -7.7110601075402855e-04    2.0716699563868308e-03   -5.4818362449399010e-04 
   1.1701781081462008e-03   -1.7231519199264731e-03    1.3016633223101968e-03    1.0471655050236005e-03   -2.9819967376769536e-04 
  -1.9905818861330475e-03    2.8854893485358688e-03   -4.6312111032123943e-04   -4.1207613162855977e-04    7.9700818339464700e-05 
   4.1892955341627267e-04   -1.6214715155691570e-03   -1.0338283874918779e-05    1.5395173330695973e-03   -3.1642403712033246e-04 
   3.0173235990250021e-03   -1.5551337658684599e-04    1.8370243636307562e-05   -2.2343466634614088e-06    7.7010348104130013e-07 
   1.5423554646758370e-05   -3.3634882131254812e-04    1.4104657511300041e-04   -3.1328056118393944e-05    7.2253881848912047e-06 
  -4.0111786288407508e-05   -4.8334552784733222e-06   -4.3542931400209025e-05    2.4680730053875403e-05   -9.9096726026824795e-06 
  -3.9678788032650061e-06   -1.3845870581506999e-05   -5.0689543634432649e-06   -1.1664600873595413e-05    5.6166219984852001e-06 
   2.5700394838831416e-09   -2.6901741927468232e-07   -1.1403141193054970e-06   -8.2847319597985349e-07   -1.0597660304317439e-06 
  -1.9139573507226621e-03    2.5131980927868368e-04   -1.4055734552581747e-03    8.0349075079459156e-04   -2.4093714632962055e-04 
  -5.8871812792711485e-05   -3.5679026996469470e-04    3.3444136303190455e-05   -2.2328821456793171e-04    1.5508645608053648e-04 
  -5.4522041363627995e-05   -5.3254201938941774e-05   -1.3422460813953890e-04   -1.7438556499848283e-05   -6.4947551862173201e-05 
  -7.3825461295775051e-07   -5.2817181311589106e-06   -7.3443739888382742e-06   -1.4092723336831660e-05   -6.7987487942895281e-06 
   6.3979224827690094e-05   -1.3952255074874637e-03    5.8508241109172274e-04   -1.2995348943341535e-04    2.9971997100269496e-05 
  -1.6638972350810547e-04   -2.0049899587902353e-05   -1.8062262957626121e-04    1.0237938096587212e-04   -4.1106812660016499e-05 
  -1.6459358160764379e-05   -5.7434753995280754e-05   -2.1026785218295863e-05   -4.8386519120213471e-05    2.3298592953652226e-05 
   1.0660910388122419e-08   -1.1159247232256726e-06   -4.7301945034161991e-06   -3.4366314434818233e-06   -4.3960689139835631e-06 
   1.9411152996226273e-03   -1.0004541597270047e-04    1.1818010170256299e-05   -1.4374078055489905e-06    4.9542569773588443e-07 
   1.9411152996226273e-03   -1.0004541597270047e-04    1.1818010170256299e-05   -1.4374078055489905e-06    4.9542569773588443e-07 
   1.9411152996226273e-03   -1.0004541597270047e-04    1.1818010170256299e-05   -1.4374078055489905e-06    4.9542569773588443e-07 
   1.9411152996226273e-03   -1.0004541597270047e-04    1.1818010170256299e-05   -1.4374078055489905e-06    4.9542569773588443e-07 
   1.9411152996226273e-03   -1.0004541597270047e-04    1.1818010170256299e-05   -1.4374078055489905e-06    4.9542569773588443e-07 
   1.5410661311904148e-04    5.5686484769702522e-04   -6.9374415722325193e-05    1.1070837906081556e-05   -1.7091417229673682e-06 
   1.5410661311904148e-04    5.5686484769702522e-04   -6.9374415722325193e-05    1.1070837906081556e-05   -1.7091417229673682e-06 
   1.5410661311904148e-04    5.5686484769702522e-04   -6.9374415722325193e-05    1.1070837906081556e-05   -1.7091417229673682e-06 
   1.5410661311904148e-04    5.5686484769702522e-04   -6.9374415722325193e-05    1.1070837906081556e-05   -1.7091417229673682e-06 
   1.5410661311904148e-04    5.5686484769702522e-04   -6.9374415722325193e-05    1.1070837906081556e-05   -1.7091417229673682e-06 
   2.4468157530519721e-03   -1.2610930420785984e-04    1.4896844849934052e-05   -1.8118820983281575e-06    6.2449428012987886e-07 
   2.4468157530519721e-03   -1.2610930420785984e-04    1.4896844849934052e-05   -1.8118820983281575e-06    6.2449428012987886e-07 
   2.4468157530519721e-03   -1.2610930420785984e-04    1.4896844849934052e-05   -1.8118820983281575e-06    6.2449428012987886e-07 
   2.4468157530519721e-03   -1.2610930420785984e-04    1.4896844849934052e-05   -1.8118820983281575e-06    6.2449428012987886e-07 
   2.4468157530519721e-03   -1.2610930420785984e-04    1.4896844849934052e-05   -1.8118820983281575e-06    6.2449428012987886e-07 
  -2.5221318369224657e-04   -9.0655661254387878e-04    6.6536052026880272e-06   -5.2331324495251776e-06    6.0525396137770577e-07 
  -7.2799801740597298e-05   -3.4203256824706708e-05   -9.5671363756978477e-05   -3.7954396764532029e-06   -1.0434742035078299e-06 
   1.6726325349577357e-06   -1.2884587955940110e-05   -4.0270901575660066e-06   -1.4989474424257961e-05    1.8439739287920941e-06 
  -6.4613838351555622e-09   -3.1995276309159275e-08    1.1094275509240747e-06    1.0212578038243990e-06    1.4812992209699277e-06 
  -1.5552205851814297e-03   -6.3522875990719787e-04   -1.2158525040218938e-03    9.1684670609781368e-05   -2.0559187953670088e-05 
  -4.6576714349865064e-05   -2.2424627586515282e-04   -1.0396355694284488e-04   -1.5148652064521050e-04    3.8316359542351046e-06 
  -1.3673168882213455e-05   -7.7314511149239917e-06   -4.3571437905771771e-05   -1.3055988840801042e-05   -2.4407092219658507e-05 
  -1.0593533542619303e-07    1.3992647773737807e-06    2.0445190242790555e-06    5.0372755821066361e-06    3.6602693765978293e-06 
  -7.6928606272467470e-05   -2.7651265365726332e-04    2.0294441687655667e-06   -1.5961797868283741e-06    1.8461106199147567e-07 
  -2.2204974390433769e-05   -1.0432479535703336e-05   -2.9181125927941991e-05   -1.1576630540338629e-06   -3.1827446520432701e-07 
   5.1017669987184918e-07   -3.9299824828148519e-06   -1.2283197437178540e-06   -4.5720027769127698e-06    5.6243826063364829e-07 
  -1.9708139192140447e-09   -9.7590140917038295e-09    3.3839117370250982e-07    3.1149814749159442e-07    4.5181731927525526e-07 
   1.2809459064129356e-04   -2.7934199064654445e-03    1.1714098153277220e-03   -2.6018350607112239e-04    6.0007771422692160e-05 
  -3.3313350665143245e-04   -4.0142463229717710e-05   -3.6162960489811410e-04    2.0497661436586531e-04   -8.2301096245452333e-05 
  -3.2953740085157384e-05   -1.1499172303858167e-04   -4.2098313199229392e-05   -9.6875999606959323e-05    4.6646762835184506e-05 
   2.1344506059708055e-08   -2.2342240155780298e-06   -9.4704543576551280e-06   -6.8805756731719290e-06   -8.8014921950715202e-06 
  -4.6714523166658365e-05    1.3096087854812311e-05   -1.9793347062728917e-06    4.0090647377940613e-07   -8.6319995335356216e-08 
  -1.4337938452833217e-06   -4.7691469481879535e-06    2.1234159197745194e-06   -7.5020239376511759e-07    2.0987667437594229e-07 
  -1.0578144475333151e-07   -5.7004216505834935e-07   -1.1763075336048061e-06    4.5783160871598443e-07   -1.3830562228072210e-07 
   3.3365552693474974e-10   -1.2985132810020108e-09   -3.4923983001142846e-08   -9.0779701249642669e-08    1.6227858312578003e-09 
  -1.9369200021150093e-04    5.4300189311460156e-05   -8.2068973920228597e-06    1.6622748460268084e-06   -3.5790780728092297e-07 
  -5.9449263089573689e-06   -1.9774270378433544e-05    8.8043000099724964e-06   -3.1105573248263985e-06    8.7020973568725913e-07 
  -4.3860063703184336e-07   -2.3635606160666369e-06   -4.8773131695024944e-06    1.8983030124460476e-06   -5.7345533688695189e-07 
   1.3834328601204670e-09   -5.3840137423898629e-09   -1.4480499134521511e-07   -3.7639904513026344e-07    6.7285420521116885e-09 
   1.0490387050548890e-03   -5.4067635054488030e-05    6.3868179740489328e-06   -7.7681960636859294e-07    2.6774335996671918e-07 
   1.0490387050548890e-03   -5.4067635054488030e-05    6.3868179740489328e-06   -7.7681960636859294e-07    2.6774335996671918e-07 
   1.0490387050548890e-03   -5.4067635054488030e-05    6.3868179740489328e-06   -7.7681960636859294e-07    2.6774335996671918e-07 
   1.0490387050548890e-03   -5.4067635054488030e-05    6.3868179740489328e-06   -7.7681960636859294e-07    2.6774335996671918e-07 
   1.0490387050548890e-03   -5.4067635054488030e-05    6.3868179740489328e-06   -7.7681960636859294e-07    2.6774335996671918e-07 
  -1.1767501856635974e-04   -5.1610538104066931e-06   -2.3434825832708779e-07    3.1680607089708109e-08   -2.6601768645154494e-08 
   4.3121240365091712e-07   -9.7908200162012594e-06   -9.1822170069083192e-07   -9.0821270676541484e-08    1.2319830423425038e-08 
  -2.9885437186407554e-09    1.3320055192913581e-07   -1.4267575573843960e-06    5.2406664440028752e-08    9.0274098516084092e-09 
   6.9771223394084544e-11   -1.3089990464435207e-09    3.9984155112495717e-09    1.0593997982891135e-07    3.6264719310956066e-08 
  -3.5907450790323493e-05   -1.5748481536791377e-06   -7.1509217981831784e-08    9.6670461916244750e-09   -8.1172853014915365e-09 
   1.3158050326153777e-07   -2.9875787759523998e-06   -2.8018691591342355e-07   -2.7713276337352074e-08    3.7592830667351856e-09 
  -9.1192665885417379e-10    4.0644924656988142e-08   -4.3536196047092043e-07    1.5991412173894345e-08    2.7546311779667474e-09 
   2.1290047803909679e-11   -3.9942903274958982e-10    1.2200797582920792e-09    3.2326611533860197e-08    1.1065845919953880e-08 
   1.3314717024882367e-03   -6.8624280256413548e-05    8.1063428455144125e-06   -9.8596297623138115e-07    3.3982798309253568e-07 
   1.3314717024882367e-03   -6.8624280256413548e-05    8.1063428455144125e-06   -9.8596297623138115e-07    3.3982798309253568e-07 
   1.3314717024882367e-03   -6.8624280256413548e-05    8.1063428455144125e-06   -9.8596297623138115e-07    3.3982798309253568e-07 
   1.3314717024882367e-03   -6.8624280256413548e-05    8.1063428455144125e-06   -9.8596297623138115e-07    3.3982798309253568e-07 
   1.3314717024882367e-03   -6.8624280256413548e-05    8.1063428455144125e-06   -9.8596297623138115e-07    3.3982798309253568e-07 
  -1.0118257646181065e-03   -3.6369127268782403e-03    2.6692851948182229e-05   -2.0994216735908940e-05    2.4281504372364882e-06 
  -2.9205735394906279e-04   -1.3721620726740876e-04   -3.8381320662278149e-04   -1.5226498458443667e-05   -4.1861970431803301e-06 
   6.7102467398129136e-06   -5.1690232324318930e-05   -1.6155831024429274e-05   -6.0134590105547357e-05    7.3976320473102690e-06 
  -2.5921700617660193e-08   -1.2835825804881546e-07    4.4507878754343424e-06    4.0970695627383150e-06    5.9426580916363839e-06 
   1.8786712973997046e-04   -4.0969082094633276e-03    1.7180225851309659e-03   -3.8159244856907039e-04    8.8009085495599306e-05 
  -4.8858297139239728e-04   -5.8874065718964490e-05   -5.3037615063275859e-04    3.0062446830848497e-04   -1.2070510275788216e-04 
  -4.8330882147335370e-05   -1.6865009555015362e-04   -6.1742570299326663e-05   -1.4208106599766847e-04    6.8413454476368848e-05 
   3.1304452975566060e-08   -3.2767757865603870e-06   -1.3889634750372606e-05   -1.0091245822372549e-05   -1.2908516025842236e-05 
   4.3741179205184503e-04   -9.5388478242769328e-03    4.0000788790876722e-03   -8.8846322926780898e-04    2.0491190692462958e-04 
  -1.1375696928918090e-03   -1.3707672346489964e-04   -1.2348769198259361e-03    6.9994515591659875e-04   -2.8103817511986035e-04 
  -1.1252898684710492e-04   -3.9266869423306279e-04   -1.4375547419016925e-04   -3.3080791610909507e-04    1.5928732058868004e-04 
   7.2886283482361443e-08   -7.6293302129825699e-06   -3.2339292325992497e-05   -2.3495488142652694e-05   -3.0054949662608823e-05 
  -3.1074068463517911e-04    8.7113964355978974e-05   -1.3166351276992101e-05    2.6667927593404900e-06   -5.7419261998072964e-07 
  -9.5374639599669508e-06   -3.1723924110680577e-05    1.4124766174364281e-05   -4.9902768914466172e-06    1.3960802136814371e-06 
  -7.0364838033516308e-07   -3.7918677240738336e-06   -7.8246888452618152e-06    3.0454534884682459e-06   -9.1999619910666756e-07 
   2.2194456850630026e-09   -8.6375901667006411e-09   -2.3231110267883711e-07   -6.0385817097293215e-07    1.0794621159297786e-08 
  -5.7431928423151387e-05    1.6100637003562618e-05   -2.4334404264509105e-06    4.9288380455760326e-07   -1.0612382311814500e-07 
  -1.7627397201956104e-06   -5.8633009094549304e-06    2.6105772434408851e-06   -9.2231638601732742e-07    2.5802729693816546e-07 
  -1.3005018464807887e-07   -7.0082318308187204e-07   -1.4461800205599222e-06    5.6286889813315356e-07   -1.7003616992959325e-07 
   4.1020391608283128e-10   -1.5964226273906673e-09   -4.2936362313220831e-08   -1.1160668997614201e-07    1.9950908922778387e-09 
2    101 5 
  -6.8062293859321860e-03    2.4894334559146913e-04   -4.0688698006887612e-04    1.1809061301264333e-03   -7.2921780471676533e-05 
   2.7836672276389880e-03    1.8480446237902931e-02    7.3619635724091583e-04    1.0909773705839907e-02   -1.2397500693085174e-05 
  -2.6242324743674262e-03   -2.9754776215984671e-02    1.5106799288654533e-03   -3.4531522881794540e-03    1.8885434323163866e-04 
   7.6171562171067626e-04    2.2496985716645958e-02   -9.3771611707493363e-04   -1.9808051492753195e-03   -1.1197100606359851e-04 
   7.8124883563853776e-04    8.4226422116959604e-03   -1.2563644881147416e-03    2.9895633998369324e-03   -1.8735593711384101e-04 
   9.5126653970437807e-04    1.3769159690185745e-02   -1.1238822608966761e-03   -1.5051353234476037e-03   -1.1488128787494021e-04 
  -1.0910155909389513e-03   -1.9591573296987952e-04   -1.9263736416840213e-03   -9.2413755622085746e-05    1.1949382598615830e-03 
   1.0941346563904772e-03    1.3507441439686153e-04   -3.5864960962991003e-04    5.4857478738773273e-04   -5.8216200468259221e-04 
   1.0176592751316462e-03    2.5408896640387066e-03   -2.6879375389712279e-03    5.4271674378800769e-04   -9.4715395109226945e-04 
   5.3112908267554987e-04   -4.6609833627571422e-04    3.1542930823866460e-03   -3.8217222969987524e-04    1.2334155339758421e-03 
  -3.1964716548040320e-03    1.2651651440610261e-03   -9.5728166808416550e-04    1.2692890660253348e-03    8.7119130359595231e-04 
   2.3594915038122606e-03   -9.0254125560222243e-08    5.0826855246050681e-05   -4.7288745179285841e-08    1.3773673590891916e-05 
   4.2673107371443757e-05    6.1016386040963792e-03    4.2649205117929529e-05    4.4892173394396996e-03    9.2046801543584041e-06 
   7.4831300438682385e-05   -4.2962329403066870e-04    6.7262896732738189e-05   -1.1196651096384001e-03    7.3934826678288340e-06 
   1.1241065286943433e-04    1.7354040783668838e-05    1.1121433283767128e-04    4.8832010353935187e-05    2.3268003609456289e-05 
   5.0250489716913814e-06   -7.4193153098460890e-08    1.6907693134367962e-05   -1.8943218917099625e-07    1.3795334687266578e-05 
   9.2869720442617030e-05    1.1283263428248673e-06    1.1729770922780246e-04    1.9669307463601865e-07    6.5476909492976517e-06 
   3.0713007909740365e-07    1.9331726025921844e-06   -1.3756725463289192e-05    1.6235720572584033e-07   -1.5725807970125124e-05 
  -4.3031520233078046e-08    2.9574560460711542e-06    5.8052105573370240e-07    4.8155970679407224e-07    7.0357579960834649e-07 
   2.7992619390756093e-11    2.0103840205494330e-07   -2.3442025576502074e-09    2.9397764842095741e-07   -2.6279472192624240e-09 
   1.1749078283255175e-03    1.4274614446696415e-05    1.4839497325885550e-03    2.4883916099442221e-06    8.2835754400050244e-05 
   3.8855456065331767e-06    2.4456837098948502e-05   -1.7403825877703900e-04    2.0540037278373330e-06   -1.9894939709934982e-04 
  -5.4439778375159916e-07    3.7415190267581631e-05    7.3442531068105894e-06    6.0922792339844442e-06    8.9010358902824486e-06 
   3.5413854484312288e-10    2.5433649551508181e-06   -2.9656834574684934e-08    3.7191523656618044e-06   -3.3246527992355496e-08 
  -1.0887633121270909e-05    5.0353631677725703e-03   -1.2140962082949829e-05    3.8960383094945434e-03   -3.6096180686650187e-06 
  -5.7396901102906748e-06   -3.3841242921878975e-04   -3.6484354704624300e-07   -9.1834790690111358e-04    4.9945979380139501e-06 
   2.4188211562764885e-04   -3.4423374540173440e-06    2.4769576327698473e-04   -1.1573395633538055e-05    5.7615007061777368e-05 
   1.0941746242476381e-05    1.7092298923410023e-07    4.3868098293730991e-05    4.5544980608278599e-07    4.5303097743635366e-05 
   1.4463348258431944e-06    8.5991549879552026e-09   -3.0565120906687227e-06    2.4659764804165978e-08   -1.5123919199391555e-05 
   2.8186830907770457e-04   -1.0991591548318891e-06    3.6866429163520133e-04   -2.7744096286852617e-07    3.3961744992536678e-05 
   2.0739966018014061e-06   -4.6169130798735325e-07   -4.1655050907902710e-05    3.6861380792585377e-07   -4.9144864002643840e-05 
   9.3240301715367208e-08    2.4118445696339724e-05   -4.7973078998494455e-07    4.5938554783161430e-06   -6.6012061880248301e-07 
  -7.3687060356364550e-10    1.6692460670357784e-06    2.0880331025600871e-08    3.1149434768759263e-06    2.4355266051121265e-08 
  -4.6798786123238557e-11    2.2249567565343954e-07    1.0697718470244863e-09   -5.0551658081548147e-07    1.3349537724638977e-09 
   2.3014077986716617e-04   -8.9744514350994553e-07    3.0100825404501898e-04   -2.2652592542447907e-07    2.7729199156183012e-05 
   1.6933836831186458e-06   -3.7696326353882417e-07   -3.4010655304667315e-05    3.0096703493713895e-07   -4.0125962954268495e-05 
   7.6129153440619318e-08    1.9692309220222911e-05   -3.9169220014368688e-07    3.7508064877391956e-06   -5.3897749099462889e-07 
  -6.0164257528708719e-10    1.3629116125712078e-06    1.7048442522112796e-08    2.5432994697276948e-06    1.9885669095677438e-08 
  -3.8210429439478816e-11    1.8166401352284877e-07    8.7345089612852858e-10   -4.1274586889647821e-07    1.0899675216654511e-09 
  -2.0677828969577572e-07    1.2820669239425413e-03   -8.3124853213116912e-08    5.5353246209240431e-05   -4.4700657279979360e-08 
  -2.0677828969577572e-07    1.2820669239425413e-03   -8.3124853213116912e-08    5.5353246209240431e-05   -4.4700657279979360e-08 
  -2.0677828969577572e-07    1.2820669239425413e-03   -8.3124853213116912e-08    5.5353246209240431e-05   -4.4700657279979360e-08 
  -2.0677828969577572e-07    1.2820669239425413e-03   -8.3124853213116912e-08    5.5353246209240431e-05   -4.4700657279979360e-08 
   5.9892591217969825e-04   -2.2909823744564842e-08    1.2901729288824152e-05   -1.2003626542658083e-08    3.4962660412896948e-06 
   5.9892591217969825e-04   -2.2909823744564842e-08    1.2901729288824152e-05   -1.2003626542658083e-08    3.4962660412896948e-06 
   5.9892591217969825e-04   -2.2909823744564842e-08    1.2901729288824152e-05   -1.2003626542658083e-08    3.4962660412896948e-06 
   5.9892591217969825e-04   -2.2909823744564842e-08    1.2901729288824152e-05   -1.2003626542658083e-08    3.4962660412896948e-06 
   2.0161330210035026e-03   -7.7120143272293294e-08    4.3430417549611771e-05   -4.0407181176001562e-08    1.1769297792449539e-05 
   2.0161330210035026e-03   -7.7120143272293294e-08    4.3430417549611771e-05   -4.0407181176001562e-08    1.1769297792449539e-05 
   2.0161330210035026e-03   -7.7120143272293294e-08    4.3430417549611771e-05   -4.0407181176001562e-08    1.1769297792449539e-05 
   2.0161330210035026e-03   -7.7120143272293294e-08    4.3430417549611771e-05   -4.0407181176001562e-08    1.1769297792449539e-05 
   2.9367196204617111e-06    2.7548477135940598e-04    3.6932370109933431e-07    1.0770384273118138e-05    3.7505091032041989e-08 
   5.3754705629944541e-06    1.1372334999122949e-06    3.1907556108784019e-07   -3.0564817029330165e-05    5.9165067449737066e-09 
   7.7561160968190733e-06   -1.3735342951048182e-07    8.7156846907882247e-07    1.3680886185669650e-06    1.2021753544897225e-07 
  -6.1366555845184811e-08    1.1476454659679501e-10    5.4302319691135472e-07   -5.1039610798755946e-09    8.0542905173971152e-08 
   6.2417083951574597e-05    8.9247423600773267e-03    6.2382122612780037e-05    6.5662866571601138e-03    1.3463497957649273e-05 
   1.0945421717314030e-04   -6.2840123119341999e-04    9.8384067409229523e-05   -1.6377113233782424e-03    1.0814296328492819e-05 
   1.6442076964608471e-04    2.5383401566349530e-05    1.6267093673128099e-04    7.1425585750180877e-05    3.4033634392625614e-05 
   7.3500366588425188e-06   -1.0852081207185786e-07    2.4730537961749598e-05   -2.7707860015202351e-07    2.0178154729163204e-05 
   1.7177433291161405e-03    2.0869827530610476e-05    2.1695699802516239e-03    3.6380880143612416e-06    1.2110785297582218e-04 
   5.6807605538821097e-06    3.5756480436318598e-05   -2.5444809441036429e-04    3.0030025474430096e-06   -2.9086877409450996e-04 
  -7.9592257271592030e-07    5.4701902515490832e-05    1.0737473593604438e-05    8.9070578653001942e-06    1.3013527235193377e-05 
   5.1775901761940755e-10    3.7184603590943700e-06   -4.3359001042634843e-08    5.4374896583905309e-06   -4.8607218624573835e-08 
  -6.9969386405890990e-07    2.2402063576086386e-04   -1.3180757493288408e-07    1.6097441780645068e-05   -2.2631171472529004e-08 
  -5.6685513543828896e-07    1.8381942814512226e-06    1.6279604730753705e-07   -2.5604540272875128e-05    4.5182273091697548e-08 
   1.6482283853877258e-05    7.7594565508687606e-08    2.2907451143236398e-06   -3.4430024270584681e-07    2.6248523142269006e-07 
  -1.8023361697403104e-07   -6.9572149924136724e-10    1.2413996628304314e-06    1.2716276129034605e-08    5.0046100833229613e-07 
  -1.6132663570162674e-08   -4.3771328186303109e-11    1.6324590996914153e-07    6.6711300860428187e-10   -4.1076043113073343e-07 
  -8.8812691586018348e-08    5.5065652432016558e-04   -3.5702693751898346e-08    2.3774598344434610e-05   -1.9199238442971879e-08 
  -8.8812691586018348e-08    5.5065652432016558e-04   -3.5702693751898346e-08    2.3774598344434610e-05   -1.9199238442971879e-08 
  -8.8812691586018348e-08    5.5065652432016558e-04   -3.5702693751898346e-08    2.3774598344434610e-05   -1.9199238442971879e-08 
  -8.8812691586018348e-08    5.5065652432016558e-04   -3.5702693751898346e-08    2.3774598344434610e-05   -1.9199238442971879e-08 
   8.6522456091576170e-04   -3.3096150603851789e-08    1.8638186847437066e-05   -1.7340763345787609e-08    5.0508004227273176e-06 
   8.6522456091576170e-04   -3.3096150603851789e-08    1.8638186847437066e-05   -1.7340763345787609e-08    5.0508004227273176e-06 
   8.6522456091576170e-04   -3.3096150603851789e-08    1.8638186847437066e-05   -1.7340763345787609e-08    5.0508004227273176e-06 
   8.6522456091576170e-04   -3.3096150603851789e-08    1.8638186847437066e-05   -1.7340763345787609e-08    5.0508004227273176e-06 
   3.0285057668041010e-03   -1.1809805259541338e-05    3.9610764930801869e-03   -2.9809365896589025e-06    3.6489856166225967e-04 
   2.2283848402255506e-05   -4.9605959367981550e-06   -4.4755851519414491e-04    3.9605340759301740e-06   -5.2803206053142937e-04 
   1.0018110669039370e-06    2.5913821996065615e-04   -5.1544193412050793e-06    4.9358219281436478e-05   -7.0925997582739405e-06 
  -7.9172322691506054e-09    1.7935046890423161e-05    2.2434662176363386e-07    3.3468197662430117e-05    2.6168271250222372e-07 
  -5.0282486214009933e-10    2.3905824638826545e-06    1.1494056279257670e-08   -5.4314721836739968e-06    1.4343276871218843e-08 
   1.0982058826396965e-03   -4.2008039216327864e-08    2.3656941055775255e-05   -2.2010156872628208e-08    6.4108429034971007e-06 
   1.0982058826396965e-03   -4.2008039216327864e-08    2.3656941055775255e-05   -2.2010156872628208e-08    6.4108429034971007e-06 
   1.0982058826396965e-03   -4.2008039216327864e-08    2.3656941055775255e-05   -2.2010156872628208e-08    6.4108429034971007e-06 
   1.0982058826396965e-03   -4.2008039216327864e-08    2.3656941055775255e-05   -2.2010156872628208e-08    6.4108429034971007e-06 
   4.3070756008126284e-06    4.0403371464212031e-04    5.4166052854465828e-07    1.5796148529436369e-05    5.5006021468596195e-08 
   7.8838163314752844e-06    1.6678986396150778e-06    4.6796519300026709e-07   -4.4827220396897486e-05    8.6773152144886012e-09 
   1.1375338035310088e-05   -2.0144640326253664e-07    1.2782668326426143e-06    2.0064772502363764e-06    1.7631441902536454e-07 
  -9.0001916950160255e-08    1.6831691219050251e-10    7.9641309500443716e-07   -7.4856128863855425e-09    1.1812649027721482e-07 
   1.0028181404920873e-05    9.4071331911860733e-04    1.2611503822004674e-06    3.6778236008296428e-05    1.2807074051497511e-07 
   1.8355921200964153e-05    3.8833750956043130e-06    1.0895652367258365e-06   -1.0437139713397227e-04    2.0203427834457720e-08 
   2.6485245194874944e-05   -4.6902846908570996e-07    2.9761937959053300e-06    4.6716890333712393e-06    4.1051356933599972e-07 
  -2.0955182439717149e-07    3.9189294207977995e-10    1.8542918049667220e-06   -1.7428782521840210e-08    2.7503438133359705e-07 
   2.7557810210757858e-03    3.3481529892812477e-05    3.4806479374014485e-03    5.8365960344836448e-06    1.9429370912226783e-04 
   9.1136620089332447e-06    5.7364233932188421e-05   -4.0821187749032537e-04    4.8177264240891424e-06   -4.6664168836311321e-04 
  -1.2769010846719145e-06    8.7758434111628042e-05    1.7226162629770206e-05    1.4289620924593019e-05    2.0877642639690327e-05 
   8.3064241907466910e-10    5.9655376397168793e-06   -6.9560981632558826e-08    8.7233817467937570e-06   -7.7980713592295550e-08 
   7.6737024267587960e-05    1.0972287196219573e-02    7.6694041979187780e-05    8.0727465408246355e-03    1.6552339585494046e-05 
   1.3456557704492417e-04   -7.7257118524286879e-04    1.2095567575991508e-04   -2.0134406417140773e-03    1.3295349081675676e-05 
   2.0214274348695840e-04    3.1206948141026634e-05    1.9999145793584720e-04    8.7812287278442238e-05    4.1841746889799135e-05 
   9.0363071414045283e-06   -1.3341802696129364e-07    3.0404302341224799e-05   -3.4064691776359010e-07    2.4807495818424561e-05 
 TENSORSUMACCUMULATOR_IMPL_H - PrettifyOut: Norm of simple tensor is 1.51672e-07 
 As simple full tensor 3    5 5 5 
  -1.8518501847907598e-09    7.1262619774553214e-10   -1.4003817932944652e-09   -5.0983013237980686e-09    6.7935692516344228e-10 
  -2.5428108839722478e-10    2.5511543352050349e-10   -3.4429720537294492e-10    2.0785285122913817e-09   -4.5362973692677131e-10 
  -2.6686084955885301e-10   -1.4678474687489385e-09    5.2835281818865598e-11   -7.2930906651215483e-10    3.7369344000414035e-10 
   2.5831515418736078e-10    2.5490434367160743e-10   -9.5882149628769248e-10    6.5069166412725024e-10   -5.1321478650494870e-11 
  -4.0121096626250279e-11   -8.6175964343549812e-11    3.4206920641413346e-10   -1.9961005017615461e-10   -3.2578469842482007e-11 

  -1.2389710205040283e-08    1.1893398024778274e-08   -8.3051864495011452e-09    6.8576140491797516e-08   -1.1616779838306926e-09 
   9.5994692595727692e-10   -1.1001682178239010e-07    9.6941569392079224e-10    1.3288533385601950e-08    2.7422522819900901e-10 
  -1.5643156264460789e-09    5.3065956597967439e-10    4.0806910517341211e-11   -1.5184981937791337e-08    1.1581582912299860e-10 
   2.4338041133698537e-10   -5.6739427137180294e-09   -1.3702996335490748e-10    2.7039814146488546e-09   -7.0288483700689285e-11 
   7.8224923137294321e-11    1.2757427122710718e-09    9.4367152352976376e-11   -1.6315456172378918e-10    2.4947185593851863e-11 

  -3.0092611630025376e-09    3.1865861845801754e-09    2.4119437374587568e-09    1.9168755148928748e-09    5.6073330790815737e-10 
  -6.0734703189169576e-10   -7.2840394232841206e-10   -7.0608194757195328e-10   -2.8354563443126144e-09   -1.8987034653280491e-10 
   7.9131351617162195e-11   -8.2990637885208143e-10    2.4291745100245019e-10    7.6173461047628732e-11   -2.8334165732640112e-11 
   3.1359135966685974e-10    2.0750050706106211e-10    2.6660939571222222e-10   -5.0119500104492613e-10    2.7331284955059823e-11 
  -5.3008372626367219e-11   -9.6774451646173632e-12   -3.7893458982419773e-11    1.0748540837106836e-10   -1.5038097619173578e-12 

  -2.4351462772331567e-09   -5.5853252317815250e-08    3.5817143618001119e-10   -4.6156086655207904e-08    2.3717082057582638e-10 
   6.8593031020487968e-10    3.7843339863634044e-10   -1.4135954183504991e-09    4.8809668857495857e-09   -3.6592307593006618e-10 
   8.3915893939841540e-12   -3.0717485852426072e-09   -9.4704079715256156e-10   -8.6834577218773709e-10   -7.9826459276533589e-11 
  -8.5365308973928196e-11   -1.3971774448749533e-09    1.0143464577774671e-10    1.9302383011233697e-11   -8.8969046784360816e-11 
  -3.3716093059675201e-11    1.5217402277799548e-12   -3.6485396519206394e-11   -1.3539060275840019e-10    1.9184290515232651e-11 

  -1.3048159147350881e-09    1.5938655884952177e-10    2.0388136052950678e-10    5.6473815166410995e-10    5.3729681404671814e-11 
  -4.2876669259231109e-11   -1.7597545573805504e-10    4.3175555373241967e-11   -5.3419019177653933e-10   -5.6315593750605449e-13 
  -1.5391197564378611e-12   -1.4918972265030638e-10   -1.2184413977498224e-11   -9.2292529579891141e-12   -2.9806353576465851e-12 
   9.2902941089244873e-11    4.5772883877296653e-11   -3.5037369537169141e-11   -4.3331089798414588e-11   -2.6846204774069089e-11 
  -2.0112494656414071e-11   -1.0435608894219352e-11    1.7368889240286755e-11    6.7141276971576451e-12    6.4529425988424916e-12 
