2    6 5 
   7.1408629886494071e-06    1.6686550557388845e-04   -4.7380116852064378e-08    1.9446203474204428e-05   -1.6116240568389122e-08 
  -9.1995970562564226e-06    4.8295737412212643e-06    2.1551310064765305e-06    7.5399225066048048e-05    2.9098802006754672e-08 
   7.8052213491097404e-05   -7.2242121172240336e-05   -7.3859809749855977e-07    1.6445692843323741e-04    9.3132788926885314e-08 
   6.6860184925336492e-06    5.4204017820933983e-05    1.6275945836397257e-05    3.9447359394878756e-04    2.2056835252329129e-07 
   1.5124940045122071e-04    2.3605130287370917e-05    3.9491693811964016e-05    1.2747426056725769e-03    7.1324403307078323e-07 
  -1.6943348821489177e-05   -7.2148983114126809e-06   -5.6401892001829731e-06   -1.6499045464970322e-04   -9.3273363751095770e-08 
2    6 5 
   5.3770574218882259e-03    5.5956240317999893e-03    2.8164836008461947e-04   -1.0519995916139287e-04   -2.0811391685705805e-06 
   4.8844397320218736e-03    4.8137407123028379e-04   -2.4182928768018376e-04   -4.5302893535836848e-06    3.9730598177234919e-08 
   3.1816240026932533e-03   -3.4514414403716623e-03   -7.5150623818886586e-05    5.7708757333443642e-05    1.1514222431143367e-06 
   1.1539601228767536e-03   -1.3834464202219802e-03   -1.1347447184153553e-05    2.2995251245460694e-05    4.1776082435533924e-07 
   1.0030269386911083e-03   -9.2585580734404996e-04   -1.9932132296165998e-05    1.5540571360423306e-05    2.9353402049672488e-07 
  -1.9671281287435161e-03   -5.7109974731320429e-05    8.4614230425621482e-05   -1.9070118359604275e-07   -3.0415720267695303e-08 
2    6 5 
   3.1160236391181850e-05   -1.4570058696543348e-02    4.5120058469206922e-06    2.8338225945320674e-04    6.7395393260555883e-08 
  -3.9615390215719014e-03   -6.1835058923201212e-03   -1.6151788662371004e-03    3.1836012191660236e-04   -5.9104852346029052e-05 
  -2.1661927500673164e-03   -9.5912852999472992e-04   -8.6138546199836989e-04    2.1619378741727685e-03   -3.1418117832540542e-05 
  -8.6247335769566828e-03    3.9468891426772280e-03   -3.4322862513473814e-03    7.7377421145911713e-03   -1.2517089663645581e-04 
   4.9168835387966943e-03   -3.0248901258348609e-03    1.9547248424341100e-03   -4.5523298357793484e-03    7.1274179547446771e-05 
   7.2553508429920198e-04    5.8339530978344899e-03    3.3398417553460406e-04    3.4006381198001100e-03    1.2405973210349417e-05 


 TENSORSUMACCUMULATOR_IMPL_H - PrettifyOut2: Norm of simple tensor is 1.95509e-08 
 As simple full tensor 3    5 5 5 
   3.4483640633118789e-10   -7.5377379128558240e-10    1.4003687682250037e-10    1.5876409673349914e-11    5.1168603392397190e-12 
  -5.7128381511513303e-12    9.6309450485111425e-11   -2.2752691943823767e-12   -3.2921978393490120e-12   -8.2840141338738170e-14 
  -1.1253367889411283e-11   -3.6978270690765386e-11   -4.6430254548631851e-12   -3.1413741260861834e-12   -1.7022961477829974e-13 
   2.8777882940982085e-13   -1.1694977068154417e-13    1.1732103947205194e-13    3.8774040814759202e-14    4.2951425401713131e-15 
   8.8464397623766723e-16    1.2324940453291395e-14    4.7850213658184972e-16    1.1224038234859044e-14    1.8142293429993715e-17 

   1.9641511460003109e-11   -1.2740277448307112e-08    2.6808469460809395e-13    1.8932850628973054e-10   -7.8177213468145444e-14 
   1.9362910151265628e-11   -1.4085288411402722e-08    4.7924394862822753e-13    3.2504685195475074e-10   -7.4478935188904240e-14 
  -3.1205346599845624e-12   -6.8730600783454950e-10   -1.5904940540533427e-12    1.9990186241781317e-11   -6.2490765638538488e-14 
  -3.7493004368849311e-13    2.6371819723736279e-10   -1.3343559186815862e-14   -6.0153449446022621e-12    1.2380332310866535e-15 
   7.5319752767257064e-15    5.2080398293509127e-12    5.6698844678876456e-15   -1.3376227021062572e-13    2.4081621022534194e-16 

   4.2065768096652426e-12   -4.0087905167354457e-11    1.6908205776156354e-12    9.3389275627494380e-13    6.1608257090573860e-14 
   5.0167486502773612e-12    1.8611269005861350e-11    2.0475282820979170e-12   -9.1852681799551567e-13    7.4988326082492286e-14 
  -6.7969407370344047e-13    2.2317776970590695e-12   -2.7023254306142218e-13    4.8167290453588544e-13   -9.8473907684012502e-15 
  -7.8422966609695666e-14   -3.4434055730276751e-13   -3.2072755893931736e-14    1.1941242972902064e-14   -1.1751117909504247e-15 
  -1.5641109542725329e-17   -8.3779505969331986e-15   -2.6196772799463717e-17   -1.3589172898872537e-15   -1.0789549147604039e-18 

   7.0253953935467748e-12   -4.4801534829983104e-09    2.2796499912226143e-13    8.3451302711198151e-11   -2.0426334570014442e-14 
  -2.3816235660193487e-13    2.0564389759482030e-10    4.0121682206063264e-14   -2.6667855725686436e-12    2.4800926458718656e-15 
   2.7243242019929187e-12    2.2547227099215246e-11    1.1562876821916690e-12    2.5838890150273272e-12    4.2515446569310090e-14 
  -7.6753120445557040e-14   -1.1218946342210533e-12   -3.2867347550183302e-14   -5.6861402022185378e-14   -1.2052793179454641e-15 
  -1.1935985598967466e-15   -6.2637422365639499e-14   -6.6264158274198246e-16   -1.2312520100499050e-14   -2.5062526759488683e-17 

   2.4781516299976460e-13    1.0531001119817088e-14    1.0088710258719050e-13   -2.0310364533032381e-15    3.6905278076081809e-15 
   2.6741219534063525e-14    2.3598485954457761e-12    1.2152455021887816e-14   -5.2867662481088537e-14    4.5972785336999522e-16 
  -1.1143278306028286e-14    1.0344265660416839e-13   -4.4602902802480120e-15   -1.4527994038143543e-16   -1.6238339984217027e-16 
  -2.9944550725924052e-16   -4.2448304453119326e-14   -1.4511070525765105e-16    9.0547155934788854e-16   -5.5838261970108542e-18 
   9.1249246047543952e-19   -8.5174196965803220e-16   -1.6278268691707540e-19    1.1266768905590428e-17   -1.1791145845083901e-20 
