2    5 5 
   8.3407078095934511e-06    4.7378321871964990e-04    2.1171378549543741e-07    1.3711055075517621e-05    9.4199946917100812e-09 
   8.3407078095934511e-06    4.7378321871964990e-04    2.1171378549543741e-07    1.3711055075517621e-05    9.4199946917100812e-09 
   8.3407078095934511e-06    4.7378321871964990e-04    2.1171378549543741e-07    1.3711055075517621e-05    9.4199946917100812e-09 
   8.4579204031949323e-06   -4.8252990234026890e-04    2.2147634944672170e-07   -5.5163615055951845e-06    1.0330520791860773e-09 
   8.4579204031949323e-06   -4.8252990234026890e-04    2.2147634944672170e-07   -5.5163615055951845e-06    1.0330520791860773e-09 
2    5 5 
  -4.4325181939220036e-06    4.8869225047572598e-04    2.3810235705420560e-07    6.5534389985800665e-05   -1.8514226240110477e-09 
  -1.2235990791343986e-05    1.9080468871459584e-04   -1.2630211367491588e-07   -4.1168292724791465e-05   -2.3950951932188691e-09 
   2.1449745593722274e-07   -1.2175684099712231e-05    1.0364349778368516e-08   -1.4085652807666160e-07    1.2971441467215855e-10 
   1.7307998503325582e-06   -4.9461427467938025e-04   -4.0860370461855823e-07   -3.2588990407357167e-05   -6.6617211382038413e-08 
  -3.3405532226682990e-06    2.2558003892051741e-04   -2.6076887817120597e-08   -2.2203025587631807e-05   -6.5240939430618112e-09 
2    5 5 
   4.6604227098435188e-04    1.5643896594835714e-04    3.7662556038006091e-05   -6.7498031065342417e-06    1.4140293505127824e-06 
  -5.4440496071889615e-05   -1.8172834426258871e-04   -4.6617188829996362e-05    9.2822284688219271e-06   -1.6468786293632367e-06 
   1.0463577574478059e-07   -6.3162282345100751e-06    7.2760967008253828e-06   -7.1479910594351368e-06    2.0909790317332521e-06 
  -4.6920128832760261e-04   -1.4037475154985465e-04   -7.4509695711116606e-05    1.7287432388886650e-05   -1.7378609879652179e-06 
  -8.9223845362817826e-06   -1.7344988163174498e-04   -1.3355985255128372e-04    5.6123994887151921e-05   -1.5423388847307239e-05 
 TENSORSUMACCUMULATOR_IMPL_H - PrettifyOut: Norm of simple tensor is 1.43139e-11 
 As simple full tensor 3    5 5 5 
  -1.8290057584750649e-14    1.5597450562510783e-14    6.0610950108517559e-15   -2.0432251081254882e-15    5.2987293947019651e-16 
   3.7587939978232365e-12    6.0539518977502424e-13    1.3546694561109497e-13    2.2746327634045087e-14   -1.9226314454829353e-14 
   2.6063906073347920e-15    1.0249561143435426e-15    4.1149179951703902e-16   -9.5923773770607179e-17    1.4131503857465040e-17 
   4.0443733828160694e-13    2.1918261901683838e-13    8.2203876575673154e-14   -2.2172957855418983e-14    4.7113451613014205e-15 
   2.5875150768992865e-16    8.9871949300968141e-17    4.9709382206797749e-17   -1.2926352002084771e-17    1.8435783609940819e-18 

  -2.8562261764561846e-13    5.6199385312582053e-13    3.8835924233554745e-14    3.5666917960370500e-14   -1.6619566625353647e-14 
  -8.0285935738591922e-12    5.2063122985200103e-12    1.2189268782158134e-12   -2.6655837371330046e-12    1.4305096899417454e-12 
  -3.6789700294604615e-14   -1.3679927993563675e-15   -9.2971953775563303e-15    2.7626675035903364e-15   -2.6838170746876843e-16 
   8.0581793974273745e-12    4.3366005884420560e-12   -5.2442329555774747e-13    4.8299235948372436e-13   -1.1668162900748402e-13 
  -1.5457484804500536e-14   -4.9897451562993237e-15   -2.7952451083800792e-15    7.2733167458635607e-16   -1.0366014069695791e-16 

  -4.6956968730881425e-16    3.9819673076642742e-16    1.5600289563141602e-16   -5.2933014918974769e-17    1.3779152317701481e-17 
   9.6971689230858851e-14    1.5572549113047780e-14    3.4842291066532848e-15    6.0526926752089240e-16   -5.0580558336964375e-16 
   6.7461341669264813e-17    2.6436662398969784e-17    1.0675254309061156e-17   -2.4927288234434634e-18    3.6625215866268094e-19 
   1.0371038842791313e-14    5.6207430516622026e-15    2.1232051198948864e-15   -5.7510213844466530e-16    1.2229767388078417e-16 
   6.7804851246944527e-18    2.3523883942841732e-18    1.3013867738543478e-18   -3.3841387864532892e-19    4.8264648808502778e-20 

  -1.4874404503681408e-14    1.9106163513212025e-14    3.8035611539244106e-15   -2.9888975176828542e-16   -7.1118251836804468e-17 
   1.7111694715068193e-12    4.0667525701217694e-13    9.2087760783768109e-14   -4.2421492603025616e-14    1.9268027885816314e-14 
   5.5688320419150977e-16    4.8316767006050065e-16    1.7559282022934459e-17    7.9136067617756459e-18    1.6295917741839431e-18 
   3.6404719328556701e-13    1.9667859316840014e-13    3.0387840193614803e-14   -1.3087849496112232e-15   -5.3453286365363917e-18 
  -1.8278785775927363e-16   -5.5842497000142311e-17   -3.1600134278635185e-17    8.2265355037435353e-18   -1.1718074595261706e-18 

  -1.3992227258611404e-17    1.4749365451853634e-17    4.1430504265029452e-18   -9.6527882412553428e-19    1.8512555093219161e-19 
   2.2852182520164918e-15    4.2555925514269048e-16    9.5702870557106300e-17   -9.3233699610719731e-18    6.0334139183554369e-19 
   1.3083729270736623e-18    6.3040390745106712e-19    1.7569724861662041e-19   -3.5689925843769448e-20    6.4841584608049608e-21 
   3.2481655929806599e-16    1.7576286351872721e-16    4.6890989851926632e-17   -9.6264016625636358e-18    1.9210928049743631e-18 
   2.5450563781886451e-20    1.2193503046988575e-20    6.4316515261143681e-21   -1.6684037791785298e-21    2.3859767926954135e-22 
