2    5 5 
  -4.5266562618754011e-05    7.3215634058303342e-06   -1.0067701136640651e-06    5.9140866199414970e-05   -9.0080831900722945e-09 
  -5.7581444951260762e-05   -3.5224185101507295e-06   -8.9586204051759528e-07   -4.2322142009767084e-05   -2.5112097877416523e-08 
  -3.0652815089499800e-06    3.9520620220515279e-04    7.9150807710468075e-06   -1.4974865629713865e-04    9.1933100618170134e-07 
  -2.2150196112121652e-05    8.7415558852068886e-05    5.8293963706141652e-07   -4.2450332560837255e-05    1.1050697154762848e-07 
  -1.7267503307883715e-05   -3.4620987888222670e-04   -1.4172180247337659e-06    4.4477189413319557e-05   -1.1705146379069977e-07 
2    5 5 
   1.0265263559355699e-03   -2.0303350846754848e-03    2.1594064839117074e-05   -3.0115374447664279e-04    1.7808071245806600e-05 
   2.3944910342355913e-03    2.9617091550934388e-03    1.0697495611700279e-04    8.2121107791123719e-05    1.3489047517871205e-05 
  -1.1230384379856830e-04    1.4562427735358718e-03    2.7441873826292314e-04   -8.6187883976258754e-04   -1.2324011224889317e-04 
   3.4610257886135055e-04    2.1382898689746689e-03    1.9042688076765748e-04   -8.9759118148001439e-05   -7.7421533742374885e-05 
   9.2986618590549627e-05   -1.7341986941398998e-03   -3.6999628115800578e-05    1.0705355047004367e-03    1.9062989533016211e-05 
2    5 5 
   6.0417048458164726e-06   -3.4651067944615633e-03    7.1065389179820008e-07   -4.1786331782530197e-05    1.4956176913731972e-07 
   3.5554389423083707e-06   -2.0224059453299668e-03    3.6829443411192795e-07   -2.9060278158061971e-06    7.9573504156618346e-08 
  -1.0265091403507789e-07    3.9060479416515499e-04   -3.5040814342326516e-08    2.0861402808393671e-05   -1.3018317695491348e-08 
  -2.4010786649937112e-07   -7.8812717692954481e-04    1.5834686235673553e-07   -1.0698483668261427e-04    4.3282107791677889e-08 
   2.9336936660318125e-06   -2.1510025527338291e-03    3.7430287648176128e-07   -4.7008849830239107e-05    8.6814187374611626e-08 


 TENSORSUMACCUMULATOR_IMPL_H - PrettifyOut2: Norm of simple tensor is 1.62581e-09 
 As simple full tensor 3    5 5 5 
  -7.7386463023448842e-13    4.4949020998437029e-10   -8.5628960703522761e-14    3.2452093034026334e-12   -1.8396875720492211e-14 
   4.8608779967631124e-14   -2.3924905724338450e-12    6.3699690075945736e-15    2.2153210203888062e-13    7.8303487822543209e-16 
  -2.4832964499852467e-14    1.7466157517309915e-11   -3.3625581671533492e-15    4.6242587864063425e-13   -7.5249785312351013e-16 
   1.0569970204543440e-14    1.5535467643691266e-12    1.2493174982981770e-15    1.5549154638982450e-13    1.0943784120260411e-16 
  -9.0480802883825733e-15    3.8681407385559608e-12   -7.2382376502537510e-16   -1.2417233810869656e-13   -1.4163944344562080e-16 

  -8.1732377060515846e-14    1.9080914774484049e-11   -3.4691480721392523e-15   -2.9388904728302464e-12   -4.5459728997667933e-16 
   1.5305188758831813e-12   -1.1413639720439858e-09    2.1975560961858056e-13   -3.5563989069068063e-11    4.9667573395514353e-14 
   2.2065434280390747e-14    1.9031478165329001e-12    3.6039016995881891e-15   -1.2611590427952788e-13    4.1434345306651949e-16 
  -1.0648157956248239e-12    6.7858745239199669e-10   -1.2970817636486312e-13    1.1249496062480847e-11   -2.8434037127642324e-14 
  -1.2118323563745621e-14    1.4989560893730229e-13   -1.7601598222509961e-15    1.2935627233618423e-14   -2.1610258840597473e-16 

  -1.4214655493209840e-14    7.6966836266043434e-12   -1.5107159104904415e-15    1.5485420335342275e-14   -3.1640051214453817e-16 
   8.6439204379295046e-15   -3.4837187269136089e-12    1.1888710670279458e-15   -8.6141135744048005e-14    2.1184992961864427e-16 
  -5.6786657340527638e-16    9.1728189988857214e-13   -8.9650683969052572e-17    3.2157793285354925e-14   -2.9796944928302651e-17 
  -2.1678868352323578e-15   -2.6175070754535472e-13   -1.4875830715320623e-16   -7.7849796122392454e-14   -5.6768893684196611e-18 
  -1.1957451377174038e-16   -2.0077133782275157e-13   -2.6973451521791910e-19   -1.3466620916379514e-14    4.7569390374245959e-18 

   2.0416199588383215e-14    3.8373042823030470e-12    4.4528835721335982e-15   -5.1408263179791908e-13    5.2006876199075322e-16 
  -1.3532245097255376e-12    8.2184720920111061e-10   -1.6709929826165610e-13    1.4169563345105347e-11   -3.5718988007051511e-14 
  -7.0496420714702193e-15   -1.4097034627876055e-12   -1.2158815801849946e-15    4.4707982403037307e-14   -1.2702885148249341e-16 
   5.5597314256027850e-15    1.3735978871140700e-11   -3.4107974786386373e-17    8.0087282433425816e-13   -3.2201727812948709e-16 
   4.1371107649367363e-15    2.9979023007656777e-13    7.2929379434616316e-16   -4.8822118268748923e-14    8.7691894835279537e-17 

  -3.0017504247375083e-16    1.0659155798740248e-13   -2.3117215126563728e-17   -5.1728494194450503e-15   -4.1132492147788759e-18 
   2.4741405237923641e-16   -1.2893604976666741e-14    5.2090739621519497e-17   -7.4419428996126565e-15    7.2384604699484090e-18 
  -2.8970681462265361e-17    7.8748737164154772e-14   -5.0145398568189126e-18    2.8239602362728060e-15   -2.2403520863913305e-18 
  -2.7483936233042588e-16   -3.7371272396676214e-14   -1.9540671446083253e-17   -9.6851822248637824e-15   -7.5108186849277805e-19 
   4.9648088429959054e-18   -3.1471435961613370e-14    1.5413575863075700e-18   -1.3356623711324819e-15    8.5999037657136444e-19 
