2    2 5 
   6.4037045486899238e-05    6.7601009114595897e-05   -1.2559829741970877e-05   -2.2468394080631192e-06    1.6284983848753260e-06 
  -1.5832186364412565e-04    1.4578346241027944e-04   -3.1321327101009223e-05   -2.2508504929010562e-06    2.4812149941471983e-06 
2    2 5 
  -3.4345657038863185e-02   -2.2590648586877239e-02   -3.7118388963498523e-03    9.4142405534432467e-04   -2.2354744415755109e-04 
  -1.5817632474768400e-02   -1.4668848479712180e-02   -2.2231078931844576e-03    6.2430601688189002e-04   -1.7106809336698780e-04 
2    2 5 
  -1.6821126272030125e-05    1.6807208694643902e-03   -1.9997304761101895e-05    1.3188602192679539e-03   -3.4095222886624324e-06 
   1.2808849801193492e-05   -1.2798251928289282e-03    1.5227427044499089e-05   -1.0042777269594521e-03    2.5962624727403486e-06 


 TENSORSUMACCUMULATOR_IMPL_H - PrettifyOut2: Norm of simple tensor is 1.12684e-08 
 As simple full tensor 3    5 5 5 
   6.9073199576936730e-11   -6.9016049325230660e-09    8.2115656254312940e-11   -5.4156834486792899e-09    1.4000644766479789e-11 
   5.4081352509422108e-11   -5.4036606313684128e-09    6.4293036657228174e-11   -4.2402478452042275e-09    1.0961904321976807e-11 
   8.5065880291596866e-12   -8.4995497907400987e-10    1.0112808770664864e-11   -6.6695894031866675e-10    1.7242247051028525e-12 
  -2.2801219360399782e-12    2.2782353933090296e-10   -2.7106563799643927e-12    1.7877293517043585e-10   -4.6216444939974815e-13 
   5.8771234330030664e-13   -5.8722607788106879e-11    6.9868465706601910e-13   -4.6079579774653106e-11    1.1912509908069216e-13 

   9.5187517258749364e-12   -9.5108760366004666e-10    1.1316090024488751e-11   -7.4631762376215196e-10    1.9293830653646062e-12 
  -1.7030179821912007e-12    1.7016089276383727e-10   -2.0245831969136139e-12    1.3352510605337032e-10   -3.4518959517762693e-13 
   6.9574777370442359e-14   -6.9517212119904847e-12    8.2711942367141292e-14   -5.4550096500302240e-12    1.4102311006825532e-14 
   9.5261225549793834e-14   -9.5182407671784189e-12    1.1324852619428008e-13   -7.4689553353654373e-12    1.9308770798384945e-14 
  -6.5237198847784089e-14    6.5183222452342923e-12   -7.7555338805639781e-14    5.1149218539474012e-12   -1.3223114785796004e-14 

  -9.1034478742964509e-13    9.0959158019355981e-11   -1.0822368168165494e-12    7.1375572987360952e-11   -1.8452039375449268e-13 
   1.1122606633261716e-12   -1.1113403935650892e-10    1.3222786095662778e-12   -8.7206785003251337e-11    2.2544730127368312e-13 
   1.0768705049606071e-13   -1.0759795165484553e-11    1.2802060532502006e-13   -8.4432020028117280e-12    2.1827396865639445e-14 
  -5.1570325817353968e-14    5.1527657211887904e-12   -6.1307875900897434e-14    4.0433708251918797e-12   -1.0452937125870069e-14 
   2.1401861926968938e-14   -2.1384154309490715e-12    2.5442978578685196e-14   -1.6780127476171754e-12    4.3380047256532358e-15 

  -8.4203735777936012e-13    8.4134066720707222e-11   -1.0010315237776667e-12    6.6019929721309119e-11   -1.7067496508892563e-13 
  -4.3088459446115909e-13    4.3052808624696687e-11   -5.1224456751335454e-13    3.3783501861890665e-11   -8.7337233244566188e-14 
  -7.6192618249479076e-14    7.6129577484931158e-12   -9.0579369243224848e-14    5.9738813909385001e-12   -1.5443700139455302e-14 
   1.7581282918214870e-14   -1.7566736397274107e-12    2.0900994791965618e-14   -1.3784602927025259e-12    3.5636006176713122e-15 
  -3.5168036884414057e-15    3.5138939315859780e-13   -4.1808493679562856e-15    2.7573495428617358e-13   -7.1283101777370397e-16 

   4.3812841368019737e-13   -4.3776591202579659e-11    5.2085617045924643e-13   -3.4351453427621663e-11    8.8805503720807715e-14 
   1.5263147715931881e-13   -1.5250519189395772e-11    1.8145147450484561e-13   -1.1967069278128449e-11    3.0937311504015125e-14 
   3.1025333607709862e-14   -3.0999663657051638e-12    3.6883561863503718e-14   -2.4325409382820890e-12    6.2886137787673681e-15 
  -5.9472077141172058e-15    5.9422870731176330e-13   -7.0701642216745976e-15    4.6629075503194934e-13   -1.2054565745876509e-15 
   6.8687234647069984e-16   -6.8630403737641861e-14    8.1656813118317078e-16   -5.3854218726229795e-14    1.3922412428778893e-16 
