2    105 5 
   1.1926593605241891e-03    8.9248013402098926e-04   -1.2366793945524555e-04    1.3245621467672313e-04   -1.8135056904415245e-04 
  -7.8744387662468550e-05   -2.1562189074276369e-04   -1.0008063487235647e-05   -1.6252052336602330e-05    1.8711046363279098e-04 
   6.8263424667330949e-04   -7.3524146225756326e-04    5.6075736611742625e-04   -4.9634020271227281e-04    3.3086435391962367e-05 
  -2.2984713653147694e-04   -4.5561647432854114e-05   -4.8242958379334731e-04    5.2321846866997597e-04   -2.8203339780523082e-04 
   3.0203930799839300e-04    1.6773412104609616e-04   -1.4447324466040185e-04    4.5256015148686296e-05   -6.0578280173568483e-05 
  -8.9814668909234791e-04    4.0269588137098353e-04    9.4252330257533416e-06    7.2781352865612442e-05   -8.3613997410085555e-05 
   3.2373662263063512e-04    3.0270676151758079e-04   -3.6439984898027991e-04    4.1452358232094052e-04   -9.0766836133828317e-05 
   5.0255298131713272e-05    8.1074600355093916e-05   -5.9918583327357939e-04    8.4562226609260119e-05    3.2779862636618073e-04 
  -2.9406322762177967e-04   -8.7473049621289781e-04    2.4959957216674463e-04   -5.1592394656271227e-04   -7.2146093047022978e-05 
  -2.8863787346194623e-04    3.7207779203928023e-05    3.7433462774283497e-04   -4.7813261265498922e-04    2.5428069251826009e-05 
   7.2972964799214890e-05   -4.1356294053049022e-05   -6.2882673497686547e-05   -6.4622751481569340e-06    8.2501909813082939e-04 
  -2.1811222044638203e-04    1.2560676090587171e-04    2.8048774248879625e-04    4.4790275483551795e-04    2.4068007808460357e-04 
  -2.4062036509237380e-05    1.8728727540359100e-04    2.6016938284210706e-04   -8.9414537319276076e-05   -2.5810301475832914e-04 
  -2.5011188419569015e-05   -1.3439986809534252e-04    1.2408112629841677e-04    3.0539875338969863e-04    4.0633514840064761e-06 
  -1.1866845680315492e-03    6.4501498491501582e-04   -2.7784005727562837e-03   -1.1722326240310502e-03    2.3966087766864024e-03 
  -1.5756638270965882e-04    1.7271321564206457e-05   -1.0711390541494632e-04   -7.9214319921777510e-05   -1.0270989623244684e-04 
   1.3123992204943361e-04   -1.1885109274483963e-04    3.3104619567008124e-05    1.1636496711162396e-04   -1.1250860690719853e-04 
   3.5716060035305396e-05   -3.2473082967644022e-06   -9.0371499718532809e-05   -1.6702209823365175e-04   -6.1015908120241268e-05 
  -3.3590857631857223e-05   -1.0900427696550937e-04    3.4323040513397734e-05    7.5187533099945356e-05    6.0862860732328471e-06 
   1.9994596715316375e-05    2.8781550859099534e-06    3.8900934782548964e-05   -9.4825406606612811e-06    2.7321813301108722e-05 
   2.0524067592112480e-04    1.0660513961188863e-04    6.9399984884782742e-05    7.6536426520642386e-05    2.4729654582967642e-04 
  -5.1255446649218425e-03   -3.0770147655467475e-04   -2.1394273631977234e-05    8.7836175981190372e-05    2.1310957679470788e-06 
   4.6209125083795343e-05   -7.8042416301865342e-04    1.2962059440342883e-05   -3.4512276059119545e-05    8.4498521272987374e-06 
   1.4075481094698640e-06   -4.6215547217098377e-06   -2.9369727679555944e-04   -5.4394157802505558e-06   -6.2272807987633026e-06 
   1.7880259048709986e-03    1.0231335822881344e-04   -4.2969059041949377e-05   -3.5222368260354370e-05   -4.3523492298001445e-07 
  -2.0026987004731154e-05    3.6311720918188095e-04    2.6313737220837749e-05    6.0145593073980181e-06    1.0247109541241575e-06 
   2.1810822227435593e-03    1.0854211379126186e-04   -1.5336811784463168e-05   -3.9652767522435459e-05   -6.4269969461966416e-07 
  -1.6228272875590804e-05    3.3042432057691376e-04    6.3605631086868812e-06    9.4095224752440477e-06   -1.4122268604329156e-06 
  -7.2688280463941595e-04    1.3405435743881695e-04   -5.0083465873913972e-05    6.1571211797917282e-06   -1.2676120698897361e-06 
  -5.9324025886503876e-04   -6.4679775093799780e-05   -3.2064168099298346e-05    1.0453805899921978e-05    8.0536113147879986e-07 
   3.5072729216529251e-04   -2.6208835929535828e-04    2.8681641658047041e-05   -2.9935102223644650e-05    6.7630933047342776e-06 
   1.2648512369635420e-04   -2.8598353897045417e-04   -1.7323699850286877e-06   -2.5666719487913425e-05    5.5959498952951896e-06 
  -1.3312214908823067e-05   -1.6588108807929041e-04    2.4112602068490535e-04    1.5165329968325929e-05    6.5582230487660175e-06 
  -1.7352269522996944e-05   -1.2723797720342805e-04   -9.8211969692566734e-05   -1.1004547741403649e-05    3.3107497838614941e-06 
   3.1102073512683918e-05   -1.0371529780526284e-04   -3.4142746180931760e-05   -2.3824125515285490e-05   -3.9385214212327699e-06 
   9.2078711997907806e-04   -1.6981489301836863e-04    6.3443804154217833e-05   -7.7996037907582929e-06    1.6057621113537005e-06 
   7.5149389410437137e-04    8.1933846074482992e-05    4.0617652268337853e-05   -1.3242478382996661e-05   -1.0202004395541090e-06 
  -4.4428781529801554e-04    3.3200343163342528e-04   -3.6332798148507739e-05    3.7920633679679113e-05   -8.5672259220731817e-06 
  -1.6022647946162179e-04    3.6227292423110600e-04    2.1944995246435433e-06    3.2513610950407017e-05   -7.0887336373188320e-06 
   1.6863400741084266e-05    2.1013176866564582e-04   -3.0544914905314028e-04   -1.9210855472078973e-05   -8.3077041783225220e-06 
   2.1981186206636365e-05    1.6118016526643124e-04    1.2441113772880031e-04    1.3940136920016873e-05   -4.1939302168049559e-06 
  -3.9398907928945173e-05    1.3138254166193244e-04    4.3250714865530955e-05    3.0179483926741168e-05    4.9891671302251282e-06 
  -7.0684007195703075e-04    1.3035800414237605e-04   -4.8702487383418274e-05    5.9873475476298893e-06   -1.2326595167414081e-06 
  -5.7688252437335639e-04   -6.2896324675262358e-05   -3.1180045451471921e-05    1.0165557456254892e-05    7.8315447344811473e-07 
   3.4105649885938550e-04   -2.5486165522285291e-04    2.7890787241110641e-05   -2.9109685460641134e-05    6.5766108754518010e-06 
   1.2299748097545913e-04   -2.7809796018586494e-04   -1.6846024105375813e-06   -2.4958997150493148e-05    5.4416497424513474e-06 
  -1.2945150007679393e-05   -1.6130715912648528e-04    2.3447732251168023e-04    1.4747168123451770e-05    6.3773896178485255e-06 
  -1.6873806011049302e-05   -1.2372957564562700e-04   -9.5503917937600399e-05   -1.0701113395091229e-05    3.2194606895636617e-06 
   3.0244479219210633e-05   -1.0085549980795563e-04   -3.3201309775531564e-05   -2.3167210017977320e-05   -3.8299224400685703e-06 
   9.2290675829553013e-04   -1.7020580438771327e-04    6.3589850851992897e-05   -7.8175583631988928e-06    1.6094585519581365e-06 
   7.5322382192151937e-04    8.2122456574983601e-05    4.0711153502449653e-05   -1.3272962372158050e-05   -1.0225489258602482e-06 
  -4.4531055927043322e-04    3.3276769861719863e-04   -3.6416435711879870e-05    3.8007926416933540e-05   -8.5869475492941842e-06 
  -1.6059531844493077e-04    3.6310687113865050e-04    2.1995512300561646e-06    3.2588456801398357e-05   -7.1050517971917948e-06 
   1.6902220039900372e-05    2.1061548888577408e-04   -3.0615228847159282e-04   -1.9255078576927972e-05   -8.3268283903320500e-06 
   2.2031786571817096e-05    1.6155119962034200e-04    1.2469753032574426e-04    1.3972226908800520e-05   -4.2035845820661338e-06 
  -3.9489603631633170e-05    1.3168498232750758e-04    4.3350277370754752e-05    3.0248956651884546e-05    5.0006521190862329e-06 
  -1.2559502656078816e-03    2.3162689329911583e-04   -8.6537116940205283e-05    1.0638631058242539e-05   -2.1902536498377358e-06 
  -1.0250349243857064e-03   -1.1175746652696488e-04   -5.5402329211497475e-05    1.8062692104999465e-05    1.3915496700913615e-06 
   6.0600695592111123e-04   -4.5285146707113279e-04    4.9557803855827924e-05   -5.1723605715829659e-05    1.1685664839224759e-05 
   2.1854833225926548e-04   -4.9413894432074582e-04   -2.9932893293675241e-06   -4.4348446479098101e-05    9.6690067676189987e-06 
  -2.3001616964731405e-05   -2.8661896429901026e-04    4.1663152270386851e-04    2.6203536636416507e-05    1.1331678129460545e-05 
  -2.9982257631089078e-05   -2.1984915621071701e-04   -1.6969633706281196e-04   -1.9014295799123739e-05    5.7205054843260506e-06 
   5.3739966387826440e-05   -1.7920530654283256e-04   -5.8993816968604667e-05   -4.1164705751488589e-05   -6.8052057271508538e-06 
  -1.1271009715509439e-03    2.0786404018028815e-04   -7.7659180661357981e-05    9.5472024092559450e-06   -1.9655531626328289e-06 
  -9.1987548455161358e-04   -1.0029214734840512e-04   -4.9718544428382321e-05    1.6209621015938025e-05    1.2487890866938532e-06 
   5.4383604788261781e-04   -4.0639294602728970e-04    4.4473615240488898e-05   -4.6417225148810633e-05    1.0486819863949138e-05 
   1.9612722284113255e-04   -4.4344469639927064e-04   -2.6862045445966087e-06   -3.9798691462654069e-05    8.6770529217105608e-06 
  -2.0641856240735484e-05   -2.5721441523003603e-04    3.7388884486679828e-04    2.3515287515530150e-05    1.0169149033012006e-05 
  -2.6906345442695797e-05   -1.9729459385863708e-04   -1.5228700658744581e-04   -1.7063598659439549e-05    5.1336326490808565e-06 
   4.8226725201987283e-05   -1.6082044061971793e-04   -5.2941577578018717e-05   -3.6941574134430723e-05   -6.1070523226199646e-06 
  -9.2277457770796882e-04    1.7018142716539034e-04   -6.3580743383905795e-05    7.8164387165515426e-06   -1.6092280420229333e-06 
  -7.5311594367005817e-04   -8.2110694829320245e-05   -4.0705322768042434e-05    1.3271061391425965e-05    1.0224024743182962e-06 
   4.4524678098422770e-04   -3.3272003894895018e-04    3.6411220075710762e-05   -3.8002482844220891e-05    8.5857177091589580e-06 
   1.6057231765599859e-04   -3.6305486623225750e-04   -2.1992362058445130e-06   -3.2583789416173357e-05    7.1040341971874996e-06 
  -1.6899799269485719e-05   -2.1058532410604938e-04    3.0610844071664940e-04    1.9252320825316598e-05    8.3256358049931057e-06 
  -2.2028631134425493e-05   -1.6152806192815903e-04   -1.2467967089121554e-04   -1.3970225777975825e-05    4.2029825361119494e-06 
   3.9483947850088959e-05   -1.3166612213585702e-04   -4.3344068655646418e-05   -3.0244624334640773e-05   -4.9999359154943218e-06 
   1.2466126820020612e-03   -2.2990482233757969e-04    8.5893741492496187e-05   -1.0559536280624304e-05    2.1739698230546630e-06 
   1.0174141215820978e-03    1.1092658594526833e-04    5.4990430830537967e-05   -1.7928401837068359e-05   -1.3812039488140615e-06 
  -6.0150149040103873e-04    4.4948466302595146e-04   -4.9189357628699115e-05    5.1339057453058842e-05   -1.1598785704426340e-05 
  -2.1692349616482363e-04    4.9046518124920124e-04    2.9710351922931935e-06    4.4018730137514777e-05   -9.5971208326817677e-06 
   2.2830607389465075e-05    2.8448804509349508e-04   -4.1353400221870446e-04   -2.6008721825025633e-05   -1.1247430771244593e-05 
   2.9759349252479006e-05    2.1821464891134314e-04    1.6843469973662486e-04    1.8872930665812358e-05   -5.6779753780868547e-06 
  -5.3340427136264246e-05    1.7787297310712879e-04    5.8555217038929747e-05    4.0858659491466118e-05    6.7546112257823434e-06 
   1.1154803502041197e-03   -2.0572092313618487e-04    7.6858500016634165e-05   -9.4487689707976449e-06    1.9452879427310317e-06 
   9.1039139664643562e-04    9.9258116593563354e-05    4.9205936957267768e-05   -1.6042496798360127e-05   -1.2359138381714898e-06 
  -5.3822899674282421e-04    4.0220295891610391e-04   -4.4015083968066242e-05    4.5938654895532992e-05   -1.0378698794189420e-05 
  -1.9410511457402244e-04    4.3887269882746268e-04    2.6585092744648462e-06    3.9388359526775968e-05   -8.5875908868488557e-06 
   2.0429034850883346e-05    2.5456248660981663e-04   -3.7003398110421997e-04   -2.3272840513019228e-05   -1.0064303208800316e-05 
   2.6628936000144995e-05    1.9526044977849152e-04    1.5071689913100482e-04    1.6887669772995003e-05   -5.0807039384733466e-06 
  -4.7729498665487656e-05    1.5916235186596629e-04    5.2395740033675990e-05    3.6560699611377886e-05    6.0440874735268486e-06 
   1.3721363951387285e-03   -2.5305435978772978e-04    9.4542539569877944e-05   -1.1622795320165443e-05    2.3928708244455936e-06 
   1.1198594120740602e-03    1.2209598695846988e-04    6.0527517982377787e-05   -1.9733645439741210e-05   -1.5202799030035615e-06 
  -6.6206777664410852e-04    4.9474409662194935e-04   -5.4142324099765035e-05    5.6508481134915771e-05   -1.2766688671014066e-05 
  -2.3876592011759970e-04    5.3985101824852871e-04    3.2701941649080232e-06    4.8451056660575646e-05   -1.0563472498866315e-05 
   2.5129463043723813e-05    3.1313366716897154e-04   -4.5517349796279856e-04   -2.8627587640005763e-05   -1.2379955166381379e-05 
   3.2755872609439283e-05    2.4018708139789208e-04    1.8539469800813758e-04    2.0773280605409496e-05   -6.2497011136307971e-06 
  -5.8711372395449940e-05    1.9578332840305580e-04    6.4451249040181079e-05    4.4972792716004481e-05    7.4347453958383904e-06 
   8.4139087650825705e-04   -1.9878356164761032e-04    1.6248415603637396e-05   -1.5459757722783398e-05    2.1451787853449472e-06 
   8.4139087650825705e-04   -1.9878356164761032e-04    1.6248415603637396e-05   -1.5459757722783398e-05    2.1451787853449472e-06 
   8.4139087650825705e-04   -1.9878356164761032e-04    1.6248415603637396e-05   -1.5459757722783398e-05    2.1451787853449472e-06 
   8.4139087650825705e-04   -1.9878356164761032e-04    1.6248415603637396e-05   -1.5459757722783398e-05    2.1451787853449472e-06 
   8.4139087650825705e-04   -1.9878356164761032e-04    1.6248415603637396e-05   -1.5459757722783398e-05    2.1451787853449472e-06 
   8.4139087650825705e-04   -1.9878356164761032e-04    1.6248415603637396e-05   -1.5459757722783398e-05    2.1451787853449472e-06 
   8.4139087650825705e-04   -1.9878356164761032e-04    1.6248415603637396e-05   -1.5459757722783398e-05    2.1451787853449472e-06 
2    105 5 
   4.0103111582024033e-03    7.2087564067807187e-03   -2.5798890794859262e-03    2.5908424225550542e-03   -1.0168405554484485e-03 
  -5.7774455887522761e-03   -9.6693879030829311e-03    1.2170908460021638e-02   -1.2198841891778221e-02    1.5077738703325825e-03 
  -1.0825375220850458e-02    4.2966374461284984e-04    7.9402747867716571e-03   -1.6072598935819768e-03   -1.1426185999807098e-03 
   5.3781812117435664e-03    8.3074554143760491e-03    1.7315487652670223e-03   -2.9366274114015420e-03    2.4187111331540109e-03 
  -1.0039596641947141e-02    8.9790600821155649e-03   -2.7755672352814620e-02    1.1022735977553520e-02    1.0936504841892788e-03 
   3.2914713215413775e-03   -1.7159122842342253e-03    6.8022650811374501e-03   -7.3839480950790397e-03    2.9471294415867539e-03 
  -1.0373357308015510e-02    6.8507251321639864e-04    1.6520447403668922e-03    3.4347910668228328e-03   -9.1446757967061018e-03 
   2.6986257912876626e-03   -2.4276730233479767e-03    1.0630613497048208e-03    3.4668986691255826e-03    2.3591487626306957e-03 
  -4.7355682163277351e-03   -2.3950562744287354e-03   -2.2766182856837325e-03   -1.4331572101028050e-03   -3.0268024767946392e-03 
   9.6741201369092596e-03   -1.9251602368129026e-03   -1.4315658937487689e-04    2.6061071812700882e-03    6.0224725450293629e-04 
   7.8660778439266551e-03    4.8724824436897782e-04    3.1008071684726921e-03   -2.3278136556388459e-03    2.3040348596324155e-03 
  -1.0645053678272744e-04   -1.9952868108348764e-03    2.2861527617861832e-06   -1.5478121731216836e-04    5.2605979264908464e-03 
   2.6677084613462546e-03   -4.3061255726278931e-03   -3.0726772935459295e-03   -3.5221551533456473e-03   -3.0724423291732445e-03 
   2.5952771735694808e-03    2.9684850404588328e-03   -4.0143747438180308e-03   -2.2776939930175171e-03   -3.3952307455900094e-03 
  -5.6735207866709554e-04    9.2452627376038540e-04   -1.4877054464518822e-04    8.9371682595327357e-04    1.6322083127115537e-03 
  -1.0279285991825161e-03    4.8267520398893524e-05    3.9359035221666712e-03    5.3326994931853552e-03    1.2507517983275174e-03 
   1.1343560983500386e-03    1.9656620164902115e-03   -2.9992599289456199e-03   -6.2873573846763855e-04    1.1686188336762925e-03 
  -2.6302474152374322e-03    2.7927102673867945e-03    5.0017148298093931e-04   -1.7773802415628715e-03    2.5842492297551496e-04 
   5.3814608135036219e-04   -2.6977486679839531e-03   -1.9327669955617015e-03    2.3726092661508777e-03   -8.3917313928650965e-04 
   1.3129065900735399e-03   -5.8963309222413050e-03    3.5715458789552083e-03   -4.5505505296128713e-03   -6.0760763465348214e-03 
  -1.3424098655621713e-03   -7.5064957272365132e-04   -1.3688077606994066e-04   -1.7930246930662563e-03    2.2464645702774543e-03 
   7.5533549659878812e-04    5.0044375398264011e-03   -7.8681624655872306e-04    3.5265478811169118e-04   -1.2527471107276074e-04 
  -3.8628552788705031e-04   -2.5362477977367110e-05   -2.2716471847325360e-04    6.0221320790107547e-04   -2.2023475705573245e-04 
   1.0619019662130120e-04    9.2791518712097428e-06    2.3050313562689856e-04    1.4509886517542598e-04   -2.8318896519501769e-05 
  -1.7819834183743647e-03    1.6726997667327025e-04   -7.8879900792141130e-05    2.9179361080298595e-05   -8.6129050019801636e-06 
   3.8063545679762597e-05    3.3139944307568076e-04   -1.4205958279631304e-04    3.7403958394210585e-05   -1.1420157041359642e-05 
   2.1739668594396898e-03   -1.8486682940379245e-04    9.6337388455379011e-05   -3.2216523773018539e-05    9.0872598045048440e-06 
  -3.1118021328430710e-05   -2.4362889995974699e-04    2.1267130845632065e-04   -6.0668260190264417e-05    1.8479268064151535e-05 
  -7.3972092619806738e-04   -3.9057209385621969e-05    1.0383848826916784e-05    6.6889032175340388e-06   -3.4601967126959103e-06 
  -5.8927543235794003e-04    9.8674831497268782e-05   -1.6371451504527210e-05    2.2821240821802808e-06   -1.7180903620000428e-07 
  -3.3133524820103073e-04   -2.8558962673777658e-04   -3.7124735158307825e-05    2.5227964002409776e-05   -1.0259150217145514e-05 
   2.2908511353376104e-05   -2.9828995001099780e-04   -7.7652041502311686e-05    5.0963867809910995e-05   -1.8690045136385049e-05 
   2.9293097881867537e-04    1.6916098716467491e-05   -2.9078658961965431e-06    2.3013376653136995e-06    2.0306530570238653e-07 
  -9.0512217984593216e-05    1.1084624507323771e-04   -5.2952287685083069e-05    5.2022467571687190e-05   -1.6691994242114687e-05 
   6.7445017112996040e-05   -9.3143625402338870e-05    1.2070637010494627e-05    7.8880129225698353e-06   -6.3673925418934827e-06 
  -9.3704995753759773e-04   -4.9476167430383751e-05    1.3153859459335959e-05    8.4732447791873031e-06   -4.3832438259766898e-06 
  -7.4647140470527338e-04    1.2499747322247229e-04   -2.0738723745444503e-05    2.8909068252179833e-06   -2.1764106485840040e-07 
  -4.1972272145015919e-04   -3.6177393139768540e-04   -4.7028183564421907e-05    3.1957812412742696e-05   -1.2995896066855322e-05 
   2.9019619197825440e-05   -3.7786221139951288e-04   -9.8366613158332782e-05    6.4559063392566237e-05   -2.3675828790513337e-05 
   3.7107367324902351e-04    2.1428661840672808e-05   -3.6835724366494445e-06    2.9152458517639141e-06    2.5723530232377209e-07 
  -1.1465738904402303e-04    1.4041575080609220e-04   -6.7077917048867963e-05    6.5900056768162710e-05   -2.1144774930435457e-05 
   8.5436748081036787e-05   -1.1799075453597404e-04    1.5290617714804479e-05    9.9922307350961044e-06   -8.0659674475788705e-06 
  -7.1932420104688023e-04   -3.7980263828457086e-05    1.0097529347457596e-05    6.5044664716491425e-06   -3.3647868374059926e-06 
  -5.7302702217178073e-04    9.5954017003438191e-05   -1.5920032618245195e-05    2.2191978406524416e-06   -1.6707165272773580e-07 
  -3.2219916221088362e-04   -2.7771490950821313e-04   -3.6101074758126222e-05    2.4532339707277406e-05   -9.9762691198925889e-06 
   2.2276842580533317e-05   -2.9006503989928006e-04   -7.5510899766479341e-05    4.9558613520698345e-05   -1.8174694413958612e-05 
   2.8485383451786248e-04    1.6449661978056563e-05   -2.8276857372194665e-06    2.2378816372671038e-06    1.9746607620722911e-07 
  -8.8016475647621989e-05    1.0778982161037817e-04   -5.1492205619282439e-05    5.0588023938735086e-05   -1.6231736857574439e-05 
   6.5585319180775387e-05   -9.0575325845530130e-05    1.1737806808207118e-05    7.6705124762899246e-06   -6.1918209837462345e-06 
  -9.3920703266531192e-04   -4.9590060835233963e-05    1.3184139449047227e-05    8.4927500632089250e-06   -4.3933339883630874e-06 
  -7.4818977082619065e-04    1.2528521555504104e-04   -2.0786463980436229e-05    2.8975616499250927e-06   -2.1814207136717710e-07 
  -4.2068891694026499e-04   -3.6260672963111574e-04   -4.7136441746659032e-05    3.2031378823729830e-05   -1.3025812427176001e-05 
   2.9086421931536522e-05   -3.7873204461529454e-04   -9.8593051645346754e-05    6.4707677400594767e-05   -2.3730330197830231e-05 
   3.7192787935049794e-04    2.1477990302944104e-05   -3.6920519658573751e-06    2.9219567045497534e-06    2.5782745418093752e-07 
  -1.1492132865591462e-04    1.4073898578536594e-04   -6.7232329420717615e-05    6.6051757723086283e-05   -2.1193449889242791e-05 
   8.5633422210090347e-05   -1.1826236750587225e-04    1.5325816490381677e-05    1.0015232702297190e-05   -8.0845351852135280e-06 
  -1.2781327165870230e-03   -6.7485311509203586e-05    1.7941816217082973e-05    1.1557474903887335e-05   -5.9787285551785498e-06 
  -1.0181842672056262e-03    1.7049609653276346e-04   -2.8287543375988290e-05    3.9431863415538038e-06   -2.9686161685482863e-07 
  -5.7250025771317067e-04   -4.9345831992008598e-04   -6.4146270464919157e-05    4.3590339305509668e-05   -1.7726354727192792e-05 
   3.9582654501266906e-05   -5.1540267503001451e-04   -1.3417170075745951e-04    8.8058326464353655e-05   -3.2293743920535732e-05 
   5.0614313380903159e-04    2.9228616415731371e-05   -5.0243793378656969e-06    3.9763846847883332e-06    3.5086801201629120e-07 
  -1.5639225951272971e-04    1.9152657079352794e-04   -9.1494033643588988e-05    8.9887436526511202e-05   -2.8841395707948986e-05 
   1.1653541205864171e-04   -1.6093895785824862e-04    2.0856346666375634e-05    1.3629366194918479e-05   -1.1001950112422720e-05 
  -1.1470077009291732e-03   -6.0561920523681706e-05    1.6101145915897479e-05    1.0371781072511061e-05   -5.3653643362379541e-06 
  -9.1372764368970367e-04    1.5300471786970995e-04   -2.5385493753157889e-05    3.5386505965032172e-06   -2.6640626299905107e-07 
  -5.1376683802791423e-04   -4.4283389799088489e-04   -5.7565435305980873e-05    3.9118359322688554e-05   -1.5907788852933288e-05 
   3.5521827230435913e-05   -4.6252695801224510e-04   -1.2040688108392729e-04    7.9024327657660669e-05   -2.8980693857520207e-05 
   4.5421736312455693e-04    2.6230021093483302e-05   -4.5089228357366706e-06    3.5684430858542259e-06    3.1487208375906916e-07 
  -1.4034780872037965e-04    1.7187765306512731e-04   -8.2107561927137463e-05    8.0665787343274549e-05   -2.5882525776274278e-05 
   1.0457991828825517e-04   -1.4442805637262496e-04    1.8716671538978293e-05    1.2231114798547488e-05   -9.8732481693173548e-06 
  -9.3907251751922213e-04   -4.9582958445616073e-05    1.3182251189715284e-05    8.4915337142297078e-06   -4.3927047661120693e-06 
  -7.4808261356179074e-04    1.2526727195103559e-04   -2.0783486900685153e-05    2.8971466552379918e-06   -2.1811082861496410e-07 
  -4.2062866501587303e-04   -3.6255479635600914e-04   -4.7129690769369482e-05    3.2026791224348567e-05   -1.3023946843762931e-05 
   2.9082256114885593e-05   -3.7867780183969930e-04   -9.8578930947476907e-05    6.4698409835110330e-05   -2.3726931491557491e-05 
   3.7187461108132444e-04    2.1474914181383220e-05   -3.6915231826474061e-06    2.9215382159531921e-06    2.5779052760728666e-07 
  -1.1490486938892094e-04    1.4071882886088069e-04   -6.7222700269423545e-05    6.6042297655677723e-05   -2.1190414520140085e-05 
   8.5621157616770519e-05   -1.1824542972848271e-04    1.5323621495697387e-05    1.0013798300250337e-05   -8.0833773016014121e-06 
  -1.2686302136398308e-03   -6.6983580066774987e-05    1.7808424622244467e-05    1.1471548819756140e-05   -5.9342786440083290e-06 
  -1.0106143968202236e-03    1.6922851325384264e-04   -2.8077234649194304e-05    3.9138700277268649e-06   -2.9465454684366110e-07 
  -5.6824390364634532e-04   -4.8978961707060547e-04   -6.3669363711626778e-05    4.3266259245321711e-05   -1.7594565018775092e-05 
   3.9288370280094347e-05   -5.1157082300486525e-04   -1.3317417760095812e-04    8.7403641316330244e-05   -3.2053650389716651e-05 
   5.0238012347504646e-04    2.9011311115563092e-05   -4.9870247041517804e-06    3.9468215520275433e-06    3.4825942194188691e-07 
  -1.5522953369587859e-04    1.9010263274717938e-04   -9.0813805125012042e-05    8.9219152537357420e-05   -2.8626969268378802e-05 
   1.1566900899879632e-04   -1.5974242881121054e-04    2.0701286481237649e-05    1.3528036269821646e-05   -1.0920154175262669e-05 
  -1.1351818374876325e-03   -5.9937515821524680e-05    1.5935140096843715e-05    1.0264846074158644e-05   -5.3100464286920304e-06 
  -9.0430694117107045e-04    1.5142721067601554e-04   -2.5123764575334813e-05    3.5021664484999620e-06   -2.6365956471302754e-07 
  -5.0846980605298640e-04   -4.3826819786464943e-04   -5.6971924925597287e-05    3.8715041738131375e-05   -1.5743776581281359e-05 
   3.5155590562904533e-05   -4.5775821876223565e-04   -1.1916546367062932e-04    7.8209572092652693e-05   -2.8681897495715054e-05 
   4.4953429734850652e-04    2.5959584681182860e-05   -4.4624349998828483e-06    3.5316517717261373e-06    3.1162569381672472e-07 
  -1.3890079662194112e-04    1.7010556238765924e-04   -8.1261017641443841e-05    7.9834108022592439e-05   -2.5615672105540925e-05 
   1.0350167981487570e-04   -1.4293897615947018e-04    1.8523699162663100e-05    1.2105009722506363e-05   -9.7714531382288950e-06 
  -1.3963709123448128e-03   -7.3728279371185673e-05    1.9601587499513256e-05    1.2626640071492630e-05   -6.5318120246147683e-06 
  -1.1123750105775912e-03    1.8626844206164606e-04   -3.0904382807286386e-05    4.3079647659783519e-06   -3.2432385259227474e-07 
  -6.2546142259409970e-04   -5.3910743027602828e-04   -7.0080348503869704e-05    4.7622818096691925e-05   -1.9366193981055706e-05 
   4.3244388209196060e-05   -5.6308182571087283e-04   -1.4658372934685205e-04    9.6204473971162044e-05   -3.5281191128384640e-05 
   5.5296569781989420e-04    3.1932513143076660e-05   -5.4891773514071260e-06    4.3442342395855395e-06    3.8332630069910362e-07 
  -1.7085987962392352e-04    2.0924441486121911e-04   -9.9958013416759844e-05    9.8202792340708391e-05   -3.1509471211681050e-05 
   1.2731593327125728e-04   -1.7582718641021895e-04    2.2785736915078614e-05    1.4890199007736673e-05   -1.2019724490801608e-05 
   7.8259431236565944e-04    4.1320920957531594e-05   -1.0985684931446694e-05   -7.0765844639696708e-06    3.6607457909026312e-06 
   5.6355188610256505e-04   -9.4367394850699879e-05    1.5656791148911822e-05   -2.1825028844093695e-06    1.6430908380576008e-07 
  -2.4321069293827607e-04   -2.0963194043495127e-04   -2.7250745617996519e-05    1.8518134245485565e-05   -7.5305451104796295e-06 
   1.0066569750484986e-05   -1.3107602416129332e-04   -3.4122238673329387e-05    2.2394791269898829e-05   -8.2128707580732986e-06 
  -4.3053244750627740e-05   -2.4862271010150441e-06    4.2738075240737137e-07   -3.3823685756336338e-07   -2.9845325141174579e-08 
   1.5020137646169197e-05   -1.8394487458526699e-05    8.7872186475960688e-06   -8.6329187486392225e-06    2.7699691454727426e-06 
   1.4664062179246339e-05   -2.0251517057397803e-05    2.6244277078090948e-06    1.7150312494319780e-06   -1.3844142110241015e-06 
2    105 5 
   1.4097715196938114e-02    4.3651800982263764e-03   -2.0810149142690294e-03    1.4423709252404807e-03   -2.7547952888469984e-04 
  -1.5828776949558848e-03   -1.3602924684217593e-02    2.7236001554071070e-03    6.3455030909204506e-03   -5.4960047876004645e-03 
   7.0319279919241039e-03    2.1968103473787855e-03    3.2979150876396494e-04    1.4959074363840067e-03   -6.4785663080906518e-04 
  -2.8953455691199982e-03   -7.0313425747152913e-03   -2.0011255933120699e-03   -7.1362525455925178e-04   -4.6556829312762137e-03 
  -3.4989248060634148e-03    8.0322121572362903e-03    2.2810565482473929e-03   -3.8608820978669554e-03    3.1298353006816940e-03 
   9.2514491516425771e-03   -3.4922147896412265e-03    5.6552230000310260e-04    2.6691503804114787e-03   -7.8947972857569939e-04 
  -1.6386476506710813e-03    2.3874636907666850e-03    1.6784394022050200e-03    1.0319177138390910e-03   -3.8621871606662238e-03 
   1.5980916826286878e-03   -5.2457004298560247e-03    8.7942327039604359e-03    1.2939691366522610e-03   -4.8492771408350024e-04 
   4.8248283858573471e-04    3.7934915284411016e-04    2.7155110814856389e-03   -5.2473119316277118e-03   -2.3575272362557267e-03 
   2.5379908423803451e-03   -3.9452536285132164e-03    5.7324281913499189e-03   -7.2228897593608066e-03    3.1856801193560743e-03 
   1.3789061042169151e-03   -2.2371378465042087e-04   -4.0232463874815445e-03   -4.4533608372272467e-03    3.0809731963276537e-03 
   3.9923762984421892e-04    8.0998563329160432e-04   -3.5562092338220427e-03    1.5420333902507709e-03   -1.1723022545206839e-03 
   3.3428448008976817e-03    1.8510756296542675e-03   -8.2610363366805934e-04   -1.7077262145294586e-03   -2.7242907671636393e-03 
   6.6384164534896760e-04   -3.2394219970891236e-03   -4.5432974338082688e-03   -4.7495748060624888e-03    7.5822300289379147e-04 
  -1.5327648266536252e-03   -6.6325381578444503e-04   -2.9892843801962264e-04    1.5182479849066921e-03   -1.3186767132414230e-04 
  -2.8830489853480176e-04    6.9476640839411137e-04    7.2006724821933703e-06   -1.9965882288146752e-03   -5.1235335166823293e-03 
   2.4636493147892529e-03    9.9047789639703952e-04    7.2011210705029156e-04   -4.9123673054886851e-04   -8.7211809367268643e-04 
   8.5144715424105035e-04   -8.3319677107481752e-04   -3.3370128113882391e-04   -1.3257827609476972e-03   -1.4550613091422007e-03 
   3.5532785532401822e-04    1.4711505432313319e-03    1.6154925149090447e-03   -2.3679026099618751e-04   -2.1026448286253436e-03 
   5.9641599554792978e-04    3.5783304037921663e-04    1.8396790786970039e-03    4.3394908062036134e-04   -1.9330985548555210e-03 
  -1.9634132444270487e-03    1.3228231582745355e-03   -6.8380230105183001e-05   -8.2457997271471887e-04   -9.9137035434120275e-04 
   5.1210298612956338e-03    3.8705050908251448e-04    7.7637206747898331e-05   -2.2315597925418053e-05    6.3910004798982107e-06 
   5.1210298612956338e-03    3.8705050908251448e-04    7.7637206747898331e-05   -2.2315597925418053e-05    6.3910004798982107e-06 
   5.1210298612956338e-03    3.8705050908251448e-04    7.7637206747898331e-05   -2.2315597925418053e-05    6.3910004798982107e-06 
   1.7872598530093730e-03    1.3508217188856633e-04    2.7095694904852787e-05   -7.7882327087052437e-06    2.2304846657144501e-06 
   1.7872598530093730e-03    1.3508217188856633e-04    2.7095694904852787e-05   -7.7882327087052437e-06    2.2304846657144501e-06 
   2.1779994346450633e-03    1.6461450387784312e-04    3.3019489630853918e-05   -9.4909346326346719e-06    2.7181242463040310e-06 
   2.1779994346450633e-03    1.6461450387784312e-04    3.3019489630853918e-05   -9.4909346326346719e-06    2.7181242463040310e-06 
  -7.2691472079559189e-04   -1.2886085443746364e-04    4.8195857321642926e-05   -3.6460791578548965e-05    1.4652367151227918e-05 
   1.4033779863694361e-04   -5.5391085316957233e-04   -1.5791787411941510e-04    7.1879554498911340e-05   -2.5275744855963944e-05 
   3.0288559320181636e-04    2.7630632011162615e-04    1.4601947077415349e-04   -6.0592028228115028e-05    1.9659172396501892e-05 
  -2.0087274635189668e-04   -2.2643372578375856e-04   -7.6764980478494834e-05    2.9674242579372680e-05   -9.0913161326233512e-06 
   2.6618162041928652e-04    1.0992299037489990e-04   -3.1246547957940211e-05    4.4259477145232048e-05   -1.5412296507539751e-05 
   1.4384708075082511e-04    6.9112516545676619e-05    2.7785471799836459e-05    4.8939017548044781e-06   -1.9367305183273388e-06 
   4.9556910614572900e-05    3.6149755312582975e-05   -9.7818240659041826e-05   -1.1874342806404132e-05    9.6414647085012654e-07 
  -9.2082755013554686e-04   -1.6323596359440039e-04    6.1052654396100023e-05   -4.6187125428594869e-05    1.8561053946994967e-05 
   1.7777451413948051e-04   -7.0167291888019912e-04   -2.0004427615503658e-04    9.1054249116904703e-05   -3.2018339356362046e-05 
   3.8368379505937734e-04    3.5001419637903115e-04    1.8497183740878262e-04   -7.6755645902964922e-05    2.4903481849631822e-05 
  -2.5445785264848061e-04   -2.8683751617152145e-04   -9.7242918444201824e-05    3.7590186736877783e-05   -1.1516528861527083e-05 
   3.3718861705474490e-04    1.3924620734012542e-04   -3.9581922587579330e-05    5.6066199712283225e-05   -1.9523703164887857e-05 
   1.8221993745973360e-04    8.7549072090333403e-05    3.5197564714057284e-05    6.1994061126571549e-06   -2.4533755713630693e-06 
   6.2776784247206791e-05    4.5793116675437005e-05   -1.2391237696500511e-04   -1.5041959783017613e-05    1.2213435872547258e-06 
  -7.0687110807177167e-04   -1.2530770440801007e-04    4.6866926882608461e-05   -3.5455438453763556e-05    1.4248349507528250e-05 
   1.3646818861815939e-04   -5.3863756965111449e-04   -1.5356351917176147e-04    6.9897580669078777e-05   -2.4578803073515857e-05 
   2.9453396493499945e-04    2.6868757651622900e-04    1.4199319693678912e-04   -5.8921291464625229e-05    1.9117099404012443e-05 
  -1.9533397348148215e-04   -2.2019014620367519e-04   -7.4648298156009262e-05    2.8856018640417822e-05   -8.8406363561666544e-06 
   2.5884205064410877e-04    1.0689202431314880e-04   -3.0384969992453745e-05    4.3039086645660284e-05   -1.4987324920716318e-05 
   1.3988070739843789e-04    6.7206839749787807e-05    2.7019327959063759e-05    4.7589595550174578e-06   -1.8833280003300832e-06 
   4.8190451117012680e-05    3.5152978558972533e-05   -9.5121045407651935e-05   -1.1546925130365113e-05    9.3756153878325757e-07 
  -9.2294728152162039e-04   -1.6361173036562272e-04    6.1193196702536741e-05   -4.6293447507456539e-05    1.8603781218354581e-05 
   1.7818374843879092e-04   -7.0328815955006104e-04   -2.0050477511676703e-04    9.1263854650166674e-05   -3.2092045099477189e-05 
   3.8456702947454606e-04    3.5081992387657045e-04    1.8539763983969098e-04   -7.6932336263342300e-05    2.4960809296113423e-05 
  -2.5504361085761811e-04   -2.8749781188665583e-04   -9.7466770202621981e-05    3.7676718790162675e-05   -1.1543039740445516e-05 
   3.3796482025858312e-04    1.3956675004765751e-04   -3.9673039587301669e-05    5.6195263273870302e-05   -1.9568646440493487e-05 
   1.8263940505770557e-04    8.7750608757979998e-05    3.5278588986872278e-05    6.2136770537362758e-06   -2.4590232056021611e-06 
   6.2921295475032235e-05    4.5898531751982839e-05   -1.2419762142205578e-04   -1.5076586151717622e-05    1.2241551021086225e-06 
  -1.2560054121935080e-03   -2.2265325761485890e-04    8.3275597411256496e-05   -6.2999070242236165e-05    2.5317209731626389e-05 
   2.4248378741099889e-04   -9.5707929630625980e-04   -2.7285966139053221e-04    1.2419766293614222e-04   -4.3672897835343227e-05 
   5.2334329386059873e-04    4.7741808434371015e-04    2.5230091003968110e-04   -1.0469442042252254e-04    3.3968258205345909e-05 
  -3.4707958081248136e-04   -3.9124532349031236e-04   -1.3263898527518056e-04    5.1272877293835572e-05   -1.5708503267122620e-05 
   4.5992404103076907e-04    1.8993131778135040e-04   -5.3989597713172225e-05    7.6474091451090936e-05   -2.6630259745756981e-05 
   2.4854732856906611e-04    1.1941661428547811e-04    4.8009349601214339e-05    8.4559672750198697e-06   -3.3463953107416929e-06 
   8.5627304225410487e-05    6.2461643743273298e-05   -1.6901602920427284e-04   -2.0517178156416117e-05    1.6659081882530130e-06 
  -1.1271504605887977e-03   -1.9981101947156213e-04    7.4732263943018539e-05   -5.6535927593011320e-05    2.2719889845052190e-05 
   2.1760711380080803e-04   -8.5889149774252783e-04   -2.4486669406569256e-04    1.1145609057372224e-04   -3.9192448083791039e-05 
   4.6965294018187775e-04    4.2843924750423604e-04    2.2641708721744415e-04   -9.3953706771243364e-05    3.0483417913533690e-05 
  -3.1147231180360776e-04   -3.5110704324526964e-04   -1.1903140853816400e-04    4.6012737442373252e-05   -1.4096950953241610e-05 
   4.1273993698669187e-04    1.7044605878219234e-04   -4.8450746580087477e-05    6.8628531824293460e-05   -2.3898232640262540e-05 
   2.2304858972341466e-04    1.0716553486721287e-04    4.3084018580041161e-05    7.5884604606258019e-06   -3.0030850020203344e-06 
   7.6842706615486183e-05    5.6053636258947161e-05   -1.5167649224678275e-04   -1.8412298692725629e-05    1.4950008681958917e-06 
  -9.2281509513024006e-04   -1.6358829756002536e-04    6.1184432488143255e-05   -4.6286817265520650e-05    1.8601116746878780e-05 
   1.7815822859905544e-04   -7.0318743318597426e-04   -2.0047605841408222e-04    9.1250783654833349e-05   -3.2087448811348227e-05 
   3.8451195100052283e-04    3.5076967873181518e-04    1.8537108681172123e-04   -7.6921317857291693e-05    2.4957234358115507e-05 
  -2.5500708299168375e-04   -2.8745663586388195e-04   -9.7452810813076634e-05    3.7671322653681610e-05   -1.1541386522759742e-05 
   3.3791641624797718e-04    1.3954676101316459e-04   -3.9667357533685903e-05    5.6187214873692348e-05   -1.9565843779053386e-05 
   1.8261324706974483e-04    8.7738040936886238e-05    3.5273536315430982e-05    6.2127871182400882e-06   -2.4586710192851560e-06 
   6.2912283758809279e-05    4.5891958070686606e-05   -1.2417983358549946e-04   -1.5074426852310569e-05    1.2239797761190701e-06 
  -1.2466674185906772e-03   -2.2099790272938439e-04    8.2656470305315000e-05   -6.2530692551188719e-05    2.5128984473820709e-05 
   2.4068099895670420e-04   -9.4996372159651275e-04   -2.7083103814751170e-04    1.2327429352170731e-04   -4.3348203979214615e-05 
   5.1945240590525158e-04    4.7386863545264884e-04    2.5042513445697531e-04   -1.0391605130192279e-04    3.3715715202950030e-05 
  -3.4449915649755749e-04   -3.8833654117741650e-04   -1.3165285736206712e-04    5.0891680050957141e-05   -1.5591715631022977e-05 
   4.5650465468797228e-04    1.8851923992467776e-04   -5.3588202533525232e-05    7.5905531339948235e-05   -2.6432272386201492e-05 
   2.4669945964935717e-04    1.1852879041987705e-04    4.7652415630150262e-05    8.3930998959836758e-06   -3.3215159450153339e-06 
   8.4990692940680338e-05    6.1997261644251644e-05   -1.6775944974676155e-04   -2.0364639579342504e-05    1.6535227002178604e-06 
  -1.1155293290007579e-03   -1.9775093057375305e-04    7.3961760355857465e-05   -5.5953031629266553e-05    2.2485643540954340e-05 
   2.1536354384950649e-04   -8.5003616612167184e-04   -2.4234207275490572e-04    1.1030695748090597e-04   -3.8788366630281068e-05 
   4.6481073072590840e-04    4.2402195891072693e-04    2.2408268479617372e-04   -9.2985026521578775e-05    3.0169128186285275e-05 
  -3.0826097414456106e-04   -3.4748706410875807e-04   -1.1780417250349200e-04    4.5538337532831082e-05   -1.3951608758258887e-05 
   4.0848451121429239e-04    1.6868872810893345e-04   -4.7951210341374651e-05    6.7920958854303750e-05   -2.3651837402053618e-05 
   2.2074891713990845e-04    1.0606063820439823e-04    4.2639814308502596e-05    7.5102220171818786e-06   -2.9721226352389589e-06 
   7.6050443970538845e-05    5.5475712808857756e-05   -1.5011267930712307e-04   -1.8222464457254811e-05    1.4795871302602639e-06 
  -1.3721966432546592e-03   -2.4325058613820156e-04    9.0979301620355846e-05   -6.8827022459710846e-05    2.7659267924364349e-05 
   2.6491560935868461e-04   -1.0456173078318277e-03   -2.9810151119158250e-04    1.3568700781584804e-04   -4.7713013995857521e-05 
   5.7175701962238889e-04    5.2158333587226473e-04    2.7564089970116102e-04   -1.1437954874763239e-04    3.7110612290420597e-05 
  -3.7918740724323036e-04   -4.2743885844002797e-04   -1.4490922458801144e-04    5.6016056483178317e-05   -1.7161674021815107e-05 
   5.0247094409598550e-04    2.0750158731668725e-04   -5.8984096751065950e-05    8.3548598251557119e-05   -2.9093786282584524e-05 
   2.7154007987653493e-04    1.3046367131905613e-04    5.2450624597687733e-05    9.2382164898393325e-06   -3.6559654662502556e-06 
   9.3548561406160051e-05    6.8239879418197154e-05   -1.8465145586060825e-04   -2.2415192420328909e-05    1.8200189280227776e-06 
  -7.6904587381806564e-04   -1.3632948345486683e-04    5.0989234566287342e-05   -3.8574017718246758e-05    1.5501601738077673e-05 
   1.3421165514548693e-04   -5.2973107123661912e-04   -1.5102431040302759e-04    6.8741807796032726e-05   -2.4172386805994351e-05 
   2.2232773423170435e-04    2.0281769580036090e-04    1.0718297211745837e-04   -4.4476490961668827e-05    1.4430462702372337e-05 
  -8.8268481566998127e-05   -9.9500611772771147e-05   -3.3732441993333726e-05    1.3039600352470897e-05   -3.9949504601605205e-06 
   3.9121783903654574e-05    1.6155824240292833e-05   -4.5924308936889457e-06    6.5049934621220293e-06   -2.2652072388666402e-06 
   2.3870843086010571e-05    1.1468943471984175e-05    4.6108870193451140e-06    8.1212326491109133e-07   -3.2139262098035061e-07 
   1.0774785888866213e-05    7.8597690735274750e-06   -2.1267883450685252e-05   -2.5817489371982702e-06    2.0962710669581630e-07 
 TENSORSUMACCUMULATOR_IMPL_H - PrettifyOut: Norm of simple tensor is 2.50108e-07 
 As simple full tensor 3    5 5 5 
  -1.2083188460331611e-08   -4.1594977511020867e-09   -3.5987628400435082e-08    1.1892660140215885e-08    1.5073516173843488e-09 
   5.3082971924712162e-09    4.8443409289902228e-08   -3.4557397474026320e-09    4.4470666910022285e-09    7.8290671359237212e-09 
  -9.6680855059027527e-09   -3.0107708778520879e-08   -1.3981291740556457e-08    1.0746999361852851e-08   -1.6671023879619097e-08 
   7.1982175801227247e-08    5.0181870226473111e-10    6.1425193120989564e-09    1.8781156049689813e-08   -6.5918287758539473e-09 
  -3.5614301043353850e-08    4.7919476460631016e-09    3.2893519815265926e-09   -2.4066199907992544e-08    1.8494704005416001e-08 

   1.3325365707904634e-07   -6.7803279276158049e-09    8.3835488063455201e-09    9.7957392903607172e-09   -1.6871475047006135e-08 
   6.2669237499936649e-08    1.7488687176873147e-08    3.2975150635403011e-09    8.1773143693968687e-09   -1.0138997146265508e-08 
  -2.5642599294027074e-08   -3.3903255274540419e-08   -6.9987145506907168e-09   -1.4655211134655169e-08   -3.7197105233955471e-09 
  -3.3309630732744102e-09   -1.0656388048444572e-09    1.1428016660832171e-08    8.6914110239195456e-10   -1.2664386221878036e-08 
   7.6446920377874130e-09   -8.5639387796691514e-09    3.0817250390883896e-09   -1.4589264483678362e-08    6.3944061863477269e-09 

  -4.7460873092488143e-08    1.5430768660416819e-08    1.7071367124204844e-08   -2.9888164674148429e-08    1.6530679994891006e-08 
   5.1048439371398933e-09    5.4672926414631545e-09    1.5566073339505280e-08    1.3296697061481968e-08    1.8799909723185134e-08 
   2.0271061612423925e-08    5.2060145244823142e-08    6.5330764848349811e-09   -1.8086216450395717e-10    2.1225609925807030e-08 
  -8.2457461020715911e-09   -2.3502198201135277e-08   -1.9465812365037590e-08   -5.8690449251250326e-09    4.3851130004902638e-09 
  -1.9457709838010635e-09    2.4547471648859424e-08   -7.3121602727059996e-09    4.0457509882744612e-09   -2.9760435067184820e-09 

   3.7429674608609055e-08   -7.4682231380043726e-09   -3.3940251057395226e-08    2.3300580688058425e-08   -2.2923268890283219e-08 
   4.3714791176677387e-09   -2.8508936394717337e-08   -2.9577362310411496e-09   -2.3401589499286540e-08   -1.9136707043638168e-08 
  -2.7506390939193603e-08   -2.0695029393343198e-08    4.8367791985377652e-09   -1.3097724495792871e-09   -9.4048473172530700e-09 
   5.9862725741670484e-09    2.7256938782310929e-08    7.4527543274216660e-09    9.2280546627558464e-09   -3.5616641702409987e-09 
   1.0895343134637150e-08   -9.3224966857304597e-09   -7.0755654018610261e-09   -4.4539513557967948e-09    5.5076872610396623e-11 

  -1.4968017557398792e-09    2.1534108772408095e-08   -1.0724634738595858e-08   -4.1850202423722831e-08    3.3146734272626375e-08 
  -6.3433251804900424e-09    3.4491588769738348e-08   -7.5428946617694819e-09   -1.1528127705458356e-08    1.8936791959233190e-08 
   3.7104113814182377e-09   -1.0307604574550943e-08    2.6883298358044680e-09   -5.1372483342134132e-09    2.6275442722609481e-09 
   3.1486977988541698e-09    8.2931775309933679e-09    8.3896026155767953e-09   -1.6702083634986814e-11    1.4927392978390257e-09 
   1.0497121741993712e-10   -6.4145248204841278e-11   -4.0326227196713791e-09    6.3573853739848009e-10   -1.9824977913300935e-10 
