2    16 5 
   4.9033467887778837e-06    2.7334708549343160e-03   -4.5680863747129538e-06    9.2655088643493546e-05    1.0164392193908381e-07 
  -1.6350668084478617e-03   -3.5747641897831907e-04    3.3411751889956013e-05    1.1966205250801732e-03   -3.8460130893462337e-06 
  -6.6968661628248800e-04    5.7827999701114152e-04    2.8288601772164716e-05    2.2676354615827735e-04   -2.4293350192761284e-06 
   7.1557244866799559e-04    5.3997207436001597e-04   -6.9872978300347427e-06    8.0907393934436054e-04   -9.5619787239106173e-07 
   6.3177519000621649e-04   -9.0460152086693863e-05   -2.6727349536945113e-05    3.4489542296818403e-04    2.9403123818019534e-06 
   6.3261046038709062e-05    3.1976558107292210e-04   -8.2662588946655105e-06   -3.2452801826568376e-04   -5.5718646652222733e-07 
  -1.7249501170487984e-04    6.7205184883008999e-04    3.4612268963988329e-05    2.3596721047178131e-05   -7.9520434004075297e-07 
   8.9550024440435415e-05    4.7759502553131760e-04    7.7217410167072090e-05    3.9113663558038405e-04    1.3263409212920180e-06 
   1.3162676331185830e-04    2.8762829027363939e-04   -2.8028147161725924e-05    2.4631420168894877e-04   -1.3392473692499840e-06 
   7.6632509181096084e-05   -3.0821218434584543e-04   -1.5205828499770214e-05   -2.6639740348531371e-04    1.7347836783100075e-06 
  -6.1775435936832149e-05   -7.5149868149301438e-05    2.8861078621844766e-05   -3.8100726033744522e-04   -3.1067563494866124e-06 
  -5.3168407444366037e-05   -3.5263148587137200e-05   -5.1321755436086369e-04    8.5973146872655353e-05    6.1144189287689428e-06 
  -6.8077444330223892e-05   -6.0339890482651537e-05    1.8252266307049501e-04    9.7789027157214244e-05    7.9184239344066369e-06 
   1.1432189804699657e-04    2.3455287642065899e-04    2.4801919804974239e-04   -2.3402946540954740e-04   -1.0931508529106392e-05 
  -2.6561960396784062e-04    1.7284628075155150e-04   -1.6323208143127971e-04    6.5351764791511560e-06    1.3683716313451342e-06 
  -1.3116618606127756e-05    1.1343710155492232e-05   -1.0351803115462418e-04    5.0095700487758043e-06    1.6368781771511110e-06 
2    16 5 
  -1.6323445261196945e-01   -5.3069030402440858e-03   -1.8703683877685923e-03    7.8872744456847527e-06   -1.2989751275834654e-04 
  -7.4156460606088093e-03    1.9989313366874810e-02    3.9063176785540795e-03    4.9424696798292369e-04    2.4472578903018006e-04 
  -6.8730574542567599e-03    2.0986293796150014e-02   -8.7372891834383570e-04    3.7848062285653853e-04    2.8594767233088535e-06 
   3.0735561255851807e-02    9.9420507104455783e-03    6.8500647186280142e-03    3.3195484164001395e-05    6.7519138200817803e-05 
  -4.2579166776342228e-02    3.2159621974104019e-02    4.7180365209595308e-03    7.8729461616230262e-04    4.9260378981535839e-04 
   8.0652794237608988e-02   -1.3057260474877585e-02   -2.2685830989903118e-02   -3.1192519498346675e-03   -1.7728771609083760e-03 
  -2.7287008240682023e-03   -3.8829883743560813e-03   -1.3086964843561515e-02   -4.8617290474441480e-03    1.6020957037418339e-03 
  -1.1048420883061670e-03   -6.6342495642476374e-04    1.7293967814980098e-03   -2.8847044675662640e-03    1.3793473334320994e-03 
   2.2473182652343751e-03    4.3165233575606062e-03   -1.2365554026726008e-02   -2.7346960078921882e-03    2.6460647726911160e-03 
   3.8555813349415990e-03    2.2356054920186362e-03   -6.9384581917910568e-03    2.0848888808908204e-03   -2.7513657739787305e-03 
  -3.0694031166230828e-04   -1.1536205820778252e-02    3.0178756738616790e-02    1.1332443610353403e-02   -1.9991293508889174e-04 
   3.5547225443998747e-03    4.4186527293172415e-04   -4.9819411640442098e-03    5.2426365499754386e-03    3.6002222160419822e-03 
  -1.7455300946357393e-03    6.7719320435804501e-04   -2.7055272389043391e-03    4.2424402624622179e-03   -3.4335890646795884e-04 
   3.0184067388922626e-04    9.1170488086514019e-05   -2.3305488540300155e-03    3.6305934194994535e-03   -3.4307806781343369e-03 
   3.0643740564782296e-04    1.9371826009118649e-04    6.3420746118822880e-04   -3.9175739368895917e-03   -2.8748775328203773e-03 
  -2.2329426649921654e-03   -2.8224251355861620e-03    8.6101339707953042e-03   -2.3467743450598308e-03   -9.4785209013362494e-03 
2    16 5 
  -5.4244099778889464e-02   -3.0011287010012115e-03   -1.1893501255950481e-03   -8.9801091453790670e-05    9.6820521411539526e-05 
   1.9166940490872725e-02    9.9090558999177930e-03    4.3511924092784907e-03   -7.6818763752107113e-04    7.8817540036897941e-04 
   1.1773004226568589e-02   -1.3714802479889885e-02   -3.5476379203796152e-03   -3.8477460835503350e-04   -2.7588876952116415e-03 
   1.1384402979188102e-03    1.2626104581521221e-02    5.2943770783331449e-03   -1.5046811938309033e-03   -7.5692287600741866e-05 
   2.0510280385976905e-02   -4.8013887988691432e-04    2.1521368665449580e-03   -1.0429197988393699e-03   -4.6104640475250197e-04 
  -1.2563644355177331e-02   -1.0418341532523696e-02   -9.9742645874765640e-03    1.2996548145551368e-03   -1.0671499620982855e-04 
   8.0763444192734769e-04    1.0672294279496823e-03   -5.2144523583323495e-03    1.1875100292739645e-03   -6.4704999006459727e-04 
  -5.7917884942073543e-04    2.6490586998688479e-03   -1.7199573461291900e-03    6.6697554448482523e-03    6.3196956778077251e-03 
  -2.9108138368609403e-03    4.9342910125441649e-03    2.6193714304778800e-03   -4.7805574103637919e-04   -3.2923371193327700e-03 
   2.1342397514861864e-04   -4.4357460364832842e-03    8.5086197680745816e-03   -2.8254189435545055e-03   -7.4908903265795534e-03 
   1.5121587445073184e-03   -1.7911245303667207e-03   -2.7794797465130051e-03    4.2299229001862128e-04    6.9862345372032801e-05 
   7.5025810224036565e-05   -8.0600479651215048e-05    1.0273899644595819e-03    1.9277670581812267e-03   -1.4487814504049869e-03 
   7.7827246328501993e-04   -1.7270507680609377e-03    4.5408912609655829e-04    2.0542679694415924e-03    1.0643475148926864e-03 
   1.4945972347790856e-04   -1.8173954004858096e-04    1.4533612398800192e-04    2.0544332136630569e-03   -2.2312031469832569e-03 
  -4.8568538411352205e-04    1.2174830547541002e-05   -1.1365921542452197e-04    2.9924207214886561e-03   -3.1151685445333240e-03 
   2.4397052609002701e-03    1.1270933846867113e-03    2.5733933485100973e-03    1.3516045317992491e-03   -3.4193092962356278e-03 
 TENSORSUMACCUMULATOR_IMPL_H - PrettifyOut: Norm of simple tensor is 2.40739e-05 
 As simple full tensor 3    5 5 5 
  -2.6093102260554089e-07    2.9706695976899922e-07    4.5940790423708916e-08   -1.0743111851734284e-08    3.3347867337305907e-09 
  -3.5518615260729331e-07   -4.0915924404042256e-08   -5.0603807511242850e-09   -2.7281149344122482e-09   -7.2437428654370081e-10 
  -2.6819964759155615e-08    4.1883104435197733e-09    1.2266894601274912e-09   -2.7768342645453002e-09    1.8057463919849396e-09 
  -5.5313517695713775e-09   -2.9418250778270610e-09   -1.4152903950978503e-09    1.4823463488972727e-09   -6.5600035887020926e-09 
  -1.2675656248649519e-09    5.5195005545120653e-10    6.1335076035729677e-10    2.0216259939434445e-09   -6.7894933529591958e-10 

   2.3978148932487467e-05    1.3637325245474425e-06    3.9708552691176801e-07    4.1696313731037081e-08   -3.1246061379658660e-08 
   7.8719667433158985e-07   -7.6998099100730588e-08    1.5927890635637773e-08   -1.1853141412545574e-08   -3.8380679075284406e-08 
   3.3125231614602196e-07    1.0066179263355208e-07    1.5285482544961226e-07   -2.3047705299766741e-08    7.3952958387318572e-09 
   8.3137086060391156e-09   -5.4322818492833212e-10    2.2391611351531158e-08   -1.3632148118016591e-08    4.4379290933730364e-10 
   2.2194833954570640e-08    9.4186091883419854e-09    7.7489089520294020e-09   -1.2154293513706674e-09   -1.5030185294564329e-09 

  -1.5668056682058507e-08    2.2433634610462947e-09    5.2792351390974975e-09   -5.8760445405645519e-09    1.6463210321254158e-09 
  -1.5793638033601832e-11   -3.1850851845368841e-09   -8.3301652563231559e-10    7.2828577893490094e-11   -8.1704333065441179e-10 
  -5.7652629202796497e-09   -1.5924567026257325e-09   -1.9617725522591534e-10    1.8256784037521181e-09   -8.9937787827422198e-11 
   7.6400122291299873e-10   -2.0837233904536249e-09   -1.7165852923571443e-09   -9.5954976202487220e-10   -1.4099645741009061e-09 
   1.7213105238442321e-09    1.2493736661025256e-09   -1.5778175988993228e-11   -1.9901645468845527e-09    2.7027954686439889e-10 

   6.8633118075362599e-07    5.7868991714249912e-07    3.3968754388029125e-07   -4.7532120993299732e-08    6.2785698569392170e-09 
   7.2809592231874325e-07    2.2441930707788714e-07    9.8427676898553093e-08   -3.6981482915408405e-08   -7.0423635331550638e-10 
   3.5028428351886357e-08    4.1319883003596000e-08    2.0445215912306551e-08   -8.6301826761255282e-09    1.0734097936541092e-09 
   1.2758035046651950e-09   -2.5062039022731402e-09    1.4482450826248590e-09   -7.2092436408501244e-09    8.1866440737143099e-10 
   6.9464579081200416e-10   -1.3257003419749896e-09    3.1086907284107185e-09    3.6141081222036811e-09   -6.2166301250378198e-09 

  -3.9794593702032665e-10    2.3144752899086829e-10    1.5149394769454607e-10    6.8331557657285442e-11   -3.8890716324026124e-11 
  -1.3960581555099425e-10   -4.2565133777281475e-10   -1.7560023979660839e-10    1.7353953992272842e-11    4.0270080682105897e-11 
  -3.0105526865247720e-10   -2.7521989774416154e-11   -6.1376673673497884e-11    7.9002430216780414e-12   -7.4516851494653570e-11 
  -6.3634316854930068e-11   -2.4551873811398747e-11    1.4025871475033410e-10   -1.8047914048239344e-11    3.9195405077581316e-11 
  -2.2836627989672166e-11   -3.6362843169286084e-11   -7.1903786877263329e-11    1.0788679554837771e-10    5.2001998270601195e-12 
