2    101 5 
  -3.2335430587671962e-03   -2.4660593002786115e-04   -1.4864348928970408e-04   -1.2951595226513254e-05   -3.6316832477979273e-06 
  -2.8474833152883666e-03   -5.3568402119784989e-03    3.0132873942995400e-03   -4.3283685902223059e-05    1.4729627496819743e-04 
  -3.4740948222445039e-04    1.2936015214049518e-04   -1.0614765041893897e-03   -1.7472010009679569e-05   -4.1829349772829992e-05 
  -9.5522489811849945e-04    1.6192812499641219e-03    2.4697519356769956e-03    1.0434782747800198e-04    1.3347198805419694e-04 
   6.0761201543302963e-04    2.8084431661846082e-04   -7.8023031592969379e-04    7.9941517245081794e-09   -5.7927604412666668e-05 
   9.6802533995096805e-04   -3.4987515800692808e-03   -3.0704262346391334e-03   -3.4392243612334426e-05   -1.2959574640851289e-04 
   3.1915773076614120e-05   -2.3018006647219547e-04    2.5026845624684080e-05   -8.8602512011736113e-06    7.7673363566841895e-06 
   9.0316521783328808e-06   -2.5441335097202261e-05   -2.8974480176746308e-06    2.6197474995338742e-04    2.5632878709362602e-05 
   1.5021604680377271e-05   -2.8197830308834511e-04    2.9174656698190403e-04    5.6963077849500057e-04   -2.4790890898419480e-04 
  -2.2699040180311378e-04    1.9434022410342271e-04   -2.3985878693496106e-04    1.6423128743800439e-05    3.7663078599516373e-04 
   1.6594249222315016e-04    4.9601269841195546e-05   -4.2897581548002753e-04    2.9525007351780843e-04   -1.8457548478520035e-04 
   9.1665260831393021e-05    3.6104546394805816e-05    8.7577825505653444e-06    7.9660295203164024e-06    3.1558675214826893e-05 
  -1.4339998585248274e-06   -2.9777788398172332e-05    3.2088822916687201e-05    1.4956739554262085e-04   -1.1640626961120395e-04 
  -1.4869034313637690e-05   -2.4877553419755886e-05    4.0948352345787585e-05   -1.6163508829819656e-04    4.2213169206373946e-05 
  -2.8450439339415800e-04    1.9980401006324390e-04    1.8926730205907487e-04    3.2599824768090127e-04   -1.5531220826365215e-04 
  -2.3400727062217367e-05    3.0727454370727572e-05   -2.9146945900222151e-05    2.6149720778797040e-05   -8.0406669296070581e-06 
   7.3927815810412517e-04    4.6229965108648527e-06   -2.1774903299899447e-05   -1.6777587802022407e-05   -1.3004036157115938e-06 
  -2.5556444985663405e-04   -1.3710947116221905e-04   -3.4164720502145732e-05   -3.5273852311359003e-06    6.8800776298704221e-07 
  -1.4338616113676584e-04   -5.1624551247850243e-05    7.9939443035196184e-05    1.8794300377216568e-06    5.5435415393947601e-06 
  -1.3251359612137246e-05   -1.1365769432494561e-05   -8.4828563664917683e-07    1.1646637186209572e-07    2.2348357758669088e-07 
  -1.3146993812336177e-06    9.2786862882893117e-06    4.5909692767482932e-06    2.3209074974536044e-06   -5.4903963821223380e-07 
  -1.2481001779449151e-03   -7.8048603284130333e-06    3.6761887775818716e-05    2.8325076416286131e-05    2.1954307270921046e-06 
   4.2555575439863670e-04    2.2830923654822895e-04    5.6889733354014014e-05    5.8736615516466810e-06   -1.1456431548844739e-06 
   2.4127758397338397e-04    8.6869241076275870e-05   -1.3451504334029160e-04   -3.1625390843399454e-06   -9.3281827107811643e-06 
  -6.8880853836357010e-05   -5.9079515305005353e-05   -4.4094070842357152e-06    6.0539471962831598e-07    1.1616724693272605e-06 
  -2.9093904021421789e-06    2.0533455189053738e-05    1.0159677673057051e-05    5.1360988631601541e-06   -1.2150082951369704e-06 
   1.1153677336442542e-03    6.9748322528451714e-06   -3.2852349657151475e-05   -2.5312772841482377e-05   -1.9619519632483788e-06 
  -3.6816873559397363e-04   -1.9752129321613554e-04   -4.9218042479119040e-05   -5.0815869000116705e-06    9.9115095358479980e-07 
  -2.1195689411258433e-04   -7.6312661247784661e-05    1.1816841966128547e-04    2.7782189741268978e-06    8.1945972872058903e-06 
  -7.1783050461200119e-05   -6.1568746497215880e-05   -4.5951911685595015e-06    6.3090216348459060e-07    1.2106178835009047e-06 
  -5.8766096027404581e-06    4.1475045718370121e-05    2.0521295227438235e-05    1.0374285925205408e-05   -2.4541668279904850e-06 
   9.3225359633309854e-04    5.8297476745986873e-06   -2.7458855220605004e-05   -2.1157079232992476e-05   -1.6398508925796616e-06 
  -3.0772508246537059e-04   -1.6509347580951104e-04   -4.1137730383967265e-05   -4.2473235684671589e-06    8.2842995463872743e-07 
  -1.7715912953518713e-04   -6.3784123162278673e-05    9.8768263487680026e-05    2.3221082625084547e-06    6.8492592721314462e-06 
  -5.9998155702035213e-05   -5.1460772633447291e-05   -3.8407812629928841e-06    5.2732457027525563e-07    1.0118661690090181e-06 
  -4.9118243886260523e-06    3.4665930672656956e-05    1.7152236612301341e-05    8.6711001864478326e-06   -2.0512569822333133e-06 
   1.1053841452207435e-03    6.9124009555833104e-06   -3.2558290282983790e-05   -2.5086199758646741e-05   -1.9443906511206091e-06 
  -3.7689489364087480e-04   -2.0220284777413349e-04   -5.0384584816667035e-05   -5.2020282252291018e-06    1.0146427361104514e-06 
  -2.1368830854626812e-04   -7.6936037258791182e-05    1.1913370323115357e-04    2.8009134396779096e-06    8.2615365772945519e-06 
   6.1004561240705868e-05    5.2323972610122832e-05    3.9052063022406722e-06   -5.3616988163512029e-07   -1.0288391526777411e-06 
   2.5767114528264292e-06   -1.8185524057815135e-05   -8.9979529037821282e-06   -4.5488033348186006e-06    1.0760762072540690e-06 
  -1.0961663041603657e-03   -6.8547581771612914e-06    3.2286785443400392e-05    2.4877004970406027e-05    1.9281763024176654e-06 
   3.6183058737483675e-04    1.9412089793048012e-04    4.8370737376513974e-05    4.9941056778249554e-06   -9.7408795761577957e-07 
   2.0830798511767442e-04    7.4998913199067528e-05   -1.1613411069850495e-04   -2.7303910030341700e-06   -8.0535245475050183e-06 
   7.0547281180816085e-05    6.0508819884120255e-05    4.5160834119635727e-06   -6.2004097121771284e-07   -1.1897766907527279e-06 
   5.7754417981791043e-06   -4.0761038900994911e-05   -2.0168014249925764e-05   -1.0195689114817435e-05    2.4119175232384189e-06 
   3.2384468175656846e-04   -6.6357124939829689e-04   -1.1618861575490762e-05   -3.1385145976337966e-06    3.6224527799580875e-07 
   3.2384468175656846e-04   -6.6357124939829689e-04   -1.1618861575490762e-05   -3.1385145976337966e-06    3.6224527799580875e-07 
   3.2384468175656846e-04   -6.6357124939829689e-04   -1.1618861575490762e-05   -3.1385145976337966e-06    3.6224527799580875e-07 
  -1.2321116888736855e-03   -3.2665137679996326e-04    4.8561959544960281e-06   -1.7264345677452296e-05   -9.8339163287525705e-07 
  -1.2321116888736855e-03   -3.2665137679996326e-04    4.8561959544960281e-06   -1.7264345677452296e-05   -9.8339163287525705e-07 
  -1.2975233187856104e-03   -9.3042898760276895e-04   -2.8524065331246099e-05   -1.7325959286879364e-05   -1.0708202200132119e-06 
  -1.2975233187856104e-03   -9.3042898760276895e-04   -2.8524065331246099e-05   -1.7325959286879364e-05   -1.0708202200132119e-06 
   4.6148277466199160e-04    5.9293200695868613e-04    9.9568033941645656e-05    1.7098404451217226e-05   -5.9914566967573385e-07 
  -1.8815886657056014e-04    1.4748167056129294e-04   -3.0626607499107774e-06   -1.8148322881347296e-05   -1.2073540416328998e-06 
  -5.1891621739019945e-06   -9.7977605211418245e-07    2.2609647456866363e-05    4.2249887244166491e-05   -3.4144177685156897e-06 
   1.2851499815645039e-03    2.1245287751797782e-04    4.6787047757271243e-06   -2.6810415792007743e-05   -3.6060879184413266e-07 
  -4.0401615249517492e-05    2.4634591801478699e-04    1.0521683435250319e-04    3.3801906652743974e-05    2.2167718121989209e-06 
   1.1247480872388276e-03    6.2453723102417889e-05   -4.9611741384753261e-05   -2.2813999264800998e-05   -1.2461029154074030e-07 
  -1.4046522719000214e-05    2.7017657996830917e-04    2.0353078377219787e-05    2.8392472286003800e-06    1.6652599407156858e-06 
   2.6833383524735990e-06   -4.1602378129643359e-06    5.8312211137464297e-05   -5.8771036581926470e-06   -5.0779195830032557e-06 
   1.2210224009655949e-03   -4.7475002178974329e-05    2.2934654291764835e-05   -2.5522818225515300e-05    9.0010920715625779e-07 
   7.8376896132279940e-06    1.8437380937798452e-04   -2.6140506276892991e-05    8.3927239913352163e-06   -3.4641844082141778e-06 
  -7.7491415458510874e-07    8.2232249337750945e-06    5.7127044809413162e-05   -9.4445283902161548e-07    2.5452930130228834e-06 
  -3.6143155402933673e-04   -1.6181470788178924e-03    1.6184951418519234e-05   -1.2121455194957781e-05   -2.7073685085679231e-06 
   1.1353367461147800e-03   -2.5319242867991287e-04    6.8498809770337123e-05    3.8545256495398357e-05   -9.2722467840182061e-07 
  -4.0710534414625171e-06    1.1991722136979814e-06    5.3871651210894040e-05    3.2168180691205238e-05    4.7851092233277342e-06 
   1.2051310839595695e-03    5.6220233612400936e-05    7.7699390136382892e-06   -2.3200967187558400e-05   -2.6864488192380359e-07 
  -7.6576685944916143e-06    1.6773152463311276e-04   -1.6056297431992833e-06    8.1691496193541233e-06   -2.2214169605881209e-06 
  -3.5242810933090767e-07    4.8978903325179852e-07    5.1349285803944455e-05    6.2181031150471578e-08    1.3108140346021105e-06 
   1.9059856717555785e-03    3.2374125151770326e-04    2.8859974802255316e-06    1.2122212509161364e-05    1.0815605461503932e-06 
   1.9059856717555785e-03    3.2374125151770326e-04    2.8859974802255316e-06    1.2122212509161364e-05    1.0815605461503932e-06 
   1.9059856717555785e-03    3.2374125151770326e-04    2.8859974802255316e-06    1.2122212509161364e-05    1.0815605461503932e-06 
   1.9059856717555785e-03    3.2374125151770326e-04    2.8859974802255316e-06    1.2122212509161364e-05    1.0815605461503932e-06 
   1.9059856717555785e-03    3.2374125151770326e-04    2.8859974802255316e-06    1.2122212509161364e-05    1.0815605461503932e-06 
  -8.1132908062931511e-05    7.8830081909572964e-04    6.8469016551117772e-06    7.5056052403021224e-06   -3.3543300810440050e-07 
  -8.1132908062931511e-05    7.8830081909572964e-04    6.8469016551117772e-06    7.5056052403021224e-06   -3.3543300810440050e-07 
  -8.1132908062931511e-05    7.8830081909572964e-04    6.8469016551117772e-06    7.5056052403021224e-06   -3.3543300810440050e-07 
  -8.1132908062931511e-05    7.8830081909572964e-04    6.8469016551117772e-06    7.5056052403021224e-06   -3.3543300810440050e-07 
  -8.1132908062931511e-05    7.8830081909572964e-04    6.8469016551117772e-06    7.5056052403021224e-06   -3.3543300810440050e-07 
  -1.5591543582190743e-03   -9.7500042155056977e-06    4.5923763616799968e-05    3.5384312190435387e-05    2.7425806412029857e-06 
   5.3161366440020185e-04    2.8520894995141279e-04    7.1067913669303832e-05    7.3375079731443790e-06   -1.4311627780096450e-06 
   3.0140929649741092e-04    1.0851897805372855e-04   -1.6803916847073769e-04   -3.9507137996773925e-06   -1.1652972241159452e-05 
  -8.6047486695853186e-05   -7.3803437734414808e-05   -5.5083288938138427e-06    7.5627247894917175e-07    1.4511869522821673e-06 
  -3.6344748646137338e-06    2.5650846553057834e-05    1.2691694146002311e-05    6.4161283430997299e-06   -1.5178152460120418e-06 
  -8.6726162495061256e-04   -5.4233273662995996e-06    2.5544563723406284e-05    1.9682115453334043e-05    1.5255288425481155e-06 
  -1.8940481203458807e-04   -1.0161504711711671e-04   -2.5320276229942059e-05   -2.6142279845716746e-06    5.0989870109086083e-07 
   2.1772671250516840e-04    7.8390018525064959e-05   -1.2138516014070634e-04   -2.8538467049570584e-06   -8.4176678240029892e-06 
  -7.2378393866225730e-05   -6.2079376053180809e-05   -4.6333020699416118e-06    6.3613464440917835e-07    1.2206583229684069e-06 
   1.0187266636253952e-05   -7.1898148430146749e-05   -3.5574237585173129e-05   -1.7984113974751582e-05    4.2543666393850189e-06 
   5.0404842082654279e-03    3.1520126291352460e-05   -1.4846381570519910e-04   -1.1439153915456214e-04   -8.8663026460499696e-06 
  -1.6637998767233156e-03   -8.9262305983978140e-04   -2.2242239791819403e-04   -2.2964317282829661e-05    4.4791332749319406e-06 
  -9.5785931884257228e-04   -3.4486631835169482e-04    5.3401764750025114e-04    1.2555113837152147e-05    3.7032394763922886e-05 
  -3.2439644913217678e-04   -2.7823675105603834e-04   -2.0766235045555323e-05    2.8511246076792540e-06    5.4709313708516210e-06 
  -2.6557122827978308e-05    1.8743084157319634e-04    9.2738261478206226e-05    4.6882676269624348e-05   -1.1090682263613304e-05 
  -6.7258058818714424e-06   -1.4304624902065343e-05   -1.4443122459965695e-07   -1.3869335196285204e-07    2.9253534007294251e-09 
  -1.1132894512557329e-04    3.3149948997251317e-05   -5.3118951798591424e-07   -2.2004722883488829e-07   -1.0416254133095788e-07 
  -1.9407360057414103e-05   -8.0526787336231755e-05   -2.4610803725150295e-06   -1.0795560651920776e-06   -3.9719064163529617e-08 
  -1.4122086098726223e-04    5.6421217298471975e-05   -6.9443238070872465e-07   -5.4379210347466808e-07   -1.6926512048179963e-07 
   6.0450403886497657e-05   -2.7762157329796431e-05   -4.8569045229079959e-07    2.2784716814787053e-07    5.5368758563200670e-08 
   6.2778159996275883e-04   -3.1947448604641463e-04   -2.9005168165591320e-05    1.1013681023308134e-06   -3.2731331597008859e-08 
2    101 5 
   2.0095394163885294e-01   -1.4830834907545085e-02    4.7955721884726304e-03   -1.3033802606739189e-03    5.1967322722756555e-04 
  -1.0718309205992168e-02   -1.0164431564427135e-02    8.7582516934186071e-03   -2.3992804962311085e-03    3.0156155055127633e-04 
  -4.7030154531047261e-03   -3.9298626578618191e-02    2.1313508055794107e-02   -6.8307484889283251e-03    2.0481716087200918e-03 
  -3.9819719768554071e-02    3.5570988069336148e-03   -3.2930216693723177e-03    2.0595304108166272e-03   -1.3350349033246322e-03 
  -6.9396523052853806e-02    3.3068850103484135e-02   -5.0486952875218984e-03    4.0886277437985489e-03   -3.5232518459841736e-03 
   2.3603003303728380e-02   -5.0612002678510305e-03    1.2637379306794070e-02   -5.2586872190413083e-03    2.1921257617984083e-03 
  -5.7159610423829907e-03   -9.3214000985827553e-03   -8.5021624763770356e-03   -6.0151542012849158e-03    4.9303296230566807e-03 
  -2.2742559322740702e-04   -1.0282824019914850e-03   -4.8160898185577910e-03   -9.4580183021783053e-03    3.1951543898753442e-03 
   1.0634073903045050e-03    1.7971029770446380e-03   -7.3778360098607368e-03   -4.1274730003348359e-03    2.1010697738480023e-03 
   4.0932949890076275e-03    1.8109122686165804e-04   -4.1890283142709990e-03   -1.3701336133094807e-02    5.5225455540263337e-03 
  -1.4896620454558371e-03   -5.0962495219678116e-03   -5.2401038486211736e-03    2.7988486463071229e-03   -2.8597646738969776e-05 
   1.0545798164696631e-03   -3.1298754926364561e-04    2.5454096350850672e-03   -4.0756922828088940e-04   -6.0586280603361613e-03 
  -1.9212588095359129e-04    1.7232351494220292e-04   -3.4659754582937018e-04   -6.8858773568418615e-04   -3.1121749532502631e-03 
  -2.0106787077383524e-03    1.0559773741694763e-04    8.6252133220010390e-04    7.3441245848841243e-04    6.3477705480697389e-03 
  -4.6670233046272028e-04   -4.4068702034649621e-03   -1.7682903307092788e-03    1.2263744160216092e-03   -1.7138506222706921e-03 
   4.0135900062679237e-03   -2.3656193766673681e-03    1.5928689240381341e-03    1.8930045856414435e-03   -7.3007071426677258e-03 
  -3.0489593615408488e-04    6.9373671082982190e-04   -1.2987196136586259e-04    1.7253354226673915e-05   -2.7110201371260051e-06 
  -3.0489593615408488e-04    6.9373671082982190e-04   -1.2987196136586259e-04    1.7253354226673915e-05   -2.7110201371260051e-06 
  -3.0489593615408488e-04    6.9373671082982190e-04   -1.2987196136586259e-04    1.7253354226673915e-05   -2.7110201371260051e-06 
  -3.0489593615408488e-04    6.9373671082982190e-04   -1.2987196136586259e-04    1.7253354226673915e-05   -2.7110201371260051e-06 
  -3.0489593615408488e-04    6.9373671082982190e-04   -1.2987196136586259e-04    1.7253354226673915e-05   -2.7110201371260051e-06 
   1.2933168416478008e-03    4.6215304934804333e-05   -2.3214707009102971e-05    1.7125019421950924e-05   -6.8331177887348328e-06 
   1.2933168416478008e-03    4.6215304934804333e-05   -2.3214707009102971e-05    1.7125019421950924e-05   -6.8331177887348328e-06 
   1.2933168416478008e-03    4.6215304934804333e-05   -2.3214707009102971e-05    1.7125019421950924e-05   -6.8331177887348328e-06 
   1.2933168416478008e-03    4.6215304934804333e-05   -2.3214707009102971e-05    1.7125019421950924e-05   -6.8331177887348328e-06 
   1.2933168416478008e-03    4.6215304934804333e-05   -2.3214707009102971e-05    1.7125019421950924e-05   -6.8331177887348328e-06 
   1.1145013643608984e-03   -5.8733639015046493e-05    1.3967589119677805e-05   -7.3729619937799056e-06    2.3035870873340377e-06 
  -3.9119096527407858e-04    1.3527764511121987e-04   -7.1378133936882425e-05    2.3042391709465236e-05   -7.4764533600418677e-06 
   2.5325207786920179e-04    2.2747488159005349e-05   -1.1158666061618730e-05    3.0589721372312606e-06   -2.3718718844480406e-07 
   5.2599749908924504e-05    2.1375841433025295e-06   -7.3843954964388414e-05    2.6229441185987580e-05   -7.3675007747592242e-06 
  -5.7164790290376712e-06    4.7018144220690650e-05   -4.2207183808257329e-06    5.0444211883616455e-06   -1.6857021178696239e-06 
   9.3152946217016917e-04   -4.9091115464320073e-05    1.1674477211545227e-05   -6.1625149508949836e-06    1.9253984868443369e-06 
  -3.2696766566684044e-04    1.1306860271666333e-04   -5.9659715854240339e-05    1.9259435154250574e-05   -6.2490157483242846e-06 
   2.1167472686429328e-04    1.9012947034507896e-05   -9.3267056706358799e-06    2.5567691174811654e-06   -1.9824727106758012e-07 
   4.3964250120988836e-05    1.7866488736834676e-06   -6.1720713721997761e-05    2.1923254670054423e-05   -6.1579503208462380e-06 
  -4.7779830565574309e-06    3.9298997739007220e-05   -3.5277870884590225e-06    4.2162594921980623e-06   -1.4089540286374351e-06 
  -1.1031196028753079e-03    3.0863625161700169e-04   -4.6426401251394387e-05    9.3303920254093107e-06   -1.9816947579925773e-06 
  -1.1031196028753079e-03    3.0863625161700169e-04   -4.6426401251394387e-05    9.3303920254093107e-06   -1.9816947579925773e-06 
  -1.1031196028753079e-03    3.0863625161700169e-04   -4.6426401251394387e-05    9.3303920254093107e-06   -1.9816947579925773e-06 
  -1.1031196028753079e-03    3.0863625161700169e-04   -4.6426401251394387e-05    9.3303920254093107e-06   -1.9816947579925773e-06 
  -1.1031196028753079e-03    3.0863625161700169e-04   -4.6426401251394387e-05    9.3303920254093107e-06   -1.9816947579925773e-06 
   1.0953148497146905e-03   -5.7722519727782554e-05    1.3727132390070668e-05   -7.2460339811249256e-06    2.2639300633022234e-06 
  -3.8445648165233865e-04    1.3294879509611083e-04   -7.0149335430220826e-05    2.2645709210766961e-05   -7.3477437088191509e-06 
   2.4889225844089056e-04    2.2355882523800521e-05   -1.0966565884203369e-05    3.0063109063076130e-06   -2.3310393147400732e-07 
   5.1694227579130701e-05    2.1007849156080039e-06   -7.2572706522022794e-05    2.5777892562029289e-05   -7.2406667788206669e-06 
  -5.6180679259895683e-06    4.6208711104164040e-05   -4.1480572988200863e-06    4.9575797863615297e-06   -1.6566821907453572e-06 
  -7.0363101896211879e-04    2.0470828255799299e-04   -8.5943686074467420e-05    2.8356675012578548e-05   -8.5035014650507429e-06 
  -1.5025827028725306e-05   -7.4220091435025855e-05   -4.7590149310962604e-05    1.7685141841889272e-05   -3.4414992142798312e-06 
   1.7096718942393378e-05    3.4345026557867434e-05   -5.0166747670221796e-05    2.2593271762413285e-05   -5.5136218279053102e-06 
  -1.2723119611250501e-03    6.3963509390965251e-05   -4.2920208778294351e-05    1.8818935956656635e-05   -5.9408916793935664e-06 
   4.1242192589603080e-06    1.4940042533648234e-05   -8.4106583276792721e-05    3.2282506222857504e-05   -1.2503411202630996e-05 
  -1.3728228225094751e-03    7.4389173117489363e-04   -1.0260787614924208e-04    1.6305427995073444e-05   -2.5625516614346398e-06 
  -4.0456831690994838e-04   -7.3827619852410162e-04    6.1448076165094900e-05    5.6650132871261287e-06   -3.7567280102096971e-06 
  -3.0132044975233162e-04    6.8560132468051119e-04   -1.2834896490454540e-04    1.7051025739780184e-05   -2.6792282550909669e-06 
  -3.0132044975233162e-04    6.8560132468051119e-04   -1.2834896490454540e-04    1.7051025739780184e-05   -2.6792282550909669e-06 
  -3.0132044975233162e-04    6.8560132468051119e-04   -1.2834896490454540e-04    1.7051025739780184e-05   -2.6792282550909669e-06 
   1.3023310935980994e-03    4.6537419662786555e-05   -2.3376510529472970e-05    1.7244378603515857e-05   -6.8807437403734474e-06 
   1.3023310935980994e-03    4.6537419662786555e-05   -2.3376510529472970e-05    1.7244378603515857e-05   -6.8807437403734474e-06 
  -1.1217864366279003e-03    1.0225348426496912e-04   -5.1544274473824995e-05    1.9716615244673891e-05   -5.8655482074660622e-06 
   2.7572765908261892e-05    2.5517343608506436e-04   -8.5409136590760168e-05    2.0290397075545483e-05   -6.1327521423422396e-06 
   1.0331989356836007e-06   -1.8835963656960041e-05   -4.9502917316080939e-05    2.4149075730750889e-05   -9.7759785922319375e-06 
  -1.2216442324917581e-03    3.1276513812470839e-05   -2.6381434628538499e-05    1.4541198337356210e-05   -5.2463956328810147e-06 
   6.4108542452714510e-06    1.6095134105832353e-04   -9.0227794250519183e-05    2.6095825166971577e-05   -7.2398365974444215e-06 
   4.3721012552282792e-07   -2.9113488085666143e-05   -4.8897529601452275e-05    9.5629899761572786e-06   -2.9809657806388008e-06 
  -1.6851049266659026e-03    4.7146698036359242e-04   -7.0920104467526079e-05    1.4252932799634697e-05   -3.0271999438113092e-06 
  -1.6851049266659026e-03    4.7146698036359242e-04   -7.0920104467526079e-05    1.4252932799634697e-05   -3.0271999438113092e-06 
  -1.6851049266659026e-03    4.7146698036359242e-04   -7.0920104467526079e-05    1.4252932799634697e-05   -3.0271999438113092e-06 
   1.2010523285743437e-03   -1.0409295803540775e-04    4.9367481055445346e-05   -1.6675576657499033e-05    4.8073136731655404e-06 
  -1.5311168177227125e-05   -1.1596893685144062e-04    1.1472928957018549e-04   -3.6059652900211944e-05    1.0973484030700274e-05 
   1.6447048123538779e-06    3.6803590479643127e-05    3.4851366903959115e-05   -6.7781905445607250e-06    4.5895950924513462e-06 
   1.8621154296714810e-03   -9.8132509253041241e-05    2.3337129990844234e-05   -1.2318788231248084e-05    3.8488468440561316e-06 
  -6.5026196432448036e-04    2.2486691935121909e-04   -1.1864917573209754e-04    3.8302497311595862e-05   -1.2427825997144351e-05 
  -3.9544443958226095e-04   -3.5519423108496139e-05    1.7423874600947704e-05   -4.7764801484863717e-06    3.7035966535717849e-07 
   8.8685838153588359e-05    3.6040749566461410e-06   -1.2450464213103563e-04    4.4224164181527425e-05   -1.2421978858037756e-05 
   3.5350737367032735e-06   -2.9076045925960657e-05    2.6100945393636092e-06   -3.1194728029726947e-06    1.0424391053506867e-06 
   6.0656285018643823e-04   -3.1965544971061764e-05    7.6018037640745096e-06   -4.0127046805617418e-06    1.2537179352375785e-06 
  -5.7337789487218462e-04    1.9827965945684237e-04   -1.0462062728867016e-04    3.3773781155545830e-05   -1.0958415375691028e-05 
  -2.9225947970949414e-04   -2.6251192527164153e-05    1.2877390641213298e-05   -3.5301333469602676e-06    2.7372017979824158e-07 
   9.6364154673944972e-05    3.9161115665081845e-06   -1.3528410895955243e-04    4.8053040781260444e-05   -1.3497459312042264e-05 
  -1.0688187614040248e-05    8.7910537962621136e-05   -7.8915412251390461e-06    9.4316308678080583e-06   -3.1517828379418684e-06 
  -1.6127105388462624e-03    1.1847274823332525e-04   -9.0185333196490962e-06   -5.8768607323784254e-06    3.2209813273776881e-06 
  -1.6127105388462624e-03    1.1847274823332525e-04   -9.0185333196490962e-06   -5.8768607323784254e-06    3.2209813273776881e-06 
  -1.6127105388462624e-03    1.1847274823332525e-04   -9.0185333196490962e-06   -5.8768607323784254e-06    3.2209813273776881e-06 
  -1.6127105388462624e-03    1.1847274823332525e-04   -9.0185333196490962e-06   -5.8768607323784254e-06    3.2209813273776881e-06 
  -1.6127105388462624e-03    1.1847274823332525e-04   -9.0185333196490962e-06   -5.8768607323784254e-06    3.2209813273776881e-06 
   3.1630981437023951e-04   -7.3509497966621094e-04    1.3161388908735280e-04   -1.7793046306113936e-05    2.7018984149251644e-06 
   3.1630981437023951e-04   -7.3509497966621094e-04    1.3161388908735280e-04   -1.7793046306113936e-05    2.7018984149251644e-06 
   3.1630981437023951e-04   -7.3509497966621094e-04    1.3161388908735280e-04   -1.7793046306113936e-05    2.7018984149251644e-06 
   3.1630981437023951e-04   -7.3509497966621094e-04    1.3161388908735280e-04   -1.7793046306113936e-05    2.7018984149251644e-06 
   3.1630981437023951e-04   -7.3509497966621094e-04    1.3161388908735280e-04   -1.7793046306113936e-05    2.7018984149251644e-06 
   5.0365689787321040e-03   -2.6542455104204023e-04    6.3121256121733137e-05   -3.3319323642584423e-05    1.0410193863268736e-05 
  -1.7678401691230961e-03    6.1133634526666257e-04   -3.2256658147066517e-04    1.0413140709454130e-04   -3.3787013877473010e-05 
   1.1444773420505468e-03    1.0279870161614474e-04   -5.0427386746366042e-05    1.3823871971677371e-05   -1.0718781274519345e-06 
   2.3770475043991844e-04    9.6600061066420363e-06   -3.3370993049775563e-04    1.1853407634236372e-04   -3.3294643720975352e-05 
  -2.5833473036377990e-05    2.1248078664782926e-04   -1.9073946380515623e-05    2.2796360852846861e-05   -7.6178955591622500e-06 
  -3.4984427166594445e-02    9.3937565710473913e-03   -1.8439289498183827e-03    4.6886991146286050e-04   -1.1381314815659621e-04 
   3.8281896475272107e-03   -8.5778944031141317e-04    1.5283398614472865e-04   -2.1921476411441014e-05    4.2621253149342650e-06 
  -1.8823303059513549e-03   -2.1481353618142190e-03    1.9302587834337079e-04   -6.1041140309104215e-06   -1.7408594638868712e-06 
   4.3988492099226251e-03   -1.0393161801836653e-03    2.1647740332458848e-04   -4.3310551634319533e-05    1.1699218544048265e-05 
   3.5466761659763951e-04    1.4934763732731571e-04    6.5769454096535854e-06    1.6210559199777967e-05   -1.7489863975969708e-06 
   3.4073439862846531e-03   -7.8281360191784135e-04    1.4851152715772358e-04   -7.0799237927956035e-05    2.1667352284833061e-05 
2    101 5 
  -1.8143125584784532e-04    1.4710972406507800e-01   -1.6790330069871019e-05    1.4955340112541691e-02   -4.4126666173874460e-06 
  -2.0268068220058232e-04    1.6009036151451349e-02    1.1224201529967114e-04    2.3836781034392417e-02    4.1418804387333084e-05 
   3.1180135753979743e-03   -4.4088939595012311e-02    8.2258252886870109e-04    5.3077240333906921e-02    1.9531839789476406e-04 
   4.5515835425020542e-03   -4.1683844783033275e-02    1.0731144696783143e-03    6.5484674570991303e-02    2.5340273362116236e-04 
   6.4434046003587573e-03   -5.0376264158993296e-03    1.4876699963235745e-03    5.5867275211086941e-02    3.1853013428633149e-04 
  -7.2922041871991360e-04    4.0315904883580993e-02   -1.1848668040048456e-04   -1.8161284311260420e-02   -3.7474649075815516e-05 
  -8.1358428889948160e-03   -1.5553745896178324e-03   -2.5800383203049005e-04    3.1413094384032293e-04    4.2684779901898189e-05 
   1.1507831062559882e-02    1.4127510864374736e-02    1.6421999213190421e-03    1.5290248395374252e-03    2.5298023193354559e-04 
  -7.2936024657309622e-03   -1.1466920149180400e-03   -1.3320335278273864e-03   -3.2870103499156529e-04   -2.2810477335380623e-04 
  -3.0653147543502936e-03    2.3839413408938189e-05   -4.7228967210548973e-04   -3.6389219839342917e-04   -7.3622378545339315e-05 
   9.4580659005682865e-03    1.1269401552096128e-03    2.4590428091413961e-03   -1.1985656215491704e-03    4.7501163030532552e-04 
  -1.3787411786221407e-03   -2.5472382619661722e-05   -3.6075902567921036e-03    1.2149120108404781e-03   -7.9296891743305966e-04 
   2.5840689480441242e-03    3.9647717572928879e-03   -6.5155172533447434e-04   -1.5650659918916958e-03   -1.6139426456731788e-04 
  -2.5257322552704434e-03   -6.9810524640974805e-04    2.4955604388711703e-03   -2.5810461536765633e-03    5.7422853076336759e-04 
   1.8378198062636190e-04    1.8572054454078539e-05   -1.9396812776072525e-03   -1.3307880525965666e-04   -4.7419735358146813e-04 
   4.1515434437189459e-03    8.2061912344952054e-05   -5.8515151174667159e-03    2.5571101974082236e-04   -1.3895981468615040e-03 
   7.4366252941498915e-06   -7.3970758280069793e-04    5.2351832132060485e-07   -9.3808453884361821e-06    7.9259409549008200e-08 
   1.6029888176840907e-05    2.5688275469333533e-04    2.3294882291111170e-06    1.3798935938436323e-04    3.7715863117345512e-07 
   1.0642388511106542e-05   -1.6375721301578144e-04    5.9200510339596269e-07   -5.2146206847467118e-05    2.3524135010687266e-08 
  -1.5867765172257451e-06    1.3238786155099738e-05   -1.4763377216663701e-07   -1.1302937838071551e-05   -2.8742500022759538e-08 
  -4.5644506349201043e-06   -9.3643293812594284e-06   -2.3677438460606847e-07    2.4507601605352454e-06   -1.8625321526773631e-08 
   1.2555021748161593e-05   -1.2488251622209028e-03    8.8383959790360826e-07   -1.5837387687209156e-05    1.3381118064628783e-07 
   2.6692332051066142e-05    4.2775094316461917e-04    3.8789711216025464e-06    2.2977439140983464e-04    6.2802954756428328e-07 
   1.7908072629245387e-05   -2.7555619315992332e-04    9.9617396766099825e-07   -8.7747037104455290e-05    3.9584339349377881e-08 
  -8.2480986519965073e-06    6.8815496734763834e-05   -7.6740354043414460e-07   -5.8752915318405301e-05   -1.4940413670049622e-07 
  -1.0100992711982238e-05   -2.0722980791829354e-05   -5.2397463015433402e-07    5.4234589220869595e-06   -4.1217279372232583e-08 
   2.2742378702362994e-05    1.1558000923983342e-03    2.4878799102091402e-06    4.4636712813542652e-05    2.6738477770824355e-07 
   2.2742378702362994e-05    1.1558000923983342e-03    2.4878799102091402e-06    4.4636712813542652e-05    2.6738477770824355e-07 
   2.2742378702362994e-05    1.1558000923983342e-03    2.4878799102091402e-06    4.4636712813542652e-05    2.6738477770824355e-07 
   2.2742378702362994e-05    1.1558000923983342e-03    2.4878799102091402e-06    4.4636712813542652e-05    2.6738477770824355e-07 
   2.2742378702362994e-05    1.1558000923983342e-03    2.4878799102091402e-06    4.4636712813542652e-05    2.6738477770824355e-07 
   3.2378441640207959e-07    9.6471577220198193e-04    2.5521628225976864e-07    6.5800596181865784e-05    4.0140983648075218e-08 
   3.2378441640207959e-07    9.6471577220198193e-04    2.5521628225976864e-07    6.5800596181865784e-05    4.0140983648075218e-08 
   3.2378441640207959e-07    9.6471577220198193e-04    2.5521628225976864e-07    6.5800596181865784e-05    4.0140983648075218e-08 
   3.2378441640207959e-07    9.6471577220198193e-04    2.5521628225976864e-07    6.5800596181865784e-05    4.0140983648075218e-08 
   3.2378441640207959e-07    9.6471577220198193e-04    2.5521628225976864e-07    6.5800596181865784e-05    4.0140983648075218e-08 
   1.1119397487925010e-05   -1.1060262299975685e-03    7.8277553012579150e-07   -1.4026435986877862e-05    1.1851032485487194e-07 
   2.3640154187621801e-05    3.7883906999832003e-04    3.4354238973418523e-06    2.0350046713428670e-04    5.5621649357569004e-07 
   1.5860345111418667e-05   -2.4404727474512645e-04    8.8226484475568156e-07   -7.7713460280943899e-05    3.5058004068140654e-08 
  -7.3049564764471322e-06    6.0946677502561027e-05   -6.7965354189670493e-07   -5.2034718227023994e-05   -1.3232027913901152e-07 
  -8.9459783694608471e-06   -1.8353378049124170e-05   -4.6405990392869434e-07    4.8033047432154905e-06   -3.6504222924011737e-08 
  -1.2723851491648564e-05   -1.1362144240463698e-03   -1.5488534638366153e-06   -3.9461751106923301e-05   -1.4992075898819991e-07 
  -1.2723851491648564e-05   -1.1362144240463698e-03   -1.5488534638366153e-06   -3.9461751106923301e-05   -1.4992075898819991e-07 
  -1.2723851491648564e-05   -1.1362144240463698e-03   -1.5488534638366153e-06   -3.9461751106923301e-05   -1.4992075898819991e-07 
  -1.2723851491648564e-05   -1.1362144240463698e-03   -1.5488534638366153e-06   -3.9461751106923301e-05   -1.4992075898819991e-07 
  -1.2723851491648564e-05   -1.1362144240463698e-03   -1.5488534638366153e-06   -3.9461751106923301e-05   -1.4992075898819991e-07 
  -3.2297122069238621e-05   -7.0648208917306978e-04   -3.5287927605033730e-06   -2.1234894651745849e-04   -4.9562363995074827e-07 
  -2.9285918137709224e-05   -2.3641363518418766e-05   -7.9475754585045654e-08    8.3109584596239994e-05    1.9870187805845121e-07 
   6.3668706944145748e-05   -8.8962513899276946e-06    5.2696326358368948e-07    1.9905892852348408e-05   -2.5957848963893333e-07 
   1.2203357145894269e-06   -1.2746201257128921e-03    3.6747592644797465e-07    2.1037002242305041e-05    5.6815780500736093e-08 
  -1.6316372365336398e-05   -1.5142201832494147e-06   -3.0452819229490430e-06   -9.0744793833654136e-05   -4.6763853547959863e-07 
  -2.2832471441498261e-05   -9.6483612279712940e-04   -1.1293142745093218e-05   -1.2317703078399611e-03   -1.5898612203662248e-06 
  -2.9013610803320969e-05    6.6440379650313270e-04   -9.0210197619344092e-06   -5.1980027839247352e-04   -1.1988184864261359e-06 
   1.5075894215687463e-05    7.4190561069582166e-04    1.0830883794520206e-06    1.5520570601490298e-04    1.4815781127007465e-07 
  -5.9503395540136827e-05    4.8720293070623997e-05   -3.5850538148943734e-06   -2.2708481086207568e-04   -3.4127102163064291e-07 
  -4.6801341880781560e-05   -1.5433024391207426e-06    1.0251565663280719e-06    1.1916034168445162e-05    6.7406204766543787e-08 
   6.7851717277418100e-07   -1.2900455654583916e-03   -1.8653946676211949e-06   -1.8238970098714708e-04   -1.2216820696074280e-07 
  -2.0362532989292786e-05    3.8104164469460755e-05   -2.0841250353731862e-06   -2.6956560423918379e-04   -3.8519274835715529e-07 
   2.2189213277346512e-05    1.1276874372661257e-03    2.4273669284348186e-06    4.3551009047107854e-05    2.6088114780480912e-07 
   2.2189213277346512e-05    1.1276874372661257e-03    2.4273669284348186e-06    4.3551009047107854e-05    2.6088114780480912e-07 
   2.2189213277346512e-05    1.1276874372661257e-03    2.4273669284348186e-06    4.3551009047107854e-05    2.6088114780480912e-07 
   4.0938418956660816e-07    1.2197603237167295e-03    3.2268850996019414e-07    8.3196480053756411e-05    5.0753165460461603e-08 
   4.0938418956660816e-07    1.2197603237167295e-03    3.2268850996019414e-07    8.3196480053756411e-05    5.0753165460461603e-08 
   4.0938418956660816e-07    1.2197603237167295e-03    3.2268850996019414e-07    8.3196480053756411e-05    5.0753165460461603e-08 
   5.3890632651635627e-06   -1.4404876700656415e-03   -1.8974044870008249e-06   -8.2122562555238395e-04   -2.2646398655483881e-07 
   5.9653072535109307e-05   -5.7637019031430781e-04    2.7047045010882242e-05    1.0113220755289636e-03    3.1061328563159776e-06 
  -6.2805099986192061e-05   -1.7200142539416393e-06    4.7867202923040863e-06    2.5935828502335230e-06    8.8148573649444276e-07 
  -1.3505349824973799e-05   -1.2060006581339922e-03   -1.6439839674697179e-06   -4.1885489920630577e-05   -1.5912888463765704e-07 
  -1.3505349824973799e-05   -1.2060006581339922e-03   -1.6439839674697179e-06   -4.1885489920630577e-05   -1.5912888463765704e-07 
  -1.3505349824973799e-05   -1.2060006581339922e-03   -1.6439839674697179e-06   -4.1885489920630577e-05   -1.5912888463765704e-07 
   1.8746150319173937e-05   -1.8646454528673194e-03    1.3196783161897269e-06   -2.3647115568790661e-05    1.9979611004248217e-07 
   3.8386321201736895e-05    6.1514988901118276e-04    5.5783597746810456e-06    3.3043922785454906e-04    9.0317113884476693e-07 
   2.4564723187165609e-05   -3.7798381476454200e-04    1.3664640672659609e-06   -1.2036368857722920e-04    5.4298324492850182e-08 
  -1.4492650877038597e-05    1.2091501462164422e-04   -1.3483970139740440e-06   -1.0323415439651091e-04   -2.6251650036478708e-07 
  -1.2617077153977410e-05   -2.5884925864835393e-05   -6.5449293192160427e-07    6.7744034287071430e-06   -5.1484206428503214e-08 
   6.1063445296877234e-06   -6.0738697636908662e-04    4.2987015092748629e-07   -7.7027780284406288e-06    6.5081302712212469e-08 
   3.3847694083420970e-05    5.4241731447187379e-04    4.9187994376528521e-06    2.9136956987366988e-04    7.9638421853275592e-07 
   1.8154947950394240e-05   -2.7935492823819274e-04    1.0099069233663937e-06   -8.8956691454954512e-05    4.0130037185859938e-08 
  -1.5747407701462018e-05    1.3138369568344648e-04   -1.4651396561359876e-06   -1.1217204718380144e-04   -2.8524487305182568e-07 
  -3.8147347921600336e-05   -7.8262283795215278e-05   -1.9788394159396149e-06    2.0482202129889291e-05   -1.5566092773527011e-07 
   1.5684010964899772e-05   -1.5600600246179104e-03    1.1041119818659498e-06   -1.9784415122811626e-05    1.6715988761945956e-07 
   3.3344651802691462e-05    5.3435594277823290e-04    4.8456965526684388e-06    2.8703925382309384e-04    7.8454840683343151e-07 
   2.2371160569151023e-05   -3.4423089355453435e-04    1.2444425621190661e-06   -1.0961554027457276e-04    4.9449632573106838e-08 
  -1.0303707336582724e-05    8.5965841158427357e-05   -9.5865748256743834e-07   -7.3395441804680850e-05   -1.8663895333794110e-07 
  -1.2618383594142307e-05   -2.5887606129559346e-05   -6.5456070164699045e-07    6.7751048869469920e-06   -5.1489537380697232e-08 
   8.7240501644103334e-06   -8.6776539143696286e-04    6.1414955259096975e-07   -1.1004852673923774e-05    9.2980759088539590e-08 
   1.1880126358627827e-05    1.9038183869044638e-04    1.7264384010338254e-06    1.0226715293003456e-04    2.7952111369443056e-07 
   1.6160082990964894e-05   -2.4865941982313451e-04    8.9893839075405045e-07   -7.9182133732446505e-05    3.5720550294385257e-08 
  -8.6669095929032438e-06    7.2309718148989347e-05   -8.0636973281189815e-07   -6.1736192408520967e-05   -1.5699038047702376e-07 
  -3.5368751464930515e-05   -7.2561774682728840e-05   -1.8347036767855172e-06    1.8990308790937674e-05   -1.4432281576124604e-07 
   8.1048452348202899e-06   -5.2278723341666481e-03    8.4728872341959004e-07   -5.0153495555668758e-05    1.5504716575753162e-07 
   8.1048452348202899e-06   -5.2278723341666481e-03    8.4728872341959004e-07   -5.0153495555668758e-05    1.5504716575753162e-07 
   8.1048452348202899e-06   -5.2278723341666481e-03    8.4728872341959004e-07   -5.0153495555668758e-05    1.5504716575753162e-07 
   8.1048452348202899e-06   -5.2278723341666481e-03    8.4728872341959004e-07   -5.0153495555668758e-05    1.5504716575753162e-07 
   8.1048452348202899e-06   -5.2278723341666481e-03    8.4728872341959004e-07   -5.0153495555668758e-05    1.5504716575753162e-07 
   1.5599958197241965e-04    8.4977227852236648e-03    4.7159128330822999e-05    5.3134504196229631e-03    7.2109707040546486e-06 
   3.0729664061129310e-04   -1.5350211026765931e-03    6.5980821194433909e-06    4.2429986160294753e-03    7.9761307547489772e-06 
   1.1024442394136249e-04   -4.0034490066116930e-03    1.8872194255171310e-05   -2.2726538266485782e-04    2.2608971725045209e-06 
  -1.6830818233569219e-04   -5.2874978738224878e-03   -2.3073153773474935e-05   -5.5951239163091566e-03   -7.8902532732442207e-06 
   2.6723117376868319e-04   -3.6972113949153662e-03    1.2571366278209687e-04   -4.6406597081991748e-03    1.6041139775875777e-05 
   1.1043848444409152e-05    4.7820440863208686e-04   -6.4945611150595567e-07   -1.3375354396906493e-04   -7.4175696728964493e-08 
 TENSORSUMACCUMULATOR_IMPL_H - PrettifyOut: Norm of simple tensor is 9.70706e-05 
 As simple full tensor 3    5 5 5 
   2.9538979511258235e-09   -9.5775189246058450e-05   -9.1038650075693015e-09   -9.1874159130862118e-06   -2.5364937139316569e-10 
   1.4035428805405846e-07    6.7708765407367313e-06    3.5823461462112642e-08    3.1224507441954078e-06    8.3087201035185999e-09 
  -3.8565766370544391e-08   -1.9827446637693194e-06   -1.5342434062486797e-08   -1.4063219642955169e-06   -3.9090407356568960e-09 
   1.1738744105126764e-08    4.9084500655032304e-07    5.5445093139277554e-09    4.5245484514073516e-07    1.4376850718823665e-09 
  -6.8425183961773816e-09   -1.8682291097859249e-07   -2.3565740588629945e-09   -1.5792116235698734e-07   -5.9170508143863378e-10 

  -3.7459592098761554e-07   -6.9023954023765538e-06   -8.2667101810677252e-08   -3.2181188282642995e-06   -1.7071304052482852e-08 
   2.9165581578615889e-08    2.0626971973063024e-06    2.1462584307983841e-08    1.6590883747269153e-06    5.6181630342705801e-09 
  -1.2395718003287074e-08   -2.6061623251052868e-06   -8.8931177817895081e-09   -6.1426618471271230e-07   -1.9562863806115442e-09 
  -3.3618142307468130e-09    8.8982179979958420e-07    3.0823295601748182e-09    2.1389194706051525e-07    7.9699354812233273e-10 
  -1.8418408024372110e-10   -2.6895341879258730e-07   -9.4680418124203352e-11   -8.4609474106080116e-08   -6.1781759139750141e-11 

  -1.0729130332393011e-08   -4.2271280355792798e-06   -1.3137988937867091e-08   -3.0510798445602463e-06   -4.7394730102680573e-09 
   1.7340337514670632e-08   -1.6124843453155891e-06    6.0368760978517093e-09    3.6588727146276163e-07    1.5110807093567233e-09 
  -2.3733237644270526e-08    7.5171985165382301e-08   -4.9719603259740027e-09   -1.9262439146496622e-07   -9.6785281919431582e-10 
   3.4392336035761800e-09    4.8765109374274238e-08    1.1073484049224867e-09    7.7581856579161286e-08    2.3680305819862121e-10 
  -7.5809002817953847e-10   -5.0364374268141422e-08   -2.5491140853289492e-10   -3.5181628395563371e-08   -6.2301673748257963e-11 

  -2.8075066037474871e-08   -2.3828311709674484e-07   -5.7534228209936647e-09   -2.8146147781213200e-07   -1.2303257472602857e-09 
  -2.2306046149309822e-08   -1.0261542879193049e-08   -1.4408134580659934e-09    7.2247504078885171e-08   -1.8676282916579989e-11 
  -9.6490467820387699e-10   -1.6964585883749218e-08   -4.4343865175311021e-10   -4.2437547240204585e-08   -1.1843742197044422e-10 
  -1.7818513015654650e-09   -3.4576546895800294e-08    2.2364073718355608e-10    1.6369107963845107e-08    8.8746424663036528e-11 
   7.7384501508972841e-10    1.2509972145036874e-08   -3.2560251917570247e-10   -5.8727439440431872e-09   -5.9329475077538428e-11 

   5.2056077693520057e-09   -6.2523158991071960e-08    6.3911472534431996e-10   -1.0662996461221057e-07    3.0175223985421926e-11 
   7.1372125893424383e-09   -7.1004178260839034e-08    2.3589172089923813e-10   -3.6620735522154684e-08   -5.9322771142981696e-11 
  -2.3007926622373024e-09    5.6960082461885795e-09   -6.1229792408074613e-10   -1.0242086338330319e-09   -1.1488380543194952e-10 
   1.2973562694168390e-09   -5.2964071726848665e-09    5.0218693353352921e-12    7.8007167000879197e-10   -2.5842059379380889e-11 
  -6.4484787974180526e-10    2.1730775401542951e-09    1.9232451078783677e-10   -5.8987606025336300e-10    4.5382554053437900e-11 
