2    101 5 
   5.3959837518330752e-06   -1.2776968911733413e-03   -5.0110594772012927e-08   -2.9831811756055499e-06    5.1311784348872203e-09 
   1.2149713445912292e-04    4.7285360371476293e-07    6.4122618274661418e-06    1.7133561127559755e-05    1.6668522669119115e-07 
   1.0998963715748802e-05    2.2961529342896127e-07    1.2509385789454825e-06   -7.8470294990097412e-05    1.8611786734632436e-08 
  -6.1075840721736384e-07   -3.2468672096468189e-09    1.1329473163615098e-05    9.4896933043088170e-08   -3.9919001938585493e-07 
  -5.3448333995302526e-06    1.2655851708410599e-03    4.9635579520934438e-08    2.9549025937689135e-06   -5.0825382616131691e-09 
  -1.2034542208985265e-04   -4.6837126471412139e-07   -6.3514778320693044e-06   -1.6971146315324837e-05   -1.6510516113483475e-07 
  -1.0894700824142542e-05   -2.2743869251740044e-07   -1.2390805096915643e-06    7.7726448563079104e-05   -1.8435359322645131e-08 
   6.0496882201142871e-07    3.2160890588420656e-09   -1.1222077261333624e-05   -9.3997372966399216e-08    3.9540596237856304e-07 
   1.6694390566352835e-05    1.6413197944792647e-03    1.0089949919581494e-06    5.3845769749768446e-05    8.4908323046453168e-08 
  -4.9966682245122320e-06   -4.4089540669948229e-06    1.4057296704943536e-06    1.3591567024184397e-04    2.0792488839711892e-07 
   1.9810848734960986e-05   -2.2536275909399700e-07    7.5091874560119191e-07    7.1307332486255451e-07    1.0194392989003526e-07 
  -1.1357518761702154e-05   -1.1166217949472521e-03   -6.8643892726008948e-07   -3.6632324956136067e-05   -5.7764784416172736e-08 
   3.3993306242802603e-06    2.9994972464763881e-06   -9.5634524920600072e-07   -9.2466075275145863e-05   -1.4145534762764425e-07 
  -1.3477705897575524e-05    1.5331867038966805e-07   -5.1086463490728027e-07   -4.8511765873733860e-07   -6.9354439251068246e-08 
   4.8656930204532740e-06    4.7837375294342769e-04    2.9407841337664523e-07    1.5693713706472841e-05    2.4747104914281149e-08 
  -1.4563127422291544e-06   -1.2850194768123521e-06    4.0970941821344573e-07    3.9613541173455734e-05    6.0601114741585317e-08 
   5.7740058276361507e-06   -6.5683500073600619e-08    2.1886034622691036e-07    2.0783004243641175e-07    2.9712247726086831e-08 
  -1.4694927749977276e-05   -1.4447413158700025e-03   -8.8814913296671102e-07   -4.7396740418277103e-05   -7.4738976998304718e-08 
   4.3982245568042648e-06    3.8809000669984735e-06   -1.2373674775255226e-06   -1.1963724859289492e-04   -1.8302202768491135e-07 
  -1.7438132267776469e-05    1.9837139003423435e-07   -6.6098230234012033e-07   -6.2766957246169955e-07   -8.9734254049508119e-08 
   8.5715468599631153e-06   -2.0296278267704251e-03   -7.9600927471847379e-08   -4.7387980421134979e-06    8.1509023051685040e-09 
   1.9299879859976046e-04    7.5113028662598197e-07    1.0185909606159806e-05    2.7216746535426567e-05    2.6478030645695650e-07 
   1.7471908225918500e-05    3.6474502850790038e-07    1.9871221155409015e-06   -1.2465045143886046e-04    2.9564915218535840e-08 
  -9.7019274859781256e-07   -5.1576646104820099e-09    1.7996924117429313e-05    1.5074424717629790e-07   -6.3411531883005743e-07 
   2.7416333972261850e-06   -6.4918217501728093e-04   -2.5460580776424199e-08   -1.5157178963406299e-06    2.6070890520073561e-09 
   6.1731209139993026e-05    2.4025113706147674e-07    3.2579918670006448e-06    8.7053530108901072e-06    8.4690726536295204e-08 
   5.5884390400048746e-06    1.1666472434519012e-07    6.3558660360133982e-07   -3.9869797858816261e-05    9.4564213756917334e-09 
  -3.1031888231593673e-07   -1.6496935475949680e-09    5.7563668511405547e-06    4.8215971895186698e-08   -2.0282357014433880e-07 
  -8.4744934565445320e-06    2.0066468769512954e-03    7.8699626802011005e-08    4.6851418601414131e-06   -8.0586117510161375e-09 
  -1.9081352322696909e-04   -7.4262543307751276e-07   -1.0070577191796023e-05   -2.6908578368770188e-05   -2.6178226767589409e-07 
  -1.7274078337656089e-05   -3.6061511508911615e-07   -1.9646224468728811e-06    1.2323906668562396e-04   -2.9230159346507264e-08 
   9.5920750757168443e-07    5.0992657109231716e-09   -1.7793149610307267e-05   -1.4903740913723073e-07    6.2693539543259238e-07 
   2.0634238212027672e-05    2.0286684612291503e-03    1.2471160858527728e-06    6.6553279397095505e-05    1.0494654219097206e-07 
  -6.1758733870079330e-06   -5.4494596926238364e-06    1.7374794705688099e-06    1.6799153616125695e-04    2.5699480674919439e-07 
   2.4486175182909786e-05   -2.7854798513206526e-07    9.2813428636569030e-07    8.8135741100437189e-07    1.2600252313857224e-07 
   6.5618783121996058e-06    6.4513530577656284e-04    3.9659443263490404e-07    2.1164557479374332e-05    3.3373969616279287e-08 
  -1.9639847723322258e-06   -1.7329785089614107e-06    5.5253451756565566e-07    5.3422859930302406e-05    8.1726721937933501e-08 
   7.7868298422472660e-06   -8.8580831711033364e-08    2.9515527454567484e-07    2.8027979618820476e-07    4.0069966013258385e-08 
  -2.0396647953283895e-05   -2.0053096214379235e-03   -1.2327563294868425e-06   -6.5786960296301879e-05   -1.0373814884699664e-07 
   6.1047620941697652e-06    5.3867125960225387e-06   -1.7174734886307988e-06   -1.6605721941385931e-04   -2.5403567339016608e-07 
  -2.4204232295676768e-05    2.7534068049692205e-07   -9.1744740454428845e-07   -8.7120913544534432e-07   -1.2455168343384247e-07 
  -1.2724676382955928e-05   -1.3658230661377868e-03   -1.1293963783074871e-06   -7.3275784993815250e-05   -1.1354016225643033e-07 
  -1.2724676382955928e-05   -1.3658230661377868e-03   -1.1293963783074871e-06   -7.3275784993815250e-05   -1.1354016225643033e-07 
  -1.2724676382955928e-05   -1.3658230661377868e-03   -1.1293963783074871e-06   -7.3275784993815250e-05   -1.1354016225643033e-07 
   1.1283076062863338e-05    1.1067784886441448e-03    7.0979161007268773e-07    3.8737038961005739e-05    6.1549179766222263e-08 
   1.1283076062863338e-05    1.1067784886441448e-03    7.0979161007268773e-07    3.8737038961005739e-05    6.1549179766222263e-08 
   1.1283076062863338e-05    1.1067784886441448e-03    7.0979161007268773e-07    3.8737038961005739e-05    6.1549179766222263e-08 
   8.6094816626563032e-06    1.0464882462121218e-03    1.1110658688137222e-06    8.0765272284654625e-05    1.2342115340710296e-07 
   8.6094816626563032e-06    1.0464882462121218e-03    1.1110658688137222e-06    8.0765272284654625e-05    1.2342115340710296e-07 
   8.6094816626563032e-06    1.0464882462121218e-03    1.1110658688137222e-06    8.0765272284654625e-05    1.2342115340710296e-07 
  -5.3454417061260512e-06    1.2778291598653771e-03    5.3196293084981829e-08    2.9581187469678416e-06   -5.0640506840378233e-09 
  -5.3454417061260512e-06    1.2778291598653771e-03    5.3196293084981829e-08    2.9581187469678416e-06   -5.0640506840378233e-09 
  -5.3454417061260512e-06    1.2778291598653771e-03    5.3196293084981829e-08    2.9581187469678416e-06   -5.0640506840378233e-09 
   5.2971437839973311e-06   -1.2655965331435665e-03   -5.3065408363556987e-08   -2.8741253477687047e-06    5.0194316362079954e-09 
   5.2971437839973311e-06   -1.2655965331435665e-03   -5.3065408363556987e-08   -2.8741253477687047e-06    5.0194316362079954e-09 
   5.2971437839973311e-06   -1.2655965331435665e-03   -5.3065408363556987e-08   -2.8741253477687047e-06    5.0194316362079954e-09 
   2.9226191740072207e-02   -3.4390531932184754e-01    2.0540505479599586e-02   -3.7817390426934716e-01   -2.7146949711325820e-03 
   2.1521644459685563e-02    1.5322695266571174e-01    2.0949538805225265e-02   -7.5949556772772217e-03    3.4850037686398570e-03 
   8.8798878507721932e-02   -1.9736798433618799e-04    7.5556409236003194e-02    3.6473791226772525e-03    4.4409973757244675e-03 
   4.9454988001313666e-01   -1.1128488287993537e+01    7.1542484854584298e-01   -1.8199623874457799e+01    2.1745228605252484e-01 
   4.1576705654348045e-01    2.9238990925952066e+00    7.5479696210847735e-01   -1.0839917246801657e-01    4.6339942841735543e-01 
   1.6191458963389307e+00    3.8288944549106592e-02    2.6932905446514313e+00    1.6990264551600956e-01    1.3632190775869779e+00 
   3.0342868809051552e-05   -1.8593404212659527e-04   -2.7623098069106814e-05   -2.1154599791778880e-05    1.6175665966023471e-06 
   1.6999613533593302e-05    2.6631927564758255e-04   -1.0444638605291344e-05   -3.0079508108363099e-04   -3.2195360034512370e-06 
   8.0312100429710446e-05   -4.1345216936785130e-06   -6.2148001991103668e-05    6.7967964922989114e-06   -4.3427360760809390e-06 
   1.1498453665352935e-04   -6.0914694656950331e-04   -7.1203470427595239e-06   -2.5162945524836642e-04   -2.5815423071473091e-07 
   7.4028635713872822e-05    4.8831635603098478e-04    7.8576069467037789e-06   -2.0224270776925029e-04    2.8615988630388162e-07 
   3.2571167466894724e-04   -5.1136784100747770e-06    7.4674084449355178e-06    6.7552295135048409e-06    8.2237830016457968e-07 
   3.8108568604948663e-06   -2.0188556548074235e-05   -2.3598497821290819e-07   -8.3395895112857317e-06   -8.5558358525142622e-09 
   2.4534823767942568e-06    1.6183947769253487e-05    2.6041949823345316e-07   -6.7027970266108772e-06    9.4840088733453690e-09 
   1.0794847777623590e-05   -1.6947927972365136e-07    2.4748740596526420e-07    2.2388412811825820e-07    2.7255543034865123e-08 
  -3.5796441263012077e-03    1.8963674184400939e-02    2.2166727118831211e-04    7.8336090025592151e-03    8.0367352215566695e-06 
  -2.3046244192794496e-03   -1.5202033477859570e-02   -2.4461929727390353e-04    6.2961241748085714e-03   -8.9085940249276968e-06 
  -1.0139901564413006e-02    1.5919661388534727e-04   -2.3247182235599319e-04   -2.1030060522570225e-04   -2.5601891675678211e-05 
   1.4447410431544323e-04   -7.6537212796965153e-04   -8.9464704677419944e-06   -3.1616373144096845e-04   -3.2436188676513004e-07 
   9.3014427415425238e-05    6.1355265858691586e-04    9.8728121078443171e-06   -2.5411098665670468e-04    3.5955002705568925e-07 
   4.0924548493568956e-04   -6.4251605437947079e-06    9.3825411489060552e-06    8.4877128856865567e-06    1.0332899690915747e-06 
  -3.0536237644429282e-05    1.6177006458593127e-04    1.8909378229149940e-06    6.6824784161675829e-05    6.8557557106770189e-08 
  -1.9659652318843516e-05   -1.2968130087226125e-04   -2.0867306163441431e-06    5.3709234006859243e-05   -7.5994968947939668e-08 
  -8.6498666609626478e-05    1.3580304248887690e-06   -1.9831062984552195e-06   -1.7939742140163216e-06   -2.1839753360154628e-07 
   5.6521281050518980e-06   -2.9942953000596863e-05   -3.5000457287026849e-07   -1.2368984190923695e-05   -1.2689713115576537e-08 
   3.6389182813147093e-06    2.4003458903311077e-05    3.8624498871303031e-07   -9.9413514711875035e-06    1.4066346510489503e-08 
   1.6010536408796061e-05   -2.5136567318500902e-07    3.6706456687040476e-07    3.3205702001830715e-07    4.0424457397701353e-08 
  -3.5796441263012077e-03    1.8963674184400939e-02    2.2166727118831211e-04    7.8336090025592151e-03    8.0367352215566695e-06 
  -2.3046244192794496e-03   -1.5202033477859570e-02   -2.4461929727390353e-04    6.2961241748085714e-03   -8.9085940249276968e-06 
  -1.0139901564413006e-02    1.5919661388534727e-04   -2.3247182235599319e-04   -2.1030060522570225e-04   -2.5601891675678211e-05 
  -5.7598040308345065e-04    3.0513381540976663e-03    3.5667233865892210e-05    1.2604619654061509e-03    1.2931458628459399e-06 
  -3.7082415322222051e-04   -2.4460737049057401e-03   -3.9360315292402825e-05    1.0130739291720737e-03   -1.4334317592309493e-06 
  -1.6315545300677405e-03    2.5615431758002419e-05   -3.7405733425379726e-05   -3.3838287576300050e-05   -4.1194563947598302e-06 
   1.8238379458172707e-04   -9.6620410714859807e-04   -1.1294004830495618e-05   -3.9912440587567736e-04   -4.0947373929896233e-07 
   1.1742121055709854e-04    7.7454753970623564e-04    1.2463416499122676e-05   -3.2078915602872090e-04    4.5389517095188960e-07 
   5.1663060872862352e-04   -8.1111086746416334e-06    1.1844499508509957e-05    1.0714870258214590e-05    1.3044230061789166e-06 
  -1.3016898952805618e-04    6.8958874659794773e-04    8.0606349916238194e-06    2.8485875473734605e-04    2.9224516906811202e-07 
  -8.3804596578505427e-05   -5.5280169390172331e-04   -8.8952548414662961e-06    2.2895016735220478e-04   -3.2394915288373592e-07 
  -3.6872401109811729e-04    5.7889727678477309e-06   -8.4535281000386089e-06   -7.6473013275914931e-06   -9.3097868163595426e-07 
  -5.6879157146309540e-04    3.0132542955338265e-03    3.5222069868552915e-05    1.2447300953899866e-03    1.2770060639590470e-06 
  -3.6619588395471714e-04   -2.4155441731692272e-03   -3.8869057816199802e-05    1.0004297179162706e-03   -1.4155410471490526e-06 
  -1.6111910407314801e-03    2.5295724655460080e-05   -3.6938871154039589e-05   -3.3415950721773542e-05   -4.0680413149571358e-06 
  -5.1216160117929896e-04    2.7132489688468184e-03    3.1715293625615260e-05    1.1208024005193258e-03    1.1498649122921734e-06 
  -3.2973672550927637e-04   -2.1750480026758736e-03   -3.4999180519269117e-05    9.0082503310897981e-04   -1.2746070891627462e-06 
  -1.4507777973997568e-03    2.2777234214645334e-05   -3.3261166911008322e-05   -3.0088995135017586e-05   -3.6630193871766424e-06 
2    101 5 
  -5.9675779352202298e-06   -1.2776973966322305e-03    2.9875810545686746e-07    1.0127397748676626e-06   -4.0679221993182407e-09 
  -1.1978057650738646e-04    5.5697717081893433e-07    2.5242336982627400e-05   -1.0556871486312462e-05    4.0153579620385164e-07 
  -5.6922109547890510e-06    9.0451001299200926e-08    5.9503310534694226e-06    7.8818562202065124e-05    2.6103237278774582e-08 
  -2.3595175929554166e-06    8.9975126945317678e-09   -1.0890797409989985e-05    6.5246390051474120e-07   -2.0726251578773262e-06 
  -5.9110092486156103e-06   -1.2655856715085335e-03    2.9592607647934297e-07    1.0031396725215492e-06   -4.0293609909815932e-09 
  -1.1864513597065271e-04    5.5169739611569509e-07    2.5003056345585205e-05   -1.0456799336251399e-05    3.9772950278589167e-07 
  -5.6382525647882414e-06    8.9593585710982097e-08    5.8939258558814961e-06    7.8071414432528570e-05    2.5855795877083943e-08 
  -2.3371509288409484e-06    8.9122222330810508e-09   -1.0787559863325690e-05    6.4627897485315713e-07   -2.0529780440436155e-06 
   7.2776122749064047e-06    1.6415653935390956e-03    4.6405271272847228e-07    4.8818496632615213e-05    7.7881397315219452e-08 
   7.2776122749064047e-06    1.6415653935390956e-03    4.6405271272847228e-07    4.8818496632615213e-05    7.7881397315219452e-08 
   7.2776122749064047e-06    1.6415653935390956e-03    4.6405271272847228e-07    4.8818496632615213e-05    7.7881397315219452e-08 
   1.6687386360617796e-05    1.1168247043331710e-03    2.3783640612910748e-06    2.7631640208371827e-05    1.2371837481770872e-07 
   1.6687386360617796e-05    1.1168247043331710e-03    2.3783640612910748e-06    2.7631640208371827e-05    1.2371837481770872e-07 
   1.6687386360617796e-05    1.1168247043331710e-03    2.3783640612910748e-06    2.7631640208371827e-05    1.2371837481770872e-07 
   2.3612621115598117e-06    4.7844155822320548e-04    1.7756485404957524e-07    1.4316889642527640e-05    2.4256269612516466e-08 
   2.3612621115598117e-06    4.7844155822320548e-04    1.7756485404957524e-07    1.4316889642527640e-05    2.4256269612516466e-08 
   2.3612621115598117e-06    4.7844155822320548e-04    1.7756485404957524e-07    1.4316889642527640e-05    2.4256269612516466e-08 
  -1.0615685786179955e-06    1.4448597072477115e-03   -9.0389235613517677e-07    4.6566328048477706e-05    2.3570585152872228e-08 
  -1.0615685786179955e-06    1.4448597072477115e-03   -9.0389235613517677e-07    4.6566328048477706e-05    2.3570585152872228e-08 
  -1.0615685786179955e-06    1.4448597072477115e-03   -9.0389235613517677e-07    4.6566328048477706e-05    2.3570585152872228e-08 
  -9.4795270454336430e-06   -2.0296286296943686e-03    4.7457872715932530e-07    1.6087421379424502e-06   -6.4619145197194749e-09 
  -1.9027203780917190e-04    8.8476098875989806e-07    4.0097577059617503e-05   -1.6769642534374890e-05    6.3784159689967601e-07 
  -9.0421052359905430e-06    1.4368186262668151e-07    9.4521302885280897e-06    1.2520367562641584e-04    4.1465121435131032e-08 
  -3.7481053585556421e-06    1.4292593386348253e-08   -1.7300085514598099e-05    1.0364421308341670e-06   -3.2923753074402385e-06 
  -3.0320534160600243e-06   -6.4918243183476499e-04    1.5179534210686201e-07    5.1456070239894307e-07   -2.0668615533136046e-09 
  -6.0859047023649346e-05    2.8299329338992098e-07    1.2825322921348520e-05   -5.3638173812637598e-06    2.0401543067662338e-07 
  -2.8921428187037996e-06    4.5957048312125773e-08    3.0232904862254115e-06    4.0046748172865142e-05    1.3262735840317600e-08 
  -1.1988420521080593e-06    4.5715262368821826e-09   -5.5334810620046245e-06    3.3150893375614719e-07   -1.0530755121042211e-06 
  -9.3721928177162201e-06   -2.0066476707839391e-03    4.6920519523873215e-07    1.5905267676876962e-06   -6.3887479364895450e-09 
  -1.8811763684205767e-04    8.7474306940718179e-07    3.9643562587544543e-05   -1.6579764218516145e-05    6.3061948182145042e-07 
  -8.9397238220451887e-06    1.4205499013735574e-07    9.3451062671880859e-06    1.2378602685909497e-04    4.0995622612550759e-08 
  -3.7056665330598183e-06    1.4130762055961173e-08   -1.7104201130360889e-05    1.0247067652242897e-06   -3.2550965951915891e-06 
  -9.3899018590858304e-06   -2.0298666036259664e-03    4.5830504800442460e-07    1.6641005487045745e-06   -6.7687187717638405e-09 
  -9.3899018590858304e-06   -2.0298666036259664e-03    4.5830504800442460e-07    1.6641005487045745e-06   -6.7687187717638405e-09 
  -9.3899018590858304e-06   -2.0298666036259664e-03    4.5830504800442460e-07    1.6641005487045745e-06   -6.7687187717638405e-09 
  -2.6215748288170596e-06   -6.4551510540189277e-04    1.5380434396060124e-07    1.9742378084144710e-06   -3.2042843824241935e-09 
  -2.6215748288170596e-06   -6.4551510540189277e-04    1.5380434396060124e-07    1.9742378084144710e-06   -3.2042843824241935e-09 
  -2.6215748288170596e-06   -6.4551510540189277e-04    1.5380434396060124e-07    1.9742378084144710e-06   -3.2042843824241935e-09 
  -9.2448102290839390e-06   -2.0064940102790087e-03    4.5402451949656144e-07    1.7944787012574593e-06   -6.7968848101304000e-09 
  -9.2448102290839390e-06   -2.0064940102790087e-03    4.5402451949656144e-07    1.7944787012574593e-06   -6.7968848101304000e-09 
  -9.2448102290839390e-06   -2.0064940102790087e-03    4.5402451949656144e-07    1.7944787012574593e-06   -6.7968848101304000e-09 
  -2.0032150348971954e-05   -1.3672716333569567e-03   -2.8415357067304193e-06   -3.3363518074916936e-05   -1.4871295290059455e-07 
   1.0221623063709899e-04   -2.0053445608957056e-07    1.7961704072263578e-05   -5.4687151715886727e-05    6.1275333620370646e-07 
   1.5574935910547626e-05   -9.6650700773342707e-07    2.7570794621830439e-06    3.0021619386389657e-05    1.1415619441369541e-07 
  -1.6219566871707810e-05   -1.1070480853374995e-03   -2.3007254643545946e-06   -2.7013665685637127e-05   -1.2040942396302021e-07 
   8.2762107877121601e-05   -1.6236809149114965e-07    1.4543174609552424e-05   -4.4278916582940689e-05    4.9613214454174282e-07 
   1.2610663863984775e-05   -7.8255827611193242e-07    2.2323432047216558e-06    2.4307807936330522e-05    9.2429619229951137e-08 
  -1.5371946167655773e-05   -1.0491946984415750e-03   -2.1804915177053546e-06   -2.5601954601821040e-05   -1.1411693036431234e-07 
   7.8437030845009077e-05   -1.5388287378380264e-07    1.3783160732535583e-05   -4.1964938241499203e-05    4.7020470264482847e-07 
   1.1951641347076536e-05   -7.4166244934871730e-07    2.1156828565237929e-06    2.3037502666163664e-05    8.7599326316050168e-08 
  -1.8714052041711195e-05   -1.2773063328725808e-03   -2.6545650949980358e-06   -3.1168227208349103e-05   -1.3892776818146716e-07 
   9.5490490353093493e-05   -1.8733946091858609e-07    1.6779839353761987e-05   -5.1088784049415923e-05    5.7243469236625458e-07 
   1.4550118489464264e-05   -9.0291167579671005e-07    2.5756659988863601e-06    2.8046222586492050e-05    1.0664481475655620e-07 
  -1.8534901194362861e-05   -1.2650785955900575e-03   -2.6291527692734826e-06   -3.0869851725461940e-05   -1.3759780354663296e-07 
   9.4576353627261233e-05   -1.8554604797463684e-07    1.6619204851309226e-05   -5.0599707769620989e-05    5.6695473751946769e-07 
   1.4410829251056876e-05   -8.9426804311688490e-07    2.5510089793826042e-06    2.7777734258571884e-05    1.0562389695177724e-07 
   8.6523009921482057e-06   -6.4093652996771245e-04   -2.3067755049819845e-06   -4.1033303051297366e-05   -1.5517668284032746e-07 
   2.2312641153478398e-05    5.0514038448246524e-04    7.9667265441409095e-07   -8.3078074418321894e-05   -1.6387964111395728e-07 
   3.1121854723014725e-04   -2.9024249610250626e-05    5.0542634955761572e-06    1.2896662657997276e-05    2.0654717981200814e-10 
   3.3472216154274369e-07   -2.4795214696897988e-05   -8.9239715992556882e-08   -1.5874107829850970e-06   -6.0031516181051377e-09 
   8.6318488959149918e-07    1.9541816856572802e-05    3.0820008824181232e-08   -3.2139511410138072e-06   -6.3398335028210340e-09 
   1.2039773574174220e-05   -1.1228295889747077e-06    1.9552879676528668e-07    4.9891916676151763e-07    7.9904661835010836e-12 
   2.8057934018907844e-04   -2.0784476735681491e-02   -7.4804788892518338e-05   -1.3306399195265428e-03   -5.0321147315124725e-06 
   7.2356083525063433e-04    1.6380839722238798e-02    2.5834733202767259e-05   -2.6940800286103404e-03   -5.3143368008006407e-06 
   1.0092285822659293e-02   -9.4120683186095814e-04    1.6390113081103181e-04    4.1821673824174102e-04    6.6979721905374401e-09 
   1.8426431439385784e-03   -3.0230250082084570e-01    4.0103054501312391e-04   -2.3286450818126067e-01   -1.0599747250003917e-03 
   6.2897457037468388e-03    2.0221930159441467e-01    5.4069120651598799e-03    9.1273474162985646e-02    1.9017418203467809e-04 
   8.6263086065647004e-02   -9.0778949492836651e-03    7.2408920619006722e-02    1.2482061798144599e-03    2.4980382733134758e-03 
   1.8651388148007948e-02   -7.0036432135647599e+00    7.1349953963167163e-03   -9.2632526967830202e+00   -2.9499147091543967e-02 
   9.3151080446157275e-02    4.0806253297650166e+00    1.5503614193912724e-01    3.7277144468683323e+00    7.3383490761274497e-02 
   1.2635113489535521e+00   -1.3299843971170966e-01    2.0872039378696368e+00    3.7384589264692555e-02    1.0032519966835189e+00 
  -2.9275624351741508e-06    2.8641157789266859e-04    3.4096574164419130e-06   -1.7057087221411521e-04   -7.5258906641502861e-07 
  -6.0180997229030206e-06   -2.6277475465976888e-04    4.4478376445530759e-06    2.3319769439788515e-04    6.0828846309444845e-07 
  -8.5323889426907189e-05    1.7706347355988946e-05    6.6969417283473578e-05   -2.0351172379448381e-05    3.5913902402682742e-06 
   1.1324156098478106e-05   -8.3885954974957742e-04   -3.0191143288088473e-06   -5.3704503508457007e-05   -2.0309568297757586e-07 
   2.9202848077131243e-05    6.6112916907487779e-04    1.0426874314891535e-06   -1.0873281961963708e-04   -2.1448613946985014e-07 
   4.0732371802298494e-04   -3.7987020276564194e-05    6.6150344097695972e-06    1.6879188694557279e-05    2.7032953523163118e-10 
   2.3934886004950117e-06   -1.7730246318415090e-04   -6.3812399500270774e-07   -1.1351054844608803e-05   -4.2926571992583744e-08 
   6.1723525679759022e-06    1.3973713501248225e-04    2.2038379367484292e-07   -2.2981912470657110e-05   -4.5334073931942992e-08 
   8.6092479414892796e-05   -8.0289868143859789e-06    1.3981624161639416e-06    3.5676076322770447e-06    5.7137207870260702e-11 
   4.4302459083223547e-07   -3.2817934119034735e-05   -1.1811404563524483e-07   -2.1010321198133316e-06   -7.9455264541104500e-09 
   1.1424762876807866e-06    2.5864751162871818e-05    4.0792105714921942e-08   -4.2538545480222498e-06   -8.3911448545456366e-09 
   1.5935352881408064e-05   -1.4861314139975890e-06    2.5879393459819858e-07    6.6034904499341155e-07    1.0575854897651678e-11 
   2.8057934018907844e-04   -2.0784476735681491e-02   -7.4804788892518338e-05   -1.3306399195265428e-03   -5.0321147315124725e-06 
   7.2356083525063433e-04    1.6380839722238798e-02    2.5834733202767259e-05   -2.6940800286103404e-03   -5.3143368008006407e-06 
   1.0092285822659293e-02   -9.4120683186095814e-04    1.6390113081103181e-04    4.1821673824174102e-04    6.6979721905374401e-09 
   4.5146443544928953e-05   -3.3443132517383361e-03   -1.2036417850118904e-05   -2.1410578542615106e-04   -8.0968927892102966e-07 
   1.1642410441891807e-04    2.6357487876342584e-03    4.1569216152944457e-06   -4.3348926487322211e-04   -8.5510004476595996e-07 
   1.6238929488711874e-03   -1.5144429760964345e-04    2.6372409116522297e-05    6.7292903140521521e-05    1.0777330332369683e-09 
   1.4295589991454771e-05   -1.0589744683268682e-03   -3.8113233521902684e-06   -6.7796448245244930e-05   -2.5638754779017039e-07 
   3.6865611800381061e-05    8.3460802291093609e-04    1.3162863422392487e-06   -1.3726407463652345e-04   -2.7076683525433211e-07 
   5.1420457436418543e-04   -4.7954731650495582e-05    8.3508050294485269e-06    2.1308251040288861e-05    3.4126341642105176e-10 
   1.0202893892862877e-05   -7.5579980553781975e-04   -2.7201764863872210e-06   -4.8386947875021678e-05   -1.8298614797417084e-07 
   2.6311325780859544e-05    5.9566741246653448e-04    9.3944565355605634e-07   -9.7966630943920933e-05   -1.9324877752213019e-07 
   3.6699252808723097e-04   -3.4225732479959640e-05    5.9600462580683229e-06    1.5207894500087596e-05    2.4356283506600079e-10 
   4.4582969198987811e-05   -3.3025727607012023e-03   -1.1886190896608811e-05   -2.1143352360590038e-04   -7.9958351862118354e-07 
   1.1497101108668366e-04    2.6028519145350659e-03    4.1050389307597132e-06   -4.2807887014846682e-04   -8.4442751110427216e-07 
   1.6036250839986637e-03   -1.4955411601743927e-04    2.6043254153008150e-05    6.6453018055313181e-05    1.0642818094346322e-09 
   4.0144204021072538e-05   -2.9737623375482997e-03   -1.0702779132030364e-05   -1.9038280000252260e-04   -7.1997546327947569e-07 
   1.0352427863143775e-04    2.3437070291878904e-03    3.6963334500072905e-06   -3.8545852394103052e-04   -7.6035470261020705e-07 
   1.4439651217042204e-03   -1.3466422388331057e-04    2.3450338254158719e-05    5.9836829232295176e-05    9.5831988899541746e-10 
2    101 5 
   1.2231865121561099e-03    3.6929021610130052e-04   -8.2784494779837119e-06   -7.2946032244938920e-08    4.4894792154661618e-07 
   1.2231865121561099e-03    3.6929021610130052e-04   -8.2784494779837119e-06   -7.2946032244938920e-08    4.4894792154661618e-07 
   1.2231865121561099e-03    3.6929021610130052e-04   -8.2784494779837119e-06   -7.2946032244938920e-08    4.4894792154661618e-07 
   1.2231865121561099e-03    3.6929021610130052e-04   -8.2784494779837119e-06   -7.2946032244938920e-08    4.4894792154661618e-07 
   1.2115771761563570e-03    3.6583722701546522e-04   -8.1932981976670758e-06   -7.1471493656722836e-08    4.4461160024170253e-07 
   1.2115771761563570e-03    3.6583722701546522e-04   -8.1932981976670758e-06   -7.1471493656722836e-08    4.4461160024170253e-07 
   1.2115771761563570e-03    3.6583722701546522e-04   -8.1932981976670758e-06   -7.1471493656722836e-08    4.4461160024170253e-07 
   1.2115771761563570e-03    3.6583722701546522e-04   -8.1932981976670758e-06   -7.1471493656722836e-08    4.4461160024170253e-07 
  -1.6406876875017036e-03   -7.2416581242337510e-05   -3.0264629794857012e-06    4.8178070268615690e-07   -3.4910854106678795e-07 
   5.9995294905071965e-06   -1.3544096943063697e-04   -1.1772359823846705e-05   -7.8585285029446055e-07    1.9421720698319548e-07 
  -3.8693049881328372e-08    1.7070062813800062e-06   -1.9729169822409905e-05    1.1451252752928235e-06    3.6937743877388452e-07 
  -1.1161917602701239e-03   -4.9266409387585049e-05   -2.0589616574793739e-06    3.2776478710234743e-07   -2.3750533385914022e-07 
   4.0815966584102210e-06   -9.2143127075985763e-05   -8.0089654688160108e-06   -5.3463098611968903e-07    1.3212974522129756e-07 
  -2.6323634769895702e-08    1.1613095901920267e-06   -1.3422138143961083e-05    7.7905100799848575e-07    2.5129465938572417e-07 
  -4.7818952109041844e-04   -2.1106302294502223e-05   -8.8208310075262000e-07    1.4041824366885146e-07   -1.0175004501649169e-07 
   1.7486034396966848e-06   -3.9475186412033729e-05   -3.4311338770642742e-06   -2.2904212726924494e-07    5.6605918300167954e-08 
  -1.1277351035927046e-08    4.9751852373219790e-07   -5.7501999562484871e-06    3.3375450498725111e-07    1.0765755231445034e-07 
  -1.4441849154234812e-03   -6.3743352896109459e-05   -2.6639879212577538e-06    4.2407853040022914e-07   -3.0729632013139037e-07 
   5.2809745912229380e-06   -1.1921940200569441e-04   -1.0362401452786661e-05   -6.9173240025099448e-07    1.7095609528703777e-07 
  -3.4058839714602740e-08    1.5025606280107930e-06   -1.7366235919487243e-05    1.0079752907552307e-06    3.2513764151378179e-07 
   2.0277389161789407e-03    8.9175420820897429e-05    3.7089615991950862e-06   -5.9712681395173081e-07    4.3198887815336325e-07 
   2.0277389161789407e-03    8.9175420820897429e-05    3.7089615991950862e-06   -5.9712681395173081e-07    4.3198887815336325e-07 
   2.0277389161789407e-03    8.9175420820897429e-05    3.7089615991950862e-06   -5.9712681395173081e-07    4.3198887815336325e-07 
   2.0277389161789407e-03    8.9175420820897429e-05    3.7089615991950862e-06   -5.9712681395173081e-07    4.3198887815336325e-07 
   6.4846267750446706e-04    3.1025466655052276e-05    1.4057860632137828e-06   -1.7658160821220128e-07    1.3454681734546418e-07 
   6.4846267750446706e-04    3.1025466655052276e-05    1.4057860632137828e-06   -1.7658160821220128e-07    1.3454681734546418e-07 
   6.4846267750446706e-04    3.1025466655052276e-05    1.4057860632137828e-06   -1.7658160821220128e-07    1.3454681734546418e-07 
   6.4846267750446706e-04    3.1025466655052276e-05    1.4057860632137828e-06   -1.7658160821220128e-07    1.3454681734546418e-07 
   2.0047677749208529e-03    8.8427668765391547e-05    3.6899262763224481e-06   -5.8885671073767069e-07    4.2671837118711664e-07 
   2.0047677749208529e-03    8.8427668765391547e-05    3.6899262763224481e-06   -5.8885671073767069e-07    4.2671837118711664e-07 
   2.0047677749208529e-03    8.8427668765391547e-05    3.6899262763224481e-06   -5.8885671073767069e-07    4.2671837118711664e-07 
   2.0047677749208529e-03    8.8427668765391547e-05    3.6899262763224481e-06   -5.8885671073767069e-07    4.2671837118711664e-07 
  -2.0278871780850523e-03   -8.9506770667429822e-05   -3.7407030709138333e-06    5.9548012523562610e-07   -4.3149756018912224e-07 
   7.4154081980517432e-06   -1.6740480676979118e-04   -1.4550616625236025e-05   -9.7131278006989600e-07    2.4005213594577173e-07 
  -4.7824543533224806e-08    2.1098568467909986e-06   -2.4385220186572559e-05    1.4153728834300289e-06    4.5654988311886085e-07 
  -6.4488685052145405e-04   -2.8463979682820381e-05   -1.1895781225933551e-06    1.8936817918734224e-07   -1.3722020909507606e-07 
   2.3581682895634897e-06   -5.3236274565268419e-05   -4.6272304642975617e-06   -3.0888643430450325e-07    7.6338796153936665e-08 
  -1.5208646511533881e-08    6.7095396217407658e-07   -7.7547252210750966e-06    4.5010164814522945e-07    1.4518707914928769e-07 
  -2.0045373342772216e-03   -8.8476156569459462e-05   -3.6976312307339519e-06    5.8862354659299711e-07   -4.2652913751612612e-07 
   7.3300244424528150e-06   -1.6547724584184750e-04   -1.4383075437945854e-05   -9.6012872508484585e-07    2.3728808677151596e-07 
  -4.7273874031612742e-08    2.0855631738678468e-06   -2.4104439732546659e-05    1.3990757559985423e-06    4.5129299872385454e-07 
  -1.3094367335058886e-03   -3.9528630459019476e-04    8.8412851538550495e-06    7.8422562280634072e-08   -4.8071284674004170e-07 
   3.3906523587782665e-05   -1.1226264891207054e-04    2.5780724645475530e-06   -1.6219481834723895e-06    2.2137354339882559e-07 
  -3.9397306711321727e-09    7.7210304823946535e-07    3.3935890076997064e-05    4.2531632594040479e-07    5.6796643470979261e-08 
  -1.0602205101989640e-03   -3.2005413992412237e-04    7.1585832417710872e-06    6.3496927239600755e-08   -3.8922202698969217e-07 
   2.7453324637582031e-05   -9.0896459416691124e-05    2.0874053963449586e-06   -1.3132537728594632e-06    1.7924101647771582e-07 
  -3.1899084204021030e-09    6.2515390532759946e-07    2.7477102001834125e-05    3.4436875073541457e-07    4.5986923062075139e-08 
  -1.0048142923626037e-03   -3.0332838407854160e-04    6.7844817990260723e-06    6.0178632084268754e-08   -3.6888161647447434e-07 
   2.6018637352654165e-05   -8.6146288124447422e-05    1.9783193741541799e-06   -1.2446242529496673e-06    1.6987403412957081e-07 
  -3.0232065323338640e-09    5.9248389646941176e-07    2.6041172132169731e-05    3.2637233410723498e-07    4.3583685761635513e-08 
  -1.2232769198148065e-03   -3.6927680486664483e-04    8.2595361757228002e-06    7.3262424961753582e-08   -4.4908235383097326e-07 
   3.1675503424315951e-05   -1.0487586292445422e-04    2.4084375081241104e-06   -1.5152253844789536e-06    2.0680735416086976e-07 
  -3.6804997728901817e-09    7.2129933005713151e-07    3.1702937623733723e-05    3.9733087657494598e-07    5.3059473056768956e-08 
  -1.2115664096464035e-03   -3.6574169379874301e-04    8.1804670943027585e-06    7.2561078963493137e-08   -4.4478325900967630e-07 
   3.1372271752949263e-05   -1.0387187941156102e-04    2.3853813779282428e-06   -1.5007200325141267e-06    2.0482757379832680e-07 
  -3.6452661072196479e-09    7.1439428427209780e-07    3.1399443322977045e-05    3.9352720203896618e-07    5.2551531241880905e-08 
  -6.4086171359116451e-04    3.8790764940722899e-05    1.8841254599159187e-05   -3.4306652178896539e-07   -7.1067889305200138e-08 
   4.9594901825886488e-04    1.2691752250831390e-04    2.2198466623618024e-05   -1.0152732313275000e-06    3.2426743527399530e-08 
   1.1578799077988837e-04    2.8944408695416422e-04   -2.6362647573426061e-05    3.3676426634365252e-06   -4.3841414047554537e-07 
  -2.4792320357080215e-05    1.5006561492299090e-06    7.2889113211974795e-07   -1.3271841540228551e-08   -2.7493261672362268e-09 
   1.9186240464502486e-05    4.9099202062184769e-06    8.5876794368743596e-07   -3.9276771676669586e-08    1.2544581718935911e-09 
   4.4793641124721109e-06    1.1197408703070253e-05   -1.0198630847186768e-06    1.3028033035743560e-07   -1.6960451200674664e-08 
  -2.0782050568401111e-02    1.2579182395959852e-03    6.1098969956822923e-04   -1.1125061230747948e-05   -2.3046102427526324e-06 
   1.6082779417495092e-02    4.1157184379196927e-03    7.1985835029504924e-04   -3.2923576470121960e-05    1.0515438970112964e-06 
   3.7548067368809923e-03    9.3861772738752357e-03   -8.5489562470163238e-04    1.0920689852989176e-04   -1.4217021619546015e-05 
  -6.6755643047315162e-04    4.0406571386587302e-05    1.9626075952283201e-05   -3.5735675551119217e-07   -7.4028180338614865e-08 
   5.1660748224500617e-04    1.3220419708860260e-04    2.3123130664493713e-05   -1.0575638392595534e-06    3.3777460412978622e-08 
   1.2061107127705644e-04    3.0150070976458202e-04   -2.7460768116918481e-05    3.5079198333057947e-06   -4.5667602304530134e-07 
  -2.2124383650834060e-05    1.3391684156769213e-06    6.5045412508566276e-07   -1.1843639875572896e-08   -2.4534672845916321e-09 
   1.7121581955219658e-05    4.3815567390543774e-06    7.6635470901991365e-07   -3.5050142650027846e-08    1.1194641513645859e-09 
   3.9973333963397579e-06    9.9924396939782961e-06   -9.1011417377055957e-07    1.1626067949554217e-07   -1.5135313026391019e-08 
  -2.0782050568401111e-02    1.2579182395959852e-03    6.1098969956822923e-04   -1.1125061230747948e-05   -2.3046102427526324e-06 
   1.6082779417495092e-02    4.1157184379196927e-03    7.1985835029504924e-04   -3.2923576470121960e-05    1.0515438970112964e-06 
   3.7548067368809923e-03    9.3861772738752357e-03   -8.5489562470163238e-04    1.0920689852989176e-04   -1.4217021619546015e-05 
  -1.5637955162715483e-01   -3.5689435443412930e-02   -1.0692431975852643e-01    3.2412543489434294e-02    1.9377800283438774e-03 
   1.4178879789797610e-01    1.0140506406946943e-01    1.2994905389972222e-01    2.5393274282581143e-02    4.3367315387255051e-03 
   4.9350705053873872e-02    1.3294044933909296e-01    5.2018712995579718e-02    7.2130956389679340e-02   -2.0216884177929811e-02 
  -1.8339382860026537e-01   -7.1707768522723958e-01   -1.0891335168160557e-01   -2.9368457599997611e-01    1.4909438030355501e-01 
   3.5065217064256676e-01    7.9746126480396207e-01    5.2268350525756868e-01    4.7385212244456265e-01    6.8319342068443881e-02 
   3.9695857110311566e-01    3.7201449210411042e-01    6.9114352635989695e-01    1.8660190662575424e-01    2.4175229048420552e-01 
  -1.9473088328020678e+00   -1.1619505827565508e+00   -2.8130023190271669e+00   -1.1729078874801667e-01   -7.2833037420573687e-01 
   2.1059904432899694e+00    2.5972419431253795e+00    3.9372003342837334e+00    2.2810257524304700e+00    1.6155728576304815e+00 
   9.9480544423235584e-01    2.8419165363494567e+00    2.1551185827276464e+00    3.0445621718227347e+00    5.1186970164380308e-01 
   2.5578696799893332e-04   -5.6789106109471383e-05   -2.0581828475657482e-04    7.4065296196788264e-05   -9.3176004218127045e-06 
  -1.7856135761382057e-04   -5.3629010501365068e-05    1.4102788264336514e-04    1.4496670442407254e-05    5.9761584645649216e-06 
  -3.7870198013975742e-05   -1.8028890578173520e-04    8.5629989380470349e-05    1.0276719296982556e-04   -4.7693587635291276e-05 
  -3.3439228708069374e-03    2.0240454892290439e-04    9.8310916119132973e-05   -1.7900710310651392e-06   -3.7082187215702455e-07 
   2.5877895804024358e-03    6.6223710548021764e-04    1.1582835838889810e-04   -5.2975475150945198e-06    1.6919801418537581e-07 
   6.0416483357071866e-04    1.5102769937093113e-03   -1.3755644671268406e-04    1.7571867821323132e-05   -2.2875809868657344e-06 
  -1.0588508544760850e-03    6.4091259833737202e-05    3.1130083306003597e-05   -5.6682474866976135e-07   -1.1742048825938859e-07 
   8.1942177325166786e-04    2.0969691948495375e-04    3.6676969233758356e-05   -1.6774647411744529e-06    5.3576433673127486e-08 
   1.9130837491965934e-04    4.7822816107561024e-04   -4.3557153309960067e-05    5.5641197408536295e-06   -7.2436093062203754e-07 
  -7.5571158119702763e-04    4.5742520870730448e-05    2.2217826409192845e-05   -4.0454802984579157e-07   -8.3804081067994964e-08 
   5.8482884658736078e-04    1.4966261766349585e-04    2.6176689848234216e-05   -1.1972219945768010e-06    3.8237992853158066e-08 
   1.3653854449435576e-04    3.4131583145221781e-04   -3.1087140423188576e-05    3.9711633697558318e-06   -5.1698304999582361e-07 
  -3.3021872521279056e-03    1.9987833064601297e-04    9.7083894125607069e-05   -1.7677290917180493e-06   -3.6619363135957593e-07 
   2.5554912878514523e-03    6.5397170093075261e-04    1.1438270058376735e-04   -5.2314286386831502e-06    1.6708624783366384e-07 
   5.9662423108454259e-04    1.4914271735596153e-03   -1.3583959987480896e-04    1.7352552722499662e-05   -2.2590296083041252e-06 
  -2.9734152109415182e-03    1.7997806402331569e-04    8.7418037043325949e-05   -1.5917306224082930e-06   -3.2973469718679027e-07 
   2.3010617165424509e-03    5.8886103500634503e-04    1.0299454144073157e-04   -4.7105776570338017e-06    1.5045082332251605e-07 
   5.3722318829130776e-04    1.3429378485475135e-03   -1.2231515104290085e-04    1.5624899581480980e-05   -2.0341163254658977e-06 
 TENSORSUMACCUMULATOR_IMPL_H - PrettifyOut: Norm of simple tensor is 6.00274e-07 
 As simple full tensor 3    5 5 5 
   1.8467226789681473e-08    6.1043805651056451e-08   -6.5444442603834509e-09    1.1450624226240324e-09   -1.9229126037352273e-10 
   1.2439160213749211e-07   -1.7970633882619544e-09   -7.3599413019602170e-10   -1.9231248867009019e-10    4.6478211185884401e-11 
   1.0364060471685437e-09    1.6690878914077203e-09   -1.8272535880842051e-10    2.6669092102869418e-11   -4.0775497083583987e-12 
   2.2337676344164792e-09    7.9941997105842742e-10   -1.2598695178924561e-09    9.1300602681546854e-11   -9.6715566688673025e-12 
   2.5608032662470981e-11    3.6332555876846645e-12   -3.6498705690027124e-12    2.0718376471240555e-13   -1.3733754060554144e-14 

   1.6362220170531418e-08    1.7797447806825362e-09    5.6920661373561469e-10   -5.0289789444145307e-11    6.6710781643192388e-12 
  -2.9501524567939175e-07    1.3009909247142256e-07    4.2614692842868221e-08   -1.1270637072561844e-09   -6.9485293810133804e-11 
  -1.8215394844173364e-09    3.1441850462793576e-10    1.3393299663154976e-10   -3.2360064451763884e-12   -3.0354199945899281e-13 
  -1.1281597242401141e-07   -1.4449929966333135e-08   -1.6772933436513499e-09    1.4100154980509335e-10   -1.7914396799944913e-11 
  -3.6214446294783618e-10   -2.4180073114102839e-11    4.6850518704697971e-13    2.4680162993461455e-13   -5.6354890383294713e-14 

   1.0748889936567753e-09    2.3667440829523156e-09   -2.2674390572297427e-10    3.6468769627391535e-11   -5.7496977587885892e-12 
  -1.6856019954925620e-09    1.9512414954639078e-09    6.6164247321867644e-10   -2.2963703418799708e-11   -6.2753292625846470e-17 
   6.7280339027631213e-13    5.8567445883853422e-11   -3.4915748106077563e-12    7.4228166021461214e-13   -1.2222747002979520e-13 
  -1.7276218849572729e-09   -1.6176201917042022e-10   -5.5389403203494903e-11    4.6323949431310250e-12   -5.5160373332282296e-13 
  -5.1406537845599788e-12   -2.6369551426227852e-13   -6.6463501791572879e-14    8.2867026353470718e-15   -1.1867078714758464e-15 

  -1.4247860941840069e-09   -1.4360400574820948e-10   -7.2401592815639630e-10    5.0537068980580890e-11   -5.2067170960499159e-12 
  -4.7011229363884101e-07   -2.3726300157397985e-08    2.9425395755795239e-09    2.6549260056043165e-10   -7.9083426145657536e-11 
  -1.5572605848603724e-09    4.6756595227797780e-11    2.6211470304239205e-11    8.2998442799197598e-13   -3.6274990366452890e-13 
   3.4857017921443110e-09    1.0911587087155661e-08    2.7665176048537123e-09   -9.3887003564928318e-11   -6.5880643405440971e-13 
  -4.7427928238428340e-11    2.7193757594846742e-11    7.8624970868567508e-12   -2.2964469904151977e-13   -1.0048843136479302e-14 

   1.1610363609721352e-10    2.8846223987220453e-10   -2.8455486988745158e-11    4.4159565965486533e-12   -6.8384925460622616e-13 
  -1.4201689564985546e-10    8.5798705173501844e-11    3.5517843184427316e-11   -1.4361232414082660e-12    3.4457770721814616e-14 
   1.1757821480717552e-12    6.6455152875269600e-12   -5.3858338584250903e-13    9.0232877642032197e-14   -1.3989552235377839e-14 
  -8.5998663127896635e-11    1.3262094732350865e-12   -3.4676026896666500e-12    3.5087182229399519e-13   -4.5529435660813663e-14 
  -2.5141085985361807e-13    4.7626527506274896e-15   -4.4426389460679632e-15    5.7653351918310138e-16   -7.9972666820953755e-17 
