2    105 5 
  -3.1877545923394341e-03    3.3934581457551567e-04   -6.7092989713282182e-05    1.3194699216346914e-06   -8.1018767207429831e-06 
  -3.3303370147766740e-04   -1.3277519282577804e-03   -3.1901155351068819e-03    6.3499728727816314e-05   -1.2916622527551277e-04 
  -4.5717889911386566e-03   -3.9489477904986530e-03   -2.0736683563343588e-04   -4.9777985490958473e-05   -8.0481571000527491e-06 
  -7.5771880967847836e-03   -1.0297589689459782e-02   -6.5579279448832106e-03   -1.9403273347646746e-04   -2.4120723666260565e-04 
   1.0907353473498931e-02    2.0174509506520655e-02    1.5610294660917130e-02    1.1164544812077132e-03    7.6219526999460276e-04 
  -1.0594914019909248e-03    3.3906670080109474e-04    3.1362773322077486e-04    3.0595882124664941e-05    1.3006424534761821e-05 
   1.1297803888704858e-04    1.5080603171497344e-05    7.2453941968630652e-05   -6.6616676256952135e-04    1.2410267327435821e-04 
   1.9517196551789210e-04    1.6661316947814248e-04    6.9271368913608107e-04   -9.7453268370770949e-05    4.9296879354893066e-04 
  -6.4114666127667273e-04    8.8622576597370740e-05    9.7270653355243600e-05   -6.9335406828489394e-06   -1.9854038053193960e-04 
  -1.6697684393938728e-04   -8.3107599595473616e-05    4.7621477240706705e-04    1.0053947618476160e-03   -3.8774458717508913e-04 
   8.1480442409122039e-04   -2.8249751532267776e-03    9.9929729336271944e-04    6.2698326833341453e-04    1.6373177621371897e-04 
   2.4899303611371118e-05    1.9683699689859152e-04    2.9326506920274864e-04    1.9453550707490574e-06   -2.3653677837680255e-04 
   3.8294174348208810e-04   -1.3307473650258791e-03   -3.9215512548422795e-05    1.1011741419301431e-03   -1.4199866525006228e-03 
   3.9407638128184235e-04   -1.7964934818424089e-04    2.5263592238812914e-05   -2.1690827959844095e-04   -3.7074475748699994e-04 
   1.5574510772826050e-05   -2.0091743855276591e-05   -1.6344325479402502e-05    2.5208505134453586e-04   -2.8186372281488719e-04 
  -1.6591838497952873e-04   -1.5801944570288011e-04    9.4328654917287769e-05   -2.4565475302455725e-04    1.0658384869359955e-04 
  -2.8897736511511150e-05   -3.8282535998162138e-05   -6.5305918114463523e-05    1.4097048420524841e-04    1.8881483368904037e-04 
   1.2853449075882935e-04   -3.1664686061903543e-05    5.5813461645819597e-05   -1.3060861445004136e-05    9.9702445562339155e-05 
  -1.1798245075255766e-04   -2.7187973289992829e-04   -4.1754136169097991e-05   -2.9414565627448708e-05   -1.1543829891079750e-04 
   1.2250597125811109e-04   -1.4551138533984033e-04   -1.6666708110430768e-05   -4.3006130467736632e-05   -2.8320024865578070e-04 
  -2.0090001550922298e-04   -2.0532125491648614e-05   -5.4989402459715427e-05   -1.1294256466435392e-04   -1.3922763479186899e-04 
   1.4867663184345807e-04   -2.7419482509053647e-05    1.0244073693384662e-05   -1.2593777607898766e-06    2.5927741285448547e-07 
   1.2134138130526956e-04    1.3229603242724834e-05    6.5584059568323257e-06   -2.1382217892974897e-06   -1.6472859129650599e-07 
  -7.1737771428751358e-05    5.3607561296957593e-05   -5.8665438915903817e-06    6.1229267553095143e-06   -1.3833233183851953e-06 
  -2.5871271200046998e-05    5.8495082103217252e-05    3.5433901151167852e-07    5.2498716155857271e-06   -1.1445957685158940e-06 
   2.7228808583550250e-06    3.3929323000550649e-05   -4.9319923894790316e-05   -3.1019170712173576e-06   -1.3414191497518788e-06 
   3.5492337568762157e-06    2.6025259880187532e-05    2.0088279386174394e-05    2.2508705429674548e-06   -6.7718086547000428e-07 
  -6.3616190996667938e-06    2.1213930292348962e-05    6.9835583833699093e-06    4.8729873861654471e-06    8.0558529602674939e-07 
  -2.7564585457710371e-03    5.0835606070414241e-04   -1.8992469849175492e-04    2.3348811094525708e-05   -4.8069924071231831e-06 
  -2.2496641422892804e-03   -2.4527629166340757e-04   -1.2159257256634973e-04    3.9642542683295543e-05    3.0540612037146973e-06 
   1.3300152865821859e-03   -9.9388194784051642e-04    1.0876547876832145e-04   -1.1351880635534905e-04    2.5646756556484366e-05 
   4.7965228768711519e-04   -1.0844963794899578e-03   -6.5694304765379635e-06   -9.7332400522892395e-05    2.1220757750962116e-05 
  -5.0482097408768655e-05   -6.2904823157122682e-04    9.1438932945233915e-04    5.7509412967014122e-05    2.4869855019904269e-05 
  -6.5802645639574076e-05   -4.8250723138648752e-04   -3.7243586095061929e-04   -4.1731045872222827e-05    1.2554904967330638e-05 
   1.1794415245214857e-04   -3.9330538174489420e-04   -1.2947488080036144e-04   -9.0344982647797619e-05   -1.4935517747795490e-05 
  -8.8058488024156595e-04    1.6240065047305638e-04   -6.0673801219635533e-05    7.4590673794097096e-06   -1.5356533620441730e-06 
  -7.1868312054278324e-04   -7.8356554373685080e-05   -3.8844255835399343e-05    1.2664302082394033e-05    9.7565774150659362e-07 
   4.2488988403299944e-04   -3.1750791875906305e-04    3.4746481583247648e-05   -3.6264991052723743e-05    8.1931745665194252e-06 
   1.5323087407157244e-04   -3.4645582315058764e-04   -2.0986860688736791e-06   -3.1094042894122564e-05    6.7792343372750466e-06 
  -1.6127132319564414e-05   -2.0095726181485965e-04    2.9211301559578653e-04    1.8372095458506279e-05    7.9449837320886073e-06 
  -2.1021471525121090e-05   -1.5414292125598056e-04   -1.1897925637808864e-04   -1.3331500336954117e-05    4.0108201532951405e-06 
   3.7678722766068865e-05   -1.2564628371195514e-04   -4.1362356992016868e-05   -2.8861825565050784e-05   -4.7713364409075115e-06 
   5.7825177968920676e-04   -1.0664328591806875e-04    3.9842534573315412e-05   -4.8981297359797390e-06    1.0084141909683460e-06 
   4.7193609930306024e-04    5.1454230061806078e-05    2.5507773948333876e-05   -8.3162400149967992e-06   -6.4068307105042785e-07 
  -2.7901152646025773e-04    2.0849724223913362e-04   -2.2816897342070431e-05    2.3814053689972504e-05   -5.3801943239072312e-06 
  -1.0062178856729027e-04    2.2750640036603689e-04    1.3781396678106014e-06    2.0418458282325378e-05   -4.4517052341213208e-06 
   1.0590169300332775e-05    1.3196217297534667e-04   -1.9182122578837268e-04   -1.2064364417189298e-05   -5.2172153823737362e-06 
   1.3804124501606983e-05    1.0122070063059966e-04    7.8129852431550541e-05    8.7543676580686010e-06   -2.6337766451543217e-06 
  -2.4742405854071245e-05    8.2507874934034702e-05    2.7161330019898595e-05    1.8952632929027522e-05    3.1331832403184841e-06 
  -7.5077655293618534e-03    5.2876610538087114e-02   -1.1377873836365029e-02    4.8351096201676063e-03   -6.2489604821458023e-04 
   5.5944365857704143e-03    4.2639028614320236e-02    4.5561376000487295e-03    2.9972839696070499e-03   -1.0938895990530821e-03 
   1.6916142117643931e-02   -2.5630466690155954e-02    2.4342141007462063e-02   -3.3356412412363498e-03    3.1782040152090710e-03 
   1.8999794771699424e-02   -8.0045167366365310e-03    2.5996453940252906e-02   -3.0250896212416007e-04    2.7405188927435232e-03 
   1.1117329739207746e-02   -1.8803235275811011e-02    1.2149074492148739e-02   -2.3591605835187476e-02   -1.7613556733780736e-03 
   8.6388992537649156e-03    9.4327790768389836e-03    1.1588999600906277e-02    9.0633729806940053e-03    1.2373739152301277e-03 
   6.9323976381142323e-03    8.6315445596787293e-04    1.0833062522946107e-02    3.7134716749316369e-03    2.5542412548690305e-03 
   3.1192750371775985e-01   -8.2330757290193846e-02    2.8964451087307552e-01   -6.7743425193628456e-02    3.1578808564026610e-02 
   2.5433000699100533e-01    4.8765363119772656e-02    2.2894132664870664e-01    2.0230850374234288e-02    1.8728391308401659e-02 
  -1.4882980185669534e-01    1.8690458023471695e-01   -1.4525705596199801e-01    1.5904906500806176e-01   -2.6068688625560651e-02 
  -4.6595631013039006e-02    2.0504239860226814e-01   -4.0360572665623991e-02    1.6615185183424488e-01   -5.6196386074414996e-03 
  -7.2541007897990964e-02    1.0311932851265210e-01   -2.2787474915669326e-01    5.8351214675367948e-02   -1.5590535573202505e-01 
   4.1920309221692299e-02    9.3356740243136588e-02    9.9169345302565673e-02    7.4288616000570545e-02    5.5712830558348976e-02 
   3.8996749689954930e-04    8.1893254277778924e-02    2.6025059718187818e-02    7.8333355327030743e-02    2.7341106849002011e-02 
  -9.6284421437922957e-02    7.8239218310774594e-01   -2.2749417453178819e-01    5.4115654502955646e-01   -1.3223411612014241e-01 
   8.5856127742649210e-02    6.3074853392251928e-01    1.0737754855428017e-01    4.1643999537830056e-01    2.4384790909576824e-02 
   2.5148521337757324e-01   -3.7911264906492137e-01    5.3254892003000476e-01   -2.8995945158858705e-01    3.4052391511976116e-01 
   2.8386198408402302e-01   -1.0705017213708010e-01    5.7211138953901175e-01   -7.7047872427476322e-02    3.4845170700000744e-01 
   1.4385947736048962e-01   -4.1121276615885499e-01    2.4236101501664559e-01   -6.6995252611192146e-01    8.2312277751392174e-02 
   1.3284894519200269e-01    1.9507833745972947e-01    2.6003074440792617e-01    2.6935562319836942e-01    1.5679649825989120e-01 
   1.1291982161495860e-01    4.0482702797806185e-02    2.4916532673250016e-01    9.4614817509430307e-02    1.8252151290648147e-01 
   2.1528129895449248e-03   -3.9702956261641924e-04    1.4833248937327426e-04   -1.8235581264896290e-05    3.7542939691857088e-06 
   1.7570030919072249e-03    1.9156246246855550e-04    9.4964631358096602e-05   -3.0961097150588779e-05   -2.3852427022018202e-06 
  -1.0387510414913675e-03    7.7622860342591298e-04   -8.4946583312762346e-05    8.8658964690169507e-05   -2.0030292397904323e-05 
  -3.7461171944050447e-04    8.4699909471243492e-04    5.1307701635858338e-06    7.6017270954698810e-05   -1.6573557039102343e-05 
   3.9426863577471202e-05    4.9129097408500929e-04   -7.1414432441451348e-04   -4.4915245123651953e-05   -1.9423526980694247e-05 
   5.1392316600092895e-05    3.7684145000904781e-04    2.9087495636636365e-04    3.2592232434929149e-05   -9.8054667056896079e-06 
  -9.2115190278991871e-05    3.0717419493841536e-04    1.0112076803565025e-04    7.0560049772119872e-05    1.1664741580228967e-05 
   8.9898569468397824e-04   -1.6579419526553793e-04    6.1941648740992074e-05   -7.6149330067235883e-06    1.5677425713831860e-06 
   7.3370081507823082e-04    7.9993902969747088e-05    3.9655950380489305e-05   -1.2928936960745409e-05   -9.9604521063488589e-07 
  -4.3376843746944333e-04    3.2414260489571270e-04   -3.5472548512723701e-05    3.7022788950563929e-05   -8.3643801916392403e-06 
  -1.5643280604190807e-04    3.5369540840503614e-04    2.1425404817675580e-06    3.1743787996948086e-05   -6.9208940862677929e-06 
   1.6464126942069317e-05    2.0515649049625162e-04   -2.9821704658336947e-04   -1.8756001118296304e-05   -8.1110031297439945e-06 
   2.1460738886529900e-05    1.5736391148109616e-04    1.2146546215817065e-04    1.3610077075487209e-05   -4.0946307649222968e-06 
  -3.8466062182861183e-05    1.2827180454911527e-04    4.2226670101392681e-05    2.9464925968666711e-05    4.8710388982871729e-06 
  -1.0288555355157616e-04    1.8974526131396718e-05   -7.0889902434482402e-06    8.7150062819446510e-07   -1.7942227917189701e-07 
  -8.3969316694302383e-05   -9.1550032847704909e-06   -4.5384753401940796e-06    1.4796685240996316e-06    1.1399365247362582e-07 
   4.9643176822668187e-05   -3.7096909919204747e-05    4.0597006283839385e-06   -4.2371198537713874e-06    9.5727205807781056e-07 
   1.7903150115092592e-05   -4.0479117852031258e-05   -2.4520575219031290e-07   -3.6329579204683305e-06    7.9207046713663597e-07 
  -1.8842578076547561e-06   -2.3479393736988797e-05    3.4129826645386065e-05    2.1465542431665216e-06    9.2827400012814718e-07 
  -2.4561013740520605e-06   -1.8009711653382061e-05   -1.3901268268717577e-05   -1.5576224650419616e-06    4.6861519079726494e-07 
   4.4022970821846553e-06   -1.4680228722365354e-05   -4.8326846063427186e-06   -3.3721506766669507e-06   -5.5747220048669265e-07 
  -6.0016316651381844e-03    1.1068426317412559e-03   -4.1352266523605465e-04    5.0837319582848210e-05   -1.0466254930236742e-05 
  -4.8981892265361803e-03   -5.3403957807136599e-04   -2.6474326446135262e-04    8.6313628702915085e-05    6.6496013355996529e-06 
   2.8958396168576096e-03   -2.1639771723468287e-03    2.3681485885262236e-04   -2.4716426947766042e-04    5.5840631629898755e-05 
   1.0443459643009907e-03   -2.3612717926995053e-03   -1.4303607805168521e-05   -2.1192164051163118e-04    4.6203913304553558e-05 
  -1.0991456947389281e-04   -1.3696254533880610e-03    1.9908980537091930e-03    1.2521512954942514e-04    5.4149085471953773e-05 
  -1.4327196841985043e-04   -1.0505620274936069e-03   -8.1090385333148606e-04   -9.0860922508816293e-05    2.7335769413377972e-05 
   2.5679956666161227e-04   -8.5634301911445803e-04   -2.8190539837561081e-04   -1.9670794958162989e-04   -3.2519072847267991e-05 
   1.1935152793236528e-03   -2.2011240717478717e-04    8.2235239821987221e-05   -1.0109770320367014e-05    2.0813731787464584e-06 
   9.7407905200973916e-04    1.0620185172211106e-04    5.2648204498796370e-05   -1.7164771251990160e-05   -1.3223738540219833e-06 
  -5.7588153056219442e-04    4.3033960819454373e-04   -4.7094218402850167e-05    4.9152355323302627e-05   -1.1104754636060010e-05 
  -2.0768399909202486e-04    4.6957462911178572e-04    2.8444888685998064e-06    4.2143825226592369e-05   -9.1883473645762942e-06 
   2.1858175477410234e-05    2.7237074795252345e-04   -3.9592020624660147e-04   -2.4900923391853735e-05   -1.0768365084379306e-05 
   2.8491799055437403e-05    2.0892015732558051e-04    1.6126050264553702e-04    1.8069069439505127e-05   -5.4361314201349912e-06 
  -5.1068479979314133e-05    1.7029676839252017e-04    5.6061154542273290e-05    3.9118352556328770e-05    6.4669097469112409e-06 
2    105 5 
  -1.6351225178214315e-01   -1.4459054912115975e-02    9.9955363894108779e-04   -2.6373334124380182e-04   -2.9919104281565800e-05 
  -7.7710133268386232e-03    1.9409156150640920e-02   -4.1387084721433882e-03    7.7306184269748418e-04   -6.7604616118782483e-06 
  -5.4869665460079986e-02    7.1723627202392101e-03   -1.4190094538558077e-03    1.3837466269111236e-03   -5.4942811297186735e-04 
  -4.6616160666898644e-02    5.2273223435443964e-04   -2.5159960544086412e-03    1.6502968138143643e-03   -5.6591814192323217e-04 
  -2.4036701895581446e-02   -6.9487817673266885e-03    7.8842782791965077e-04    6.4687905976560213e-04   -3.4837288366058438e-04 
  -2.7265748540032103e-01   -2.1782888562073602e-01    3.0299131281167839e-02    4.1695528596411967e-03   -3.3288347943746660e-03 
  -4.0347820087745451e-03    2.5577250165022005e-03   -6.8863688737630891e-03    5.5626329079490420e-04    3.5982464131331790e-04 
   3.0167560905945976e-03    1.4765364026945935e-03   -5.3102084163288623e-03    9.7601783561930208e-04   -3.0888791417955225e-05 
   4.7223981726067944e-04   -2.1167377967769539e-03   -1.9833808996291075e-02    1.5886202280945001e-03   -6.2133709547813974e-04 
  -4.4675220766257507e-03   -1.3195816619184344e-03    2.4388408714991688e-02   -2.7701700220674726e-03   -6.5661651791461620e-04 
   7.6723945465186159e-04    1.0660235871737436e-02    2.7676731017366209e-02   -2.5158426718481612e-03    1.0126555690444586e-04 
   1.5033724194719999e-03    3.2293957308703416e-03   -6.8342861484784910e-04   -5.4288441658823135e-03   -6.8146346768766463e-04 
  -3.9826757211137883e-04   -3.7570863539216590e-04   -2.6168600351300436e-05    2.6936989561771119e-03   -1.2263722021944605e-03 
  -7.1429336553085468e-04    1.5258335249205997e-03   -2.3930333267383661e-03   -9.1756220821641171e-03    4.2780759137275737e-03 
   5.7647552021823515e-03    7.3822729889754402e-03    2.2119447078446488e-03   -8.9594904280120436e-04    2.5666853238920304e-03 
  -3.0502227290770323e-03    5.1979043439990191e-04    3.0004334979264673e-03    1.0517126201586843e-02   -1.0583578028658948e-02 
  -2.8656089034288686e-03    3.0075343972193872e-03    2.9343074157751996e-03    3.9494872504444099e-05   -1.0632298066799977e-03 
  -1.8673652966678840e-03    9.9661104784457824e-04   -1.3430608749456189e-03   -2.3449665519165849e-03   -3.5256710280045572e-03 
  -6.8582808064799044e-04    1.2469022937242242e-03    6.7692780920018875e-04    1.1247956508582254e-03    3.9486701613809768e-03 
   1.6573690331270732e-03   -1.2132630034967394e-03    4.9088637943703567e-04   -2.0140139431530815e-03   -4.2610317315879848e-03 
   4.0254864393488227e-04    1.9678688604800215e-04    6.7798450212114194e-04    1.7188471518288285e-03    4.1176266025901402e-03 
  -1.5130254163297916e-04   -7.9887628426422790e-06    2.1239127673731116e-06    1.3681484756035231e-06   -7.0774874501899463e-07 
  -1.2053041556614808e-04    2.0182953154342869e-05   -3.3486172083670043e-06    4.6678573192513858e-07   -3.5141825696590775e-08 
  -6.7771322143165441e-05   -5.8414511282690698e-05   -7.5934945030866560e-06    5.1601285547082813e-06   -2.0984069097877873e-06 
   4.6857076365386986e-06   -6.1012235806552986e-05   -1.5882951024077755e-05    1.0424151133209960e-05   -3.8228624231362817e-06 
   5.9916111669435912e-05    3.4600193663178737e-06   -5.9477498234867052e-07    4.7071567882674128e-07    4.1534984048865816e-08 
  -1.8513371928375468e-05    2.2672494472006159e-05   -1.0830862597347327e-05    1.0640677161954370e-05   -3.4141810300480372e-06 
   1.3795205932762397e-05   -1.9051600084800753e-05    2.4689284757748330e-06    1.6134144125848827e-06   -1.3023866718425096e-06 
  -2.8051428036130520e-03   -1.4811132949880829e-04    3.9377254014349864e-05    2.5365415605000385e-05   -1.3121632177680889e-05 
  -2.2346288713511911e-03    3.7419110865896877e-04   -6.2083223207785678e-05    8.6541879773263897e-06   -6.5152798092275398e-07 
  -1.2564774824628910e-03   -1.0830025998419628e-03   -1.4078307098950869e-04    9.5668567921816623e-05   -3.8904376479820347e-05 
   8.6872823910356977e-05   -1.1311643040356556e-03   -2.9446924872819793e-04    1.9326332670623885e-04   -7.0875709685540886e-05 
   1.1108422083066945e-03    6.4148614564137681e-05   -1.1027103335459028e-05    8.7270490287709431e-06    7.7005686980120780e-07 
  -3.4323714244979120e-04    4.2034710072736867e-04   -2.0080374026742908e-04    1.9727771023722183e-04   -6.3298773723863925e-05 
   2.5576254191762821e-04   -3.5321586999397686e-04    4.5773830840562240e-05    2.9912635834542845e-05   -2.4146194509426851e-05 
  -8.9613767040677000e-04   -4.7316001740430607e-05    1.2579552325815478e-05    8.1032967091325766e-06   -4.1918681916999109e-06 
  -7.1387991670765602e-04    1.1953999203486916e-04   -1.9833255884552467e-05    2.7646877168872068e-06   -2.0813869663851953e-07 
  -4.0139732016587136e-04   -3.4597861670957109e-04   -4.4974898642148481e-05    3.0562510927495261e-05   -1.2428485730690565e-05 
   2.7752601379299923e-05   -3.6136447062879617e-04   -9.4071854816743188e-05    6.1740367423191510e-05   -2.2642124773191576e-05 
   3.5487232502363192e-04    2.0493070777461171e-05   -3.5227449674380625e-06    2.7879640837163079e-06    2.4600422071045996e-07 
  -1.0965136350130070e-04    1.3428509633195323e-04   -6.4149246084885744e-05    6.3022812046310464e-05   -2.0221578577549445e-05 
   8.1706517114268581e-05   -1.1283919181562132e-04    1.4623018151596876e-05    9.5559626262046620e-06   -7.7138014039770651e-06 
  -5.8846479696210701e-04   -3.1070897114058929e-05    8.2605875745911318e-06    5.3211744245713029e-06   -2.7526650712059696e-06 
  -4.6878198976950744e-04    7.8498069509476726e-05   -1.3023861492066243e-05    1.8154815378346699e-06   -1.3667799033796614e-07 
  -2.6358471506428808e-04   -2.2719303423860432e-04   -2.9533569976842823e-05    2.0069418328812177e-05   -8.1613869984256560e-06 
   1.8224241068257902e-05   -2.3729642984583914e-04   -6.1773962609401077e-05    4.0542914308649291e-05   -1.4868355384947576e-05 
   2.3303324655207441e-04    1.3457140718919691e-05   -2.3132733624195863e-06    1.8307663795865909e-06    1.6154306260386458e-07 
  -7.2004525074949514e-05    8.8180705440214977e-05   -4.2124747479345949e-05    4.1385054461530362e-05   -1.3278860519823349e-05 
   5.3654042890869802e-05   -7.4097869438974773e-05    9.6024658841165182e-06    6.2750934285069058e-06   -5.0654053801096487e-06 
  -4.1233969025541752e-03   -2.1771504698511290e-04    5.7882275021694985e-05    3.7285686847365773e-05   -1.9288036747439702e-05 
  -3.2847745771158506e-03    5.5003918389480368e-04   -9.1258730195781972e-05    1.2721153395066742e-05   -9.5770826889954040e-07 
  -1.8469488799798108e-03   -1.5919508838889297e-03   -2.0694293285265517e-04    1.4062723513844603e-04   -5.7187172526857641e-05 
   1.2769800259962549e-04   -1.6627457901725660e-03   -4.3285268277229493e-04    2.8408585890579398e-04   -1.0418317434936611e-04 
   1.6328734904542497e-03    9.4294735460959497e-05   -1.6209201071336505e-05    1.2828254906425220e-05    1.1319388473339433e-06 
  -5.0453865243369812e-04    6.1788580991470603e-04   -2.9516982863530021e-04    2.8998676940346970e-04   -9.3045518813616120e-05 
   3.7595607317181202e-04   -5.1920680201743069e-04    6.7284871223992378e-05    4.3969836326521307e-05   -3.5493502690986514e-05 
  -1.3811298467957262e-03   -7.2923552254068437e-05    1.9387640705502361e-05    1.2488823215460311e-05   -6.4605188070739531e-06 
  -1.1002336946124012e-03    1.8423536509757453e-04   -3.0567068616654202e-05    4.2609443269238192e-06   -3.2078393275235861e-07 
  -6.1863465582611093e-04   -5.3322319736183845e-04   -6.9315437708458803e-05    4.7103026051593323e-05   -1.9154816452855871e-05 
   4.2772385713655849e-05   -5.5693591781542137e-04   -1.4498380184359763e-04    9.5154424388384858e-05   -3.4896105087216245e-05 
   5.4693020512066768e-04    3.1583977147620087e-05   -5.4292642501789768e-06    4.2968179276151564e-06    3.7914238278446199e-07 
  -1.6899498355509577e-04    2.0696056046803004e-04   -9.8866994819070015e-05    9.7130931575107961e-05   -3.1165552621062555e-05 
   1.2592630930582252e-04   -1.7390807333668058e-04    2.2537035866641706e-05    1.4727675929441685e-05   -1.1888531977962274e-05 
  -1.3459921937781548e-04   -7.1068286811896596e-06    1.8894395125791099e-06    1.2171092092814070e-06   -6.2961552110781634e-07 
  -1.0722423874306593e-04    1.7954818934260612e-05   -2.9789404551752455e-06    4.1525406285793128e-07   -3.1262279240135189e-08 
  -6.0289582436758150e-05   -5.1965733913837812e-05   -6.7551967166850020e-06    4.5904666759512001e-06   -1.8667494210347513e-06 
   4.1684203272716641e-06   -5.4276677862939710e-05   -1.4129523444773123e-05    9.2733578039286797e-06   -3.4008304975543857e-06 
   5.3301562365177439e-05    3.0780441670848856e-06   -5.2911370467114020e-07    4.1875015604607568e-07    3.6949653122210266e-08 
  -1.6469554197279581e-05    2.0169522761108012e-05   -9.6351696082385545e-06    9.4659800436440731e-06   -3.0372662382219051e-06 
   1.2272258811158653e-05   -1.6948363666837185e-05    2.1963665775361833e-06    1.4352985622252558e-06   -1.1586073007504788e-06 
  -7.1841027325456400e-03   -2.4578308442924943e-02    4.4239934492678842e-04    4.0403669598122033e-04    2.2620575320929834e-04 
  -1.3772472017550619e-03   -1.8886166251245801e-02    5.0278551824819266e-03   -1.1346097671029566e-03    2.2015181713488338e-04 
  -1.2000796704628442e-02   -1.6249045986507889e-02   -1.0354764356656250e-02   -9.7527645467295767e-04    1.0934350519210627e-03 
  -9.5202552288806367e-03   -6.4146889526317565e-03   -1.1083088022435707e-02   -2.6254377278130099e-03    2.3520301108197715e-03 
   2.8915478008994613e-03    9.7863065780631128e-03    1.4140164084793883e-04   -5.7554747804232367e-05    1.3545034858287335e-04 
   3.0710879047505836e-03   -3.8584790624337068e-03    6.2375064822609242e-03   -2.5228392215875840e-03    2.5159089725397313e-03 
  -2.5705082483155443e-03    1.4881516130169246e-03   -3.3104880543992667e-03    6.8844270605227854e-04    1.7019338990573909e-04 
  -1.7971089121518341e-01   -7.3163141997168848e-02   -1.3525505799049498e-01    1.5641096104195229e-02    6.4123701221867530e-04 
  -1.3698630371018516e-01   -9.3791849788010181e-03   -1.0290982924687417e-01    3.8831425510806046e-02   -1.1262772141351560e-02 
  -1.1071374822463542e-01   -1.4325346985894438e-01   -1.2276793180683894e-01   -5.6944138243842729e-02   -4.3657322982191965e-03 
  -3.4551137414195528e-02   -1.1854418060127149e-01   -8.0457623352066576e-02   -6.1215810441737038e-02   -1.5930314901640850e-02 
   7.1371883960951898e-02    3.1070044201245550e-02    5.5208712298401123e-02   -2.0835569545596703e-03    4.8530274561723653e-04 
  -2.3901431276118070e-02    4.4479326549770395e-02   -2.5328656820145096e-02    5.4165284775572184e-02   -2.2268396627827799e-02 
   1.0620238233663983e-02   -2.8763377087556777e-02    5.3998656470824503e-03   -1.8908539144892347e-02    4.3398348033896611e-03 
  -1.6155378179771679e-01   -4.7902967051808965e-01   -1.6568143121717521e-01   -2.2394384034020026e-01    5.2601466365621227e-02 
  -5.1551963062766007e-02   -3.4531417066991044e-01   -2.9301967907479354e-03   -1.7615235960806022e-01    8.7439650176431336e-02 
  -2.4394049514683233e-01   -3.9787508315893921e-01   -4.0327759573225841e-01   -2.6719973352865228e-01   -8.9461812204142746e-02 
  -1.8355369764213500e-01   -2.2191896113171547e-01   -3.4730435657764036e-01   -2.2129123175982579e-01   -9.4515547289176841e-02 
   6.6759949544733646e-02    1.9314566022498064e-01    7.7397165680384475e-02    9.6249003821468476e-02   -8.5066326131475536e-03 
   6.1088470125382419e-02   -5.4700296028489415e-02    1.5578292595125978e-01   -5.2214186070265282e-02    1.3341764064814401e-01 
  -4.1460007731832414e-02    1.0130367077299108e-02   -7.7135981656170471e-02    5.3811950254909948e-03   -3.5623337868980247e-02 
  -6.1076318021279679e-03   -3.2248250076154044e-04    8.5736016215910905e-05    5.5228068540307999e-05   -2.8569703432212304e-05 
  -4.8654529612676854e-03    8.1472555064768671e-04   -1.3517367741638369e-04    1.8842746131794909e-05   -1.4185705665803061e-06 
  -2.7357259033884899e-03   -2.3580193892668829e-03   -3.0652669820205433e-04    2.0829898112521462e-04   -8.4706420908076891e-05 
   1.8914802532411451e-04   -2.4628817712458698e-03   -6.4114730485898030e-04    4.2079185375365881e-04   -1.5431754059588035e-04 
   2.4186345129600445e-03    1.3967064987555690e-04   -2.4009289983473974e-05    1.9001386353022173e-05    1.6766432786905441e-06 
  -7.4732954208168350e-04    9.1522089963763133e-04   -4.3720958108226551e-04    4.2953236296701879e-04   -1.3782029311791954e-04 
   5.5687126972544447e-04   -7.6905620555676188e-04    9.9663270114788932e-05    6.5128722029129171e-05   -5.2573460893396412e-05 
  -1.2145950106644786e-03   -6.4130525405133826e-05    1.7049904267937790e-05    1.0982937195775720e-05   -5.6815178729075985e-06 
  -9.6756895026309350e-04    1.6202050499062104e-04   -2.6881331337934736e-05    3.7471652156440822e-06   -2.8210422439735378e-07 
  -5.4404049563752893e-04   -4.6892783947057742e-04   -6.0957472606969543e-05    4.1423404585887511e-05   -1.6845153660105956e-05 
   3.7614947213364198e-05   -4.8978131100985633e-04   -1.2750184405539559e-04    8.3680827963365578e-05   -3.0688378235319538e-05 
   4.8098207410582068e-04    2.7775622364139741e-05   -4.7746106458748728e-06    3.7787132243380920e-06    3.3342588861564118e-07 
  -1.4861778878326104e-04    1.8200552593370490e-04   -8.6945741492178478e-05    8.5419010490595714e-05   -2.7407650921428900e-05 
   1.1074227911958642e-04   -1.5293846460494729e-04    1.9819549466906881e-05    1.2951831968648293e-05   -1.0455028293001455e-05 
2    105 5 
  -1.1939392148346990e-01   -1.2656923020337871e-01   -2.0623205600115605e-02    7.0419309556777211e-03   -2.1869929154613170e-03 
   7.2253098556807324e-02    2.8530122718739160e-02    2.8919004288253111e-02   -1.8219844869638062e-02    6.2202950393585197e-03 
   6.5588212521282024e-02   -2.3038197487074651e-02    1.1145626983876897e-02   -1.2721528721364173e-02    4.4525139578696082e-03 
  -2.8066152840416161e-02   -1.9593109368913526e-02   -1.8767612366507591e-02    1.6100371306557771e-02   -5.6789441028818437e-03 
  -1.1154185531509169e-02   -1.8269006571904996e-02   -1.1725705945284787e-02    9.7170210253504242e-03   -3.4711890146111386e-03 
  -2.6774158447736045e-02    2.2208376138538419e-02    2.9421780816599880e-04   -3.1608510999589436e-04    2.1565805752690043e-04 
  -8.7899509048200083e-04    1.2730869713800373e-03    1.5909032758911285e-02    2.2395163092468393e-02   -7.0962006594532945e-03 
   1.5354278670822546e-02    2.7670058074800590e-02   -4.3007862954033790e-02    3.0913338261850588e-02   -1.2727328148438072e-02 
  -2.7740577232114559e-03   -5.2316373328765301e-03   -1.0142040992888499e-02   -3.3285140124955648e-03   -3.9565247781929436e-04 
  -1.0683769243315067e-03   -3.5947522745033728e-03    4.4311605847472471e-03   -9.4154731617838872e-03    3.4007841350123225e-03 
   3.2039599729779041e-03    4.4500171609081025e-03   -5.5935635158833744e-03    4.6544450038260472e-03   -1.6556722826359714e-03 
   7.3362099018682895e-04    1.0121451697572325e-03    5.7231656993265261e-03    4.8516580577806917e-03   -1.0351139833292956e-03 
  -4.0698779566990190e-03   -1.2996359908993521e-03   -1.5956855502992511e-04    4.5656726843570173e-04    3.4280319407051463e-04 
  -2.5931150784322620e-03    4.6174264423842965e-04    3.1290190218786272e-03   -2.3255937449462964e-03    1.5911151787898034e-03 
  -1.1104118834262754e-03   -9.3952383416915763e-04    1.6707535683971842e-03   -3.6977013263611276e-04   -5.8616397853043477e-03 
   1.4775285083177632e-03   -2.5366714877397981e-03    4.9422069083321731e-04   -1.0607586123557188e-03    2.0242789129965625e-03 
  -1.4831162525890979e-03    1.0502956661439309e-03   -7.1802280816382082e-04   -1.5395087514485004e-03   -4.0609520961970335e-03 
   2.1271565597669939e-03    2.1524233143386754e-03    3.6703557882645085e-03   -4.2376247719527133e-03   -3.0686156483799450e-03 
   8.1717877780755816e-04    4.2807078875836143e-04    2.3697136385301409e-03   -5.2004737098633024e-04   -5.4372304440725139e-05 
   6.8556964203188666e-04   -2.4487645740460079e-04    2.3889897696886733e-04   -2.7803725653672067e-03   -2.8436614542579554e-03 
  -2.7408504397966179e-03   -1.5363339217484154e-03   -3.3492541491156325e-03    3.5441946897011591e-03   -1.6109568826853124e-03 
   1.0199628248675886e-01   -2.4879066156227461e-01    2.3640445950916255e-02    4.7111124978268422e-02   -6.6055531894411018e-02 
  -2.8987954116306835e-01    2.6085740853850381e-01   -4.8597886266022255e-01   -6.6043027214866226e-02   -1.6360549340300906e-01 
   4.9515019686904548e-02    1.1192155282275380e-01    1.2521330608000733e-01   -1.1605189670537498e-01    1.0228643125001055e-01 
  -5.6204139634484833e-02   -3.2660761541482092e-02   -1.3249567003215260e-01    3.8685390202297602e-02   -7.8791249066189756e-02 
  -9.9741890847071819e-03    5.0420397790819513e-02    2.5107202124255979e-02   -2.0456676191384681e-03    7.0363378888163046e-03 
  -5.8450407018520289e-03    5.9057388418551224e-02   -5.3741218880236607e-05   -4.7546543589600164e-02    7.0466714254915621e-03 
   2.9362254035877656e-02   -9.4732319034157270e-02    1.4735232710936108e-01    1.7094696218621613e-01    9.4564389925255052e-02 
   5.5550935105330877e-03   -1.9357620699086944e-02   -6.8265656615142294e-03   -1.0585089568222793e-03    1.4989849094142441e-03 
  -2.0756312092714096e-02    9.1991858792487453e-03   -2.1433615615181385e-02    8.4982048316529259e-03   -3.9676314618882552e-03 
   5.5931088053723039e-03    1.0608270249029441e-02    1.1147251694515857e-02   -7.1435020118458372e-03    3.3547981149723411e-03 
  -5.0813097983627969e-03   -5.2960084544883502e-03   -9.1776739585684927e-03    4.0873283968413388e-03   -1.7475856044867739e-03 
  -3.7125893246093801e-06    5.1333440518855945e-03    3.9220805394203353e-03    3.2737987169317661e-04   -1.8464091504019756e-03 
   4.5782903911682505e-04    4.4731281369877942e-03    2.2428528043857425e-03   -1.6871802673854765e-03   -1.3963802596986247e-05 
   2.6510012091808223e-04   -3.0324869910544252e-03    4.7918977890617775e-03    4.7664608158982484e-03    1.8288543738935532e-04 
  -9.6161325934541117e-02    2.3114809331239831e-02   -4.5418403064213110e-02    2.9106827752615350e-02    1.4708281714696163e-03 
   4.8019303844444625e-02   -1.4990333765047067e-01    3.9689046495018719e-02    7.7943240197019731e-02   -4.2607360367873798e-02 
   4.1479886479438711e-02    3.9316958436865800e-02    4.2508863205747129e-02   -4.3892009251440850e-02    3.3806246022257978e-02 
  -2.1646828368636767e-02   -3.8786557893346063e-02   -1.5758455491365040e-02    3.5226532510506336e-02   -2.0168688645070001e-02 
   2.8011050327849341e-02    5.3956089956772348e-03    6.9118654377876591e-03   -9.6439016901032435e-03    5.3460992640726472e-04 
   1.9537090369981948e-02    2.3705084005815730e-03    1.7182723865392178e-02   -5.7409810810822998e-03    8.0975642976183516e-03 
  -5.4214187166893857e-03    2.1047444424487711e-02   -3.9913467419091964e-02   -3.1632544540366986e-02   -1.9765542640966843e-02 
   1.1653513577172957e-03   -4.0608550551100636e-03   -1.4320816647114282e-03   -2.2205474086976925e-04    3.1445809077226372e-04 
  -4.3542735027924107e-03    1.9298115745395514e-03   -4.4963587040581258e-03    1.7827592856805130e-03   -8.3233247149958989e-04 
   1.1733262325543988e-03    2.2254102679456272e-03    2.3384781682592895e-03   -1.4985687914301036e-03    7.0377186823904062e-04 
  -1.0659606829797603e-03   -1.1110003155154835e-03   -1.9252987889447984e-03    8.5744257727867119e-04   -3.6660971647989917e-04 
  -7.7882955559196244e-07    1.0768764646629347e-03    8.2277676748801661e-04    6.8677975851093474e-05   -3.8734098827367786e-04 
   9.6043692392497139e-05    9.3837591352839841e-04    4.7050721212794634e-04   -3.5393784309542889e-04   -2.9293361640878356e-06 
   5.5612886670067930e-05   -6.3615721780103463e-04    1.0052476315542283e-03    9.9991144573555049e-04    3.8365833511946478e-05 
  -4.0520117817337579e-03   -7.1830392953578471e-04    2.6865624826570523e-04   -2.0324193859483510e-04    8.1676106740668803e-05 
   7.8227940256471917e-04   -3.0876432115954414e-03   -8.8027531727226350e-04    4.0067533833485782e-04   -1.4089357804773650e-04 
   1.6883631010085063e-03    1.5402033174323876e-03    8.1395052130988027e-04   -3.3775573012299269e-04    1.0958534184391745e-04 
  -1.1197169510561904e-03   -1.2622005008420577e-03   -4.2790797383079941e-04    1.6541194875520368e-04   -5.0677361493707963e-05 
   1.4837656071120147e-03    6.1273934801459300e-04   -1.7417638801634023e-04    2.4671384099853245e-04   -8.5912150690488286e-05 
   8.0184105410936279e-04    3.8525114885807824e-04    1.5488344901138387e-04    2.7279881672242936e-05   -1.0795839805963239e-05 
   2.7624311343812013e-04    2.0150814152320438e-04   -5.4526432369549169e-04   -6.6190676258742244e-05    5.3744032792813779e-06 
  -1.3572194342615542e-03   -2.4059556225062965e-04    8.9986283585285546e-05   -6.8075791428196864e-05    2.7357373412134000e-05 
   2.6202411675344846e-04   -1.0342046367520759e-03   -2.9484780214322992e-04    1.3420601550786010e-04   -4.7192237483380459e-05 
   5.6551642399183238e-04    5.1589037439543801e-04    2.7263234303243175e-04   -1.1313112242728582e-04    3.6705558540385616e-05 
  -3.7504866439339707e-04   -4.2277346216020164e-04   -1.4332757391691251e-04    5.5404654182318417e-05   -1.6974358319098758e-05 
   4.9698658995499408e-04    2.0523675548305751e-04   -5.8340298977144210e-05    8.2636684625149635e-05   -2.8776234334256274e-05 
   2.6857628270773474e-04    1.2903969052085313e-04    5.1878138161228294e-05    9.1373834935103993e-06   -3.6160614487548257e-06 
   9.2527500494758055e-05    6.7495056917184131e-05   -1.8263602792693696e-04   -2.2170535779350942e-05    1.8001538423658488e-06 
  -1.3226900917378019e-04   -2.3447451331120976e-05    8.7696921135913905e-06   -6.6343859022529048e-06    2.6661367966550523e-06 
   2.5535789886084500e-05   -1.0078931905403624e-04   -2.8734650906152690e-05    1.3079164833830934e-05   -4.5991608542038703e-06 
   5.5112898610678195e-05    5.0276548464472580e-05    2.6569623873125669e-05   -1.1025292662653554e-05    3.5771723692923236e-06 
  -3.6550696209456324e-05   -4.1201758192715379e-05   -1.3968114300976286e-05    5.3995091193919123e-06   -1.6542509630725118e-06 
   4.8434263588163934e-05    2.0001527835884153e-05   -5.6856049551099141e-06    8.0534305071469302e-06   -2.8044131310391228e-06 
   2.6174336960225947e-05    1.2575676105441958e-05    5.0558294105916615e-06    8.9049171461728627e-07   -3.5240643691382002e-07 
   9.0173486341410438e-06    6.5777899116373807e-06   -1.7798954128942580e-05   -2.1606489903986041e-06    1.7543557001867852e-07 
  -2.1529075158085169e-03   -3.8164793486130912e-04    1.4274194825086999e-04   -1.0798613644235056e-04    4.3396000193446221e-05 
   4.1563926660725611e-04   -1.6405209645107958e-03   -4.6770627742974955e-04    2.1288609060537896e-04   -7.4859319135132880e-05 
   8.9705800608992940e-04    8.1833801987480845e-04    4.3246670770402077e-04   -1.7945575902991360e-04    5.8224684128945928e-05 
  -5.9492596995253848e-04   -6.7063006997413767e-04   -2.2735528487050530e-04    8.7886375179106104e-05   -2.6925803358465601e-05 
   7.8835163847495830e-04    3.2555955377992166e-04   -9.2543081075719893e-05    1.3108354840776418e-04   -4.5646687345436538e-05 
   4.2603272765836663e-04    2.0469093836038597e-04    8.2292391881515822e-05    1.4494297017421116e-05   -5.7360259322291845e-06 
   1.4677298762858106e-04    1.0706493854178487e-04   -2.8970884681978569e-04   -3.5168309489199269e-05    2.8555181564649946e-06 
  -8.9902516757788681e-04   -1.5937103478668878e-04    5.9607114102362677e-05   -4.5093555435294143e-05    1.8121584907687681e-05 
   1.7356535688120716e-04   -6.8505944830633955e-04   -1.9530783898332043e-04    8.8898362737902461e-05   -3.1260242920818134e-05 
   3.7459933523861284e-04    3.4172692976874755e-04    1.8059226952879691e-04   -7.4938306754944857e-05    2.4313843498538292e-05 
  -2.4843306826032209e-04   -2.8004608029567267e-04   -9.4940503286627809e-05    3.6700165981601027e-05   -1.1243852649853804e-05 
   3.2920502097094645e-04    1.3594928265353695e-04   -3.8644743613628062e-05    5.4738723428041474e-05   -1.9061441533727470e-05 
   1.7790552616139092e-04    8.5476177592334697e-05    3.4364193936998200e-05    6.0526231198171259e-06   -2.3952871347642709e-06 
   6.1290421827125182e-05    4.4708875605414203e-05   -1.2097851052516809e-04   -1.4685812140000184e-05    1.1924259032434765e-06 
  -1.0289007107678716e-04   -1.8239419415767263e-05    6.8218114774222151e-06   -5.1607889202284196e-06    2.0739476784608322e-06 
   1.9863906540111627e-05   -7.8402494023569543e-05   -2.2352252372408249e-05    1.0174085432286148e-05   -3.5776179933494038e-06 
   4.2871494167240843e-05    3.9109370194258312e-05    2.0668110435436108e-05   -8.5764091890368213e-06    2.7826285358109893e-06 
  -2.8432236352175717e-05   -3.2050227452504679e-05   -1.0865585840655340e-05    4.2001968605063284e-06   -1.2868169213073266e-06 
   3.7676284522481296e-05    1.5558887403281526e-05   -4.4227465042639475e-06    6.2646423562729115e-06   -2.1815107573852557e-06 
   2.0360622696486312e-05    9.7824291299225237e-06    3.9328535887377435e-06    6.9270009946082752e-07   -2.7413166219716367e-07 
   7.0144597565705458e-06    5.1167637511168730e-06   -1.3845538473893728e-05   -1.6807363235179460e-06    1.3646868893455568e-07 
   1.2095093962783776e-02   -4.2147308737007477e-02   -1.4863467727873451e-02   -2.3046894294287226e-03    3.2637368378737428e-03 
  -4.5192676704041750e-02    2.0029368970955426e-02   -4.6667368305548226e-02    1.8503124341458912e-02   -8.6387160270557563e-03 
   1.2177864588018332e-02    2.3097365544131370e-02    2.4270888764756623e-02   -1.5553532608008061e-02    7.3043952095176281e-03 
  -1.1063525636189351e-02   -1.1530988589710859e-02   -1.9982531109188694e-02    8.8993319235424057e-03   -3.8050146328225186e-03 
  -8.0834132929058906e-06    1.1176819712058320e-02    8.5395380948938004e-03    7.1280353825638502e-04   -4.0201829412071493e-03 
   9.9683024894347996e-04    9.7393329242530403e-03    4.8833589141752173e-03   -3.6734942134617099e-03   -3.0403359397653975e-05 
   5.7720196176172848e-04   -6.6026278456297197e-03    1.0433389448595639e-02    1.0378005577926617e-02    3.9819609615118583e-04 
  -1.3033384328767084e-01    3.1329039067670171e-02   -6.1558583659474246e-02    3.9450420322749889e-02    1.9935112847123742e-03 
   6.5083757542041432e-02   -2.0317396757751441e-01    5.3793205489284686e-02    1.0564165951795257e-01   -5.7748590455875562e-02 
   5.6220450076589719e-02    5.3288889786592228e-02    5.7615090698378085e-02   -5.9489760563955031e-02    4.5819854586954568e-02 
  -2.9339386794578256e-02   -5.2570002638906120e-02   -2.1358483241645496e-02    4.7744863365524928e-02   -2.7335965676822730e-02 
   3.7965240269649973e-02    7.3130278773698102e-03    9.3681111199247734e-03   -1.3071021633117189e-02    7.2459240439164379e-04 
   2.6479918510188140e-02    3.2129077608998372e-03    2.3288888934953022e-02   -7.7811336446068548e-03    1.0975167677035266e-02 
  -7.3480095095489048e-03    2.8527001854097643e-02   -5.4097378099888530e-02   -4.2873692337821158e-02   -2.6789555073493499e-02 
 TENSORSUMACCUMULATOR_IMPL_H - PrettifyOut: Norm of simple tensor is 9.45577e-05 
 As simple full tensor 3    5 5 5 
  -6.0462711309030934e-05   -6.8101958082996935e-05   -1.3284040820080069e-05    3.8819061824399792e-06   -1.1492354041569815e-06 
  -1.2878709852116341e-05    1.1253093860261272e-06   -4.6410409571163670e-07    3.8958811368449744e-08    2.8920426849560520e-08 
   1.2313140056071461e-06   -8.1185886011282189e-07   -5.4882128241627673e-07    3.3955166567626936e-07   -1.4869504058650391e-07 
  -1.5112173994808636e-07    5.2573518168004561e-08    7.2305406795490346e-08   -3.7654223648060986e-08    1.1976636939103429e-08 
  -1.8406325961646597e-08   -1.6166117041817409e-08   -9.7185521136700633e-09   -6.1388032669425496e-09    1.0124194057875853e-08 

   1.6391904282958497e-05    8.5346861542163959e-07    6.8532562707489955e-07   -3.5833107471529962e-07    1.0875870310011536e-07 
   5.4463594375103117e-07    1.4454141705930473e-06    9.5123506704236439e-07   -7.7395284559072254e-07    2.8796082894855454e-07 
  -7.6091912471837236e-07   -9.2211688703357510e-07    1.1485851626668278e-08    2.8514405370578006e-08   -6.2591952838909936e-09 
  -9.3132189797977498e-08    2.6218925375525194e-07    3.2399330950139049e-08   -3.3039655657798212e-08    6.1037753474650628e-09 
   8.8082312176011912e-08   -6.1301236376993344e-08   -4.9913273539585555e-09   -5.5115251025536091e-09    2.5944109526800795e-09 

  -6.7146766777281441e-07   -1.6118180018262291e-06   -8.7625557781109925e-07    8.6881662716274787e-07   -3.2474133152442948e-07 
  -1.4310851158207955e-06   -1.2902663487934965e-06   -6.1273810188653265e-07    1.7812933553465465e-07   -5.0578719977299520e-08 
   1.4915936247752820e-07    5.1294432017986587e-08    3.8892564599523137e-09    3.4211116193899545e-08   -3.5905655847016649e-09 
  -3.9608166274358140e-08   -8.1061801410279461e-09   -2.1435572112577693e-08   -1.2919075555785567e-08    4.3997041640125005e-09 
  -7.3886063566064213e-09    6.5390045188868169e-09   -5.6390304110130726e-09    8.4536990076460497e-09   -3.8528929325532641e-09 

   3.1322400907224924e-07    9.8643727472613463e-08    2.4249950316771089e-07   -7.1433533717568874e-08    2.1513585151229666e-08 
   3.5191408342121558e-07    7.0290180569016611e-08    5.8554440928167749e-08   -8.9297124442259707e-08    1.7060204449403753e-08 
  -3.5179318532628408e-08    1.9518864753297920e-10    3.5789557533377910e-08   -1.4304308523741119e-08    3.2321774876066543e-09 
  -2.4653292478910456e-08    1.0384466752950200e-09   -2.2549991374947095e-09    8.3118385153513241e-09   -3.6076187604158513e-09 
   1.8604346684128851e-08   -2.5595037610076837e-10   -3.0476120630315161e-09   -4.6567383165258635e-09    4.2835553807948281e-10 

  -5.8830009042484345e-08   -8.7178907835227938e-08   -5.8547822880919081e-08    5.4400243378526456e-09    9.6647901794797816e-09 
  -3.8790822021455982e-08   -2.2648359938895689e-08   -5.7297174823855667e-08    2.3586503892948825e-08   -2.0596750915645711e-09 
  -2.2335188713198709e-08   -3.6615895286531954e-08   -8.5581067891389967e-09    6.4242881883022583e-10    4.6934144569919900e-10 
   1.1589111314158142e-08    1.1086133269233208e-08    8.6670416558757931e-09   -3.6314776903376311e-10    7.3596386490975735e-10 
  -2.5548996731161307e-09   -7.4309077899036550e-10   -4.2455652449166062e-09    7.5551011104156885e-10    1.1114194510664114e-10 
