2    21 5 
  -5.6191225993573249e-03    5.8143339281306436e-06   -7.9710151765071004e-05    3.4260917993406789e-06   -6.8405570272527346e-06 
  -4.9078850606278990e-04    2.8525753402410554e-03   -5.6590754712886754e-04    7.2693603190245206e-05   -1.8609788003095671e-05 
  -7.6241885071561021e-05   -1.9870667865248656e-03   -3.2740552446416899e-04   -1.5692626009790678e-04   -8.1942195431205181e-06 
  -9.4532937523706859e-04    1.9210152885461903e-03    4.5981274637473180e-04   -4.0960377406364806e-04    1.3130507836891766e-06 
  -1.9589318261219822e-04   -1.9637820573950229e-04    4.7205014302799316e-04    1.0305147445320590e-04    1.5791502203239455e-05 
  -3.7919308113120607e-03    6.4452974273592303e-05   -1.9276062259389892e-03   -5.8246676482684586e-04   -4.3976307706494535e-05 
  -4.3263426386033402e-04   -5.1574430244627351e-05    4.6960007434197927e-04    3.5107304586960302e-04    3.3050320942879966e-06 
  -2.1809897057158367e-04    4.8254127614284515e-04   -5.4633940924383377e-04    1.2594289380438402e-03   -9.9464500160601366e-05 
  -1.1034993153767199e-03   -7.2497522526107747e-04    1.0292782501305183e-03   -9.7435175177599468e-04   -2.1049315250058488e-05 
  -5.0381694966678988e-06    5.8246147031718715e-04   -3.8264500467906565e-04   -4.4300933994386154e-04   -1.3608390285342844e-05 
  -2.1666579273151452e-04    1.2520792426582485e-04   -2.0642482828796060e-04    1.1622752649031569e-03   -1.8570745474688453e-04 
  -5.6460133073828410e-05   -1.2746467564268260e-04   -2.8673763703386307e-04   -2.1013701648765138e-04    1.7411182035659601e-04 
   2.5876615676530089e-04    2.0229594898065083e-04    4.6325189992769679e-04    2.0549861869658691e-04   -4.1285495686683022e-04 
  -2.3267239565137024e-04   -6.2890112168136706e-05   -2.2810747625667360e-04    1.6092895173606954e-05   -1.7743546946175364e-04 
   6.1442219138546392e-05    2.3271768290478455e-04    1.4448470118775858e-04   -1.9860134837392142e-04   -5.6447425381120902e-05 
   6.9232730432999137e-05   -3.9258145793316949e-05   -4.1983494544394850e-05   -5.5929493769767159e-05   -3.0211494308322094e-05 
   3.5204696786927372e-04    3.6737546288403885e-04   -1.6806052950959561e-04    3.8034970089944703e-05    1.8726431893004706e-04 
   3.4857321424517414e-04   -1.3282753959114135e-04    1.7526675440539486e-04    8.7786495011492777e-05   -6.1207589137757484e-04 
  -1.0738957945709671e-04    1.6565506394304556e-04   -2.1974147429360054e-04    2.1361225082269301e-05    4.4847113452103573e-05 
  -1.6588722586465785e-05    2.9613264786481125e-05    1.5116505683927235e-05    1.1708606240873752e-05    2.1769309885043316e-04 
   6.2241041882270265e-05    2.0516560463801158e-04   -1.2040881239337950e-04   -4.9288446122235216e-06    5.7277728964323048e-05 
2    21 5 
  -8.0466597708182944e-02    2.4557838202312818e-03   -4.7723410390995317e-04    5.3770384143378377e-05   -2.0844830549722861e-05 
  -1.2047604779686321e-02    2.3986635346204970e-02   -1.5006754378676939e-03    2.2063183297828931e-04    1.8440378786038769e-06 
  -1.4440490116735630e-02    7.6476738808945885e-02   -4.2501148753316502e-03    1.0860656215043092e-03   -9.9160249133223646e-05 
  -6.7136158128430073e-02   -8.3514880807987503e-03    2.4047611881375785e-03   -1.4933000921353969e-03    3.5207925784644422e-04 
   1.7093949957288739e-02    2.3087984888355610e-02   -4.3207405327638513e-03    7.3262845502647519e-04   -1.4540239603715120e-04 
   1.2089800550070074e-02   -6.7357821758394568e-03    1.0390729388459842e-02   -1.6559449989329751e-03    3.3049680923161791e-04 
  -2.0546139764348516e-03    7.9849865091268977e-04   -1.1785093736406155e-02    1.1557345404590979e-03   -5.9719001521186567e-05 
  -2.0870207983254871e-03   -1.3135242819552759e-03   -1.0545784296478716e-02    1.4636285980611670e-03   -3.2360348995289900e-04 
  -2.8227365703973996e-03    4.9958310201426125e-03   -3.2803373466473874e-03    6.7038451144170723e-04   -9.5671339822426139e-05 
  -1.7576322144586385e-04    6.6176718175225977e-03    9.7706230622242110e-03   -2.1117062670139375e-03    3.6080312038020389e-04 
   6.6717708429381061e-03    8.0666887848496113e-03   -1.3330361703480099e-02    3.7466322448973547e-03   -7.6503460753605309e-04 
   4.1333444391829502e-03   -2.4551314886202217e-03   -2.6189523593315046e-03   -7.3418874260390296e-03    2.8780717565967517e-03 
   1.4190126309743766e-03   -1.3058022742274814e-03   -1.6449416698512225e-03   -4.1612586097135194e-03    1.6862414429309901e-03 
   6.4963119323529551e-04   -1.9845765154863880e-03   -2.5569322998644046e-04   -7.7962781963244101e-03    3.8974808365817362e-03 
  -1.6499892978174258e-03    1.3128132985976411e-03   -3.0498225147655442e-03   -2.6484587285511515e-03    1.1775157466925724e-03 
   4.1109615978660611e-03    1.1713163765228293e-03   -1.2883078592660145e-03   -1.4538617497567494e-02    3.5649434702049437e-03 
  -4.8503353198626158e-04   -4.0702221187114849e-04   -3.0364183057110755e-04    1.2917075348298638e-03    2.6597206798546500e-03 
   9.6404008000064412e-04    6.1273147931658614e-04    2.9525121312037959e-04    2.3753980515975909e-05    4.5380411064456581e-04 
   2.1224314188148495e-04    4.2190915509431124e-05    2.1824621312033568e-04   -6.7680216116788698e-04   -2.9964797497986852e-03 
   1.0885761480247077e-03    4.8136702727639741e-04   -7.8687108377821871e-04    7.9764004195851692e-04    1.1646462692659469e-03 
   9.4777297745156537e-04    7.0046785316242165e-04    5.5947115115586904e-04   -4.5478132173796043e-03   -4.7844916267886454e-03 
2    21 5 
   5.5007138916910658e-01    7.3329713144408733e-04    2.3906580854955319e-02   -2.4087615375632831e-04    3.8152669855509502e-03 
  -2.5284140595467533e-02    3.1816367409156186e-02    6.6510451773714216e-02    5.7047546495417201e-03    2.7832620816287848e-03 
  -1.2119328593058221e-02   -3.0578952338209002e-02    2.7007552301504565e-02   -1.1602220638437435e-03    1.1847681436307866e-03 
   3.8147899707334310e-03   -6.7416167340273456e-03   -1.5745257259897713e-02    2.1567145588212164e-03   -8.1082152760297756e-04 
   3.8270136668767515e-03   -3.5082494651602500e-02    1.5287984506732635e-01    5.1983114584185121e-03    9.4290934968659021e-03 
  -9.0837092462734328e-03    4.1079355208095382e-04   -2.0675220054450494e-02    5.7869184898583985e-04   -1.8951690951940589e-03 
  -1.6740754591122297e-02    8.6943247304143711e-03   -8.8041874160628831e-04    9.8260775128505701e-03    2.2350658482578204e-03 
   1.1657507752286139e-02    1.9451257941538204e-03    3.2182054385904019e-03   -1.8298763643247358e-04   -5.5758774003882125e-04 
   5.5435385376042152e-03   -3.3555728294774041e-03    3.9912101267491678e-03   -7.7371073042709487e-03   -4.6279864195546729e-03 
   4.6089398374124999e-03   -1.0475653591225497e-03    3.1949161149836102e-03   -1.1385511155766961e-02    3.3666723010296063e-04 
  -2.8387387865341121e-03   -4.3789359318691318e-03    1.7843233098542638e-03   -3.7254179192060407e-04   -1.4780677578003474e-03 
  -1.5373935744165857e-03    3.3836418133938628e-03   -4.0288171083432674e-04    2.2009653077732861e-03   -2.5627611836766692e-02 
  -1.8337631074126382e-03    1.9502146926360575e-03   -2.9865740316442711e-03    2.9943326750731330e-03   -1.9659389968920402e-02 
   3.2891412906491673e-03    1.0410060671141971e-03   -2.4014202221141357e-03   -3.8694216608836816e-03    5.0752201908441609e-03 
  -6.9553862200520016e-04    9.7065482705351101e-04    7.0733757513424453e-04    3.7068365750329667e-04    1.2820532636404451e-02 
   6.8646413964101238e-03    1.3496166273138741e-03    2.1120727584068083e-03    5.9687532683682376e-03    1.5652498052352561e-02 
   5.4379124647220437e-04    2.4360864017872745e-03   -5.0258581381931321e-04    3.1829250303829176e-04   -1.8632015515264906e-03 
   2.0990914601417142e-04    1.6426181858232804e-03    2.5893416946328775e-04   -1.0963347302021375e-04   -9.3882610415739400e-04 
  -8.4891770993368902e-04   -2.2764888086309427e-04    1.6100405274050672e-03   -2.2190050162581377e-03    1.4947362042673070e-03 
   4.1568955890558713e-04   -4.9796387870265158e-04    1.0185476467100788e-03   -3.8846640932866574e-03   -9.3856733943758889e-04 
   2.5557499408133857e-04    2.1778768480862696e-03   -1.2205604919948612e-03    7.6103618975113091e-04   -1.7777921323615586e-03 
 TENSORSUMACCUMULATOR_IMPL_H - PrettifyOut: Norm of simple tensor is 0.000249728 
 As simple full tensor 3    5 5 5 
   2.4921159967407726e-04    1.6162622729467543e-07    1.0679484910272681e-05    4.4681557164473457e-09    1.7371735025988702e-06 
  -7.4557389663924631e-06   -6.6115841227323910e-08   -2.6380527481507307e-06   -1.0509186488503620e-08   -1.5489367194266480e-07 
   1.7583793168348904e-06    8.4107320753750489e-09    1.1247787340366252e-06   -7.6685818473282362e-10    8.7311028709078454e-08 
  -2.1114265963998819e-07   -1.8099208666336485e-09   -1.9893344641853878e-07   -9.0470076244713781e-09   -1.0582610414952790e-08 
   7.3376696251365966e-08    1.4284749650410259e-09    4.1310227161531314e-08    3.4188010183832691e-09   -2.4390222357919694e-09 

  -2.5389021160122979e-07   -9.9721058283076125e-07   -1.5873618247873678e-08   -5.3948126201064740e-07   -1.6088062626399645e-09 
   3.2861487098575787e-08    7.0937745067263538e-06    1.3518642554451421e-08    4.9095345236701425e-07   -5.3883295961504570e-10 
  -5.2905042562753718e-09   -4.6653733411565881e-07   -5.4124585200388702e-09   -9.5345605030984143e-08   -1.1483695323957707e-08 
   5.6136174409621613e-09    1.1341982757694782e-07    8.7268546108916022e-09    1.6390779317361438e-08   -2.3430548380368838e-09 
  -1.6541601000735132e-09   -1.2235799920285604e-08   -1.2405925509271735e-09   -4.4720054389425661e-10    1.8941047922205183e-09 

   3.4400520746226284e-06   -1.0771693632396326e-09    2.9250823211391492e-06    5.0580041024795129e-09    2.1778898435324698e-07 
   4.7285357980505994e-07   -1.8198283760411910e-08   -1.1354303241164004e-07   -1.5327820062650082e-09   -1.0960433913017667e-08 
   2.7816414098932705e-07    7.4959526032026692e-09    1.8437848326524976e-07   -4.9400935713924837e-09    7.8504501740583673e-09 
  -2.3339644089522838e-08    1.0391494257182525e-08   -1.8068027543413400e-08   -1.1454183242933033e-08   -5.8778373728323952e-09 
   2.7242757609975874e-09   -2.1798529246571950e-09    1.5765783998667491e-09    3.4371317409890487e-09    2.3056579714207269e-09 

  -7.2915488612068226e-09   -4.0436876916905226e-07   -5.2249472354800845e-09    2.2761147790436451e-08   -3.1659234462914695e-10 
   7.4349797740582115e-10    2.9600447897127399e-07    3.5568075812738290e-09    1.1642116624910456e-07   -3.7255773227577722e-10 
  -7.0132036747612162e-10   -2.3481243149476732e-09    1.6861788720441826e-08   -1.6350410303145762e-08    1.4791878690138727e-08 
   2.6960040131596385e-09   -6.1969910968000912e-09   -3.5776088843496440e-09    5.3861535927912049e-09   -9.0444181596436156e-09 
  -1.7619667247984259e-09    2.2901039734737726e-09   -3.1777902247069537e-10   -8.9729860413249070e-10    3.8783750783000280e-09 

   3.0619634606225942e-07    2.9559116287572267e-10    8.5246663048040417e-08    4.8888397052248819e-10    7.2512358921602007e-11 
   1.3604283788158211e-08   -1.2781096806318759e-09   -2.5992080919921393e-09    1.3349990019815702e-09    4.4068728962794237e-09 
   9.8039134907691940e-09   -7.4544361128087596e-09    7.5550458122632473e-09    8.0879989431453981e-10   -2.5683061195177044e-09 
   6.0888707899175519e-09    3.7141435021947757e-09   -8.4899802356674562e-09   -8.8130215230135006e-10    1.5757847011295769e-08 
  -1.9413162730528161e-09   -1.0445318912363178e-09    3.6324872399143184e-09    2.7952581889657255e-10   -6.0548479462042086e-09 
