2    104 5 
   2.1516646647760810e-06    3.0410760459273445e-05    2.3413564163772698e-06   -2.9322962185442770e-04    6.1252903288385271e-06 
  -2.5204937027960370e-04    8.4093756376606881e-04   -7.8072403898649464e-05    2.3503307544884576e-04    1.7910274840034225e-06 
  -2.2875709847534157e-05    1.4878182733907093e-03   -1.1621999850387821e-04    1.2120891578804175e-04    6.5181428660538609e-06 
  -2.6401027410231067e-05   -7.7791311716201672e-04    5.1319290574287858e-05    1.1199499740192349e-04   -7.4253238410993505e-06 
  -2.6070777449758108e-04   -2.1474805096034092e-03    1.8058788629207639e-04   -7.9561404001973518e-04   -2.2287054768367466e-05 
  -1.1774998544467611e-04    5.0340211887181269e-04   -3.9402508626817144e-05    1.2129754760868571e-04    4.7434374980876802e-06 
   9.4828506575793815e-04    2.1900798912812645e-04    3.8266307082360663e-04   -1.5769465461055925e-04    2.8420373755428410e-05 
   3.1655650707765358e-04   -1.8712413703180742e-04    1.6112252498797205e-04    7.8421636497838379e-04    1.7749546265264393e-05 
   8.5218795139141294e-05    2.1331674760618978e-05   -5.9391770563462832e-04   -5.2023140449597834e-05   -2.5958737266522868e-05 
   9.6386419562439094e-05    6.2336660170790722e-05    1.8753499545674494e-04   -6.9293452766206053e-05    3.6652245654066818e-05 
   7.1020903735291140e-04    2.3169786203805552e-04    1.5651223257383117e-05   -2.2478630600998794e-05    7.5690493974903518e-06 
   1.5480908349297553e-04   -3.0584759660190734e-05   -2.9307383708250463e-04    2.7203857013629097e-05   -3.7482359087927746e-05 
   2.6786193870652826e-05    8.5131159780158839e-05   -7.4534047686760561e-05   -3.1860340142517851e-04   -1.1806029560530043e-05 
  -7.1549546529816821e-05    2.5508959997649981e-05   -3.6035974318658347e-06   -2.8032869838584945e-05   -5.4077218026183239e-06 
  -4.1160930438640455e-04    1.2618477676198212e-04    2.6942161210088777e-06    1.1961933947285553e-04    3.5239838200041269e-05 
   1.8884193801777161e-04    2.9624988849989058e-04    2.5665230885675835e-05   -1.2537021544329013e-04   -2.3739779971764016e-05 
   9.4121891372867298e-05   -2.4410197770836839e-05   -1.7013464557092089e-04    7.2098653634890923e-05    8.6819142721360079e-04 
   3.1723136918669742e-05   -6.8959107940382167e-06   -2.3595081490041579e-05    1.7451710692762947e-05    1.9387449308355507e-04 
  -7.7405029133995341e-06    1.8425452800556236e-05    4.1822718546652097e-05   -5.1695652985190291e-05    1.4404048657437677e-04 
  -6.2254890244409255e-06   -5.0762445113148972e-06    1.1761245533939581e-04   -2.6172830475405410e-05    1.0237774814127243e-05 
   6.0107806180851763e-05   -5.3677697482717034e-08   -2.0374040863063182e-04    6.0208377702003568e-05   -5.8604923419531172e-06 
  -3.9360982861541707e-08   -9.3574438684642595e-04   -1.4873455041521020e-08   -1.7432702444272235e-05   -4.7926117835659733e-09 
  -3.9360982861541707e-08   -9.3574438684642595e-04   -1.4873455041521020e-08   -1.7432702444272235e-05   -4.7926117835659733e-09 
  -3.9360982861541707e-08   -9.3574438684642595e-04   -1.4873455041521020e-08   -1.7432702444272235e-05   -4.7926117835659733e-09 
  -3.9360982861541707e-08   -9.3574438684642595e-04   -1.4873455041521020e-08   -1.7432702444272235e-05   -4.7926117835659733e-09 
  -3.9360982861541707e-08   -9.3574438684642595e-04   -1.4873455041521020e-08   -1.7432702444272235e-05   -4.7926117835659733e-09 
   5.0843755748467616e-06    3.6393476483130675e-03    1.1050540625817171e-06    1.8101747467574457e-04    1.0347158168166254e-07 
   4.5914890267436337e-06    3.0166560933546532e-05   -2.2146408399202258e-07   -6.0662463524401402e-04   -4.1719767561368145e-07 
   7.3279648656110529e-05   -1.3183918826683686e-07    7.7087897625046577e-06    5.4541170242897866e-07   -1.9613562135304315e-07 
  -7.3881878323002035e-07   -6.9501975711877577e-10    7.0559038646758113e-06   -9.0695012606946464e-09    1.2605748951218287e-06 
  -3.7101877323540675e-05    1.5486534344323287e-03   -1.4505396318689537e-06    3.6385769812165780e-05   -9.8143495239056484e-08 
  -1.3268211063284531e-05   -3.9429973114539625e-06   -5.0748837942744816e-06    1.5408938126367668e-04   -3.9444221729713246e-07 
   6.6850286771642550e-05    1.4654531889030513e-06    7.3477716657245309e-08    5.7967589931488888e-06    2.1327129962086470e-07 
   3.0250948923688199e-08   -6.0428648370437444e-10   -7.7898396839906631e-06   -2.5370654736405437e-07    1.0154336795022528e-07 
  -4.5934719539359665e-08   -1.0920244578627647e-03   -1.7357493036107151e-08   -2.0344164179222179e-05   -5.5930330528974621e-09 
  -4.5934719539359665e-08   -1.0920244578627647e-03   -1.7357493036107151e-08   -2.0344164179222179e-05   -5.5930330528974621e-09 
  -4.5934719539359665e-08   -1.0920244578627647e-03   -1.7357493036107151e-08   -2.0344164179222179e-05   -5.5930330528974621e-09 
  -4.5934719539359665e-08   -1.0920244578627647e-03   -1.7357493036107151e-08   -2.0344164179222179e-05   -5.5930330528974621e-09 
  -4.5934719539359665e-08   -1.0920244578627647e-03   -1.7357493036107151e-08   -2.0344164179222179e-05   -5.5930330528974621e-09 
   4.4185703663361176e-08    1.0504444039746803e-03    1.6696587054920708e-08    1.9569537350317947e-05    5.3800720573237354e-09 
   4.4185703663361176e-08    1.0504444039746803e-03    1.6696587054920708e-08    1.9569537350317947e-05    5.3800720573237354e-09 
   4.4185703663361176e-08    1.0504444039746803e-03    1.6696587054920708e-08    1.9569537350317947e-05    5.3800720573237354e-09 
   4.4185703663361176e-08    1.0504444039746803e-03    1.6696587054920708e-08    1.9569537350317947e-05    5.3800720573237354e-09 
   4.4185703663361176e-08    1.0504444039746803e-03    1.6696587054920708e-08    1.9569537350317947e-05    5.3800720573237354e-09 
   7.1053297838053476e-06    5.0859274376008597e-03    1.5442945604610686e-06    2.5296889170929560e-04    1.4459980390459705e-07 
   6.4165290808046236e-06    4.2157264096794648e-05   -3.0949235139442137e-07   -8.4774777648467781e-04   -5.8302677027583563e-07 
   1.0240708273380184e-04   -1.8424305940327974e-07    1.0772904694057524e-05    7.6220372721411326e-07   -2.7409624870345022e-07 
  -1.0324868861555937e-06   -9.7127848009891222e-10    9.8605075772474384e-06   -1.2674476242604488e-08    1.7616323214471390e-06 
   2.7291016671487175e-06    1.9534650003986583e-03    5.9315147751887327e-07    9.7163375255871886e-05    5.5539655148007188e-08 
   2.4645386976470078e-06    1.6192275830914888e-05   -1.1887359459168365e-07   -3.2561329882240610e-04   -2.2393602818811895e-07 
   3.9333760531939256e-05   -7.0766319914398198e-08    4.1377885411591561e-06    2.9275649771923217e-07   -1.0527822804238303e-07 
  -3.9657014776973967e-07   -3.7306047712876027e-10    3.7873439357217826e-06   -4.8681673189563977e-09    6.7662921379416157e-07 
  -5.1927076552097953e-05    2.1674656713775863e-03   -2.0301474733765049e-06    5.0924826201302288e-05   -1.3735975530099135e-07 
  -1.8569933957369323e-05   -5.5185434809972830e-06   -7.1027101130295025e-06    2.1566054534031767e-04   -5.5205376898736426e-07 
   9.3562380373627679e-05    2.0510202020263382e-06    1.0283800424603485e-07    8.1130328087284785e-06    2.9849042422312671e-07 
   4.2338648441848033e-08   -8.4574778319386205e-10   -1.0902510352016642e-05   -3.5508282214018389e-07    1.4211815199883811e-07 
   3.1920760494025859e-05   -1.3323906749430055e-03    1.2479780409009942e-06   -3.1304654301898832e-05    8.4438180263853062e-08 
   1.1415362727927635e-05    3.3923747768863178e-06    4.3661982039185303e-06   -1.3257146507973704e-04    3.3936006626504330e-07 
  -5.7514933122820900e-05   -1.2608089841454045e-06   -6.3216871065865293e-08   -4.9872666509112893e-06   -1.8348888429771716e-07 
  -2.6026534638380098e-08    5.1990048772722319e-10    6.7020222365339435e-06    2.1827752443771376e-07   -8.7363275443727822e-08 
  -5.7076127290541628e-06   -4.0854548719271282e-03   -1.2405103716348724e-06   -2.0320639721263279e-04   -1.1615501412273700e-07 
  -5.1543086911207016e-06   -3.3864344724629735e-05    2.4861090732056810e-07    6.8098401443935925e-04    4.6833730687494008e-07 
  -8.2262187223027655e-05    1.4799989065769313e-07   -8.6537247153304731e-06   -6.1226766778584463e-07    2.2017770964713130e-07 
   8.2938237538737788e-07    7.8021451292862372e-10   -7.9208087837255987e-06    1.0181230729256992e-08   -1.4150947764200745e-06 
  -4.3298378464594317e-05    1.8072989118531673e-03   -1.6927988147571617e-06    4.2462671587056455e-05   -1.1453474883877514e-07 
  -1.5484176694253233e-05   -4.6015296850730624e-06   -5.9224560868491224e-06    1.7982433312334456e-04   -4.6031925171907043e-07 
   7.8015163272310010e-05    1.7102031318240493e-06    8.5749461052770868e-08    6.7648939315033293e-06    2.4889040967102337e-07 
   3.5303254980574835e-08   -7.0521026858847879e-10   -9.0908452926703756e-06   -2.9607887522566015e-07    1.1850244497705736e-07 
   2.1790131502003161e-05    1.3286938983542195e-03    1.4305391160936057e-06    4.0444248202089430e-05    1.1712318096469976e-07 
   2.1790131502003161e-05    1.3286938983542195e-03    1.4305391160936057e-06    4.0444248202089430e-05    1.1712318096469976e-07 
   2.1790131502003161e-05    1.3286938983542195e-03    1.4305391160936057e-06    4.0444248202089430e-05    1.1712318096469976e-07 
   2.1790131502003161e-05    1.3286938983542195e-03    1.4305391160936057e-06    4.0444248202089430e-05    1.1712318096469976e-07 
   2.1790131502003161e-05    1.3286938983542195e-03    1.4305391160936057e-06    4.0444248202089430e-05    1.1712318096469976e-07 
   2.9222554196811488e-04    5.6484380103769428e-07    3.7231830010391661e-04    1.3990870309760336e-07    2.1074136858749822e-05 
   2.9222554196811488e-04    5.6484380103769428e-07    3.7231830010391661e-04    1.3990870309760336e-07    2.1074136858749822e-05 
   2.9222554196811488e-04    5.6484380103769428e-07    3.7231830010391661e-04    1.3990870309760336e-07    2.1074136858749822e-05 
   2.9222554196811488e-04    5.6484380103769428e-07    3.7231830010391661e-04    1.3990870309760336e-07    2.1074136858749822e-05 
   2.9222554196811488e-04    5.6484380103769428e-07    3.7231830010391661e-04    1.3990870309760336e-07    2.1074136858749822e-05 
  -1.7015166507838322e-06   -1.5806267915769682e-03   -1.8774986478013430e-06   -1.1730828837765064e-03   -5.1538495747076411e-07 
  -1.7015166507838322e-06   -1.5806267915769682e-03   -1.8774986478013430e-06   -1.1730828837765064e-03   -5.1538495747076411e-07 
  -1.7015166507838322e-06   -1.5806267915769682e-03   -1.8774986478013430e-06   -1.1730828837765064e-03   -5.1538495747076411e-07 
  -1.7015166507838322e-06   -1.5806267915769682e-03   -1.8774986478013430e-06   -1.1730828837765064e-03   -5.1538495747076411e-07 
  -1.7015166507838322e-06   -1.5806267915769682e-03   -1.8774986478013430e-06   -1.1730828837765064e-03   -5.1538495747076411e-07 
  -1.4924953899540540e-05    1.0066082458513087e-03   -1.3081266614430961e-05    7.2439067953868866e-04   -1.0859823387005595e-06 
  -1.4924953899540540e-05    1.0066082458513087e-03   -1.3081266614430961e-05    7.2439067953868866e-04   -1.0859823387005595e-06 
  -1.4924953899540540e-05    1.0066082458513087e-03   -1.3081266614430961e-05    7.2439067953868866e-04   -1.0859823387005595e-06 
  -1.4924953899540540e-05    1.0066082458513087e-03   -1.3081266614430961e-05    7.2439067953868866e-04   -1.0859823387005595e-06 
  -1.4924953899540540e-05    1.0066082458513087e-03   -1.3081266614430961e-05    7.2439067953868866e-04   -1.0859823387005595e-06 
   3.2719397672767217e-05    3.3498287076036082e-02    3.6940107816372592e-05    2.5160496993195794e-02    1.0992514884170790e-05 
   2.3882245346622375e-05   -3.4565429551431772e-03    1.4195041235937093e-05   -9.2672272093556017e-03   -9.3264033616494947e-06 
   4.3115969676369814e-04    2.1825807822303566e-06    4.1541937927690203e-04    7.6915350198658888e-06    6.0295032923724190e-05 
   2.7082939768054160e-05   -6.1501138312432298e-08    9.3330882524312448e-05   -1.4557325813325404e-07    7.8923555172918288e-05 
   2.0369846970813121e-04   -1.3754925222353874e-02    1.7841362300821838e-04   -9.8934155448541540e-03    1.4700386652040190e-05 
   9.2578771364162343e-05   -8.9483328266550324e-04    1.2158330353225873e-04   -2.3343749292901407e-03    4.6967828738490355e-05 
  -3.5627376691997869e-04   -4.7773612184386393e-05   -2.9123463245159297e-04   -9.7549098474368902e-05   -7.7290615270477897e-06 
   3.3476096401251967e-05    1.5357714561219283e-06    9.3104069244274412e-05    3.8864002985654688e-06    5.8049510228865234e-05 
   6.5164664483415587e-07    4.6644246663067628e-04    1.4163091645003675e-07    2.3200376976941936e-05    1.3261590935986450e-08 
   5.8847509886413342e-07    3.8663426666947577e-06   -2.8384277510620518e-08   -7.7748959023826554e-05   -5.3470767755872924e-08 
   9.3919964169482887e-06   -1.6897367912151573e-08    9.8800863754433640e-07    6.9903511396645969e-08   -2.5138016990616419e-08 
  -9.4691820882411258e-08   -8.9078252806599651e-11    9.0433053420270290e-07   -1.1624062738577171e-09    1.6156347792876523e-07 
   9.2911080513992722e-06   -3.8781612768558994e-04    3.6324632133857841e-07   -9.1117793288502052e-06    2.4577242031618139e-08 
   3.3226454166385402e-06    9.8741133090457558e-07    1.2708600502805938e-06   -3.8587295149771507e-05    9.8776814687376897e-08 
  -1.6740749591888437e-05   -3.6698099677362953e-07   -1.8400400574862783e-08   -1.4516331258282275e-06   -5.3407720363048817e-08 
  -7.5754882335567274e-09    1.5132633222672923e-10    1.9507433970494371e-06    6.3533576060078580e-08   -2.5428643281344946e-08 
2    104 5 
  -4.7632224525709262e-02    4.0894901163743856e-02   -2.1746256406063515e-02    1.1064083615810411e-03   -3.1795904301732325e-04 
  -7.8927252029507011e-03    1.7847136098434014e-02    1.9164027250331379e-03   -7.6337152096324122e-03    2.1688363699000641e-03 
  -8.4553363293945749e-03    1.2027733931225252e-02    1.2024850586002550e-03    3.1136116709741643e-03   -1.7572326217871739e-03 
  -1.0924951766002441e-02   -7.9789713260404991e-04   -3.5422748992880822e-04    4.1791672725729291e-04   -2.2781965798362815e-04 
  -5.1054052739917246e-03   -1.9876318611342841e-02    2.5136077223401380e-03   -8.9712691887907660e-04    1.4558808965269324e-04 
   1.2924093708415990e-02    2.1094633681118234e-03    7.7472594014078369e-03    1.1981289549150394e-02   -4.7428120403255171e-03 
   2.9589598691088338e-04    1.4152685151357181e-03    3.9116161006206374e-03    2.9080109348591935e-03   -1.7982259150097532e-04 
   2.0970589421149500e-03   -2.5001433058583411e-03   -8.8876357784815011e-03    7.8341658187735305e-04    1.7582869391072526e-04 
   4.2477423511581092e-03   -7.7783794209536584e-03   -7.2380905446042907e-04    6.1763790057983064e-05   -5.9020766232848235e-06 
   5.1927970192279403e-03    1.0284865395061588e-03   -2.4169401587052792e-03   -2.6233518030458064e-03   -2.2823565471563048e-04 
   3.2254920110999790e-03    2.5198862689946293e-03    8.5187744041511429e-03   -7.4752335935760427e-04    4.9704535845800936e-04 
  -3.4723966828544087e-04   -5.7917386662663937e-04   -7.2292216189247423e-04   -4.7510373758589252e-03   -1.0310646701891595e-03 
   1.6233645975703218e-03    7.1165017824634464e-04   -4.4603735039355487e-04    2.0593817282380453e-03   -4.0975448151424048e-03 
   8.6087762559210936e-03    8.5282238416900229e-03   -4.1263051381365944e-03    3.3367091926724190e-03   -1.5367565864670795e-02 
  -1.5265927086798199e-03   -5.9873395733463122e-04    1.1818868441087712e-03   -1.0195699953058658e-03   -3.0805328910886451e-03 
  -8.1916794289649101e-04   -7.9568359133254190e-06    1.1558253270116389e-04    1.3008016455105156e-03    4.5302332295092838e-03 
  -1.5426345299805020e-03   -1.8787941066561413e-04   -1.3212825376292551e-04    3.7089137376852425e-04   -4.9755961737653993e-04 
   4.4523349945127617e-03    2.5110769279631335e-04    5.5391890619578901e-04   -1.6954949727841678e-03    1.9884153536327163e-03 
  -1.2687836821900441e-03    9.0147970529445940e-04    5.9449279279957074e-04   -7.3553483856720562e-04   -1.0518897361579040e-03 
   5.7414390219949854e-04   -2.9618163082472743e-04   -2.8084726279254719e-04    5.2968258510631048e-04   -9.6140729376467627e-04 
  -4.2636248542284852e-04   -4.3894480180061113e-04    4.6051010151022684e-04   -2.8038415409218709e-04    1.2142050031503902e-03 
   3.5102507890403362e-05   -9.2931406002834751e-04    5.0272841251591807e-05   -1.5732630406935761e-05    1.5689631196119210e-06 
   3.1416334637439841e-04    3.9676747202617365e-06   -1.4546653502429141e-04    1.5248135907803437e-06   -2.3583030218057001e-06 
  -2.5569927205822018e-05   -2.9162699802777665e-06   -5.6115297704531126e-05   -6.3179010144910166e-05    9.2681038876653838e-06 
   1.8631038761727384e-05    3.6003796634435190e-06    3.9955328036214436e-05   -4.3919895884290490e-05   -4.9434529998386986e-06 
   1.4686625591539643e-07    2.3947903764335393e-08    2.7913477064420988e-07    4.6127413916006320e-08    2.4172380244405992e-06 
   3.6445140863481484e-03    1.4471852919838209e-05    8.7926472474798199e-06   -2.2173744303516750e-07    1.2155308807303862e-06 
   3.6445140863481484e-03    1.4471852919838209e-05    8.7926472474798199e-06   -2.2173744303516750e-07    1.2155308807303862e-06 
   3.6445140863481484e-03    1.4471852919838209e-05    8.7926472474798199e-06   -2.2173744303516750e-07    1.2155308807303862e-06 
   3.6445140863481484e-03    1.4471852919838209e-05    8.7926472474798199e-06   -2.2173744303516750e-07    1.2155308807303862e-06 
  -1.5486086980498752e-03   -5.3280891598860244e-05   -1.2674913559965286e-06    6.3701936320363671e-07   -5.3085672632569329e-07 
  -5.3232047926506337e-06    1.5456945074265917e-04    6.3995932418968301e-06    1.6378086090086784e-07   -8.2891766334334860e-08 
   4.1317771863733991e-08   -2.7760239450134040e-06    6.7042858911056373e-05    1.5098709446947982e-06   -1.7039837866448388e-07 
   3.0385582148866861e-09   -4.9653154226662354e-10   -1.7212770820562505e-07    7.7421221118747125e-06    8.8718861163095138e-07 
   4.0965030287627378e-05   -1.0845201925355019e-03    5.8668983736047146e-05   -1.8360160565632025e-05    1.8309979992239843e-06 
   3.6663223720855676e-04    4.6303220155791506e-06   -1.6976111882693835e-04    1.7794749914828627e-06   -2.7521667402597525e-06 
  -2.9840399031013217e-05   -3.4033205958380442e-06   -6.5487197588346717e-05   -7.3730631218977045e-05    1.0815983793878345e-05 
   2.1742636439169584e-05    4.2016844614183100e-06    4.6628327191490693e-05   -5.1255023451508913e-05   -5.7690664865349506e-06 
   1.7139460919968801e-07    2.7947479026117870e-08    3.2575348660191078e-07    5.3831222374733006e-08    2.8209445659204679e-06 
   3.9405240894063614e-05   -1.0432258719516960e-03    5.6435096493193330e-05   -1.7661076895649976e-05    1.7612807003772990e-06 
   3.5267230428720410e-04    4.4540173206240864e-06   -1.6329727415926456e-04    1.7117194888422301e-06   -2.6473749102370452e-06 
  -2.8704192427930525e-05   -3.2737353537178010e-06   -6.2993699219242170e-05   -7.0923254884853944e-05    1.0404153101109533e-05 
   2.0914761213207099e-05    4.0417006212500935e-06    4.4852901427558706e-05   -4.9303431047324318e-05   -5.5494028208845152e-06 
   1.6486856755717950e-07    2.6883347471577062e-08    3.1335005787866781e-07    5.1781538312176837e-08    2.7135339431805399e-06 
   5.0931474482996076e-03    2.0224172283196432e-05    1.2287577392017386e-05   -3.0987436608282067e-07    1.6986840651025395e-06 
   5.0931474482996076e-03    2.0224172283196432e-05    1.2287577392017386e-05   -3.0987436608282067e-07    1.6986840651025395e-06 
   5.0931474482996076e-03    2.0224172283196432e-05    1.2287577392017386e-05   -3.0987436608282067e-07    1.6986840651025395e-06 
   5.0931474482996076e-03    2.0224172283196432e-05    1.2287577392017386e-05   -3.0987436608282067e-07    1.6986840651025395e-06 
   1.5129162714810614e-04    1.9502896835934416e-03    1.9457658565372070e-05    7.2893701589843137e-06   -1.1530886701318923e-07 
   1.5129162714810614e-04    1.9502896835934416e-03    1.9457658565372070e-05    7.2893701589843137e-06   -1.1530886701318923e-07 
   1.5129162714810614e-04    1.9502896835934416e-03    1.9457658565372070e-05    7.2893701589843137e-06   -1.1530886701318923e-07 
   1.5129162714810614e-04    1.9502896835934416e-03    1.9457658565372070e-05    7.2893701589843137e-06   -1.1530886701318923e-07 
  -2.1674030591939475e-03   -7.4570914907925664e-05   -1.7739566140550534e-06    8.9156009411027855e-07   -7.4297690183510490e-07 
  -7.4502554240046542e-06    2.1633244138396157e-04    8.9567480717051894e-06    2.2922455453141641e-07   -1.1601372778111638e-07 
   5.7827561765154510e-08   -3.8852699189888731e-06    9.3831900649864438e-05    2.1131864418949337e-06   -2.3848630558782806e-07 
   4.2527078523952599e-09   -6.9493603196868301e-10   -2.4090664207602147e-07    1.0835725752452107e-05    1.2416921804406819e-06 
  -1.3323521858030298e-03   -4.5840445344695740e-05   -1.0904916656964512e-06    5.4806236206215913e-07   -4.5672487863393035e-07 
  -4.5798422480104241e-06    1.3298449493063808e-04    5.5059177020177955e-06    1.4090957146809551e-07   -7.1316289389114711e-08 
   3.5547923581005191e-08   -2.3883641979008427e-06    5.7680613395181419e-05    1.2990239922957030e-06   -1.4660298147415262e-07 
   2.6142366915490762e-09   -4.2719305818969314e-10   -1.4809081761830874e-07    6.6609682171486980e-06    7.6329655607292971e-07 
   4.0912546062423470e-03    1.6245796700562918e-05    9.8704402562376401e-06   -2.4891777441393834e-07    1.3645293163899027e-06 
   4.0912546062423470e-03    1.6245796700562918e-05    9.8704402562376401e-06   -2.4891777441393834e-07    1.3645293163899027e-06 
   4.0912546062423470e-03    1.6245796700562918e-05    9.8704402562376401e-06   -2.4891777441393834e-07    1.3645293163899027e-06 
   4.0912546062423470e-03    1.6245796700562918e-05    9.8704402562376401e-06   -2.4891777441393834e-07    1.3645293163899027e-06 
  -1.8072467039068761e-03   -6.2179500763825956e-05   -1.4791790710201790e-06    7.4340996917063162e-07   -6.1951677664411851e-07 
  -6.2122499556239139e-06    1.8038458051484500e-04    7.4684094228110027e-06    1.9113441723455380e-07   -9.6735780754294152e-08 
   4.8218382802280132e-08   -3.2396564289673510e-06    7.8239897489971441e-05    1.7620392366132464e-06   -1.9885714743838163e-07 
   3.5460373723835726e-09   -5.7945883571309531e-10   -2.0087529774138059e-07    9.0351582588615218e-06    1.0353607700465826e-06 
  -1.1105382643532434e-03    9.5262502311363847e-05   -1.3885396118630160e-03    8.0211354674747154e-05   -2.9065669714871312e-05 
   1.5411813420191618e-05    1.6246162749285236e-04    9.2932697491639092e-06   -2.5086136094295500e-04    1.3163000715011843e-06 
  -4.7620549540890634e-06   -1.1345423832679865e-04   -1.1170029741045121e-04   -7.6974813458546859e-05   -1.2049204564037639e-04 
   5.2423841940747066e-06    8.0556090148995412e-05   -6.8763129377870388e-05    5.8683990686889417e-05   -8.2616257609725811e-05 
   3.5742136959288815e-08    5.8523130581917422e-07    1.4302655671985625e-07    5.0503119716344193e-06    3.4161558824329331e-08 
   2.1194892455543319e-04   -8.1736644948601188e-03    6.2974442642281948e-04   -5.8514649521956615e-03    3.4864784083886457e-04 
   1.0223232765969063e-03    8.3491136243178134e-05   -4.5214655874703270e-04    5.2533977886386226e-05   -1.1795702994324823e-03 
  -3.7686908006016119e-04   -4.1989242032007594e-04   -7.2690442518034189e-04   -1.0152639243641800e-03   -2.5791933378939148e-04 
   2.6640703845186211e-04   -2.2426931602608771e-04    5.2571245844227081e-04   -6.6358687036832480e-04    2.1819781284636538e-04 
   1.9632005999697492e-06    7.5184719037880523e-07    2.2887539449561680e-05    8.2549801291212940e-07    4.8585367337653923e-05 
  -5.3847824856067747e-03    4.6190921145796793e-04   -6.7327565582674023e-03    3.8892914513928442e-04   -1.4093373838335965e-04 
   7.4728864047578461e-05    7.8774460492467811e-04    4.5061244430385072e-05   -1.2163775946142693e-03    6.3824811790257726e-06 
  -2.3090271569534388e-05   -5.5011737557354170e-04   -5.4161285967319398e-04   -3.7323579083141682e-04   -5.8424232450657028e-04 
   2.5419293956084773e-05    3.9060069991905637e-04   -3.3341894342119776e-04    2.8454717444635370e-04   -4.0059004834229039e-04 
   1.7330662010878503e-07    2.8376719531038896e-06    6.9350775414321874e-07    2.4487973377076747e-05    1.6564270637302594e-07 
   1.4171019982434515e-05   -3.7516772749503213e-04    2.0295343004390659e-05   -6.3513245426516927e-06    6.3339655927552135e-07 
   1.2682897396163619e-04    1.6017658316658603e-06   -5.8725410191227696e-05    6.1557322148892439e-07   -9.5205617077236857e-07 
  -1.0322679807221490e-05   -1.1773096182677125e-06   -2.2653965567758603e-05   -2.5505613958674537e-05    3.7415698559615360e-06 
   7.5214233527209374e-06    1.4534873780046230e-06    1.6130122490784080e-05   -1.7730634065974487e-05   -1.9956913466599343e-06 
   5.9290482999689432e-08    9.6678625880914515e-09    1.1268780068197914e-07    1.8621817745405604e-08    9.7584846226936206e-07 
   1.0726447052658860e-03   -2.1363198668350778e-05    1.3352959579210713e-03   -1.8990696275756824e-04    2.6839718826877096e-05 
   1.0726447052658860e-03   -2.1363198668350778e-05    1.3352959579210713e-03   -1.8990696275756824e-04    2.6839718826877096e-05 
   1.0726447052658860e-03   -2.1363198668350778e-05    1.3352959579210713e-03   -1.8990696275756824e-04    2.6839718826877096e-05 
   1.0726447052658860e-03   -2.1363198668350778e-05    1.3352959579210713e-03   -1.8990696275756824e-04    2.6839718826877096e-05 
  -2.9575770000672788e-05   -1.0175736435828269e-06   -2.4206910932374783e-08    1.2165977238672995e-08   -1.0138452961610025e-08 
  -1.0166408132162236e-07    2.9520113958109623e-06    1.2222125450964293e-07    3.1279335306692456e-09   -1.5830905632526950e-09 
   7.8909857546383838e-10   -5.3017295987983990e-08    1.2804036150887607e-06    2.8835945353545792e-08   -3.2543167697654342e-09 
   5.8031250250829464e-11   -9.4829008197163265e-12   -3.2873439979016103e-09    1.4786125325673137e-07    1.6943780800053441e-08 
  -8.7933151099831472e-05   -1.3477251584815230e-03   -6.3136521626261120e-05   -2.2627830789318980e-06    8.8971406260598559e-07 
  -8.7933151099831472e-05   -1.3477251584815230e-03   -6.3136521626261120e-05   -2.2627830789318980e-06    8.8971406260598559e-07 
  -8.7933151099831472e-05   -1.3477251584815230e-03   -6.3136521626261120e-05   -2.2627830789318980e-06    8.8971406260598559e-07 
  -8.7933151099831472e-05   -1.3477251584815230e-03   -6.3136521626261120e-05   -2.2627830789318980e-06    8.8971406260598559e-07 
  -3.0514655482745206e-04   -4.6890206164807010e-03   -2.1870705066823985e-04   -8.1030992531954894e-06    3.0879221350238444e-06 
   4.6728167258254614e-04    1.6160541005554867e-05    5.7367853615227090e-04    3.0371714581776202e-05    8.8383480876427705e-07 
  -7.3661249243273053e-06    2.4851613270997507e-04   -2.6679102453095140e-06    2.8613118445094634e-04    9.1340018051988679e-06 
  -6.5898193470337776e-09   -4.6060968671608580e-07    3.3167574605619660e-05    3.3508159703529538e-06    3.7013404474141225e-05 
2    104 5 
   8.3543783840727588e-03    6.4088375311169253e-03    4.4472219829263006e-03   -3.6276665941796910e-03    6.4848864852854564e-03 
   3.5115289563625275e-04    3.3225148846421481e-03   -1.7358946556108009e-03    1.4126193291207345e-03    4.1157595155957875e-03 
  -5.5310203175223289e-03   -3.3101811026868076e-03    4.6218063432034492e-03   -2.7329802859880079e-03   -1.5222916031536813e-03 
   3.8524296515330368e-03   -1.1531569379152208e-02    1.3974868275763302e-03   -8.5547144021758219e-03    8.8087475323342067e-03 
  -2.5501194244199665e-04    3.2618602352935005e-03    1.0609349596220979e-03    3.2023995531406954e-04   -1.8317084250646940e-03 
   4.1151436969562244e-03    1.7693065653969790e-03   -8.1932430388191105e-03    5.6193913398771842e-03   -8.1573492946529318e-04 
   1.0703420719896876e-03   -4.0628595350678254e-03   -4.8916474651945216e-03    3.6251586684342722e-03   -3.8897379415810179e-03 
   2.6561432418210525e-03    2.6784129084998749e-04   -1.2217301292831498e-03   -1.0697257279491303e-03   -3.2236746175846589e-03 
  -3.3010429983162158e-03    8.8185013542460750e-04   -1.8334667419431375e-03    1.0203709343092403e-03   -1.3885196755000536e-03 
  -3.1224163302660487e-04   -3.1912042609974945e-03   -3.9625640376925383e-03    1.0866442925901193e-02   -4.1098852771044338e-03 
  -3.1149824769927435e-04   -1.2966921199024693e-04    4.6356855190893120e-03   -2.1988863461911427e-03   -3.9452259731639878e-04 
   1.8636691049835513e-04    1.5523626205856589e-03    1.8367522527186694e-03    1.7385932922687418e-03   -4.6728985284897343e-04 
   2.4221434058771629e-03   -6.9621640780374665e-04   -1.5164880453895750e-03   -2.1839474224492347e-04    1.3293522260142989e-03 
  -2.5663953989439655e-03   -2.2636250360552647e-03   -9.1399668544812993e-04   -2.9893263349262394e-04   -1.1821113691206681e-03 
  -1.5401674825222329e-04   -8.5837846026912492e-04    2.0078559452634598e-03    3.0157394080671065e-03    2.3718167349127120e-03 
  -5.3591980806311289e-04    1.7542501158172852e-04   -1.1697175809028632e-03   -2.8251559553525603e-03    2.3387107145065694e-04 
  -1.4261156169608964e-03    7.7971141825209560e-04   -8.2253490881306819e-04    2.6901137923066932e-04    5.6336688959242797e-04 
  -1.4812310565642242e-03    1.2838440500116800e-03   -1.1749057364317697e-03    1.7899395945250086e-04   -6.9521991582206793e-05 
   1.1078202137164422e-04    1.1484619752787609e-03   -8.1325020241175745e-04   -1.1701570820798449e-03   -2.0866075978334528e-03 
  -1.6206670804362973e-03   -8.7820263540762356e-05    2.1557124112943759e-03    3.7884725482527798e-04   -4.4942688115747051e-03 
   1.3912561552253248e-03   -3.8570442284409975e-04   -8.5326892984696951e-04   -6.5202557054712699e-04   -2.3186487767758981e-04 
  -5.2317187537909322e-04   -7.6133756748868815e-04   -1.1432357188656764e-04    3.3583310667322536e-05   -9.6292989004744080e-06 
   2.8346598548194176e-04   -1.9783839789697181e-04    1.7510527309241228e-05   -8.8025979402671728e-06    2.3768055482206521e-06 
   1.0062112656985521e-05    5.8350413074843970e-06   -6.7736297279433726e-05    5.3185509772875611e-05   -1.8345006945485140e-05 
  -2.3603116074244257e-06   -2.1041705674201544e-06    3.9573703569588530e-05    4.6138030119759434e-05   -1.4321561276115351e-05 
  -8.5290876424292679e-09   -3.4212426070125027e-09    3.6350326173583371e-08   -7.5167440604736571e-07   -2.3192254343559198e-06 
  -3.3245728348878598e-03   -1.4581385267926482e-03   -2.9808312039878419e-04    9.4700634360116422e-05   -2.9520493550343344e-05 
  -1.8097533169552990e-04    3.0914938049691012e-04    4.2466933918041360e-04   -2.2901489992745427e-04    8.8360014613924289e-05 
  -2.0552579241398789e-05    5.6095865785565105e-05   -3.9226796004549757e-05    1.6664914858175905e-05   -6.6385305396032238e-06 
  -8.3419752058344532e-08    6.8600088038371989e-08    1.1635752907659150e-06   -4.2228927910742885e-07   -7.0976660831202199e-06 
   1.5449663637983400e-03    1.1676948461929458e-04    2.3422412337664745e-05   -6.7324052225104921e-06    1.9281045102056226e-06 
   1.5449663637983400e-03    1.1676948461929458e-04    2.3422412337664745e-05   -6.7324052225104921e-06    1.9281045102056226e-06 
   1.5449663637983400e-03    1.1676948461929458e-04    2.3422412337664745e-05   -6.7324052225104921e-06    1.9281045102056226e-06 
   1.5449663637983400e-03    1.1676948461929458e-04    2.3422412337664745e-05   -6.7324052225104921e-06    1.9281045102056226e-06 
  -6.1054759356377996e-04   -8.8848969448730405e-04   -1.3341692278925015e-04    3.9192109661822192e-05   -1.1237502526547211e-05 
   3.3080806411426043e-04   -2.3087968492760587e-04    2.0434986691406752e-05   -1.0272733001263274e-05    2.7737594013127072e-06 
   1.1742601156529337e-05    6.8095602923004845e-06   -7.9049037700874345e-05    6.2068101387832648e-05   -2.1408834021058256e-05 
  -2.7545107827698576e-06   -2.4555912441876020e-06    4.6182967051336612e-05    5.3843611606569202e-05   -1.6713426666661885e-05 
  -9.9535433390918454e-09   -3.9926294569939898e-09    4.2421248570478304e-08   -8.7721267398626384e-07   -2.7065627464241643e-06 
  -5.8730031035612450e-04   -8.5465945459680477e-04   -1.2833692407748451e-04    3.7699826206087472e-05   -1.0809622036090249e-05 
   3.1821217669301694e-04   -2.2208868242593825e-04    1.9656901693664182e-05   -9.8815871906589949e-06    2.6681454065447833e-06 
   1.1295488470216105e-05    6.5502786600354346e-06   -7.6039157085346380e-05    5.9704788934659094e-05   -2.0593668695897998e-05 
  -2.6496297007041357e-06   -2.3620918582303876e-06    4.4424498873376142e-05    5.1793455810139609e-05   -1.6077044233603155e-05 
  -9.5745510322466143e-09   -3.8406056201818788e-09    4.0806012035380499e-08   -8.4381181927734566e-07   -2.6035073395259962e-06 
  -4.6460349032871832e-03   -2.0377241906733281e-03   -4.1656617262837638e-04    1.3234255179594501e-04   -4.1254395740072760e-05 
  -2.5290999759966710e-04    4.3203108593248859e-04    5.9346829507937553e-04   -3.2004449030868164e-04    1.2348164180469971e-04 
  -2.8721885562580929e-05    7.8393033725982354e-05   -5.4818790994365970e-05    2.3288939643280835e-05   -9.2772353397921040e-06 
  -1.1657770755372984e-07    9.5867475078373613e-08    1.6260769975530772e-06   -5.9014220095535253e-07   -9.9188695786736982e-06 
  -1.7845057141600423e-03   -7.8267394409067164e-04   -1.5999981292761441e-04    5.0831740359783356e-05   -1.5845491147794118e-05 
  -9.7140754488410992e-05    1.6593976532458245e-04    2.2794653630188227e-04   -1.2292658872131986e-04    4.7428334048554952e-05 
  -1.1031851885489018e-05    3.0110151892182051e-05   -2.1055469407596998e-05    8.9450997969814679e-06   -3.5633136255074685e-06 
  -4.4776586832380533e-08    3.6821948315199416e-08    6.2456347276784709e-07   -2.2666900953040799e-07   -3.8097603245787171e-06 
   2.1623053179702766e-03    1.6342833312447835e-04    3.2781559485159011e-05   -9.4225453423952031e-06    2.6985381259499578e-06 
   2.1623053179702766e-03    1.6342833312447835e-04    3.2781559485159011e-05   -9.4225453423952031e-06    2.6985381259499578e-06 
   2.1623053179702766e-03    1.6342833312447835e-04    3.2781559485159011e-05   -9.4225453423952031e-06    2.6985381259499578e-06 
   2.1623053179702766e-03    1.6342833312447835e-04    3.2781559485159011e-05   -9.4225453423952031e-06    2.6985381259499578e-06 
  -6.0771992165707472e-04    1.1672940714863105e-03    2.0698706204513894e-04   -4.9246239361994319e-05    1.3756030816482980e-05 
  -6.0771992165707472e-04    1.1672940714863105e-03    2.0698706204513894e-04   -4.9246239361994319e-05    1.3756030816482980e-05 
  -6.0771992165707472e-04    1.1672940714863105e-03    2.0698706204513894e-04   -4.9246239361994319e-05    1.3756030816482980e-05 
  -6.0771992165707472e-04    1.1672940714863105e-03    2.0698706204513894e-04   -4.9246239361994319e-05    1.3756030816482980e-05 
  -3.7320953088021106e-03   -1.6368755403158499e-03   -3.3462182076420704e-04    1.0630893374543739e-04   -3.3139083113658292e-05 
  -2.0315908839235139e-04    3.4704457082845489e-04    4.7672483872676944e-04   -2.5708729395121425e-04    9.9191087819086997e-05 
  -2.3071891752732600e-05    6.2972035187360248e-05   -4.4035173424875685e-05    1.8707681754213327e-05   -7.4522742964746727e-06 
  -9.3645253324367065e-08    7.7009011222356232e-08    1.3062050674705706e-06   -4.7405303351322746e-07   -7.9676901688785890e-06 
   1.8029960519643272e-03    1.3627152324591183e-04    2.7334263037588248e-05   -7.8568053783175041e-06    2.2501233043861336e-06 
   1.8029960519643272e-03    1.3627152324591183e-04    2.7334263037588248e-05   -7.8568053783175041e-06    2.2501233043861336e-06 
   1.8029960519643272e-03    1.3627152324591183e-04    2.7334263037588248e-05   -7.8568053783175041e-06    2.2501233043861336e-06 
   1.8029960519643272e-03    1.3627152324591183e-04    2.7334263037588248e-05   -7.8568053783175041e-06    2.2501233043861336e-06 
  -4.8758154624239567e-04   -1.7337853838604624e-04   -8.1143614881939725e-04    2.0722485378769996e-04   -6.4628247568759023e-05 
  -2.6881990992874054e-04    3.7008892828077622e-04   -1.9061286659509435e-04   -9.9284575236749096e-07    8.9675322314742443e-06 
  -4.1740474265371172e-06   -7.2075978593794476e-05   -1.3140246623790088e-05    6.3202949342576063e-05   -6.4266623163557185e-05 
   1.4040403908946129e-06    3.6349021435971800e-05   -8.8349823819146504e-05   -6.7228367588249065e-05   -4.5945584144598220e-05 
   7.6793357002898391e-09    6.7580358922262458e-08    6.2628176586144454e-07    3.7364395419736772e-06    3.0214457011564047e-06 
  -1.2482984030982958e-05   -1.8165664372271969e-05   -2.7277829512354269e-06    8.0130440969128504e-07   -2.2975696909755419e-07 
   6.7635542670062453e-06   -4.7204631553897192e-06    4.1780463182766142e-07   -2.1003172129598325e-07    5.6711048700183513e-08 
   2.4008399060841629e-07    1.3922523531807650e-07   -1.6162013996727072e-06    1.2690167427165664e-06   -4.3771548037215779e-07 
  -5.6317500022861976e-08   -5.0205924338989761e-08    9.4423636467092822e-07    1.1008624895759893e-06   -3.4171527393163081e-07 
  -2.0350571169780676e-10   -8.1631522716142982e-11    8.6732594487627154e-10   -1.7935099436277591e-08   -5.5337175837933783e-08 
  -2.5125963675602978e-04   -3.6564159821724906e-04   -5.4905281603787710e-05    1.6128792155010328e-05   -4.6245875548934793e-06 
   1.3613797663200781e-04   -9.5014289435892851e-05    8.4096430603010743e-06   -4.2275543947737421e-06    1.1414896839645793e-06 
   4.8324516094457147e-06    2.8023493394261823e-06   -3.2531178089985471e-05    2.5542985957595339e-05   -8.8104120239060488e-06 
  -1.1335682689035492e-06   -1.0105534286597937e-06    1.9005750981511879e-05    2.2158348401525671e-05   -6.8781034557878768e-06 
  -4.0961977578482782e-09   -1.6430932455406329e-09    1.7457684902728515e-08   -3.6100074776652059e-07   -1.1138361361060666e-06 
  -1.9873141490854150e-03   -7.0666665942899633e-04   -3.3073001881545605e-03    8.4461950446689047e-04   -2.6341569284933332e-04 
  -1.0956723335293469e-03    1.5084306804888938e-03   -7.7691136939346290e-04   -4.0467003452964281e-06    3.6550406436277660e-05 
  -1.7012833183778741e-05   -2.9377160225300307e-04   -5.3557806359118687e-05    2.5760637673926133e-04   -2.6194176238036730e-04 
   5.7226721483120499e-06    1.4815352459874280e-04   -3.6010151798834990e-04   -2.7401341818138257e-04   -1.8726777123177185e-04 
   3.1299897648660795e-08    2.7544808560026089e-07    2.5526368341920384e-06    1.5229204686255751e-05    1.2314989849136591e-05 
  -6.4647870340320572e-05   -2.8354184161375673e-05   -5.7963653904513637e-06    1.8414980315705489e-06   -5.7403977419229532e-07 
  -3.5191497853419002e-06    6.0115539826423478e-06    8.2578934919833209e-06   -4.4533016095016455e-06    1.7182017214619052e-06 
  -3.9965449516221243e-07    1.0908102899347554e-06   -7.6278335531002920e-07    3.2405704687176073e-07   -1.2908932452039471e-07 
  -1.6221360104662753e-09    1.3339607273151646e-09    2.2626264565255945e-08   -8.2116121130988415e-09   -1.3801742944095379e-07 
  -4.0525059148369098e-04    4.6146655071143994e-04   -3.5231817439064560e-04    1.3415122159262169e-05    6.4513440001474929e-06 
  -4.0525059148369098e-04    4.6146655071143994e-04   -3.5231817439064560e-04    1.3415122159262169e-05    6.4513440001474929e-06 
  -4.0525059148369098e-04    4.6146655071143994e-04   -3.5231817439064560e-04    1.3415122159262169e-05    6.4513440001474929e-06 
  -4.0525059148369098e-04    4.6146655071143994e-04   -3.5231817439064560e-04    1.3415122159262169e-05    6.4513440001474929e-06 
  -1.7123626864141812e-04   -3.1444302946846150e-03   -2.2125278625753915e-03    6.6053461667773964e-04   -2.1793089376298126e-04 
   4.7343750199588865e-04    2.0084407186513907e-04    4.0142988486106888e-04   -6.2090669990608281e-04    3.7469272141692211e-04 
   6.8151553558388559e-05   -1.1790961303390067e-04    8.3253038637667349e-05    4.9164071774189266e-05   -2.6577119380983966e-05 
   2.1883401783550549e-07    1.3563717439631780e-06   -1.3513671274138685e-06    1.1094639954774356e-05    8.8168659026247711e-06 
   5.8102722022996140e-05    1.0868460960199472e-03    7.6413380971636499e-04   -2.2695092293751221e-04    7.4479780315203311e-05 
   5.8102722022996140e-05    1.0868460960199472e-03    7.6413380971636499e-04   -2.2695092293751221e-04    7.4479780315203311e-05 
   5.8102722022996140e-05    1.0868460960199472e-03    7.6413380971636499e-04   -2.2695092293751221e-04    7.4479780315203311e-05 
   5.8102722022996140e-05    1.0868460960199472e-03    7.6413380971636499e-04   -2.2695092293751221e-04    7.4479780315203311e-05 
 TENSORSUMACCUMULATOR_IMPL_H - PrettifyOut: Norm of simple tensor is 3.62929e-07 
 As simple full tensor 3    5 5 5 
  -4.7387270584810068e-09    1.8636401510852916e-09    1.8857958489754975e-08   -4.4573604356189941e-09    4.0524059960616285e-09 
   8.7950659337702090e-10   -3.0409801451039138e-09    1.8857664772495783e-08   -2.8549828021237582e-09   -2.8120077032795294e-08 
  -9.7442414542172905e-09   -2.2009924788786964e-08    2.0208189278058108e-08   -7.1220757222271522e-09   -8.3973196976416452e-09 
  -5.3258057008113741e-10   -6.1810572825478086e-09   -7.7514036162239076e-09    2.6565232441364045e-09    1.6584876957364299e-10 
  -1.9336431540961667e-09   -4.0007613315989452e-09   -6.6291700710204028e-10    1.2701258795932586e-09   -4.6782634740187088e-10 

  -1.7428082575366441e-08   -8.9817189231529111e-08   -8.9810071517899318e-08    3.0433664434372004e-09    2.9827351720051216e-08 
  -9.3485391869160580e-08    1.3136535065796250e-07    1.0299865745849836e-07   -1.9209907350338291e-08   -3.4074427978411620e-08 
   3.7110994411780555e-09   -2.6209337219962130e-08   -3.0078500849849233e-08    1.3266385134009099e-08    3.6555587995580294e-10 
  -3.2211757844823197e-09   -1.7650141127967314e-08   -1.8941361022664279e-08    1.5219309230385197e-08   -4.5938837273041451e-08 
   5.1652314251919092e-09    9.1540103656676044e-09    3.6378232106308061e-09   -1.0446082100835220e-08    1.5183339296211988e-08 

  -1.5510072200532413e-09   -4.8127444378181767e-09    5.8565821871065786e-09    8.5191575985651103e-09   -4.8118998130722469e-09 
  -7.2045045886972783e-09   -9.1755597743642294e-09   -1.7802457542741191e-08    9.5608781660968425e-09   -4.7772568937626036e-09 
  -4.6849124381196669e-09   -3.5356749890461228e-09   -1.2869957318855890e-09    1.5000089071008130e-09   -1.4006059561137899e-09 
   2.1528163460405061e-09    9.1791318664765208e-10    2.7368146899499459e-10   -1.6000051264571309e-10    1.2753122689770499e-10 
  -1.0590709331673199e-10   -4.7378707760732566e-11    9.3114724247510613e-11   -1.2137050092326922e-10   -5.6810030652296265e-11 

   1.1877208589429531e-07    1.1296401892552933e-07    4.7098857854194473e-08   -3.5052046726642133e-08    6.0206240590117254e-08 
  -1.1628286072372760e-07   -1.2636088306098260e-08   -3.5236325502702063e-08    5.3475433056106724e-08   -8.5774867931250144e-08 
   3.3540559423184421e-08    3.3089306252548271e-08    2.7507399913493294e-08   -9.7609574140034897e-09    7.0060031027792091e-08 
   1.0061682863768799e-09   -2.7291700489141249e-09   -5.9804101107285727e-09    5.1935042564986113e-09   -1.4098072159094171e-08 
   2.4891508284268741e-09    2.3202906016072144e-11    8.5150730496779828e-11   -1.9755505935569381e-09    2.8230131921420790e-09 

  -5.2040230678415063e-10   -2.8854671974674516e-09   -2.1115618497591546e-09    2.6018452912059565e-09   -2.7618358606976199e-09 
   1.1515685983742100e-09    2.9749825401360722e-09    1.2571806356232848e-09   -3.6392058089506688e-10    4.2964417782044181e-11 
  -1.3651738418163204e-09   -1.1212375167543352e-09   -6.5192770174499740e-10    1.8083928815858412e-10   -5.4830130625974549e-10 
   3.7279921225282448e-10    1.7466645764143027e-10    1.9793913381358967e-10   -4.4544895484583125e-11    9.3761590295738144e-11 
  -1.3580349540559302e-11   -8.3438106446983190e-11    2.6327573775313085e-11   -7.9694743504887422e-11   -1.4025785536310300e-10 
