2    103 5 
  -3.0738155287629745e-03    2.9983628203574154e-04   -2.5409215425531157e-05    7.2522064128778799e-08   -5.8093465150328266e-07 
   3.6602820449433064e-03    1.9415615650103901e-03    2.8759064463173970e-04   -2.1603992857916919e-04    6.9534996229919728e-05 
  -5.4810924236938137e-04    1.0693264852825249e-03   -1.6308684972287936e-04   -5.7848278488803821e-05    1.5450695317895847e-05 
   4.7984349830148973e-04    3.1137943619105244e-04    3.6056823351631945e-05   -3.2729747812387410e-05    1.0826164117109989e-05 
  -1.8385205816933789e-04   -1.2421942132144839e-03   -7.5440830369172100e-05    8.3702271386848913e-05   -2.9875188213641579e-05 
  -9.2413932590716929e-05    1.5510122252759418e-03   -5.4273869532701468e-04    2.6801280274888812e-04   -5.5101308059638955e-05 
  -2.3201627982305807e-04    1.3371373174429225e-05   -1.7329442913698042e-04   -1.0291158752601932e-05   -4.1480136683954796e-06 
   2.0424808074165888e-04   -4.9690888966860876e-04   -4.1701035248408786e-04   -3.1485993737395235e-04    1.3100672794228745e-04 
  -6.4971781695910121e-05   -4.4750622585834610e-04    1.3501360204814059e-03    4.2841396691159500e-04   -5.8301459742707821e-05 
  -8.7979768412248320e-05    7.3722413961537246e-05   -4.9410452828413211e-05   -1.8898209433976571e-04    5.1693706234669766e-05 
   5.8255654507852603e-05   -1.5009224386812715e-06   -2.7114840646770478e-05    4.8979638053258008e-04   -2.1934228166028085e-04 
  -1.9752447089322510e-04    1.4387620248661260e-04   -1.5598859896413128e-04   -3.2948841705011811e-05    3.2970828687373596e-05 
   9.0010398838996566e-05   -6.0486443066897722e-05    1.3124405176504449e-04    2.8422668230796211e-05   -5.7799876851070180e-05 
   1.6757511035485884e-04   -4.3289301350524283e-04   -2.8411039910196390e-04    3.2132207647951041e-04   -1.2132957216308548e-05 
  -8.6663236675643754e-06    1.3074474010651857e-04    1.8472306771565936e-04   -2.5274860477076066e-05    9.1280800335254348e-05 
   3.1732250874540397e-04    2.5254154611495199e-04    1.6039502371132020e-04    2.7870785744228400e-04   -4.8159969608765400e-05 
  -4.0851904596817313e-05    7.5953475799165227e-05    3.5292495081990806e-04    1.0799431379938423e-04   -4.6425235351325847e-06 
   5.5591672850340145e-05    1.0286280807593129e-04   -6.4598806050583817e-05    3.8965725170818355e-04    3.6740881503840629e-04 
   9.4121806372137590e-05    2.8106437301759796e-04    1.5319339306470419e-04    2.0770681528397937e-04   -6.3619161833648846e-05 
  -5.0189736391477508e-06   -1.0647690040911662e-05   -8.4351461957535165e-05    1.0405352015317181e-04   -1.1879312849525110e-04 
  -1.2160347370686446e-04   -1.2287058712308762e-06    2.8468845963168605e-05    1.5114315119281203e-04   -2.9900691432655036e-05 
  -1.1241282174145554e-03    5.2338191690759093e-04   -7.0808123022552476e-05    1.2951890517291061e-05   -1.9761247537907556e-06 
  -3.1129349255445781e-04    4.5516771408361220e-04   -4.7582368973003870e-05    3.9685216338101449e-06    3.8286085833628025e-07 
   5.7353200721542571e-04    1.6480757396053735e-04   -7.5412677682977372e-06   -1.0738741300275351e-05    4.6616395210102610e-06 
   3.5618411531054660e-04    2.6021735022202492e-04   -8.8515864890464195e-05    8.3649571705945875e-05   -2.5287555807566330e-05 
   7.9260157491963207e-05   -1.5568745516223473e-04    8.9176141790949358e-05   -1.0396627358692742e-04    3.1104405275754910e-05 
   2.5534141659404384e-03   -1.1888419667131828e-03    1.6083793786911279e-04   -2.9419722955290360e-05    4.4886916472928157e-06 
   1.8195570407920133e-03   -2.6605233925895717e-03    2.7812606608615983e-04   -2.3196602733580873e-05   -2.2378790019440645e-06 
  -8.5769078457773843e-04   -2.4646216015189655e-04    1.1277619710023627e-05    1.6059294573512697e-05   -6.9712678767587819e-06 
   5.7371154412478448e-04    4.1913631570508525e-04   -1.4257394236004368e-04    1.3473572482858588e-04   -4.0731077175779290e-05 
  -1.1914752116428357e-04    2.3403655690233406e-04   -1.3405368570537667e-04    1.5628689337169403e-04   -4.6757575346367980e-05 
  -8.0299593761415182e-05    2.4195209924964957e-04   -3.6774329253235371e-05    6.0968127284968071e-06   -1.0117133541249119e-06 
  -3.0158336216738724e-05    1.1107226035295302e-04   -1.7998846721380973e-05    2.8073059565469476e-06   -4.4817325285591029e-07 
  -6.7095982243645558e-05    5.0718551500629471e-05   -4.7662241896818926e-06    1.1568773318790958e-06   -2.1035585190962042e-07 
  -1.4344076061986117e-04   -3.1199199298611032e-05    6.1715236740586031e-06   -1.2709299726997393e-06    3.1360663858236426e-07 
   1.6212305284825536e-04   -4.8892491118777216e-05    7.4106559538234802e-06   -6.9585902782806418e-07   -5.0599613137658149e-08 
   3.1094756869109433e-04    1.0962817326687143e-04   -1.8967087487320157e-05    3.7426553580825017e-06   -8.1166626251623504e-07 
  -3.1245033608059524e-04    1.7105864854645317e-04   -2.3233799824067473e-05    3.7342891775965772e-06   -4.4669192060601842e-07 
  -4.8788239641278617e-05   -9.8832947866703819e-05    5.7537355363948264e-06    8.0802292364040823e-07   -1.1640195759077690e-06 
   2.8715440346145857e-05    1.7535869124481413e-05   -4.3190294492502121e-07   -4.2326435032728543e-07    2.4744911067692921e-07 
  -1.0021729744393657e-04   -2.3791580540284164e-04    1.6951189806364738e-05    6.7509101631759090e-07   -1.4664188023225708e-06 
   9.3624106168198050e-05    2.6736622390150200e-04   -1.8015567648728857e-05   -3.4096917121365283e-06    2.0433837420320961e-06 
   2.1329786349789590e-04    6.4416565401461605e-04   -4.4103406380654070e-05   -8.5035937942940572e-06    4.8503991761135276e-06 
  -2.4768571993166619e-04   -1.3826365800810096e-04    7.6692182772833608e-06    1.7789627671655903e-06   -1.0042535808743197e-06 
  -3.0390684020151371e-05    7.0822729074180281e-05    2.4537523867297292e-05   -2.1555189291680735e-05    6.6665609928757904e-06 
  -6.0951596447742222e-05    1.1557851842146344e-04   -8.8813972561560324e-06    3.6543835227922268e-06   -5.9020133388222414e-07 
  -1.0005472834660059e-05    1.4249471591444769e-05   -3.0339080714222633e-06   -1.0855018709658517e-07   -2.7013939434687882e-09 
   1.9462889637544030e-05   -3.4133872004474637e-05   -1.7938581726921417e-06    5.3013305417705892e-06   -1.5823103503387125e-06 
  -1.5204707578595086e-04    2.7601998797807323e-04   -3.2112309994320375e-05    1.2049765541879948e-05   -2.6348940522845527e-06 
  -8.8315183030367129e-04   -2.1027763287296865e-03    1.5224920975526665e-04    3.1277943382706940e-05   -1.6961519883073910e-05 
  -8.8315183030367129e-04   -2.1027763287296865e-03    1.5224920975526665e-04    3.1277943382706940e-05   -1.6961519883073910e-05 
  -8.8315183030367129e-04   -2.1027763287296865e-03    1.5224920975526665e-04    3.1277943382706940e-05   -1.6961519883073910e-05 
  -8.8315183030367129e-04   -2.1027763287296865e-03    1.5224920975526665e-04    3.1277943382706940e-05   -1.6961519883073910e-05 
  -8.8315183030367129e-04   -2.1027763287296865e-03    1.5224920975526665e-04    3.1277943382706940e-05   -1.6961519883073910e-05 
   9.7047612961927545e-04   -5.1798344266529750e-04    7.9301270741586490e-05   -2.8484955823587966e-05    7.4782202776106400e-06 
   9.7047612961927545e-04   -5.1798344266529750e-04    7.9301270741586490e-05   -2.8484955823587966e-05    7.4782202776106400e-06 
   9.7047612961927545e-04   -5.1798344266529750e-04    7.9301270741586490e-05   -2.8484955823587966e-05    7.4782202776106400e-06 
   9.7047612961927545e-04   -5.1798344266529750e-04    7.9301270741586490e-05   -2.8484955823587966e-05    7.4782202776106400e-06 
   9.7047612961927545e-04   -5.1798344266529750e-04    7.9301270741586490e-05   -2.8484955823587966e-05    7.4782202776106400e-06 
   8.3584138846108300e-04    9.8303793434296994e-04   -1.4505125042046674e-04    2.2307931529565939e-05   -3.1584289553722670e-06 
  -5.2315425397081710e-04    4.3690378189350690e-04   -5.0818590054495729e-05    1.7703140279808524e-05   -4.6751996147244938e-06 
   5.3828835131630729e-07   -5.4915013976532989e-07    6.5188813674761700e-06    4.4389081857360291e-05   -1.4328335917212175e-05 
  -4.7941302070780024e-07   -4.7616521406422764e-06   -3.4267959386509170e-05    4.9719931689508061e-06   -2.3013885438309143e-08 
   1.1514844515597899e-03   -3.2244949905490416e-04    4.8592694167307977e-05   -9.7848015073882252e-06    2.0809693812909862e-06 
   3.5220875336515204e-05    1.1748805178089473e-04   -5.1208255264751897e-05    1.7772908322360105e-05   -4.8416914071601354e-06 
   2.4924610932187705e-06    1.3591994309283554e-05    2.8777773000996623e-05   -1.1003639209061827e-05    3.1925570423888491e-06 
   3.7082089924925167e-04    4.3612462345319676e-04   -6.4351964213184279e-05    9.8969102803283041e-06   -1.4012365044549963e-06 
  -2.3209730169106396e-04    1.9383229345156137e-04   -2.2545659407083300e-05    7.8539953736687924e-06   -2.0741515665954742e-06 
   2.3881154157491687e-07   -2.4363037229534513e-07    2.8921006834052661e-06    1.9693209116506181e-05   -6.3567639541618080e-06 
  -2.1269151050055222e-07   -2.1125062159892141e-06   -1.5202974739667151e-05    2.2058239797936474e-06   -1.0210106619828387e-08 
   6.1702980601135689e-04   -1.7278648581037817e-04    2.6038684773388265e-05   -5.2432442034150178e-06    1.1150998451730974e-06 
   1.8873315959240051e-05    6.2956672754737198e-05   -2.7440248775733695e-05    9.5237188479171269e-06   -2.5944491961485686e-06 
   1.3356001314271999e-06    7.2833511565042852e-06    1.5420741173005587e-05   -5.8963656499132822e-06    1.7107507182376378e-06 
  -2.9007229845587909e-03    1.4045639288246703e-03   -1.7243816177024042e-04    1.6033946339234058e-05   -6.6057438828397365e-07 
  -2.9007229845587909e-03    1.4045639288246703e-03   -1.7243816177024042e-04    1.6033946339234058e-05   -6.6057438828397365e-07 
  -2.9007229845587909e-03    1.4045639288246703e-03   -1.7243816177024042e-04    1.6033946339234058e-05   -6.6057438828397365e-07 
  -2.9007229845587909e-03    1.4045639288246703e-03   -1.7243816177024042e-04    1.6033946339234058e-05   -6.6057438828397365e-07 
  -2.9007229845587909e-03    1.4045639288246703e-03   -1.7243816177024042e-04    1.6033946339234058e-05   -6.6057438828397365e-07 
   2.4743417163914957e-03    1.5298821967365127e-03   -9.0705942254655167e-05   -1.4459966620659297e-05    9.4428040578631887e-06 
   2.4743417163914957e-03    1.5298821967365127e-03   -9.0705942254655167e-05   -1.4459966620659297e-05    9.4428040578631887e-06 
   2.4743417163914957e-03    1.5298821967365127e-03   -9.0705942254655167e-05   -1.4459966620659297e-05    9.4428040578631887e-06 
   2.4743417163914957e-03    1.5298821967365127e-03   -9.0705942254655167e-05   -1.4459966620659297e-05    9.4428040578631887e-06 
   2.4743417163914957e-03    1.5298821967365127e-03   -9.0705942254655167e-05   -1.4459966620659297e-05    9.4428040578631887e-06 
   6.3547263861398503e-04   -2.9586917451913594e-04    4.0028018223699876e-05   -7.3217377827169471e-06    1.1171085220243338e-06 
   3.6508435173212921e-04   -5.3381973539501490e-04    5.5804502008178357e-05   -4.6542738048436566e-06   -4.4901840742737288e-07 
   2.6136946532771593e-04    7.5105952145830109e-05   -3.4366994338517607e-06   -4.8938490557360803e-06    2.1243979652897590e-06 
   1.8618557239681040e-04    1.3602155238289602e-04   -4.6269264300180964e-05    4.3725541705420394e-05   -1.3218382993983605e-05 
  -5.0587200256273846e-05    9.9366349006816052e-05   -5.6916002763659021e-05    6.6355693304971522e-05   -1.9852153065636567e-05 
   2.9535289347462326e-03   -1.3751310674015849e-03    1.8604091323601687e-04   -3.4029733272300995e-05    5.1920604327618937e-06 
   1.6968271030767625e-03   -2.4810698976222710e-03    2.5936633830489486e-04   -2.1631981485181536e-05   -2.0869330605058607e-06 
   1.2147844479791778e-03    3.4907498664017749e-04   -1.5972979167200591e-05   -2.2745471496495282e-05    9.8737073449526219e-06 
   8.6534721070863612e-04    6.3219652003934841e-04   -2.1504877251374066e-04    2.0322614187777898e-04   -6.1435967925289897e-05 
  -2.3511753395171077e-04    4.6183166528118258e-04   -2.6453233514382187e-04    3.0840581994031301e-04   -9.2268187382943531e-05 
  -1.2550321598584356e-03    5.8432937402650863e-04   -7.9053679283049016e-05    1.4460129083452468e-05   -2.2062430952973059e-06 
  -7.2102648429402789e-04    1.0542718832853304e-03   -1.1021158178879801e-04    9.1919981300937225e-06    8.8679277036833392e-07 
  -5.1619387627253367e-04   -1.4833114694819068e-04    6.7873391412391756e-06    9.6651493348913663e-06   -4.1955980553177461e-06 
  -3.6770879949968896e-04   -2.6863693619718726e-04    9.1379881966862980e-05   -8.6356135123653421e-05    2.6105759321059414e-05 
   9.9907626766269667e-05   -1.9624442664167131e-04    1.1240674977726990e-04   -1.3104974789957796e-04    3.9207180649268967e-05 
  -2.9241179761496741e-03    1.3614376437779345e-03   -1.8418833561875355e-04    3.3690868443671994e-05   -5.1403583916468260e-06 
  -1.6799302611034174e-03    2.4563636409217905e-03   -2.5678359311913227e-04    2.1416572282875260e-05    2.0661515807261138e-06 
  -1.2026877406529201e-03   -3.4559893131585388e-04    1.5813921768634561e-05    2.2518974267173200e-05   -9.7753859117339929e-06 
  -8.5673016596382612e-04   -6.2590116756894396e-04    2.1290733740869205e-04   -2.0120243539764618e-04    6.0824194433676732e-05 
   2.3277625604004783e-04   -4.5723278973729641e-04    2.6189814745571836e-04   -3.0533474428755947e-04    9.1349389599392308e-05 
2    103 5 
   9.1269129956267167e-02   -1.6695325032684090e-03    1.9452087208273758e-03   -1.3769551508966301e-03   -6.3975124252450610e-05 
   1.0513818290521836e-03    3.0203301830895351e-02   -8.1999158699260239e-03    1.4067791212174804e-03    5.2353089768636223e-03 
  -6.4075990468506726e-03   -2.8017712591868825e-02   -1.7196021520532418e-02    6.5887610378816217e-03   -2.2985572944987844e-03 
   2.5313596280170455e-04    3.8671248511546914e-02   -4.5578341838744138e-02    2.4349662057536730e-02    2.8312666455241678e-03 
  -1.3313332492791425e-02    1.5079688697759620e-02   -2.8465375302446312e-02    1.0739797599759852e-02    4.7349606968994330e-03 
  -1.3668376078258488e-02    1.3887355039093436e-02    7.3632129578186283e-03   -6.4897582556832194e-03    3.2111122574372407e-03 
   2.8929758460011028e-03   -3.6724667932253692e-03   -2.1313186524367514e-03   -4.9766098371616082e-03    1.1694819763214851e-02 
  -1.4398579753905857e-03   -5.4297941955093226e-04    1.3273608439432650e-03    2.1330711120809906e-03   -1.0169951859002727e-03 
  -9.0634862891156721e-04   -1.1377314881286320e-03   -2.8723290915180573e-03   -1.4772589055085021e-03    2.6616579145078189e-03 
  -4.7317709348471465e-03    4.3527471453196276e-03   -8.5535516703074410e-03    2.7603944098773710e-03    2.1596515929493808e-03 
  -5.5518837005123804e-03    6.3968449294504910e-03    5.8890748455385456e-04    9.2240209491970867e-03   -6.7523029501788834e-03 
   3.1017888162830757e-03   -7.5643668649742245e-03    2.5055142381431427e-03    7.0460533693243862e-03   -7.6041077846733572e-04 
   2.7997205053753382e-04   -7.9672893120449222e-04   -1.7294153646957534e-03   -6.2336545049454187e-03    1.2718196721796455e-03 
  -2.2605935990643406e-03    1.4987581531064351e-03    6.1483253982171819e-04   -2.0238887205280701e-03    7.3432729075835392e-04 
   2.0744482033732449e-03   -2.3746655002940100e-03   -1.3333441381442532e-03    1.9167200005564219e-03   -4.0115278756685351e-03 
   7.7590934302315998e-04    2.6120422056772541e-03    1.0433419628922346e-03   -8.8251907173732529e-05    4.7439819692437552e-04 
   5.6983503153971765e-04   -3.5660748486210359e-04   -1.4321736232055194e-03   -9.0023149571232105e-04   -1.3278127630598517e-03 
  -3.5026964936192892e-04    1.0894879845850750e-03    1.3769513394095931e-04   -9.3709843313370320e-04    1.7991958162939261e-04 
  -5.4936475579629277e-05    3.6207810125237985e-05    5.0376469238091548e-04    5.1558943387543937e-04    1.3285704862030857e-03 
   2.4567164398536668e-03    7.6532647501477468e-04   -6.2081390381725976e-04    5.6741664179605245e-04   -5.7856938083306097e-04 
  -2.5598097372424143e-04    6.8135458550529996e-04   -7.9196298797973449e-04   -2.1492070352853269e-03   -2.7262542322834555e-03 
  -1.3241326782483076e-03   -2.8626007954519664e-04   -2.1738805401480925e-05    9.1070415293611990e-06   -3.8581805957654558e-06 
  -1.3241326782483076e-03   -2.8626007954519664e-04   -2.1738805401480925e-05    9.1070415293611990e-06   -3.8581805957654558e-06 
  -1.3241326782483076e-03   -2.8626007954519664e-04   -2.1738805401480925e-05    9.1070415293611990e-06   -3.8581805957654558e-06 
  -1.3241326782483076e-03   -2.8626007954519664e-04   -2.1738805401480925e-05    9.1070415293611990e-06   -3.8581805957654558e-06 
  -1.3241326782483076e-03   -2.8626007954519664e-04   -2.1738805401480925e-05    9.1070415293611990e-06   -3.8581805957654558e-06 
   2.7159899254135429e-03    7.6292826435932367e-04    2.8442364516444264e-05   -4.2969965458837190e-06    2.3138529954232385e-05 
  -2.7881283134375827e-03   -1.5610028327734380e-03   -4.7219731375210160e-04    1.6993663757103162e-04   -6.9510044647066945e-05 
  -4.4105111044332357e-04    6.5600892990914949e-04   -3.7787015759844443e-04   -1.0835621072132264e-04    1.3194711065974354e-04 
  -5.0433176163206743e-04    2.4380920839267900e-04    4.6643150640482764e-04    5.3655326038603485e-05   -1.0358355164113308e-04 
   1.4676845170990654e-04   -2.0477748168368887e-04   -1.4390576910583585e-04   -1.3056448327811336e-04    1.1099885680436411e-04 
  -4.5497211611672667e-03   -3.1436833222689381e-03   -2.0460551350189472e-03    6.9754078002518688e-04   -1.8593492587208000e-04 
   1.4786327398041120e-03   -1.6523686364017336e-03   -1.4886880635781904e-03    5.8753115727392703e-04   -1.6760455311704933e-04 
   5.0131534310615905e-04   -7.4580593426147427e-04   -5.7903808658414646e-04    1.9909742813409233e-04   -5.2185642295904081e-05 
  -3.4291052328769543e-03   -3.8266093194149701e-04    1.5425463393931526e-04   -6.7339542331036172e-05   -7.1491989816161780e-06 
   2.0692859714717071e-05   -2.2623702554259978e-04   -2.9722699461934571e-05   -1.3190548894219726e-05    1.0513337193899031e-05 
  -1.1464644500337191e-03   -6.2584121109480930e-04   -1.0669400678673677e-04    7.7484048143547260e-05   -5.0534511669242201e-05 
  -7.1114888347936760e-03   -1.1365313725094923e-03   -9.6004257678430921e-06    1.9169790033312020e-05   -1.2946757961074838e-05 
   6.4249651078227181e-03    1.0732355114402849e-03    2.2617240271036635e-05   -1.9963306622732269e-05    1.2420460792791618e-05 
   1.8015189085225782e-02    5.9700961067204548e-03    8.0134580674923867e-04   -2.4639882591891355e-04    7.9215620439284984e-05 
  -1.4213054316542659e-02   -2.7241513057331230e-03   -1.3488662857139187e-04    6.6865516523807969e-05   -3.2911710235813802e-05 
   3.7427723753378200e-03    7.9299299254976142e-04    5.4544705094785806e-05   -2.2567283362159409e-05    9.8890071446352368e-06 
  -5.5075551293778001e-03   -1.1578056939757751e-03   -7.7947306401824964e-05    3.2654914452849627e-05   -1.4428165306659896e-05 
   9.0074475261851406e-03    1.5675380853753991e-03    9.9560248509332028e-04    4.3730100423124931e-05   -1.3194788413606063e-04 
   9.0799320834076636e-04   -5.6194766300577932e-03    1.6015586992425696e-03    7.1502576031536646e-05   -3.3480586032784101e-04 
   1.1769923343973741e-03   -4.4951447877900541e-03   -2.4130330738245899e-03    1.2468617787082452e-03   -4.9668902297486802e-04 
  -1.4869953469594840e-02    6.1337330593277138e-02    1.8040949084486856e-02   -6.9415136314608843e-03    2.1926806021735096e-03 
   1.4380219110683292e-02   -9.3463548373665245e-02   -4.8843205907122085e-03    1.1575553312961161e-02   -7.5662908626058295e-03 
  -2.0782383397670691e-03    9.0774346064482064e-03    4.8328420401909404e-03   -2.2544736984423932e-03    8.3210052481088399e-04 
  -2.2631495752027221e-03   -3.1010772331651801e-04    1.3161693468169876e-05    1.2784321622847520e-06   -2.7617495089402572e-06 
   6.6193726255776717e-05   -4.9156950773430205e-04   -2.0109579045705968e-04    1.8164175862756369e-05    3.4970417547779131e-06 
  -2.2043631369162814e-06    1.4574783114947512e-05   -3.5907086602946819e-05    4.7597403844712386e-06    9.1884701223559646e-07 
  -1.3598235409979801e-08    2.7601761376756600e-08   -2.5238325736373299e-07   -3.0434586177712941e-06    5.4323083290150625e-06 
   1.0480693943668148e-08   -5.8232209281068487e-08    5.0925823354291312e-07    3.6279600462964352e-06    2.0565519616162483e-06 
  -1.0922499805655578e-03   -1.4966538600761980e-04    6.3521472872736016e-06    6.1700186311584135e-07   -1.3328862044819682e-06 
   3.1946671580448976e-05   -2.3724317259115222e-04   -9.7053626337916272e-05    8.7664646431104137e-06    1.6877557853642858e-06 
  -1.0638782428866058e-06    7.0341380651443095e-06   -1.7329616687275901e-05    2.2971642702714978e-06    4.4345749050508625e-07 
  -6.5628328436691536e-09    1.3321268579712433e-08   -1.2180618151405955e-07   -1.4688457415878083e-06    2.6217616068356114e-06 
   5.0582329518629707e-09   -2.8104253537833085e-08    2.4578017369456105e-07    1.7509400763778272e-06    9.9254104311960777e-07 
  -1.2919989264312255e-03   -1.3119021256809292e-04    8.2993716192028527e-06    6.8906337555417238e-07   -6.6302508854703240e-07 
   6.5036291878060843e-05   -6.5213816427003325e-04   -1.8887253511326493e-04    4.6391935915894857e-05   -1.2414710873373548e-05 
  -1.5068267987500592e-06    1.2621451637157909e-05   -3.7715599428485534e-05    2.3690905342034815e-05   -8.5721600660814833e-06 
   4.6064098381734115e-07   -3.1667253796669617e-06    1.8332211237087616e-05    2.5420863616176070e-05   -1.5145522064284914e-05 
   8.4391182324209876e-04    7.1540970031160056e-04    4.2904539891683248e-04   -1.5008980011750831e-04    4.3127313968438144e-05 
   8.4391182324209876e-04    7.1540970031160056e-04    4.2904539891683248e-04   -1.5008980011750831e-04    4.3127313968438144e-05 
   8.4391182324209876e-04    7.1540970031160056e-04    4.2904539891683248e-04   -1.5008980011750831e-04    4.3127313968438144e-05 
  -5.7319511852648797e-04   -5.8202516971275538e-05    3.6820149008208777e-06    3.0570285713318691e-07   -2.9415097523765745e-07 
   2.8853340563168595e-05   -2.8932099301113927e-04   -8.3793270207805392e-05    2.0581775001498108e-05   -5.5077845073691131e-06 
  -6.6850346996352922e-07    5.5995050143891635e-06   -1.6732519696763913e-05    1.0510466392597507e-05   -3.8030374519565482e-06 
   2.0436329931532174e-07   -1.4049172117757674e-06    8.1330826039617464e-06    1.1277962106182419e-05   -6.7193084585317937e-06 
  -5.9383062131844911e-04    2.3852150404658862e-04    1.9699529716771026e-05   -3.2635832775690856e-05    1.8434829013755450e-05 
  -5.9383062131844911e-04    2.3852150404658862e-04    1.9699529716771026e-05   -3.2635832775690856e-05    1.8434829013755450e-05 
  -5.9383062131844911e-04    2.3852150404658862e-04    1.9699529716771026e-05   -3.2635832775690856e-05    1.8434829013755450e-05 
  -3.1951896195593485e-03   -4.3782036739545369e-04    1.8582115299008221e-05    1.8049329213590098e-06   -3.8991295402994283e-06 
   9.3454497806874095e-05   -6.9401413216969919e-04   -2.8391370559231521e-04    2.5644785833181551e-05    4.9372395163192464e-06 
  -3.1121929765438832e-06    2.0577162122409742e-05   -5.0694815596568444e-05    6.7199593146191578e-06    1.2972586821599345e-06 
  -1.9198439688812819e-08    3.8969082025728212e-08   -3.5632305213717059e-07   -4.2968558020254642e-06    7.6695130420444867e-06 
   1.4796991264524491e-08   -8.2214164126651209e-08    7.1898766184983212e-07    5.1220743017235460e-06    2.9035082576245746e-06 
  -2.8814030805189637e-03   -3.9482381502640979e-04    1.6757241553790776e-05    1.6276778216534086e-06   -3.5162119330841746e-06 
   8.4276712787460922e-05   -6.2585783520204723e-04   -2.5603169867836266e-04    2.3126316024139141e-05    4.4523733629130215e-06 
  -2.8065571992624784e-06    1.8556362966660634e-05   -4.5716284546028938e-05    6.0600195217134258e-06    1.1698601986323140e-06 
  -1.7313039239321205e-08    3.5142087438746393e-08   -3.2133001866398065e-07   -3.8748791210111113e-06    6.9163214508924956e-06 
   1.3343839110835947e-08   -7.4140246427532674e-08    6.4837881640180800e-07    4.6190562780022552e-06    2.6183665553424920e-06 
   6.7593315153238005e-04    1.8987128829021948e-04    7.0785008827695291e-06   -1.0694010276715922e-06    5.7585263212672907e-06 
  -5.5942297770136622e-04   -3.1320683797142403e-04   -9.4743855958371291e-05    3.4096874004099752e-05   -1.3946817285705826e-05 
  -1.3440425732861363e-04    1.9990969512978464e-04   -1.1515073127832299e-04   -3.3020064305707242e-05    4.0209066466363962e-05 
  -1.6366987675070168e-04    7.9122962549853888e-05    1.5137017529666567e-04    1.7412666161136275e-05   -3.3615783141718002e-05 
   6.2314389635643953e-05   -8.6943642408009544e-05   -6.1098962770299428e-05   -5.5434570500546548e-05    4.7127471411155613e-05 
   3.1415799826714354e-03    8.8247756042783196e-04    3.2899224768332078e-05   -4.9703271016740422e-06    2.6764290195808322e-05 
  -2.6000678093813998e-03   -1.4557124922429633e-03   -4.4034739335560851e-04    1.5847433522103022e-04   -6.4821560989305107e-05 
  -6.2467970900990206e-04    9.2913373924314083e-04   -5.3519380067960389e-04   -1.5346957434201849e-04    1.8688238333370609e-04 
  -7.6069949728109151e-04    3.6774511614463254e-04    7.0353334735452861e-04    8.0930019977198104e-05   -1.5623833685391618e-04 
   2.8962278099234400e-04   -4.0409381606793633e-04   -2.8397375978083669e-04   -2.5764698274924433e-04    2.1903751944043297e-04 
   1.3349399982631024e-03    3.7498793584207931e-04    1.3979746273322204e-05   -2.1120227685031480e-06    1.1372851146423364e-05 
  -1.1048372271547429e-03   -6.1857054176094105e-04   -1.8711519419010032e-04    6.7339914931853533e-05   -2.7544386898242040e-05 
  -2.6544284540276468e-04    3.9481337387333034e-04   -2.2741792833239318e-04   -6.5213260345312041e-05    7.9411242068954118e-05 
  -3.2324123249462679e-04    1.5626457623718666e-04    2.9894983119190357e-04    3.4389294980140817e-05   -6.6389780390388423e-05 
   1.2306834041707430e-04   -1.7171009526905276e-04   -1.2066792266299080e-04   -1.0948098237221975e-04    9.3074805490937239e-05 
   3.1102964297286687e-03    8.7368993329921371e-04    3.2571617435240749e-05   -4.9208330598588577e-06    2.6497773954320128e-05 
  -2.5741765828590051e-03   -1.4412166464991905e-03   -4.3596245613636400e-04    1.5689626295061133e-04   -6.4176074085827537e-05 
  -6.1845920822466800e-04    9.1988151434902658e-04   -5.2986439200926859e-04   -1.5194133900167555e-04    1.8502142643770530e-04 
  -7.5312452445595499e-04    3.6408314545669488e-04    6.9652762958182619e-04    8.0124126580060094e-05   -1.5468253044134060e-04 
   2.8673874504464206e-04   -4.0006988850329217e-04   -2.8114597624597149e-04   -2.5508135874163080e-04    2.1685636477505334e-04 
2    103 5 
  -5.1646781788626289e-04    1.2994324599798768e-01   -2.7963118121068374e-04    1.1256270936165247e-02   -4.0421681984222904e-05 
  -1.1562329039630694e-03    1.1173459754575853e-02   -7.4726516330437653e-04    1.6354008909989753e-02   -2.8979069373611630e-04 
  -3.4840137972864085e-03   -3.4205513126222109e-02   -9.0129130161701091e-04   -1.9304855784584206e-02   -3.7499258337071690e-04 
   1.1645992239254204e-03   -3.9215468465602671e-02    1.0849757248548248e-03    2.7433440951725334e-02    3.9595114723134785e-04 
  -5.4797760956691870e-04   -4.4781931727471921e-04   -2.5428511383856459e-04    3.8809926244709116e-02   -1.6779316764379694e-04 
  -2.6113173186449890e-03    1.2664350181027181e-02   -1.3084709707108217e-04    1.3803740148183991e-02   -1.6054077800457608e-04 
  -7.3336517819112840e-03   -6.8821826286387161e-04   -4.0505949221628966e-03   -4.7908814940452886e-04   -2.8054288727503906e-03 
   9.3543150889615224e-03    3.0861206411536444e-03    1.9289750223507099e-03    2.8916874710603435e-03   -4.8397058911746988e-04 
  -4.7858023009053081e-03    1.2454011362547706e-03   -3.2536434536966025e-03   -6.2895043509917362e-05   -7.4462328969342759e-04 
  -5.3351387793515170e-03    6.8933261847001844e-04   -5.2268219502254656e-03   -3.7275037097258992e-03   -6.9698894944749496e-04 
   1.6148644396085561e-03    3.5002574545506547e-04   -1.3236503261100951e-03   -3.4142377242062432e-03    4.3538527747732328e-04 
  -2.0183916059566707e-03    7.2268566068853961e-04    2.4548573923055543e-03   -1.0377902993147863e-03    9.3217448314579423e-04 
   1.6001087977496455e-03    1.1782200417636125e-03   -5.2373435025878127e-03   -2.1281883578720370e-04    1.1406346194910053e-03 
   3.9275353893176877e-03   -1.9175993892117473e-03   -4.9458921372247701e-03    2.8831650137540283e-03   -1.2868284733433639e-03 
   3.2012409268223057e-04    1.4840733623072667e-03   -3.7921672509035236e-03   -2.4113566163228291e-03    1.9876975852859613e-03 
   2.5288810649979629e-03   -1.3549056172948101e-03   -4.2733584701452835e-03    1.4526683573565001e-03    4.8945630687322148e-04 
   3.4138035105944504e-04   -9.1698761588307354e-05    1.4398384206761085e-03    5.1914054826589446e-04   -7.9687044867741367e-04 
   6.1168032063329940e-04   -3.1396879850931181e-04    2.8972194984293456e-04    2.1294368131654132e-04    1.7192946207121433e-03 
  -6.5078538966318775e-04   -4.4753347578188965e-04    1.8963583479811015e-04   -1.1081659621995010e-04   -3.2947897611102202e-03 
  -6.0543925340800166e-05   -3.4530914396774416e-04    1.9663394637285463e-04    4.9612289423243635e-04    2.7926970857776530e-03 
  -1.0763362424394405e-03    8.9365573706755221e-04    1.1526423347612512e-03   -4.4831896271363886e-04   -6.6239548658065790e-04 
  -1.4657311126497015e-05    7.3016950172544442e-04   -9.0714210756451159e-06   -1.0046556413153330e-03   -8.6059861984380536e-07 
  -5.3806902486913688e-06    5.3251836256745279e-04   -1.9396739350394991e-06   -1.5084009619805087e-04   -9.3697631300761820e-08 
   5.1826661718626882e-05   -5.9054283697602494e-04    1.4911791040205388e-05   -6.8062060637035540e-05    3.5736709178527898e-06 
   4.9648509187646687e-05    4.5430280440684069e-04    1.5587896147324575e-05    3.0480701325402086e-05    4.8882310379428755e-06 
   3.5600924857976693e-05    2.1815531693562327e-04    3.6367295184022250e-06   -3.6581618625982418e-05    6.2451433499195137e-06 
   3.7740224116857556e-06   -2.4343595445612889e-03    3.9454012244628001e-07   -2.3353982805036594e-05    7.2197736228612304e-08 
   3.7740224116857556e-06   -2.4343595445612889e-03    3.9454012244628001e-07   -2.3353982805036594e-05    7.2197736228612304e-08 
   3.7740224116857556e-06   -2.4343595445612889e-03    3.9454012244628001e-07   -2.3353982805036594e-05    7.2197736228612304e-08 
   3.7740224116857556e-06   -2.4343595445612889e-03    3.9454012244628001e-07   -2.3353982805036594e-05    7.2197736228612304e-08 
   3.7740224116857556e-06   -2.4343595445612889e-03    3.9454012244628001e-07   -2.3353982805036594e-05    7.2197736228612304e-08 
   2.5174455630277522e-05   -1.8177358980065626e-03    8.5914370203590677e-07   -6.7383403544841937e-04    2.6469504549640494e-07 
  -9.6822414683215306e-06    2.1900275454721794e-04    1.0498351214976845e-05    2.3963689481888580e-03   -4.6196503760790379e-08 
  -2.5167560902120530e-04   -4.4786354344214600e-04   -1.0060974121864771e-04    1.6941076918066159e-03   -7.6793254931432404e-06 
  -1.3546087823517375e-04    1.3267125900215651e-03   -5.0837584474263409e-05   -1.5476895840373622e-03   -4.9933025082128377e-06 
  -2.8869508205117076e-04    7.5260176293821780e-04   -3.3403531501935486e-05    2.0211006676903662e-03   -2.3919365144118523e-05 
  -1.1063244032619228e-04    1.7338090474945003e-03   -3.0768560060078271e-05    4.4471439122102197e-04   -2.1239962508374920e-06 
  -1.7134893051129477e-04   -6.6050868153137805e-03   -8.7925731778858114e-05   -9.5531839114959011e-03   -9.7101589584743641e-06 
  -5.5044013003570412e-04    7.5995347614210877e-04   -1.9826579411998929e-04    4.3156381964222744e-03   -8.7896972949680922e-06 
   1.4273755360892911e-06    8.4877141568166104e-03   -2.5128287200132485e-05   -5.4686920535361016e-03    4.2360182895065837e-06 
  -4.0767192297667785e-04    3.8010980487415812e-03   -1.4564359975454137e-04   -2.8257594973095132e-03   -1.6793167961467007e-05 
   6.6524845146370378e-04   -1.5838501485745937e-01    1.0286570145230745e-03    1.3361289756603800e-01   -3.2433897607159575e-04 
  -2.6276100136685084e-05   -4.2459740082756853e-02    2.0870635430957554e-04    3.5140329071366591e-02   -1.0324490898496150e-04 
   1.1895100091975842e-05   -9.7460711046707307e-03    7.3716186892946775e-07    1.8418765913131313e-06    1.6796300363616631e-07 
  -1.5016498334202345e-05   -6.2646454613555114e-04   -4.0249504544108165e-06    4.2070056087609051e-04   -5.8144667620436477e-07 
  -1.3503506470216001e-04   -5.2432993276017869e-04   -3.4535526614546140e-05    4.0544541392606307e-03   -4.8967335235262283e-06 
   2.2508626128295084e-05    7.6340375759412552e-04    5.7992783731077560e-06   -7.4041979816779886e-04    8.0156162502365795e-07 
  -6.7148463280434180e-06    8.5480942420804537e-05   -1.6953328358674249e-06    1.8793959193212775e-04   -2.4338944665420602e-07 
  -3.4131012106388058e-05    2.0800513099818630e-03   -8.1630683104579334e-06    9.5132984894725537e-04   -1.1670078932728422e-06 
  -4.5692096357415660e-06    2.2840103113469898e-03   -5.5528077316095196e-07    3.8353550853049370e-05   -9.1700939933798673e-08 
   4.2427191620918166e-06    9.0003390344364862e-06    2.3608168450908692e-06   -5.3544297483552102e-04    3.3812662519384938e-07 
  -3.7793720111778058e-05   -7.2279954431648838e-08   -9.7138404915660820e-06   -3.4521310441040450e-07   -2.6932179443673859e-06 
   1.4748722779548659e-06    1.7680203234973186e-09   -5.9875329941906009e-06   -1.4114551110056472e-08    9.0069766190321759e-07 
   4.2877908649178794e-07    5.9039381355577481e-10   -5.1828351828110494e-07   -1.4968062748145217e-09   -4.1475140690053064e-06 
  -2.2052095851382870e-06    1.1023178695366697e-03   -2.6799174934743311e-07    1.8510338703578995e-05   -4.4257061467783494e-08 
   2.0476374929504186e-06    4.3437783534771899e-06    1.1393865352175691e-06   -2.5841755457355281e-04    1.6318797654529653e-07 
  -1.8240151031065646e-05   -3.4884030506987626e-08   -4.6881311798313609e-06   -1.6660808048865487e-07   -1.2998112363521482e-06 
   7.1180854972371098e-07    8.5328879060345663e-10   -2.8897262771306260e-06   -6.8120191190941529e-09    4.3469818101665236e-07 
   2.0693901720818514e-07    2.8493814038984028e-10   -2.5013599143984007e-07   -7.2239441992256345e-10   -2.0016892435669601e-06 
  -2.1348169874239586e-05    1.2729026838197992e-03   -1.5324144055340483e-06    3.5971866082994282e-04   -4.6309794012000948e-07 
  -2.1348169874239586e-05    1.2729026838197992e-03   -1.5324144055340483e-06    3.5971866082994282e-04   -4.6309794012000948e-07 
  -2.1348169874239586e-05    1.2729026838197992e-03   -1.5324144055340483e-06    3.5971866082994282e-04   -4.6309794012000948e-07 
  -2.1348169874239586e-05    1.2729026838197992e-03   -1.5324144055340483e-06    3.5971866082994282e-04   -4.6309794012000948e-07 
   1.2759038073270083e-05    1.1959011755482416e-03    1.5924055349322353e-06    4.4793629131443586e-05    1.5693589982059128e-07 
   2.3438918746660671e-05    4.6935847122594130e-06    1.3001910974714323e-06   -1.3203201439925598e-04    7.1581224983315094e-09 
   3.3205278212234925e-05   -5.8032340567595999e-07    3.5168475934561604e-06    5.9087761449045117e-06    4.2220596930295140e-07 
   1.0854681647163314e-05    5.7883354093337779e-04    9.9609063122224396e-07    9.6456960570053836e-05    1.2596028355362253e-07 
   1.0854681647163314e-05    5.7883354093337779e-04    9.9609063122224396e-07    9.6456960570053836e-05    1.2596028355362253e-07 
   1.0854681647163314e-05    5.7883354093337779e-04    9.9609063122224396e-07    9.6456960570053836e-05    1.2596028355362253e-07 
   1.0854681647163314e-05    5.7883354093337779e-04    9.9609063122224396e-07    9.6456960570053836e-05    1.2596028355362253e-07 
   6.8370065931650770e-06    6.4083077227636363e-04    8.5329999634791374e-07    2.4002933132166715e-05    8.4095037228984374e-08 
   1.2559884302195492e-05    2.5150853409963903e-06    6.9671514848833772e-07   -7.0750141803223012e-05    3.8357226018710888e-09 
   1.7793246227593196e-05   -3.1096975555600433e-07    1.8845237427412077e-06    3.1662529125046152e-06    2.2624158492365893e-07 
  -6.4509616852895146e-06    3.2246414986197769e-03   -7.8396380945604798e-07    5.4148814953129100e-05   -1.2946642793332079e-07 
   5.9900116076980904e-06    1.2706977112977731e-05    3.3330795099742823e-06   -7.5595614793033954e-04    4.7737838221287104e-07 
  -5.3358427347811367e-05   -1.0204723657363204e-07   -1.3714322130885681e-05   -4.8738330856862539e-07   -3.8023744048304062e-06 
   2.0822735908982569e-06    2.4961497228050285e-09   -8.4533976363861053e-06   -1.9927391315950733e-08    1.2716348275021758e-06 
   6.0536453323902819e-07    8.3353756428427506e-10   -7.3172985813460710e-07   -2.1132407350275361e-09   -5.8555979001410241e-06 
  -5.8174390522921385e-06    2.9079626106740140e-03   -7.0697392159579177e-07    4.8831080714988994e-05   -1.1675205815243727e-07 
   5.4017570015597142e-06    1.1459076723736810e-05    3.0057513672628368e-06   -6.8171677826248361e-04    4.3049699856968902e-07 
  -4.8118313852319787e-05   -9.2025593730572414e-08   -1.2367494496496629e-05   -4.3951938191913534e-07   -3.4289587247957357e-06 
   1.8777819953374065e-06    2.2510130405715574e-09   -7.6232239367671202e-06   -1.7970403500624160e-08    1.1467527582182396e-06 
   5.4591415177181824e-07    7.5167924017861968e-10   -6.5986965356614227e-07   -1.9057079825598127e-09   -5.2805435159349330e-06 
  -8.2858165396503437e-06    4.1276674022480497e-04   -5.1280981987776522e-06   -5.6793447704163425e-04   -4.8649866382458768e-07 
  -6.3104621789394567e-06    6.2453641284962783e-04   -2.2748455013775158e-06   -1.7690494678761570e-04   -1.0988838443608135e-07 
   2.3618397391429113e-05   -2.6912162462026370e-04    6.7955873468682692e-06   -3.1017178072021123e-05    1.6285899397163925e-06 
   2.5952409735315875e-05    2.3747445224000789e-04    8.1481493472028707e-06    1.5932958768748793e-05    2.5551900118110082e-06 
   2.2722022919038944e-05    1.3923599263491589e-04    2.3211153024010840e-06   -2.3347943351220976e-05    3.9859158405476205e-06 
  -3.8510546970570422e-05    1.9184437479697551e-03   -2.3834206998029692e-05   -2.6396272774875085e-03   -2.2611325696968851e-06 
  -2.9329559613724131e-05    2.9026999025122159e-03   -1.0572952479984134e-05   -8.2221302269845197e-04   -5.1073563722959202e-07 
   1.0977281451498463e-04   -1.2508146802598943e-03    3.1584308494142471e-05   -1.4416062524690213e-04    7.5693070283563444e-06 
   1.2062076070942635e-04    1.1037259880829116e-03    3.7870701898490340e-05    7.4052684380332111e-05    1.1875928521672619e-05 
   1.0560667457488180e-04    6.4713649025436931e-04    1.0788003747063270e-05   -1.0851580707715696e-04    1.8525609209859171e-05 
  -1.6364144726402491e-05    8.1519722805365521e-04   -1.0127781697124407e-05   -1.1216470860716411e-03   -9.6081472549269612e-07 
  -1.2462901621402811e-05    1.2334335666103037e-03   -4.4927257122589179e-06   -3.4937994803481832e-04   -2.1702501112080798e-07 
   4.6645357312647303e-05   -5.3150407002330315e-04    1.3421003749348599e-05   -6.1257642930695472e-05    3.2163977256738528e-06 
   5.1254935090021630e-05    4.6900221440850722e-04    1.6092257719188717e-05    3.1466934123382310e-05    5.0463945172623795e-06 
   4.4875054829475934e-05    2.7498532265333330e-04    4.5841066542322561e-06   -4.6111221776984939e-05    7.8720188130950351e-06 
  -3.8127062627770316e-05    1.8993400686464939e-03   -2.3596868244732159e-05   -2.6133421215659867e-03   -2.2386164278686018e-06 
  -2.9037498664766930e-05    2.8737950945563200e-03   -1.0467668030600904e-05   -8.1402550407161541e-04   -5.0564978061121519e-07 
   1.0867970732895148e-04   -1.2383591873272501e-03    3.1269794971524158e-05   -1.4272508753115093e-04    7.4939325930506156e-06 
   1.1941963071290740e-04    1.0927351902764086e-03    3.7493589071710195e-05    7.3315274833179284e-05    1.1757669161509414e-05 
   1.0455505341183774e-04    6.4069236698972658e-04    1.0680577837734348e-05   -1.0743521705094393e-04    1.8341132965513860e-05 
 TENSORSUMACCUMULATOR_IMPL_H - PrettifyOut: Norm of simple tensor is 3.70065e-05 
 As simple full tensor 3    5 5 5 
   1.2258880900244722e-07   -3.6502264373379346e-05    7.0935429407651349e-08   -3.0742254651215336e-06    9.8297244128058271e-09 
  -1.6249143338613003e-07    6.3730221250938613e-07   -8.0199331638171562e-08    1.9479358310724235e-06   -3.0393606211115168e-08 
  -2.5665003422240779e-08   -5.8631087019377959e-07   -1.7593739927977081e-08   -1.1477545625804513e-06   -7.0220828432038236e-09 
   1.5048215072646260e-08    2.8095237045191575e-07    9.4639586829854007e-09    4.5405672711655302e-07   -5.7339350382240523e-10 
  -4.3100867476032960e-09    1.4079394448840607e-07   -2.2368234938682967e-09    2.9357509249607861e-07    2.1061943697779437e-09 

   6.3565497010604776e-08    3.5340446114574754e-06   -8.0864847543704653e-09    8.3762163069323139e-07    6.7852305067531562e-10 
   4.9303703130518776e-09    1.4263152736973483e-06   -5.6319840463148097e-09    1.4348484798642063e-06   -2.1460607629229639e-09 
   6.5770596721225963e-09    1.2129885282158070e-06    1.4474584989644001e-09    1.2419734366299570e-06   -1.7764562042835427e-09 
   3.0775406970441114e-09   -6.8591880229416923e-07   -5.0834288917680534e-09   -5.4779212714645983e-07    3.6266923880237573e-09 
  -4.7731618822525623e-09    2.2588128415676558e-07    2.9164118580546634e-09    7.9512238520376194e-08   -3.2573644501351239e-09 

  -4.4582060734664519e-09   -2.4046122771648095e-07   -2.2874890789255705e-09    1.0132628415678429e-07   -8.9383401357897288e-10 
  -1.7935617539322006e-09   -2.0490433253619672e-07    1.6100766218271728e-09   -5.4920662185609599e-08   -2.3266962553522319e-09 
   8.5964397629371578e-09   -1.2328771781156979e-07    5.8891357762992523e-09   -1.1268786687184987e-07    5.7042926580514266e-10 
  -6.0589783037932695e-09    4.8035651698246328e-08    6.3398716996219527e-10    6.9459381387851720e-08   -2.3122114427196698e-09 
   3.2591632460525969e-09   -1.5201729423483660e-08   -1.1690948487971463e-09   -1.5044116487664191e-08    1.7661111443239954e-09 

   4.1538878781976062e-09   -5.8570078652200083e-08    4.3974661246354827e-09   -9.8647867950946266e-08    3.8801223650988262e-10 
   6.4535177917836518e-09   -3.3466814916819355e-08   -1.6381475743303711e-09   -7.7328589786712881e-08    3.0367468335558104e-09 
  -1.2309549299464282e-08   -4.9229654076323995e-08   -8.6072009294657634e-09   -2.1739450461680286e-08   -5.6511535748874978e-10 
   8.8233756329974171e-09    1.7366916294298979e-08    2.8264186127084739e-10   -2.5481657302604737e-08    2.8140224780701430e-09 
  -4.9081966073778884e-09   -2.6792282912494680e-09    1.4524821156647002e-09    1.8036531894495317e-08   -2.3277496247711909e-09 

  -7.8172963437847652e-10    6.8312787929639178e-09   -1.4144922032322447e-09    2.3854921906235732e-08   -3.3406149808010506e-11 
  -2.3562549854287837e-09    1.1660422077294341e-08    4.2856962588141190e-10    3.0466622386342040e-08   -1.1024862717150330e-09 
   4.3372115879449235e-09    1.6861919205224486e-08    2.6566248425279904e-09    1.2372720385056138e-08    3.2191953977242620e-10 
  -2.8793377376500688e-09   -6.6024677571818629e-09    1.0417558256188034e-10    5.7343852578216303e-09   -9.7561875037034737e-10 
   1.6549006707978807e-09    1.3982894862072840e-09   -2.7398878624031640e-10   -5.3866842128165787e-09    5.4563827183838082e-10 
