2    16 5 
  -7.7532274781603940e-05   -1.7193343207699333e-04   -6.9998343174198659e-06   -5.8574936187502309e-05   -3.9459179976450805e-06 
  -3.0470576548990405e-05    8.1566698657991715e-05   -3.8831908112426045e-05   -1.4364502632986851e-04    1.0088942959562214e-06 
  -2.8351846740101494e-04   -8.5477093758175494e-05    6.5001043858148013e-05   -2.3062084980030920e-05   -6.1966084466787483e-06 
   6.6482922847582536e-05   -2.0731618217715368e-04    2.0200005156622138e-05   -1.3495825230826252e-04    5.8086539365797379e-06 
   8.2667086331317732e-05    2.4349433272183871e-04    8.5764821499030843e-05    3.1567835549554501e-04    7.8522493537515568e-06 
   8.7774839920217446e-05   -1.8247158363360113e-04   -6.1690830998218927e-05   -4.6009505895389930e-05   -1.1414466894033414e-05 
  -7.3429953065810928e-05   -2.7369625610515261e-05   -4.9364908731255355e-05    1.8296004958605001e-05   -1.4540936400236826e-06 
   1.0066918868412230e-04    3.9413877150620702e-06    1.9517652578447456e-04   -3.2429085224251495e-05    5.9381241204679283e-06 
   7.8824408645543419e-05   -1.9070132420272555e-04    1.4467612909794503e-04    5.2809592300956268e-04    1.2318060590416097e-05 
  -8.5653489603502409e-05   -1.2578029114297160e-05    1.3636913233555984e-04   -4.3097287625647852e-05    1.6939047895677670e-05 
   3.6375683001501578e-05    2.1319937693571567e-05    1.7833273954269877e-04   -1.3796368974217124e-04    3.7045268453800160e-06 
   9.6973329933319876e-05   -2.0582816868915289e-04    4.7018462804910432e-05    1.2695992650406032e-06   -2.6655911853098720e-05 
  -9.9967658242334880e-05    1.0590183141572026e-04   -6.0736325338168937e-05    2.6914904204326566e-05   -2.5471578260963582e-05 
   2.7199475157550287e-05    3.7116003446590068e-05   -4.7328314637941228e-05   -2.1015107342519060e-05    1.1706340946148626e-07 
   6.8323788794752392e-05    3.6944243249141184e-05   -1.2870560388929155e-04   -4.1327610877915587e-05    4.9621930207231668e-05 
  -3.5207122325359752e-05    1.1012869416605736e-05    7.7968445734850962e-05   -4.5651572678520322e-06    3.2486244116946005e-05 
2    16 5 
  -2.6734940280012617e-03   -7.9501839092085112e-04   -2.5400245789971724e-03   -3.0939715847099598e-05   -1.4403334298687459e-04 
  -1.7783272513830560e-04   -1.4310552318741879e-03   -1.7692675195547607e-04   -2.0273967937003102e-03    2.8735750907213321e-03 
   1.6714488688449555e-03    2.2325399767974207e-03    2.3080200560116190e-03   -4.7726089289841902e-05    2.2919479264941854e-04 
   6.8112981593280216e-03    5.9235351273718628e-03   -2.9413960348672087e-03    3.5096783569851363e-04   -3.3788501694179693e-04 
  -1.3547172884417389e-03   -3.9300891209129631e-03    1.0706953106191432e-03   -8.4005547338648239e-04    5.6388145851365415e-04 
  -1.9815784489484452e-03    7.6902167708508594e-03    1.2472772199071773e-03   -1.8316186226323974e-03    9.7076988805030887e-04 
   5.5239851031030508e-03    2.6607264078557270e-03    1.9309492878848036e-04   -1.4662604670895572e-03   -2.3233310212664752e-03 
   2.5698582885243879e-03    8.5384565074058403e-04    2.0319565825079539e-03   -1.3925833644507651e-03   -3.6337541792862459e-03 
  -3.8746928424072578e-04    3.1893113636698915e-04    2.7412852747004139e-04   -1.5112409358042263e-03   -1.1382905228114069e-03 
   2.0398363604758329e-03   -4.1886589353782076e-04    8.9350797556339838e-04    2.4189171264633793e-03    6.1474018825464875e-04 
   1.7110494427852352e-03   -1.3404002689827469e-03    2.2498652032878165e-03   -8.7907433355264165e-04   -2.1315725490985695e-03 
  -1.5007247446731519e-04   -5.6329382229996713e-05   -6.1738691413156801e-04   -1.0893218874990370e-03   -4.7515374157146160e-04 
   3.5666806311252793e-04   -9.9801196412904552e-04   -1.3395275774470943e-04   -1.3765575526007126e-03   -1.2654002740632136e-03 
  -1.3892715342717315e-03    3.4123524924318570e-03   -5.9425047708406968e-04    1.5396880059658216e-03    6.8309724326470235e-05 
  -1.5024093104493530e-03    9.4217921112722163e-04    1.5910265771054517e-03    5.0130270644752170e-04    1.4186845926250321e-04 
  -1.3012078403494582e-03    1.1470887068717298e-04    1.0649557008880505e-03    1.2758705409260261e-03   -1.6852086762003807e-03 
2    16 5 
   9.9001811050902309e-03    3.0475919113312614e-03    2.3648725410932345e-03   -2.6773232167554262e-03    1.7017110275126114e-03 
   1.6212375460750170e-03    4.9808271209109687e-04   -2.3943306573068722e-03   -4.3159638368129905e-04   -3.5197352193054145e-03 
   2.9290963303798653e-03   -1.3977956985299503e-03    9.8381501345513075e-04    7.5686388790438449e-05    1.0879517877589928e-03 
  -2.0708802112289898e-03   -5.7958133717186510e-04   -1.3056101933373375e-03    1.4397082138992449e-03    2.5628180149260587e-04 
  -5.0511874024843366e-04   -2.4992634133820225e-03   -5.8846601591399533e-04   -1.6628976053736585e-03   -1.3675437088933558e-03 
   1.1326180895378931e-03    1.4480667007728736e-03    6.1159350711853901e-05    1.7067151026067093e-03   -8.0288230296932345e-04 
  -7.7991558661556792e-04    7.1556863356532128e-04   -5.9065013686648523e-04    1.4638260882135886e-04   -1.9560067985614871e-03 
  -2.0652031520962430e-03    2.9385264408286646e-04    2.4537807151422806e-04   -7.3693735372572374e-04   -1.8012063116223582e-03 
   9.3856169913191238e-04    6.5853671745744771e-05    8.0069215115738000e-04   -1.6940897646379298e-03    6.1817363306315818e-04 
  -8.1715111032034402e-04    6.5269744960510514e-04    1.3569263637396981e-03    7.4570030199747441e-04    1.5850539487270231e-03 
   2.0408644555412235e-03   -1.7437553528065993e-03   -1.4528883232341407e-03   -1.1351981471920262e-03    1.1880013262765220e-03 
  -2.6028694615522094e-04   -8.9697159069899958e-04    1.2248435172304297e-03   -1.0070125830533749e-03   -8.2038636713766867e-04 
  -3.4615119585352096e-04    2.4018614927006485e-04   -7.8482639881174738e-05   -2.0902694685142470e-03   -1.4528647100694179e-04 
  -8.7161653823745219e-04    6.4967179873045493e-04   -2.8150003145709817e-04   -2.5657786602657452e-03    2.2276494780180478e-05 
   4.6795674685873897e-04   -5.6454321879919581e-04    3.6515221496942056e-04    1.6353175970873039e-03   -7.8968827734409287e-04 
  -7.9941523028057579e-04   -4.6577427864248367e-04   -1.8757912558765386e-03    4.2761591662807797e-04    7.2106993519285617e-04 


 TENSORSUMACCUMULATOR_IMPL_H - PrettifyOut2: Norm of simple tensor is 1.45608e-08 
 As simple full tensor 3    5 5 5 
  -4.1772930778857476e-10    6.4011830660048163e-10   -7.0166283407121612e-10   -4.1320754318243380e-10    4.6286925419445473e-10 
  -1.2710190793209712e-09    2.7057691902369862e-09   -5.9647871509113365e-10    1.6374550515010720e-09   -5.5382187331844225e-10 
   4.7030776832452354e-10    1.4294256383530455e-09   -8.7725909044184655e-11   -9.2487875643395249e-10   -1.0723320481284948e-09 
   1.6128902758198885e-10    5.1527894254410721e-11   -6.1162134557993860e-10   -2.0661751223173053e-10   -3.5855860397918529e-10 
   2.4442363699118491e-10    2.5048506055891549e-10   -2.1657162956013263e-10    3.5229189888353702e-10    2.6732230133913145e-10 

   7.8802528772537041e-09    3.5649570690775671e-09    3.1602190423970854e-09   -2.3925408072028683e-09    8.0408896773520350e-10 
   1.9108094091266735e-09    1.7210212707361279e-09    2.5366480010579017e-09   -2.8336664882973704e-09    2.6117041544211291e-09 
   2.1248013982546137e-09   -1.2882947219441346e-12   -4.9535729090852530e-11   -1.0434970473031690e-09    4.2392897138333138e-10 
   6.0592047080112332e-10    8.0841003825346239e-10    1.0903849264708816e-09    3.5212264410280575e-10    4.6135828215201101e-10 
   2.8604046680762247e-10   -4.0345206359996309e-10   -3.5040965313688775e-10   -7.2503729445306710e-10   -9.4061714085096607e-10 

   7.0174912569656599e-11   -1.2375489196789652e-10    4.3966795267777659e-10    2.5804999178165141e-10    4.0499849047428085e-10 
  -6.2762630701206784e-10    2.4173544148182726e-10    4.3759570481468235e-10   -4.0855647278401829e-13    5.4700024249922293e-10 
   3.7902317189080047e-10   -8.4316859883839281e-10   -3.6551133906156803e-10   -1.4935328098985223e-09    3.3371412662878475e-10 
  -8.1256713442448966e-11    8.3875294568040249e-10   -1.9070497048509607e-11    1.2941175150895355e-09    4.2989094991972227e-10 
   2.4949010467076127e-10    4.1132858263027103e-10    7.6072559397158231e-10    9.5069523170678409e-10    9.5024367240780926e-10 

   3.1886771020978612e-09    2.6497125106423630e-09    1.7106844156374114e-09   -2.5532636399491577e-10   -2.2850249615006442e-10 
   3.1189137665450899e-09    3.0643034775783080e-09    1.1835657800791363e-09   -1.8700316072831349e-10    1.4153461326816147e-09 
  -6.8663788647878605e-11   -6.1265866867743498e-11   -4.7600547404634889e-12   -5.0765670413319122e-10   -3.8725030153262229e-10 
   3.6846245937966085e-10    6.0901649149011863e-10   -1.3849440129024848e-09    1.6110368380140823e-09   -1.2633224688670264e-09 
  -9.8437209859644638e-10   -1.2828007500096848e-09   -6.8690404525938182e-11    4.8946921644056025e-10    1.0878347198016079e-09 

  -2.1007993543042804e-11    1.4876973493274252e-10    7.1246708261484470e-11   -2.6075925310041671e-11    8.7841984008653975e-11 
  -1.6563376273727786e-10   -6.1850229414556681e-11   -2.0791141819108370e-11   -4.6020367783845375e-11    6.1435603820819088e-11 
   5.9052083556540622e-11   -5.7038212567133581e-11    2.4648704044402553e-11    1.6830575421241188e-11   -3.8923988213777832e-11 
  -6.1982388620144799e-11    2.3955719817343507e-11    1.4210522092109805e-11    7.7767564549285159e-11    4.2111978623216939e-11 
   3.2185605137265320e-11    1.2817616315830020e-11    1.1761441823299444e-10   -6.7147973903115853e-11   -3.7837691861525165e-11 
