2    16 5 
  -2.6389375900631390e-05   -1.6517647300869685e-03   -2.0240002929138339e-05    1.3827756537404732e-04   -1.6438037327601507e-05 
   4.8292250452402173e-03   -2.9121381526340806e-03    4.1706087263098540e-04   -8.4138430094969651e-04    1.1219392404019117e-04 
   8.4186849495904506e-04   -3.7228322854649336e-05    2.0273700256434219e-05   -3.9526041358978824e-05   -4.1788293783556612e-05 
   1.4156611355694373e-03   -2.0657828135519527e-03    2.0151956781215650e-04   -8.5818863004881387e-04    1.0143979746646460e-04 
  -4.3437588510692824e-03    8.3653777308550570e-04   -3.7212614514517796e-04    9.8564847901838842e-05   -7.9506527941723427e-05 
  -3.8444782910252427e-04    2.5369427935542639e-03   -3.0836305186548011e-05    7.3434933462352596e-05   -7.1126795893822347e-06 
   3.9068173574109776e-05   -1.1070646779335972e-04   -1.8491876602775247e-04    7.4254209161323773e-04   -1.1494503059184175e-04 
   1.3346454069439528e-04   -2.7662258238167334e-04    1.1316550564951840e-03   -4.5333719918452375e-05    1.2220500176057846e-03 
  -3.3391480347790867e-05    3.4617607496966520e-05   -1.1173446762008565e-04   -8.6344557905595229e-05    2.6484597884790795e-05 
   7.8911030477786829e-04    1.4484017535287355e-03    1.2684013345728024e-03   -6.8930432875478345e-04    7.2121188286059911e-04 
   1.0148691449420643e-04    3.5314229415528866e-05   -1.5252619764622901e-03    2.5817349212677753e-04    5.4486243574703653e-05 
  -1.1565146733738185e-04   -4.2794125256445912e-05    3.0236707828839398e-05    4.2810872212880718e-04   -3.6540172859677445e-05 
  -3.7268837597495324e-04   -6.8987105540182364e-04   -2.4977654065555500e-04    2.5266346397242133e-04   -7.2868836899984404e-04 
   1.2981747743498251e-04    2.8195709600054930e-04    4.8709673015846436e-04    5.5877031396038893e-05    6.8323771409728137e-04 
   4.9323618229161201e-04   -3.4985965130708010e-04   -1.0768514304717448e-04    2.1530484617728079e-04    4.1881217709131477e-04 
  -1.1127131724464768e-04    2.3691784439913005e-04    6.1059041571998176e-05   -4.7454793002780322e-04   -1.4286644415636767e-03 
2    16 5 
  -7.4261125454219562e-02   -5.8562480410644067e-02   -4.3244062732532035e-02    1.8007664005030739e-02   -5.2597617199408421e-03 
   5.8822900668990097e-02    1.1149997374950921e-02    7.3191944591811595e-03   -2.7897319357571976e-03    7.9041314769449889e-04 
   1.6921996928346426e-02    1.7070472120837201e-02    3.7997672689459626e-03   -9.3443726565343402e-04    2.0407280929379186e-04 
  -5.0282544139362360e-02   -2.3544848116904611e-02   -3.1861416734497196e-02    1.3922983245647511e-02   -4.1184120667570262e-03 
   8.9698259343863357e-02    2.1256273317076663e-02    3.8321692277368813e-03   -5.7978512087014254e-04    7.6622397549304931e-05 
   6.8421824657747307e-02   -6.1831833360576099e-02   -9.6074640812010573e-02    4.2975071117500145e-02   -1.2814619790863393e-02 
   5.7115222109384040e-03   -2.0041729631073851e-02    1.2039769623484728e-02   -6.3905270591098785e-03    1.9832404879324313e-03 
  -2.2305178687515439e-02   -1.1387282845456906e-02    1.9350235748563089e-03   -1.4796247569406585e-03    4.6591059566087901e-04 
  -1.3431903463066174e-02    1.1581047143970023e-01    1.0043141013134393e-02    7.6791006388919857e-03   -3.7343999776946676e-03 
   2.8420264793704120e-03   -5.9116778855554568e-03    6.2070558607801125e-03   -2.8547036906359903e-03    8.1499579903162765e-04 
   2.5218157678931104e-02   -7.0998399822805461e-03    5.4763919905323848e-05   -6.8750756730990431e-04    2.9128976355491322e-04 
  -5.0987115513948626e-03    8.6887518656321514e-04   -5.4089772130298452e-03   -1.9554900940828013e-03    1.4387907941280399e-03 
  -9.5480292880985686e-04    1.0440179871498412e-03   -1.0243856235859133e-02    3.8915821087959373e-03   -7.8991507697945555e-04 
   1.1495181245821352e-03   -3.6392844396858745e-03   -6.8980641090889104e-03    2.3999712055712955e-03   -4.1272098539741416e-04 
   1.8844255679109914e-03   -1.3407762434253095e-03    4.4559710005110369e-03   -5.9600580824589510e-03    2.2662036229726011e-03 
   2.6654215343131235e-03   -5.0251340705966940e-03    2.9632631915778068e-03   -2.5089708312905348e-03    8.4620912585142249e-04 
2    16 5 
   2.3626402495579299e-03    3.5765324731527048e-01   -5.4370320852793422e-03    1.3320497374933529e-01   -4.0639414136053684e-03 
   1.9540256964111647e-03    1.1448359366108023e-01    9.4327573633427829e-03    2.0510322282148080e-02   -2.3314880987088523e-03 
  -2.5529273241552908e-01    2.2597726875324034e-01   -3.7403484255412234e-02   -3.9408318004364666e-02   -2.5192634272093312e-02 
  -2.8882234237697273e-03    8.9374382074555475e-02    6.4144571266859626e-04    5.3053578557156013e-02   -5.2716279377665598e-03 
  -4.5940560503098683e-03    7.6457658477702362e-02    3.2018930921936924e-02    1.2852528614584594e-03    1.3748534834273072e-02 
   2.6587663405922517e-04    2.2195818568831061e-03   -1.6658028621015695e-03    4.5650933112643066e-02   -2.2301048581893591e-03 
   1.0740936274220746e-02    2.1364663626330389e-02   -1.1719248250537063e-04   -2.5505845758149435e-02    9.2425429878826536e-03 
  -1.0682669832969376e-02    8.7103938211090649e-04   -3.9546208912318009e-03    1.3778414515134246e-03   -2.7700351890630652e-03 
  -7.8987442613258439e-03    1.3640749796341015e-03    5.6414930645098602e-03   -1.7479862078148595e-03   -1.1646467520382744e-02 
   9.0648624324200008e-03    5.6274540638863472e-03    4.0715802040132976e-03   -3.5112202322357734e-03    1.4414458591080241e-03 
   1.5940302426252984e-02   -1.9938414432943688e-03    1.1803412870625887e-02   -4.2640953376188960e-04   -1.0225137587923091e-02 
   1.1562789181562387e-03    1.0153877494661816e-03   -1.7857585358203440e-03    3.7396944312705102e-03    6.6494629622010767e-03 
  -3.9838794580465881e-04   -9.4030497740618882e-05    1.0207511925549538e-03   -2.1565540727610235e-03   -2.4747054074159809e-03 
  -4.2405836884369197e-04    3.5388613939667233e-05    4.4572774706390563e-03   -1.4604463186222297e-03   -3.1901389341728020e-03 
   1.2823801719502612e-03   -8.5704361473785636e-04   -2.4252773609498555e-03    5.3917463269240228e-04   -5.8806329710439330e-03 
   1.4587095272063256e-03   -4.0181199121734249e-04   -2.3966172213984527e-03   -1.4291975292366863e-03   -4.8308349061907674e-03 
 TENSORSUMACCUMULATOR_IMPL_H - PrettifyOut: Norm of simple tensor is 6.92939e-05 
 As simple full tensor 3    5 5 5 
  -9.9562908170949510e-07    2.4128798850404079e-07   -1.0289206998222822e-05    3.0461219193014950e-08   -5.9713808538458463e-06 
  -3.0483956732705523e-06   -6.8869856549257814e-08   -3.1006434522100545e-06   -1.6618628166358315e-08   -1.5949553725617780e-06 
  -4.7697684298613090e-07   -8.5308327140794445e-09   -4.0460355593700398e-07   -8.5047186426672419e-09   -2.4030977693974313e-07 
   7.7759451183362354e-08    1.1781548155743299e-08    2.1063590773467978e-08    2.1039804056602118e-09    3.9454974107381877e-08 
  -9.9021424674059777e-09   -5.8088690815887543e-09    7.5111598933005781e-09    3.4428189807473470e-10   -6.6853958186556885e-09 

  -5.0026027389382198e-07    3.9536009156130331e-05   -7.7006491322703263e-08    2.6390305039842340e-05   -7.3652197454422065e-09 
  -6.0097749617317588e-08    3.6101796494417424e-05    2.1957901104497034e-08    7.6622790025954533e-06   -3.9374869711484801e-10 
  -3.8920679125642060e-08    2.8683992682139204e-05    7.8459001766111150e-09    1.4400844427812770e-06   -2.2810516136740017e-09 
   1.6949452490232667e-08   -1.2074492653024444e-05    6.2973211846697727e-10   -3.4261380237201634e-07   -4.8740513495246343e-09 
  -5.6013118073780219e-09    3.5372581541518671e-06   -6.7594690904600310e-10    7.7247417052610402e-08    2.5200592003128615e-09 

  -1.8858246687047203e-07    1.5722078739320186e-08   -1.1891438561462883e-06    4.0910981912899229e-09   -3.4555728446014987e-08 
   3.5903481840425993e-07   -3.5953605126923024e-09   -1.6802780243851769e-07    5.8967081429781703e-10   -6.1424474602777076e-09 
   4.5708685969318973e-08    7.0738859127360492e-10   -2.8562824475365672e-08    1.3492038484312497e-09   -1.1042430944541364e-09 
   1.3927235300371858e-08   -3.7846841245887923e-09    5.0426892853717653e-09   -9.7934095759521906e-10    6.6221338539374946e-10 
  -8.2869110587738723e-09    1.3742708438222439e-09   -7.5529347287912044e-10    4.8633057296238128e-10   -2.5240077768958817e-10 

  -6.2952231193599756e-09   -4.8790285992697955e-06   -6.7074266038886766e-09    6.3101645620664055e-08   -6.5219012109666501e-11 
  -9.5374457206639141e-09   -2.4716385729197778e-06    3.1051401713688359e-10    4.6949713471408725e-09   -1.0594515470118421e-09 
  -7.4549172908009588e-09   -2.5736181560893986e-07   -6.0211294451932316e-10    5.4488670943384387e-10   -7.2537733645603438e-10 
   3.8873650823180244e-09    1.1269203564424575e-08   -1.7080859176207106e-09   -3.9346560183545320e-09    3.3858790955027406e-10 
  -1.0075921935348745e-09    5.2475552407759334e-09    7.6235524830192701e-10    1.7496798083447482e-09    3.4924923299730455e-10 

   5.6616574335627393e-07    1.6677898546062500e-09   -7.2229048391986969e-09   -2.1568215541028035e-10    6.4406156643649694e-10 
   3.1704306260579873e-07    2.1818550783215907e-10   -6.3634208448153723e-10   -3.7583928243022843e-10   -3.3147836421744892e-10 
   4.8608789638231793e-08   -7.9728814226648132e-10   -6.9429868505747562e-10   -1.9250921918911239e-09    1.8588780751829036e-09 
  -6.7679811286116558e-09    1.7691424168135319e-10    1.2244533672682139e-09   -3.1716074421009988e-09    1.2882727120719241e-09 
   9.2809294903385569e-10   -1.3187734528522875e-10   -1.1175875561406742e-10    1.5753209195941652e-09   -8.9085726276923128e-10 
