2    102 5 
   7.2478468854535313e-04   -6.4267669802283074e-04   -4.0311518702450845e-06    9.4602712245576177e-08    1.4410388928339171e-09 
   5.1264390952814477e-04    5.7811774664784984e-04    3.3845854374590209e-06   -8.4969182350025986e-08   -1.2195758274112730e-09 
  -1.7634022199406716e-03    1.5636333574763216e-03    9.8077984665695073e-06   -2.3016853890921945e-07   -3.5060497590591235e-09 
  -1.2472633906151123e-03   -1.4065613332312074e-03   -8.2347013786572804e-06    2.0673014641534292e-07    2.9672297931117889e-09 
  -1.7616897232489474e-03    1.5621148627611237e-03    9.7982737975874838e-06   -2.2994501482777969e-07   -3.5026449212146910e-09 
  -1.2460521329644278e-03   -1.4051953762177548e-03   -8.2267043949238902e-06    2.0652938411176144e-07    2.9643482206906875e-09 
   3.8630555897445360e-03    2.5741115596992561e-03    2.2087255493123874e-05   -3.8975968405209325e-07   -8.4666161705863134e-09 
  -2.4754635548884617e-04    3.7198076256499509e-04   -5.5914953983216391e-05   -9.2203283992296175e-07    1.2866681501063423e-08 
   1.4758948738385071e-03    9.8344897384710240e-04    8.4385187844575309e-06   -1.4890914882212232e-07   -3.2347024562887287e-09 
  -9.4576013369653228e-05    1.4211664520015897e-04   -2.1362517840495907e-05   -3.5226610395297249e-07    4.9157639152658573e-09 
  -3.8094106916840118e-03   -2.5383657753043657e-03   -2.1780537522895611e-05    3.8434722802257510e-07    8.3490432413759627e-09 
   2.4410876607369318e-04   -3.6681519618245309e-04    5.5138482628661821e-05    9.0922889326544192e-07   -1.2688006407871864e-08 
   2.9083166319896652e-03   -2.5788449444252297e-03   -1.6175653563874105e-05    3.7960879389896931e-07    5.7824033062621795e-09 
   2.0570671979304846e-03    2.3197916352217748e-03    1.3581200425064082e-05   -3.4095268586745268e-07   -4.8937466793778945e-09 
   7.6184455238319986e-04   -6.7553819647457776e-04   -4.2372736906726078e-06    9.9439960727671655e-08    1.5147224377507528e-09 
   5.3885654037516854e-04    6.0767820137546302e-04    3.5576468685876691e-06   -8.9313846880157109e-08   -1.2819354699618108e-09 
  -2.7489457183520771e-03    2.4375285312114620e-03    1.5289254655720802e-05   -3.5880686344782963e-07   -5.4655372237305955e-09 
  -1.9443433372813050e-03   -2.1926709124340353e-03   -1.2836973233213619e-05    3.2226904583452012e-07    4.6255775017771038e-09 
   3.6097973018710586e-03    2.4053552290537860e-03    2.0639235815420366e-05   -3.6420740607628804e-07   -7.9115527847171033e-09 
  -2.3131744945734632e-04    3.4759405394522319e-04   -5.2249222237106539e-05   -8.6158523491776141e-07    1.2023153974246715e-08 
   8.5722526162599841e-04    5.7120416829508367e-04    4.9012376158805089e-06   -8.6489008343500689e-08   -1.8787711161044203e-09 
  -5.4931383827826706e-05    8.2543804794355357e-05   -1.2407719729510302e-05   -2.0460224401870226e-07    2.8551606778034682e-09 
  -3.5974577774968873e-03   -2.3971329004864551e-03   -2.0568683833657669e-05    3.6296242033645092e-07    7.8845083857493386e-09 
   2.3052672713499582e-04   -3.4640585833691271e-04    5.2070616487971520e-05    8.5864004129118759e-07   -1.1982054713232051e-08 
  -3.8627463191735624e-03   -2.5745800928313077e-03   -2.2017012650225867e-05    3.9091832460722280e-07    8.4504540103381136e-09 
  -3.8627463191735624e-03   -2.5745800928313077e-03   -2.2017012650225867e-05    3.9091832460722280e-07    8.4504540103381136e-09 
  -1.4756141007371509e-03   -9.8389487144086990e-04   -8.3726638559069141e-06    1.4999724952908554e-07    3.2195581591433747e-09 
  -1.4756141007371509e-03   -9.8389487144086990e-04   -8.3726638559069141e-06    1.4999724952908554e-07    3.2195581591433747e-09 
   3.8090842848595504e-03    2.5388640410943151e-03    2.1706019767270105e-05   -3.8557671988676361e-07   -8.3318989824066681e-09 
   3.8090842848595504e-03    2.5388640410943151e-03    2.1706019767270105e-05   -3.8557671988676361e-07   -8.3318989824066681e-09 
  -4.0315156605647811e-03   -8.3856108679555646e-04   -4.2272026396107742e-06    1.2287989969266210e-07    1.5524432692706833e-09 
  -4.0315156605647811e-03   -8.3856108679555646e-04   -4.2272026396107742e-06    1.2287989969266210e-07    1.5524432692706833e-09 
  -4.9142943038483415e-04    2.2851406826685191e-03    1.3900698784700323e-05   -3.3614171189852197e-07   -4.9864774441266909e-09 
  -4.9142943038483415e-04    2.2851406826685191e-03    1.3900698784700323e-05   -3.3614171189852197e-07   -4.9864774441266909e-09 
  -1.1306997935768657e-03   -2.7937247806466848e-04   -1.4523944787464382e-06    4.0962077826942147e-08    5.3119854534121740e-10 
  -1.1306997935768657e-03   -2.7937247806466848e-04   -1.4523944787464382e-06    4.0962077826942147e-08    5.3119854534121740e-10 
   4.1645531721499190e-03    6.6642556718301291e-05   -4.6160163773169105e-07   -9.3352132244146484e-09    1.2981314672157230e-10 
   4.1645531721499190e-03    6.6642556718301291e-05   -4.6160163773169105e-07   -9.3352132244146484e-09    1.2981314672157230e-10 
   8.0904650313835114e-01    3.5627248124827697e-02    6.6037507448583121e-01    1.1070089282683097e-02   -2.0357221399066350e-04 
   9.1936723195626402e-02    1.7357448713307235e+00    7.2048421424792869e-02    1.0016469720217893e+00    2.5371240868935167e-02 
  -3.7820290039745430e+00   -3.8434419813800930e-01   -6.1687592589874907e+00   -2.5709164832985104e-01   -2.7568502180870822e+00 
   1.0359253732154963e-03    1.7560422606738295e-05   -8.4574163460046712e-04   -2.4102688095805389e-05    6.1321302670513803e-07 
  -7.9141503751684766e-04   -2.8115245646441676e-06    4.8957315756643021e-08    5.7695819453840154e-10   -3.9919788417312739e-12 
   4.0680722885675612e-03    1.4451943200298915e-05   -2.5165291296099714e-07   -2.9657101919973036e-09    2.0519775001431304e-11 
  -8.5983313582057468e-04   -3.0545818164380131e-06    5.3189692301615227e-08    6.2683642606016335e-10   -4.3370867659841714e-12 
   1.5915146748646564e-04    5.6539014186704817e-07   -9.8451865045616295e-09   -1.1602476448670409e-10    8.0277636981711849e-13 
  -1.0079488737541863e-01   -3.5807672133156683e-04    6.2352203255786539e-06    7.3481591177859139e-08   -5.0841977809752217e-10 
   5.7503646230302550e-03    2.0428334852010179e-05   -3.5572032779264531e-07   -4.1921366584728360e-09    2.9005430550576489e-11 
   3.6401663516049396e-04    1.2931795116049404e-06   -2.2518244540992368e-08   -2.6537577711830074e-10    1.8361373447721099e-12 
  -1.0079488737541863e-01   -3.5807672133156683e-04    6.2352203255786539e-06    7.3481591177859139e-08   -5.0841977809752217e-10 
  -1.9240480609981975e-02   -6.8352357873124878e-05    1.1902254062393938e-06    1.4026714718002822e-08   -9.7050962969798004e-11 
  -5.8593413495996267e-03   -2.0815477791175998e-05    3.6246168063517136e-07    4.2715829823706573e-09   -2.9555120367023534e-11 
  -1.8978020972017298e-02   -6.7419962499793868e-05    1.1739895265048780e-06    1.3835376126137769e-08   -9.5727089563436137e-11 
   7.7499619367359953e-04    2.7531961521171741e-06   -4.7941638161085838e-08   -5.6498851232218923e-10    3.9091605048020348e-12 
  -1.6213312992555993e-02   -5.7598258299287395e-05    1.0029633580483349e-06    1.1819845906670654e-08   -8.1781618180678623e-11 
   5.1338494648200637e-03    1.8238147112815823e-05   -3.1758240288796401e-07   -3.7426841516029034e-09    2.5895664687517183e-11 
  -3.6628418516311363e-03   -1.3012350478680966e-05    2.2658516277324981e-07    2.6702886872449749e-09   -1.8475751001898325e-11 
  -1.6020972524215884e-02   -5.6914963282288345e-05    9.9106508395077352e-07    1.1679625663069561e-08   -8.0811433077257399e-11 
  -1.5448704479285872e-02   -5.4881964679014559e-05    9.5566430680483898e-07    1.1262430231667601e-08   -7.7924854204145071e-11 
  -1.5720649224968434e-03   -5.5848056168900050e-06    9.7248693987548974e-08    1.1460683666395741e-09   -7.9296571469324875e-12 
   1.1912393930145853e-03    4.2319120272730680e-06   -7.3690643140357697e-08   -8.6843855230901544e-10    6.0087340105030498e-12 
  -1.5196502028533225e-02   -5.3986008256731603e-05    9.4006294161618009e-07    1.1078569344842703e-08   -7.6652719104973537e-11 
  -1.4967662478123686e-03   -6.1862882786717890e-06    1.2283452916986397e-07    1.6257964743382388e-09   -1.2478101695944950e-11 
  -1.4967662478123686e-03   -6.1862882786717890e-06    1.2283452916986397e-07    1.6257964743382388e-09   -1.2478101695944950e-11 
  -1.1686538165235657e-02   -4.8301659778548639e-05    9.5907454838086398e-07    1.2693987838133822e-08   -9.7427244843667025e-11 
  -1.1686538165235657e-02   -4.8301659778548639e-05    9.5907454838086398e-07    1.2693987838133822e-08   -9.7427244843667025e-11 
   6.8484285833412565e-03    2.8305257106356005e-05   -5.6202730507697531e-07   -7.4388041965983646e-09    5.7093342694791251e-11 
   6.8484285833412565e-03    2.8305257106356005e-05   -5.6202730507697531e-07   -7.4388041965983646e-09    5.7093342694791251e-11 
  -7.3290918659280589e-04   -9.4099699583294165e-03   -9.5357464672110375e-05    1.9055222275104598e-06    4.6751985319681754e-08 
  -7.3290918659280589e-04   -9.4099699583294165e-03   -9.5357464672110375e-05    1.9055222275104598e-06    4.6751985319681754e-08 
   3.7410915852718998e-04    4.8032634974087395e-03    4.8674653722944106e-05   -9.7266254827947355e-07   -2.3864274329445775e-08 
   3.7410915852718998e-04    4.8032634974087395e-03    4.8674653722944106e-05   -9.7266254827947355e-07   -2.3864274329445775e-08 
   1.0777251824982195e-03    7.9262393802271121e-05    8.7799419319852640e-04    1.5426661066941721e-05   -2.9362129240055911e-07 
   1.0777251824982195e-03    7.9262393802271121e-05    8.7799419319852640e-04    1.5426661066941721e-05   -2.9362129240055911e-07 
  -1.3788096553238477e-02   -5.6987615946820006e-05    1.1315423171394131e-06    1.4976713162027718e-08   -1.1494732142462468e-10 
  -1.3788096553238477e-02   -5.6987615946820006e-05    1.1315423171394131e-06    1.4976713162027718e-08   -1.1494732142462468e-10 
  -1.9374861883866303e-03   -8.0078289544695913e-06    1.5900291984231064e-07    2.1045091167454550e-09   -1.6152254721478594e-11 
  -1.9374861883866303e-03   -8.0078289544695913e-06    1.5900291984231064e-07    2.1045091167454550e-09   -1.6152254721478594e-11 
   4.9184489799967643e-05    6.3148965779111460e-04    6.3993033984467520e-06   -1.2787687789574746e-07   -3.1374590292339717e-09 
   4.9184489799967643e-05    6.3148965779111460e-04    6.3993033984467520e-06   -1.2787687789574746e-07   -3.1374590292339717e-09 
  -9.6753007896302750e-04   -1.2422315265479775e-02   -1.2588355694220557e-04    2.5155232121183731e-06    6.1718358666394157e-08 
  -9.6753007896302750e-04   -1.2422315265479775e-02   -1.2588355694220557e-04    2.5155232121183731e-06    6.1718358666394157e-08 
  -1.1168404186452611e-03   -8.2139163596189134e-05   -9.0986034122995973e-04   -1.5986560288369441e-05    3.0427805942851748e-07 
  -1.1168404186452611e-03   -8.2139163596189134e-05   -9.0986034122995973e-04   -1.5986560288369441e-05    3.0427805942851748e-07 
   3.1591654070375927e-03    4.6189666414161393e-03    3.7222516487860373e-03    5.7884860411384396e-05   -1.0446904123572767e-06 
   4.2716410649527370e-04   -3.6283735702282089e-04    5.3126257884744817e-04   -8.9616245046770124e-05   -2.4040274393845617e-06 
   2.0147164292840129e-02    2.9456855782370114e-02    2.3738173170777244e-02    3.6915312828455566e-04   -6.6623765017272804e-06 
   2.7241832334555338e-03   -2.3139478000214998e-03    3.3880576290287625e-03   -5.7151588462022341e-04   -1.5331370645513080e-05 
  -1.2359359383826551e-02   -1.8070427264110980e-02   -1.4562278297269329e-02   -2.2645847891130083e-04    4.0870617987897887e-06 
  -1.6711612175434984e-03    1.4195006324559515e-03   -2.0784176493345505e-03    3.5059872987173351e-04    9.4050913021980092e-06 
   1.3725648601669960e-01    1.5307693364398012e-01    1.1319653435684426e-01    1.0379621736346577e-01    2.4575368078411917e-03 
  -9.6243724104948629e-03    2.0966230170367851e-02   -1.1091284380544608e-02    1.4613447202023688e-02   -2.6781326887435936e-03 
  -5.7225647220969997e-02   -6.3821585825186017e-02   -4.7194454191061330e-02   -4.3275227933418994e-02   -1.0246082970604262e-03 
   4.0126405408572544e-03   -8.7413434956884403e-03    4.6242326727734939e-03   -6.0927100680949441e-03    1.1165802134723332e-03 
  -6.9562933362704610e-02   -1.0189784858798508e-01   -1.2236622861995784e-01   -5.9927526791595402e-02   -6.0191426144118404e-02 
  -8.9861617005117071e-03    8.2752738156676026e-03   -1.6846298569941309e-02    7.2454647347690616e-03   -8.3416264681456017e-03 
  -2.5015247677415947e-02    2.8549914292110758e-02   -3.1590813266628485e-02   -4.1997723651378190e-04    9.2317232744840738e-06 
   2.3943221014869759e-02    2.1260746752792273e-02    2.8655768763966801e-02    3.5855526962778731e-04   -8.4680189352178067e-06 
  -3.3577021928855783e-03    3.8321471392770189e-03   -4.2403155206878406e-03   -5.6371957863021999e-05    1.2391393394370745e-06 
   3.2138081038850983e-03    2.8537497175646514e-03    3.8463555851361679e-03    4.8127519288438457e-05   -1.1366301911072879e-06 
  -7.4734572399100625e-03    1.1189463296560015e-02   -6.0383833972208478e-03    7.8819451244082420e-03    1.7089823213625426e-04 
  -5.7626951622655933e-03   -1.0541411806746026e-02   -4.7563035281167751e-03   -7.2098265921463657e-03   -1.4720426159124488e-04 
2    102 5 
   7.3405948782886781e-04   -6.2028170729005029e-04    1.2028472780835462e-04   -1.7176088885316255e-05    2.5060376889034794e-06 
  -5.0410746124582599e-04   -5.7204509741303616e-04    1.2385745174680105e-04   -1.8099522679111629e-05    2.6800322564499666e-06 
   1.7859678203245304e-03   -1.5091463118780000e-03    2.9265292078385185e-04   -4.1789449679261122e-05    6.0971934061364475e-06 
  -1.2264941993099519e-03   -1.3917865686551461e-03    3.0134536341386395e-04   -4.4036165466283582e-05    6.5205224464958505e-06 
   1.7842334094514767e-03   -1.5076807312877100e-03    2.9236871610666668e-04   -4.1748866598716331e-05    6.0912722252403701e-06 
  -1.2253031112898810e-03   -1.3904349598914411e-03    3.0105271722567317e-04   -4.3993400527675429e-05    6.5141901571340311e-06 
  -4.4880240698169449e-03    1.1806047799710429e-03   -1.1957419636127246e-04    1.4220950067021753e-05   -1.7021876725841998e-06 
  -4.4880240698169449e-03    1.1806047799710429e-03   -1.1957419636127246e-04    1.4220950067021753e-05   -1.7021876725841998e-06 
  -1.7146184412672144e-03    4.5123590854869870e-04   -4.5693022042492463e-05    5.4337901451303225e-06   -6.5031960283611099e-07 
  -1.7146184412672144e-03    4.5123590854869870e-04   -4.5693022042492463e-05    5.4337901451303225e-06   -6.5031960283611099e-07 
  -4.4256935962018401e-03    1.1642360685612926e-03   -1.1791503393295292e-04    1.4023557754328393e-05   -1.6785489063554879e-06 
  -4.4256935962018401e-03    1.1642360685612926e-03   -1.1791503393295292e-04    1.4023557754328393e-05   -1.6785489063554879e-06 
   2.9455332750022937e-03   -2.4889813959110912e-03    4.8266206500787210e-04   -6.8921854679291112e-05    1.0055884466404351e-05 
  -2.0228133085893421e-03   -2.2954241409176468e-03    4.9699820181637092e-04   -7.2627283206522410e-05    1.0754066012825959e-05 
   7.7159359291932746e-04   -6.5199809972573005e-04    1.2643515524535909e-04   -1.8054340765380276e-05    2.6341770066775242e-06 
  -5.2988360438001401e-04   -6.0129504398928526e-04    1.3019056055771090e-04   -1.9024991796518244e-05    2.8170683060172000e-06 
   2.7841229512350768e-03   -2.3525893556737335e-03    4.5621298672237438e-04   -6.5145051689885811e-05    9.5048387249547691e-06 
  -1.9119665040969410e-03   -2.1696387162840332e-03    4.6976352708099809e-04   -6.8647428897564039e-05    1.0164761084012039e-05 
   4.3373802955977720e-03   -5.8932901705503841e-05   -3.5280320632039603e-05    6.5311270719958410e-06   -1.0947794470295993e-06 
   4.3373802955977720e-03   -5.8932901705503841e-05   -3.5280320632039603e-05    6.5311270719958410e-06   -1.0947794470295993e-06 
  -2.8127575298749413e-04    9.7063866500725858e-04   -1.9771939352574068e-04    2.8536901247769359e-05   -4.1924463103585689e-06 
  -2.8127575298749413e-04    9.7063866500725858e-04   -1.9771939352574068e-04    2.8536901247769359e-05   -4.1924463103585689e-06 
   4.3028251189476631e-03   -4.1635666919163797e-04    3.9038829812285164e-05   -4.2413907946226760e-06    4.9217013529057805e-07 
   4.3028251189476631e-03   -4.1635666919163797e-04    3.9038829812285164e-05   -4.2413907946226760e-06    4.9217013529057805e-07 
  -4.4879534545575949e-03    1.1804476350152791e-03   -1.1956479524396777e-04    1.4220172965094176e-05   -1.7021533073557402e-06 
  -6.0464924803746938e-05   -2.2869137047550875e-04    1.1662562698861430e-05   -7.8515622254903376e-07   -9.5479501236270952e-09 
  -1.7146515809552420e-03    4.5099763714313043e-04   -4.5680501651251731e-05    5.4329088532089663e-06   -6.5031865616204753e-07 
  -2.3101014740204010e-05   -8.7373013982228629e-05    4.4557573450956465e-06   -2.9997400194143870e-07   -3.6478559637764394e-09 
  -4.4256329855790226e-03    1.1640557425940039e-03   -1.1790449858795764e-04    1.4022709275438231e-05   -1.6785169230968720e-06 
  -5.9625298789645355e-05   -2.2551572402469431e-04    1.1500614411241167e-05   -7.7425341250295147e-07   -9.4153656983398413e-09 
  -3.9810073074363281e-03    1.0471077092543072e-03   -1.0605910431067184e-04    1.2613903655698428e-05   -1.5098830287730995e-06 
  -5.3634983055106802e-05   -2.0285905953103847e-04    1.0345193593853452e-05   -6.9646726310688271e-07   -8.4694414944515021e-09 
  -2.2597749113506833e-03    5.9437914781888758e-04   -6.0203281363962829e-05    7.1601433541950046e-06   -8.5706845629803028e-07 
  -3.0445306857952277e-05   -1.1515070881988510e-04    5.8723350979002802e-06   -3.9534196403159477e-07   -4.8075850970087801e-09 
  -1.1260102886413896e-03    2.9616977887321407e-04   -2.9998348014792460e-05    3.5677867934872746e-06   -4.2706372878737174e-07 
  -1.5170417456492645e-05   -5.7377786709756953e-05    2.9260921985515066e-06   -1.9699268134860173e-07   -2.3955440232387032e-09 
  -4.0267175871245113e-03    1.0591306930263441e-03   -1.0727688437162858e-04    1.2758737618445680e-05   -1.5272196398897729e-06 
  -5.4250824696979778e-05   -2.0518830528025488e-04    1.0463978026054850e-05   -7.0446416211553594e-07   -8.5666883743532103e-09 
   3.6892193914519616e-03   -1.6045337925846211e-04    1.2890441613335456e-05   -1.0815117431349411e-06    1.0640098738215366e-07 
   3.2737937633575215e-04   -1.4238547957953080e-05    1.1438909667026613e-06   -9.5972779712610262e-08    9.4419673092329492e-09 
   4.7151356564773763e-05   -2.0507304377094908e-06    1.6475078988147838e-07   -1.3822638455089461e-08    1.3598949703355555e-09 
   1.0069970845072217e-01   -4.3796822028795519e-03    3.5185321731518381e-04   -2.9520585702239338e-05    2.9042860484463979e-06 
   1.7329448526168479e-03    8.7237445593932560e-03   -1.0060817396700973e-03    1.3458200165638868e-04   -1.7415179069650111e-05 
   7.8225616650360363e-01    2.1133442157606067e-01    5.8941606097931787e-01   -1.2058833362934368e-01    2.3021807503134876e-02 
   9.9078388329897182e-01    3.7684796268049299e+00    8.3962571191433932e-01    1.8361150113117304e+00   -5.6908273472223747e-01 
   1.0115075233013046e+01    6.7982385285897324e+00    1.5888903293080869e+01    2.4843144147266685e+00    5.4931110276991699e+00 
  -1.2057354041063696e-03    2.4985211958358463e-04    9.1076927168544570e-04   -3.1974982640631716e-04    9.1941397081734822e-05 
   5.7449346499861458e-03   -2.4986157785712981e-04    2.0073282941551637e-05   -1.6841541877121902e-06    1.6568998867912209e-07 
   3.6367290034607666e-04   -1.5817044098938285e-05    1.2707035800379581e-06   -1.0661239429011784e-07    1.0488710910121537e-08 
   1.0069970845072217e-01   -4.3796822028795519e-03    3.5185321731518381e-04   -2.9520585702239338e-05    2.9042860484463979e-06 
   1.9222312146255433e-02   -8.3602643642556249e-04    6.7164368963455582e-05   -5.6351097916675273e-06    5.5439180355294285e-07 
   5.8538084716570453e-03   -2.5459677269004097e-04    2.0453697195233927e-05   -1.7160710525454079e-06    1.6883002479426705e-07 
   1.8960100344532934e-02   -8.2462218929260298e-04    6.6248178961781246e-05   -5.5582411881335300e-06    5.4682933798877185e-07 
   7.7426437774247032e-04   -3.3674694472245901e-05    2.7053445988330789e-06   -2.2697918664305418e-07    2.2330603183294140e-08 
   1.6198003032531424e-02   -7.0449166829994058e-04    5.6597179562503613e-05   -4.7485195745226350e-06    4.6716753150377249e-07 
   5.1290016567184966e-03   -2.2307311133340862e-04    1.7921161464081366e-05   -1.5035905793925870e-06    1.4792583000729792e-07 
   3.6593830913919092e-03   -1.5915572393866812e-04    1.2786191081428028e-05   -1.0727650936509307e-06    1.0554047694637544e-07 
   1.6005844188075512e-02   -6.9613419950348128e-04    5.5925760462114989e-05   -4.6921873197080145e-06    4.6162546728506635e-07 
   1.5434116526279731e-02   -6.7126833341722291e-04    5.3928096116052132e-05   -4.5245827089494598e-06    4.4513623710544854e-07 
   1.5705804479091694e-03   -6.8308472206396473e-05    5.4877396583485401e-06   -4.6042292900433493e-07    4.5297200488494392e-08 
   1.1901145255988313e-03   -5.1761057577483594e-05    4.1583598527536691e-06   -3.4888758258533223e-07    3.4324161071841720e-08 
   1.5182152226079096e-02   -6.6030977575774633e-04    5.3047711743166427e-05   -4.4507182079254327e-06    4.3786932031852098e-07 
   1.2206127666485633e-04   -4.5633807756325457e-03    1.8387375568228190e-03   -3.2107706636869392e-04    5.3997859632646667e-05 
  -2.6673384342164764e-04   -1.4843415469865734e-04   -2.9687222376653335e-04    3.8435476803537401e-05   -5.2855746759163706e-06 
  -1.3573397267992715e-01    1.4166963628887610e-02   -9.6779975300493357e-02    5.4566529631127160e-02   -1.3805032159576609e-02 
  -4.1921978914191771e-03   -1.3152350189639126e-02   -5.1529899804892820e-03   -7.4630088891249318e-03    1.6749926161756998e-03 
  -1.8719511707075174e-02   -3.8004021961184742e-01    7.8534852681511183e-02   -1.8644067500205383e-01    1.3679248698641464e-01 
  -2.4578549520474311e-02   -2.2294040049973384e-02   -4.4075618566029054e-02   -1.2849423349707453e-02   -1.5967113603048089e-02 
   7.6973977049331018e-04   -2.8777477729923874e-02    1.1595400799160504e-02   -2.0247681666962407e-03    3.4051995208018781e-04 
  -1.6820702931193553e-03   -9.3605175443826308e-04   -1.8721281935738057e-03    2.4238084265485959e-04   -3.3331758843847321e-05 
  -5.5959116963126353e-02    5.8406216149784630e-03   -3.9899531787075469e-02    2.2496172134448305e-02   -5.6914079360156460e-03 
  -1.7283196498763473e-03   -5.4223263938317952e-03   -2.1244259144170856e-03   -3.0767786360175802e-03    6.9055009494178236e-04 
   1.1355240835091805e-04   -4.2452683721974395e-03    1.7105595124635416e-03   -2.9869484531542655e-04    5.0233679137383976e-05 
  -2.4813987807441405e-04   -1.3808683808743215e-04   -2.7617731767415137e-04    3.5756147046871906e-05   -4.9171182734461157e-06 
  -8.9850103806399023e-04    2.3632897180881385e-04   -2.3937211856223101e-05    2.8469190467230680e-06   -3.4077593029626186e-07 
  -1.2105249809900972e-05   -4.5784662396588197e-05    2.3348782017273234e-06   -1.5719050746533426e-07   -1.9115267536364896e-09 
  -2.8889259108852356e-05    7.5986210502599869e-06   -7.6964665188141046e-07    9.1536212556776390e-08   -1.0956875653256381e-08 
  -3.8921679944760267e-07   -1.4721017774630164e-06    7.5072702756864216e-08   -5.0541035649806537e-09   -6.1460798975031388e-11 
  -1.6683712390402311e-04    4.3882471228674765e-05   -4.4447534406622729e-06    5.2862686365536828e-07   -6.3276583662997504e-08 
  -2.2477492811530470e-06   -8.5014719733906869e-06    4.3354915279980033e-07   -2.9187737197319199e-08   -3.5493962981887332e-10 
  -8.1198606580978427e-04    2.1357330033740436e-04   -2.1632342822296950e-05    2.5727945750720123e-06   -3.0796325796144970e-07 
  -1.0939658110986064e-05   -4.1376143508903937e-05    2.1100571783986855e-06   -1.4205492963529572e-07   -1.7274694436857187e-09 
  -3.8005828531048364e-04    9.9965141930587965e-05   -1.0125236708454435e-05    1.2042225055707361e-06   -1.4414531564988386e-07 
  -5.1204175522370009e-06   -1.9366522181722196e-05    9.8763358990589502e-07   -6.6490245646332776e-08   -8.0855953364013766e-10 
   1.7382865493512580e-03   -8.9894131333691959e-05    8.3624617018320861e-06   -7.9679254331117025e-07    8.7732762802068672e-08 
   1.7382865493512580e-03   -8.9894131333691959e-05    8.3624617018320861e-06   -7.9679254331117025e-07    8.7732762802068672e-08 
   2.9415499410544092e-03    1.0618891849636219e-02   -1.3316407786865276e-03    1.9136297937723807e-04   -2.6453569967505504e-05 
   2.9415499410544092e-03    1.0618891849636219e-02   -1.3316407786865276e-03    1.9136297937723807e-04   -2.6453569967505504e-05 
   5.2843645879701636e-03    1.6174907975194954e-03    3.8851715705854203e-03   -8.4177340910362682e-04    1.6886298479099900e-04 
   5.2843645879701636e-03    1.6174907975194954e-03    3.8851715705854203e-03   -8.4177340910362682e-04    1.6886298479099900e-04 
   1.3678070121422166e-02   -7.0735071403817758e-04    6.5801773354373015e-05   -6.2697282468784753e-06    6.9034353513271358e-07 
   1.3678070121422166e-02   -7.0735071403817758e-04    6.5801773354373015e-05   -6.2697282468784753e-06    6.9034353513271358e-07 
   1.5131986903454098e-03    5.4625940615610508e-03   -6.8502562346322020e-04    9.8441371242004086e-05   -1.3608304544182333e-05 
   1.5131986903454098e-03    5.4625940615610508e-03   -6.8502562346322020e-04    9.8441371242004086e-05   -1.3608304544182333e-05 
   2.0622481070570920e-03   -1.0664755028314210e-04    9.9209597067737728e-06   -9.4528943733351434e-07    1.0408337111218989e-07 
   2.0622481070570920e-03   -1.0664755028314210e-04    9.9209597067737728e-06   -9.4528943733351434e-07    1.0408337111218989e-07 
   2.4494773914243125e-03   -2.0698132011274586e-03    4.0137717199410479e-04   -5.7314757312264305e-05    8.3623776584948653e-06 
  -1.6821522637383702e-03   -1.9088528330758619e-03    4.1329896669620555e-04   -6.0396156351283702e-05    8.9429787766635494e-06 
   3.2878409659059012e-04   -2.7782320662623539e-04    5.3875341470056327e-05   -7.6931433497593130e-06    1.1224503616254439e-06 
  -2.2578894350988159e-04   -2.5621810450036496e-04    5.5475558934643530e-05   -8.1067479018266430e-06    1.2003822563164898e-06 
   3.5927853361547194e-05   -3.0359106573611225e-05    5.8872232209873390e-06   -8.4066756581505897e-07    1.2265566496761254e-07 
  -2.4673067028491606e-05   -2.7998210930881589e-05    6.0620868442904663e-06   -8.8586416702064399e-07    1.3117166593506186e-07 
2    102 5 
  -2.7958145207324439e-04   -1.0166107208921939e-03   -2.0358282942052780e-05    1.0779166385496604e-05   -3.4498941762141685e-07 
  -2.7958145207324439e-04   -1.0166107208921939e-03   -2.0358282942052780e-05    1.0779166385496604e-05   -3.4498941762141685e-07 
  -3.0693361128596508e-05   -2.5655856742181136e-03   -2.5017612595753752e-06   -2.1200532584071852e-05   -4.2904946493284892e-08 
  -3.0693361128596508e-05   -2.5655856742181136e-03   -2.5017612595753752e-06   -2.1200532584071852e-05   -4.2904946493284892e-08 
  -1.5389396626291195e-05    2.5632030205364046e-03   -8.3589055977111822e-07    2.4483949108008741e-05   -1.3620213025008971e-08 
  -1.5389396626291195e-05    2.5632030205364046e-03   -8.3589055977111822e-07    2.4483949108008741e-05   -1.3620213025008971e-08 
  -5.8443121446315552e-05   -4.6416358737858812e-03   -3.9163199101381008e-06   -3.9016468881079546e-05   -6.6387955282597449e-08 
   4.4925058133102504e-04   -5.5533066672177573e-06    2.6385065796851266e-05   -1.4930638146700990e-05    4.4556652039172533e-07 
  -2.2328413699954692e-05   -1.7733543908951439e-03   -1.4962447071766687e-06   -1.4906388240888087e-05   -2.5363767258830766e-08 
   1.7163786920790250e-04   -2.1216616361303517e-06    1.0080513327026629e-05   -5.7043062912048090e-06    1.7023035991146477e-07 
  -5.7631542316921315e-05   -4.5771791043973309e-03   -3.8619353491420081e-06   -3.8474660862224317e-05   -6.5466049032261279e-08 
   4.4301199607661826e-04   -5.4761898452769617e-06    2.6018665642333710e-05   -1.4723301611476210e-05    4.3937909439944830e-07 
   3.1196512259812673e-06    4.2316135811575877e-03    6.2429265748387047e-07    3.7231523123200489e-05    1.0772889237823367e-08 
   3.1196512259812673e-06    4.2316135811575877e-03    6.2429265748387047e-07    3.7231523123200489e-05    1.0772889237823367e-08 
   2.0959818211924284e-05    1.1082942010032012e-03    1.3465433344864203e-06    9.0840018580296770e-06    2.2799535809187816e-08 
   2.0959818211924284e-05    1.1082942010032012e-03    1.3465433344864203e-06    9.0840018580296770e-06    2.2799535809187816e-08 
  -6.4113233163897108e-06    3.9997214482138692e-03    4.0343487017886139e-08    3.5501293325603950e-05    8.9906426728678554e-10 
  -6.4113233163897108e-06    3.9997214482138692e-03    4.0343487017886139e-08    3.5501293325603950e-05    8.9906426728678554e-10 
  -5.4611645421282638e-05   -4.3373345954279222e-03   -3.6595696635614069e-06   -3.6458585910427172e-05   -6.2035623430338645e-08 
   4.1979813613295228e-04   -5.1892371098679649e-06    2.4655285721493486e-05   -1.3951799565156793e-05    4.1635559876074424e-07 
  -1.2968728745467236e-05   -1.0299948923442358e-03   -8.6904479668677255e-07   -8.6578880286104871e-06   -1.4731714575120342e-08 
   9.9690242133581905e-05   -1.2322977627691739e-06    5.8549364370448356e-06   -3.3131597240088539e-06    9.8872736397728354e-08 
  -5.4424964100023901e-05   -4.3225080992333907e-03   -3.6470600001963511e-06   -3.6333957968227665e-05   -6.1823564407803276e-08 
   4.1836312222500810e-04   -5.1714985189040403e-06    2.4571005504719309e-05   -1.3904107532502059e-05    4.1493235262540919e-07 
   4.8727349479913809e-05    4.6417436529207603e-03    4.0335050741936783e-06    3.8844719267746162e-05    6.9279862223534084e-08 
   2.3560431319211652e-04   -2.3465288598822315e-06    1.7062615700252481e-05   -1.6919428041341709e-05    2.8896271624357737e-07 
   1.8616598337633355e-05    1.7734081187466561e-03    1.5410266443903971e-06    1.4840875686124775e-05    2.6468818469877378e-08 
   9.0014148360760860e-05   -8.9650649457343544e-07    6.5188824442818644e-06   -6.4641766751132221e-06    1.1040007060256208e-07 
   4.8050713391233520e-05    4.5772876276394441e-03    3.9774951510970093e-06    3.8305315027791634e-05    6.8317830520607885e-08 
   2.3233267246763520e-04   -2.3139445694032137e-06    1.6825681377468668e-05   -1.6684482046232325e-05    2.8495013184938444e-07 
   4.3223250043858316e-05    4.1174258130413947e-03    3.5778920921383355e-06    3.4456932948618137e-05    6.1454210825200908e-08 
   2.0899113637839453e-04   -2.0814717961958570e-06    1.5135272340603826e-05   -1.5008258742483815e-05    2.5632232967436823e-07 
   2.4535201393299764e-05    2.3372113721766754e-03    2.0309510033381249e-06    1.9559098134266701e-05    3.4883805302300544e-08 
   1.1863151464213144e-04   -1.1815245189179220e-06    8.5913704925555407e-06   -8.5192726237835260e-06    1.4549854473643420e-07 
   1.2225504878373618e-05    1.1645956588780767e-03    1.0119909350256493e-06    9.7459909060443390e-06    1.7382051407003109e-08 
   5.9112217492630614e-05   -5.8873508060519790e-07    4.2809447611600316e-06   -4.2450195273596962e-06    7.2499635929514045e-08 
   4.3719543242026137e-05    4.1647024621341766e-03    3.6189737671004198e-06    3.4852570514853253e-05    6.2159833535209333e-08 
   2.1139079117891776e-04   -2.1053714403360353e-06    1.5309056882660181e-05   -1.5180584903119110e-05    2.5926544544254482e-07 
   3.2448684991833403e-07   -3.6925808344069741e-03   -2.5998134359576112e-08   -3.3151546825600834e-05   -4.3641805161119054e-10 
   2.8794791332159855e-08   -3.2767766900458883e-04   -2.3070606839625639e-09   -2.9418507203658688e-06   -3.8727506932545095e-11 
   4.1472174836037596e-09   -4.7194318660145806e-05   -3.3227823372272101e-10   -4.2370491943893191e-07   -5.5777932888735961e-12 
   8.8570853928015725e-06   -1.0079146128231788e-01   -7.0963644947167329e-07   -9.0489362268981175e-04   -1.1912322336184749e-08 
   6.9543513078456543e-08   -7.9138813673179317e-04   -5.5718794068409390e-09   -7.1049875544031192e-06   -9.3532432785907254e-11 
   3.5747114344928316e-07   -4.0679340117683689e-03   -2.8640861160952298e-08   -3.6521422528655759e-05   -4.8078022259029584e-10 
   7.5555573361158813e-08   -8.5980390945353214e-04   -6.0535702705751784e-09   -7.7192161372578666e-06   -1.0161834331018980e-10 
   1.3985016250547250e-08   -1.5914605780985476e-04   -1.1204901881049684e-09   -1.4287941751830302e-06   -1.8809124454044081e-11 
   8.8570853928015725e-06   -1.0079146128231788e-01   -7.0963644947167329e-07   -9.0489362268981175e-04   -1.1912322336184749e-08 
   1.1185816161568111e-04   -1.0383264621309414e+00    1.1663114595585516e-04   -7.2554777906700196e-01   -1.0789691017061647e-05 
   2.2065330762809626e-03   -1.8475337483943562e+01    4.0490819064972414e-03   -2.2603418108633257e+01    1.8198792212950642e-03 
  -1.7037286044102121e-07    3.4888633678991912e-03    2.1817362517771677e-07   -2.3151572094054626e-03   -5.9673614986586375e-08 
   1.6907065844166332e-06   -1.9239826611752605e-02   -1.3546070343172973e-07   -1.7273285039361706e-04   -2.2739130217542535e-09 
   5.1487419680011889e-07   -5.8591421862343451e-03   -4.1252114068897456e-08   -5.2602674187901939e-05   -6.9247919861447860e-10 
   1.6676436346366641e-06   -1.8977375894986000e-02   -1.3361288227269449e-07   -1.7037659940914867e-04   -2.2428945456282902e-09 
   6.8100750397160185e-08   -7.7496985097724464e-04   -5.4562841583839832e-09   -6.9575861586323415e-06   -9.1591991506184642e-11 
   1.4247021988370094e-06   -1.6212761890002772e-02   -1.1414822880209204e-07   -1.4555622722205408e-04   -1.9161508637379634e-09 
   4.5112350723047872e-07   -5.1336749614629019e-03   -3.6144360107945692e-08   -4.6089516656358916e-05   -6.0673781421676160e-10 
   3.2186258554356228e-07   -3.6627173489155343e-03   -2.5787876292638927e-08   -3.2883436042914575e-05   -4.3288855158479874e-10 
   1.4078007865041131e-06   -1.6020427959458069e-02   -1.1279407473141761e-07   -1.4382947631515658e-04   -1.8934193372010440e-09 
   1.3575142385104810e-06   -1.5448179366344033e-02   -1.0876507808164044e-07   -1.3869189723936883e-04   -1.8257865277261554e-09 
   1.3814106671622935e-07   -1.5720114868422665e-03   -1.1067967820475852e-08   -1.4113330148614974e-05   -1.8579259898809836e-10 
   1.0467702580887450e-07   -1.1911989019026644e-03   -8.3868032927215760e-09   -1.0694440540628694e-05   -1.4078519256931574e-10 
   1.3353526120554593e-06   -1.5195985488140043e-02   -1.0698947163611144e-07   -1.3642773091848389e-04   -1.7959802849139432e-09 
   4.7678809228713298e-06    4.5418602176879822e-04    3.9467100305712677e-07    3.8008838553249154e-06    6.7789062397269261e-09 
   2.3053445800041929e-05   -2.2960350409807048e-07    1.6695453530681666e-06   -1.6555347057705398e-06    2.8274466740013433e-08 
   8.1214901937070645e-06    7.7364921263442879e-04    6.7227280482052582e-07    6.4743313555429273e-06    1.1547020875858314e-08 
   3.9268668203954337e-05   -3.9110091823565917e-07    2.8438621753008565e-06   -2.8199967859432209e-06    4.8162025871868168e-08 
   1.0888530414934669e-06    1.0372361206306074e-04    9.0132016512113547e-08    8.6801747216068972e-07    1.5481159862273890e-09 
   5.2647738025226401e-06   -5.2435133724812736e-08    3.8127830057147938e-07   -3.7807865356474873e-07    6.4571115773438815e-09 
   3.0067091444465263e-05    2.8641765325582739e-03    2.4888644098626336e-06    2.3969038718991934e-05    4.2748969007510206e-08 
   1.4537906340212313e-04   -1.4479198758027883e-06    1.0528445154865985e-05   -1.0440091561244731e-05    1.7830373509066302e-07 
   3.3482510729736141e-06    3.1895277153884481e-04    2.7715826607972093e-07    2.6691760244665780e-06    4.7604964255450086e-09 
   1.6189314683900408e-05   -1.6123938315386758e-07    1.1724405685077674e-06   -1.1626015717697609e-06    1.9855783970165564e-08 
   4.4355128531792373e-06    4.2252480082422900e-04    3.6715856271485799e-07    3.5359249667632868e-06    6.3063499787864050e-09 
   2.1446394490610982e-05   -2.1359788762272054e-07    1.5531616649603495e-06   -1.5401276972134030e-06    2.6303459056731754e-08 
   1.1386327735487612e-03    1.6773493086146724e-01    1.0562365212562980e-03    1.1708158839647904e-01    1.4797885245473337e-04 
   5.5086019059185252e-03   -5.0286261593485127e-04    5.0495440359143674e-03   -1.1040883966788794e-03    6.3182589229730411e-04 
   5.5894951256903073e-02    6.6008879162906598e-04    1.0011050612157460e-01    4.6174389710526310e-04    5.1328317743370183e-02 
  -1.4581857942150148e-04    3.1900062438813860e-03   -5.8791185624355413e-04    2.1894106504985224e-03   -7.5452927471863422e-04 
   1.4730753789110563e-03    1.6892591465270980e-05    1.7984851169376291e-03    1.9218106328471469e-06    3.4765006296816885e-05 
  -7.8946964209226636e-07    8.1314912513771225e-05   -8.3127553409860434e-06    8.1671861829772909e-06   -8.2069599399992761e-06 
   1.0289959688728771e-03    1.5158405036742878e-01    9.5453349648599200e-04    1.0580802282172413e-01    1.3373024753167626e-04 
   4.9781890061439274e-03   -4.5444292199768886e-04    4.5633329536157513e-03   -9.9777780497307326e-04    5.7098856743525181e-04 
   3.3556950008566209e-03    3.8481659216534733e-05    4.0969848538803377e-03    4.3779228310811775e-06    7.9195375542300263e-05 
  -1.7984275409283332e-06    1.8523698741015429e-04   -1.8936621941038722e-05    1.8605012504887546e-05   -1.8695617914165805e-05 
  -5.6748589739577137e-06   -4.5070537542033461e-04   -3.8027679968037678e-07   -3.7885204123691570e-06   -6.4463066734759876e-09 
   4.3622476519566729e-05   -5.3922910679143157e-07    2.5620042822877954e-06   -1.4497731089115721e-06    4.3264752192655200e-08 
  -3.6190671065316499e-05   -2.8743145977831409e-03   -2.4251655651991751e-06   -2.4160793545265474e-05   -4.1110477894963543e-08 
   2.7819663995510879e-04   -3.4388631192931809e-06    1.6338847304172813e-05   -9.2457384306359237e-06    2.7591529983604533e-07 
  -2.2201313472043214e-05   -1.7632599099221826e-03   -1.4877276201211793e-06   -1.4821536474514834e-05   -2.5219388860857167e-08 
   1.7066085343832231e-04   -2.1095844827272078e-06    1.0023131931350841e-05   -5.6718356177646043e-06    1.6926135611957227e-07 
  -9.2018985923767949e-06   -7.3082788113140089e-04   -6.1662652124938706e-07   -6.1431624661956349e-06   -1.0452816638598963e-08 
   7.0734727880196645e-05   -8.7437090181858032e-07    4.1543417566913886e-06   -2.3508364157383079e-06    7.0154670649634238e-08 
  -3.8365006849033479e-06   -3.0470034399530065e-04   -2.5708695301887692e-07   -2.5612374199121181e-06   -4.3580395709181431e-09 
   2.9491069612921279e-05   -3.6454700407865374e-07    1.7320485370348303e-06   -9.8012224635331498e-07    2.9249229307902117e-08 
  -2.7754933844124294e-07   -2.2043363430507347e-05   -1.8598801249545924e-08   -1.8529118326104853e-07   -3.1527975599450758e-10 
   2.1335137233781446e-06   -2.6372934119602911e-08    1.2530401141170413e-07   -7.0906355402816951e-08    2.1160179317233625e-09 
  -1.6898979627100268e-06    1.3938262415923894e-02    1.2622439810882557e-07    2.1009407863893461e-04    3.3003093024928088e-09 
  -1.6898979627100268e-06    1.3938262415923894e-02    1.2622439810882557e-07    2.1009407863893461e-04    3.3003093024928088e-09 
   1.4493090446145698e-03   -1.8084830218482528e-07    1.1829672731269521e-03    1.5521644273765126e-08    3.2865134699362874e-05 
   1.4493090446145698e-03   -1.8084830218482528e-07    1.1829672731269521e-03    1.5521644273765126e-08    3.2865134699362874e-05 
   9.8511119955926570e-04    4.2790745439582790e-09    5.5073812243662567e-06    5.6922911209549906e-11    4.8901704708904467e-08 
   9.8511119955926570e-04    4.2790745439582790e-09    5.5073812243662567e-06    5.6922911209549906e-11    4.8901704708904467e-08 
 TENSORSUMACCUMULATOR_IMPL_H - PrettifyOut: Norm of simple tensor is 8.8374e-05 
 As simple full tensor 3    5 5 5 
   1.3086585757538255e-08   -8.8192411755403752e-05    2.1411262749047425e-08   -2.1008469076748581e-06    5.3745988830849833e-09 
   3.7320139396181101e-09    3.1856141981957168e-06   -1.9143262422127778e-09   -2.4761873836470996e-07   -8.6871387090195667e-10 
   1.0333305684401828e-08    5.9687204158725743e-07    1.2400404331449538e-09    3.5253702314956182e-08    1.2380297937901418e-10 
  -3.5699478723867237e-09   -5.9298583629095629e-07   -3.8232046810512294e-10   -9.1287109364503282e-09   -1.9713401686674555e-11 
   9.7831271419106317e-10    2.1783868289688921e-07    1.0324244748589553e-10    2.4100655215657280e-09    3.5257679989228783e-12 

   1.3097794605490034e-08   -7.5372892540574379e-07    1.0871828962825957e-08    1.0456237100613233e-06    1.4648568807700115e-09 
  -1.0769448189706764e-08   -1.6304497748883637e-06   -2.6524772524350765e-09   -3.0171407294055382e-07   -1.2942000749577196e-10 
   3.9490062671531284e-09    1.6586880575557946e-07    7.2704473704165360e-10    3.1286572431199119e-08    3.6000129736006357e-11 
  -6.1709629346082978e-10    7.4670140716912872e-10   -1.0575925696586782e-10   -3.5746156906186991e-09   -5.3897879719347569e-12 
   8.4122704252434287e-11   -3.1705448110294042e-09    1.4797666092462029e-11    4.0686695012914758e-10    8.1390642283020798e-13 

  -2.6263957860629817e-08   -3.3101876226467362e-06   -2.7345017572073808e-09   -2.8665349086333444e-08   -5.9867962982253941e-11 
   4.1864205376493525e-09   -3.7747451384338606e-07    3.1871986760022819e-11   -5.3180003282887168e-09    1.2362802284507727e-12 
  -6.3474656854068324e-10    1.5951071193343715e-07    4.2359315481598263e-12    1.6354365406410753e-09    1.7736717734239929e-13 
   9.5453236511601074e-11   -3.0721644372452743e-08   -1.0313223486304915e-12   -3.0041357227983165e-10   -4.1031651284214034e-14 
  -1.4976180501002842e-11    5.5929077833988247e-09    1.6155384134000277e-13    5.3106499785771550e-11    7.0477539364811268e-15 

   1.3819229315916979e-09   -1.0521662624398090e-06   -5.9928099929148228e-11   -9.6715135212807144e-09   -1.6681104744170529e-12 
  -1.8985989286548137e-09    1.1800654850897398e-07   -1.0012237219263423e-10    1.1755644872873406e-09   -1.6488195270972952e-12 
   4.9934955434429798e-10   -1.1306910412355712e-08    2.8246374652773251e-11   -1.2370503547553191e-10    4.6956752737341309e-13 
  -8.9764065385723363e-11    1.2537145857907614e-09   -5.1565779447292595e-12    1.4916003039950495e-11   -8.6056444837929818e-14 
   1.5794620152393089e-11   -1.3742929373037138e-10    9.1516637732327383e-13   -1.8427821930656274e-12    1.5303483824729577e-14 

  -2.8408461282185422e-09   -2.0838001797228649e-08   -1.6934333738651212e-10   -9.1444022192441416e-11   -2.8600191098656669e-12 
   3.1013383681709569e-10    2.9818796862756206e-09    1.8645460852665690e-11    1.7122916747783137e-11    3.1508524643871343e-13 
  -2.7860340487587600e-11   -3.6791249324385329e-10   -1.6892913639789456e-12   -2.4408768844143395e-12   -2.8632276117939042e-14 
   2.9006328487404107e-12    4.9820872044692583e-11    1.7742343241904759e-13    3.5804281738606537e-13    3.0135458326768979e-15 
  -2.8404708250462137e-13   -6.9703453601464860e-12   -1.7650245639622889e-14   -5.3883952831702276e-14   -3.0086414669790562e-16 
