2    25 5 
  -1.4500567421392218e-04    2.2402718256731347e-07   -4.2045970012983207e-06   -1.5501864913955417e-08   -3.7042393365895455e-07 
  -1.6521490122556504e-03    4.1622549912331732e-04    2.5789429470319085e-03    1.8754205325385929e-06    2.6461178993388121e-05 
  -4.0285417994083503e-05   -2.5627729022821479e-03    6.1982748106468553e-03   -5.9351116776080190e-04    1.9803748401403813e-04 
  -1.4416508349014158e-04   -1.0056304184087122e-03   -1.9340608408261011e-03   -5.4491982083506129e-05   -5.5724914776913450e-05 
   1.5729893507304682e-04    2.5950999353597051e-03   -1.3776463490387002e-03    9.6914452079987202e-05   -4.7175722029102192e-05 
   2.1316745778659010e-04    5.1222581767702411e-05   -4.0061338086546661e-03   -1.9555838042219697e-06   -1.3723223664255401e-04 
  -1.1798247094164108e-04    1.5709146220093866e-03   -1.4081948794364814e-05   -9.1658716565236158e-04   -3.9493597899652188e-04 
   2.3935681378439706e-03   -1.1947887337158882e-03   -2.0377658971104944e-04    5.7957186158674326e-05    4.6668023236434697e-04 
  -4.8467526310473164e-04    1.5560899311641704e-03    1.7190882327241464e-04    1.9830686856303448e-03   -6.2894553812786860e-05 
   5.9299665233293294e-04    1.1889090049723955e-03    2.6588081104688300e-04   -6.9330126848012909e-04    1.2274987149342854e-04 
  -7.9442246872248154e-04    1.0098323787541615e-03   -3.1103178018367875e-04   -8.7377020701061606e-04    2.4372336414109510e-04 
   3.1821105240949648e-05   -3.6031918563850457e-04   -1.2487715154940388e-04   -1.4903964132896320e-04   -1.1336352368577766e-04 
  -8.8997422697615220e-06   -6.5014777467831635e-05    1.0235193859539456e-04   -1.6148586456432912e-04   -9.8671903020630092e-05 
   7.6269554599279029e-06   -6.5497641110719675e-05   -9.8314405101297445e-06   -2.3900472115712076e-05   -1.3407583135731293e-04 
  -1.3640897143941884e-05    5.0018312443632091e-05   -5.7979283073096188e-05    3.3505199970626558e-04   -4.2438749038793585e-04 
  -5.7066592191244879e-05   -1.5832675848484031e-04   -8.0660356888026588e-06   -3.2733216115002792e-05    2.6417837540595979e-04 
  -8.6068594142399467e-06   -3.7413373381008433e-05    6.6231887477299572e-06    1.9089379158268664e-04    1.8900403827635791e-04 
   4.1484239472872736e-05   -1.5407618861951097e-04    1.3242926375942499e-04    3.3737099733054674e-04   -8.4998272547103974e-05 
   2.8633677778807607e-04   -4.8586288397075347e-06    6.1378643001016263e-05    1.6014852834129027e-04    1.1683391167681782e-04 
   1.2994686732606284e-04    8.3841641984233405e-05   -5.0901577376259134e-05   -4.4478742995058271e-04   -2.1029705705643583e-04 
   9.1083374742676298e-05   -8.7755614443759682e-05    1.5269533345013496e-04    6.8395979303575839e-05    1.0046177485535073e-04 
   9.1605090305335161e-06    9.1790053619508258e-06   -6.2129480386396592e-06    4.5030979260705607e-05    2.4157738675685959e-05 
   1.1173549487953449e-04   -9.7734154912832019e-06   -7.3731923334808598e-06   -1.5140657400065851e-04   -4.9711725059167747e-05 
   8.4423190402176503e-05    3.2285251880397595e-05   -5.2212781722396607e-06    3.3217658197649823e-05   -1.0739303533172125e-05 
   2.7719373197394886e-07    7.5238889140856125e-06    1.4307886661895517e-05   -5.1655291231059389e-05   -5.1462491931388118e-06 
2    25 5 
   8.5954501853604430e+00    1.2600531758890768e-02    2.1829271164269021e-01   -1.8134308532039602e-03    6.2126113270900007e-03 
  -3.9951494420542496e-04    5.6124892806712720e-02    4.1173522802831895e-02    1.0313120194255349e-03    1.3065003761701171e-03 
   3.3526031945454185e-02    2.6460310827604742e-02    3.4733872520696228e-02    4.8458394030199595e-04    9.4979874031418622e-04 
   5.1731311736151656e-02   -1.3613214898483826e-02    7.1832265211382404e-02    1.7445558669948456e-03    2.0101616030704429e-03 
  -2.4729927794867029e-02    3.8620147298551642e-02   -2.2987705902009457e-02    7.7613325750515558e-04   -6.8795365045465611e-04 
   1.3075347543478144e-03    7.1712478460190632e-02   -3.7332767404277575e-03    3.5316922912447213e-04   -1.2956006213743314e-04 
  -1.6831056122821972e-02    1.8095517684899947e-03    2.0050971023259603e-02   -5.1699601265726687e-04    9.7688802650531897e-04 
  -6.4626896787618893e-03   -7.6225224590898231e-03    1.3356807466106905e-02   -3.2598939402556950e-04    3.9866507660854013e-04 
   1.6668891770469832e-02    9.5151442074900856e-03   -1.1231390116356070e-02   -4.5841935384740505e-04   -7.2645145209218674e-04 
   1.8333868933589671e-02   -1.1555817948289302e-02   -2.0246577094262728e-02   -2.2797624532913648e-03   -1.2311572860884878e-03 
   1.5089721913455355e-02    2.1685919675878203e-03   -2.3751923567122645e-02   -2.1761906531790466e-03   -7.3578358027764825e-04 
   9.6794011701419708e-04    2.4457080923449155e-05   -7.4343612091564435e-04    1.9553601440286707e-02   -2.6944683874945887e-03 
  -6.0985071025575956e-03   -2.0311978499779865e-04   -5.5032978229802732e-03   -3.8698449628979108e-02    3.4912419490663068e-03 
   1.9410760308549487e-03   -2.2996770297616098e-03   -2.1091990371769069e-03   -5.8401965312703833e-03    6.4621089805409230e-03 
   1.5897228536475804e-02   -2.0858712908120884e-03    1.0858662671591773e-02   -1.0928979108339577e-02   -1.4435372480234407e-03 
   3.7611749162096554e-03    6.0433914092177425e-03    6.0131604229072561e-03   -1.6927324229748037e-02   -4.0087221744286965e-03 
  -4.0775665834652947e-03    1.8772321830067772e-03   -3.9944987934554576e-03    1.7920817733718532e-05   -4.2616625365004526e-04 
  -4.8691408889372145e-04    1.9508297384037811e-03   -3.6623998231159234e-04   -2.8235361622103322e-03    1.5512747720791043e-03 
   7.1458966189873191e-05    8.8375225267246912e-04    3.7842090213032392e-05   -4.8003661229256492e-03   -3.2052158684499248e-03 
   6.9715998517034801e-04   -4.0339788496946243e-03   -1.1354951284898698e-03    7.3238302593359498e-04   -1.2713828457057426e-03 
  -1.7457214992561474e-04    6.4583750024021743e-04    1.7807031459550391e-03    3.0269558855191480e-03    5.7765132676312848e-03 
   6.4142590197162255e-04   -7.0524026569156981e-05   -3.5857324588423013e-04    5.0980667081980391e-04   -8.6440147944976157e-04 
  -3.6966349594766271e-04    8.3438034271690761e-04    1.3655412381105337e-03   -5.9117011953435765e-03    6.7742883267792164e-03 
  -1.9430239912207733e-03    1.0680438014334923e-04    3.7844310901173264e-03    3.8361594389224180e-03   -4.2208635526995390e-03 
   1.0900030162176410e-04    1.0421304845164368e-03   -5.8148553666062053e-04   -9.6450058935097056e-04   -1.6759187285641361e-03 
2    25 5 
   2.6569341373167055e-01   -3.6240969755893439e-04    2.4964447704052393e-02    4.1418483343908397e-05    2.4727538159014205e-03 
  -8.3171933008043888e-03    4.7156923825647252e-04    8.7229343028004377e-02   -1.0162296334107193e-03    8.7733201693185360e-03 
   1.3644680210245699e-03   -3.1461269184716541e-02   -7.5210322392940190e-03   -7.8865009431022259e-03   -5.8662635138510681e-04 
  -5.2009700062788117e-03   -3.1885906247138510e-02    5.7905681203165270e-02   -1.2141194890068105e-02    6.0720607526439235e-03 
   2.1080704836691291e-03    9.1497889191315671e-02   -3.5598462720317074e-02    9.2681499296407531e-03   -3.5592544618597947e-03 
   3.2561901528063091e-02   -3.7457686428916358e-02    5.5395133745723295e-02   -7.8735539503218648e-03    5.9909704730293310e-03 
   1.0831329082008638e-02    3.0154694512753385e-03   -1.7330244800669491e-02   -5.6030146299052355e-03   -6.0006326814926909e-03 
  -4.0475146560343218e-03    1.5643702070505324e-03    1.7383632669577755e-03   -5.5967855837694451e-03   -9.3168420199998721e-03 
   2.4479462040352478e-03    3.0293517277664890e-03   -1.2058525274012894e-03    1.6263495035907193e-02    1.7792797554889508e-03 
   4.1056911379915755e-03    7.1452639678771677e-04   -6.8523005948690537e-03    9.4449809151648505e-03   -5.5437190322404706e-03 
   1.0065738835418605e-02   -4.3311716318819356e-03   -1.2825273538572116e-02    1.3988445563853278e-03    1.5630622160161590e-03 
  -7.4158201053104809e-03   -8.5964964697027094e-03   -5.3760025394375731e-03    8.0815088931950074e-04   -1.5501754181895095e-03 
  -6.2654477198542495e-03   -3.4645175602777238e-03    4.2690320822454343e-03    8.8473927553784292e-04   -9.6409702322369653e-04 
  -1.4306378912681481e-02   -4.3560829315653967e-03    3.8500626697895446e-03   -3.1115891451132330e-04   -5.9608315902502911e-04 
   2.2569640362830150e-03   -6.8043677073418240e-04   -8.7525868070712984e-04   -1.5779638153239095e-03   -3.7521030103922193e-03 
  -6.0564091523258032e-05   -4.7130723352577317e-04    4.5880928998609551e-03   -1.4832579910486773e-03   -3.7944240446054307e-03 
  -3.9857181943940833e-04    1.6552803913256991e-03    9.2881012054408705e-04   -7.6391001830321496e-03    2.1945005216222327e-04 
   1.6474828093035326e-03   -2.9249298555743394e-03    5.3818361048706511e-04    7.3211843862556070e-03    9.5537385028651245e-04 
  -5.3050374318338374e-04    3.6633184524299807e-03    1.3225813536988566e-04    6.7672477395222031e-04   -2.4847932759467940e-03 
   1.3430654214387371e-04   -1.5958214560580465e-03   -6.1336566502226322e-04   -2.3432941966769522e-03   -1.6950532745459296e-03 
   5.0243223392060817e-04   -7.0104558508150415e-04    2.4782984997819219e-04    5.4897104124332742e-04   -5.5660996580058396e-03 
  -9.5454479113665422e-04    6.4716541722093131e-04   -2.9326873559794092e-04    1.0620055618444559e-04   -2.2961969232971223e-03 
  -1.2421640725803049e-04    8.5067491292169001e-04   -1.4084686032168252e-04    1.8365362324157685e-04    2.9032673636255300e-05 
  -4.5152987086732811e-04   -7.9588619150111454e-04   -1.4177176112602501e-04   -3.7477855729338926e-04   -1.8656798512787422e-03 
   3.3824322552880944e-03   -3.7033333272327804e-03    1.8498646802421132e-03   -5.5601443846707197e-04    1.1295215682290588e-02 
 TENSORSUMACCUMULATOR_IMPL_H - PrettifyOut: Norm of simple tensor is 0.000333511 
 As simple full tensor 3    5 5 5 
  -3.3113795285856745e-04    3.8283331889865205e-07   -3.1298609096746609e-05    4.0790385826171370e-08   -3.0646936741173121e-06 
   7.9971457396284413e-07   -1.2772657907267995e-07   -7.3365779441154411e-06   -2.1513151899130000e-08   -5.3597301917070773e-07 
  -7.8274040311086571e-06    2.2144998373728291e-08   -7.2992694377054325e-06    1.3936537279592922e-08   -9.0637799771157388e-07 
   9.9003088537325281e-08   -5.4905803490959284e-09   -1.7018102435783954e-07   -1.6965312908230315e-10   -2.8262396037765033e-09 
  -2.2137314631853630e-07   -2.1721429136097383e-09   -2.2256584014259025e-07    4.3202487167603739e-10   -2.5708477541788393e-08 

   5.2582283571222029e-07   -1.5509829873496188e-06    5.1040663694260029e-08    1.4671273990208578e-06    2.0367539643869915e-09 
  -3.3438417256990017e-08    1.0790113040482851e-05   -1.2634338315209685e-08    1.2926422267274374e-06    1.7862248032706229e-09 
   1.0389744998888526e-08   -2.3931492292453975e-07    1.1692049956240509e-08    3.7834928433923335e-07    1.3602438941941668e-09 
  -6.6776439595033649e-09    3.3058005190803881e-07   -1.8561901424400281e-10    7.4636117695105215e-09   -9.3429055937345830e-11 
   7.8696669335397695e-10   -2.3744281988458794e-08    4.0072871282232729e-10   -1.4445015687651841e-08    1.0890748981692567e-10 

  -8.9086232524334206e-06    1.7954390209864395e-08   -9.8314683060406201e-06    1.0489261294408182e-08   -1.0189108013281416e-06 
  -1.0619281004380687e-05   -3.1094210467743049e-08   -1.0742199799484300e-06   -1.9882813413716336e-09   -1.9467288181201034e-07 
   4.9972815093501606e-07   -1.0508232262860201e-09   -7.8123233275160633e-07    2.0888711199278344e-09    2.5362603674223306e-09 
   4.2133440601527772e-10   -1.5355365575020070e-10   -3.4149506769057972e-08    6.0734646431924622e-11    2.4780001765846981e-09 
   1.0188754084752364e-08   -9.0136555995744247e-11    1.8191054626057001e-08   -7.5933253340008442e-11   -9.6382573126249741e-10 

   1.9159978028493501e-08    6.8518981939935374e-07    1.5472659081535067e-08    4.8177182996753489e-07    2.3357596332176668e-09 
   1.9378622429654087e-08    8.8022217194795874e-07    3.4739345510181096e-09    5.4160434966880909e-07    5.1572994595461823e-10 
  -2.5316471615856608e-09    3.5896426680857219e-07   -2.5786288976952489e-09    8.6457050026985279e-08   -6.3045801173094113e-10 
  -1.2001921761136738e-10    1.6392827316464490e-08   -4.3554470204255130e-11    5.9117691315288595e-09    7.0720370974172814e-12 
  -9.3954268042671641e-11   -4.7431426185470193e-10   -2.1358163487069693e-10   -1.1754343187486575e-09    2.2020596619868782e-11 

  -7.1150919296345072e-07   -1.5144171338260820e-09   -5.1850231923495385e-07   -4.7927470738801782e-11   -3.3568548081192021e-08 
  -3.3293852720146575e-07   -1.9632071571890728e-09   -3.2890560521032722e-07    4.1979637968749617e-10   -4.6379301985947665e-09 
  -1.7717131123076244e-07   -2.1165137648727024e-10    5.1277810970280963e-08   -4.2908308960518095e-10   -1.5323189571540873e-08 
  -1.1795599330896526e-08    4.2028033573399304e-11    6.4008314479714477e-09   -1.6583092441150910e-10   -4.4105502659783438e-10 
   7.4887679975150789e-09    1.2556393799152720e-11   -6.8192696626121887e-09    5.9646551237224229e-12   -3.2025634389435939e-11 
