2    12 5 
  -5.9847359455987472e-04    8.7275965434189246e-07    7.5596121836442112e-05   -2.2222502866890344e-07    1.9638271822323668e-06 
   1.3291179219142317e-06   -1.0590429115051194e-04    7.8629649673114750e-08   -1.4945852499446764e-05    1.7666799302622572e-08 
  -2.0513377374123531e-04    3.4238768174782928e-07   -1.9114729411145900e-04    4.9898591098503413e-07   -7.3170960863345469e-06 
   1.3414446219153840e-05   -2.6785525429799919e-08    1.4125830036349059e-07    7.0550637286376336e-09    1.0586655067775920e-07 
   5.2123573302046348e-07   -5.9605933902008084e-05    4.5704418338291644e-07    1.8262268743814040e-05    8.2720991264620121e-09 
   2.8572261009058985e-06   -7.6324174575865931e-10    8.7906167403577066e-06   -2.9691281893772303e-08   -1.9176299588776313e-06 
  -7.2237021719627687e-04    5.8215542107206088e-07   -1.2613721900119275e-05    1.5986028449490108e-08   -5.0189821553247890e-07 
   5.7009208615655672e-07   -7.7886672298897494e-05   -1.0851670016785430e-07   -5.5777287771911580e-06   -2.0959327010097269e-08 
  -1.1469896267134633e-06    1.0502995526649770e-06    7.5799135908631067e-05    1.3252794036882429e-08    3.1101987741998183e-06 
   8.4124267887219595e-06    3.9296355878750937e-08    1.3419870474838366e-07    1.1329165506170668e-08   -1.7687611222147176e-08 
  -2.9986698647012681e-07    3.4581623306604315e-05   -6.8797248165514339e-07   -1.1227284080740233e-06   -2.8656287306835436e-08 
   1.1601041886704995e-07    7.0377115436877456e-09   -1.5850159595824855e-06    3.7839271495786235e-09   -4.4933496458075910e-08 
2    12 5 
  -2.1866757210745660e-04    6.0796669591038632e-04   -2.4473597463003941e-05    2.0207167016854934e-05   -8.6822892139415690e-06 
  -2.1866757210745660e-04    6.0796669591038632e-04   -2.4473597463003941e-05    2.0207167016854934e-05   -8.6822892139415690e-06 
  -2.1866757210745660e-04    6.0796669591038632e-04   -2.4473597463003941e-05    2.0207167016854934e-05   -8.6822892139415690e-06 
  -2.1866757210745660e-04    6.0796669591038632e-04   -2.4473597463003941e-05    2.0207167016854934e-05   -8.6822892139415690e-06 
  -2.1866757210745660e-04    6.0796669591038632e-04   -2.4473597463003941e-05    2.0207167016854934e-05   -8.6822892139415690e-06 
  -2.1866757210745660e-04    6.0796669591038632e-04   -2.4473597463003941e-05    2.0207167016854934e-05   -8.6822892139415690e-06 
   5.3240178042501536e-04   -4.8411256364508859e-04    4.2183420864707064e-05   -4.7233629659229474e-05    1.4570908793988705e-05 
   5.3240178042501536e-04   -4.8411256364508859e-04    4.2183420864707064e-05   -4.7233629659229474e-05    1.4570908793988705e-05 
   5.3240178042501536e-04   -4.8411256364508859e-04    4.2183420864707064e-05   -4.7233629659229474e-05    1.4570908793988705e-05 
   5.3240178042501536e-04   -4.8411256364508859e-04    4.2183420864707064e-05   -4.7233629659229474e-05    1.4570908793988705e-05 
   5.3240178042501536e-04   -4.8411256364508859e-04    4.2183420864707064e-05   -4.7233629659229474e-05    1.4570908793988705e-05 
   5.3240178042501536e-04   -4.8411256364508859e-04    4.2183420864707064e-05   -4.7233629659229474e-05    1.4570908793988705e-05 
2    12 5 
   6.0310140325478361e-04   -6.3146505972755355e-07    1.2512609602612855e-05   -4.1290167558487168e-08    1.3476916377880916e-06 
   3.2795533173647380e-07   -1.0530673582068578e-04    5.3501807120739907e-08   -1.8741702299204146e-05   -2.9652843493047225e-09 
   2.7856481417252879e-04   -2.4383959101163462e-07    3.2679530468886411e-05   -4.7050702413483348e-08    2.1656889657615313e-06 
   1.3940894620389011e-06    1.3834224667422338e-07   -1.3300804100576817e-05    2.8393345612273646e-08   -1.0509406878899227e-06 
   4.8884719024275780e-07    6.2333990679047817e-05   -3.0443156302553215e-07   -1.0001828834895569e-06   -7.1117079993031920e-09 
  -8.2255196687370669e-06   -2.0703164263668601e-08    4.6268702363745086e-06   -1.5858179232988532e-08   -2.2155896192845504e-07 
  -7.2215498850811014e-04   -3.1351482359440228e-07   -2.1579474217467284e-05    1.1322687375095836e-08   -2.1973120572163887e-06 
   4.9759085597540606e-07    7.4498880293511225e-05    9.7761683287486649e-07    2.3377230359950855e-05    2.4589450233824266e-08 
  -2.5178669518433430e-06    5.2785886871560810e-07    7.5737095986395681e-05   -8.1090076392437172e-08    3.8559898697169918e-06 
  -2.3784881075790896e-07    3.1093681279429891e-08    8.3974068716722954e-06    5.1863892357618568e-09    4.6358519421276358e-07 
  -1.9261230983347263e-08    2.8091475453031816e-05   -6.8915203845722466e-07   -2.0201640661324998e-05   -2.5633207946479216e-08 
   1.5833738832946620e-06    2.8463595035149580e-08    5.8275369947807990e-08   -2.4106587000081262e-08   -1.2631982895808057e-07 
 TENSORSUMACCUMULATOR_IMPL_H - PrettifyOut: Norm of simple tensor is 6.29262e-10 
 As simple full tensor 3    5 5 5 
   3.6915733294922468e-10    6.8053483676772235e-14    1.1430551547032326e-11    4.0108420780018689e-15    1.1215274633692314e-12 
  -5.0672762613684915e-10    6.9964870836173948e-14   -1.6267883596131146e-11    1.4440307590069257e-16   -1.5375826108580664e-12 
   3.2237701439396888e-11    3.0885204442712715e-15    1.0082967681907060e-12    2.5154667974562201e-16    9.7907452858869585e-14 
  -3.3088475744695032e-11   -5.7773751503487208e-15   -1.0256882446068568e-12   -3.4835159053647708e-16   -1.0052151586915123e-13 
   1.1231083498562463e-11    9.9313955314856385e-16    3.5156687676485845e-13    8.4769621235486810e-17    3.4108381556262194e-14 

  -3.6820156393181902e-13   -4.1979277547656815e-12   -2.5029434286254669e-14   -1.7884062618487783e-12   -5.9410247038912653e-16 
   5.6303528250371661e-13    6.8596128816758602e-12    3.7055219215841000e-14    2.4626230559028796e-12    1.6383167502170028e-15 
  -3.3160923625848617e-14   -3.8576677784803070e-13   -2.2329085339505552e-15   -1.5631298236069045e-13   -6.6257302358687398e-17 
   3.3116518847892702e-14    3.7843601040601633e-13    2.2487745381838032e-15    1.6031452464314049e-13    5.4874668290161832e-17 
  -1.1581937939644969e-14   -1.3495121881572596e-13   -7.7927682600268096e-16   -5.4460794450915788e-14   -2.3500203553660104e-17 

   6.4362626757001084e-12    4.6551544751367442e-15    4.3527181973027880e-12    1.8887784261102119e-15    2.3921670062742147e-13 
  -9.0137099517251764e-12    3.5077230274960959e-15   -6.1107947014047752e-12   -1.6028057642218751e-16   -3.4606280864587215e-13 
   5.6519046485955108e-13    2.3359963978680073e-16    3.8248928462664972e-13    1.2244628919064461e-16    2.1199503845727438e-14 
  -5.7725105478416819e-13   -3.9772006286470654e-16   -3.9041316642681863e-13   -1.6449560551574692e-16   -2.1476508312133969e-14 
   1.9699376099305497e-13    7.6363126942442617e-17    1.3332191999008329e-13    4.1424805912400437e-17    7.3945329870895751e-15 

  -9.6523013988623387e-15   -8.3110902822356831e-13   -3.6062772031918799e-15   -1.1460001891926069e-13   -1.9857343811487552e-16 
   1.2563613026273355e-14    1.8654082556633127e-12    6.1167451075951425e-15    2.1132946472870913e-13    4.6481323593359377e-16 
  -8.3093397796888832e-16   -8.5238223889519843e-14   -3.3530942121637029e-16   -1.0951611282628340e-14   -2.0699648379732090e-17 
   8.6380616114439453e-16    7.5924275925607798e-14    3.2554162045956794e-16    1.0378492674357883e-14    1.8178003671576696e-17 
  -2.8913596411403366e-16   -3.0063026815762045e-14   -1.1740783365866575e-16   -3.8427557406175623e-15   -7.3089012061669063e-18 

   3.7199430146169021e-13   -1.3982818208944656e-16    1.8025941356817719e-13   -8.0071005254176152e-17    9.7888016548672762e-15 
  -6.8109389595046502e-13   -1.7820775175334744e-16   -2.5589457976815112e-13    5.5307573345957572e-17   -1.4173204106733169e-14 
   3.5463810660939281e-14   -5.7439985323441487e-18    1.5889460334837566e-14   -6.0384469074191582e-18    8.6770227559992208e-16 
  -3.3679183078456291e-14    1.1802670622939636e-17   -1.6173787558970387e-14    7.0692030114507160e-18   -8.7884773841803331e-16 
   1.2441453599059672e-14   -1.8134131456609946e-18    5.5399158258190051e-15   -2.0760061251797608e-18    3.0266664556147107e-16 
