2    6 5 
   5.8216722905582631e-06    4.8548702357409059e-04    7.8402158591902607e-08    9.1654985277265612e-06    5.6283494914711985e-10 
   3.6851159565304678e-05    1.1373091407603595e-03    6.6879355328629475e-06   -1.8476649718461511e-05    1.1547716533455690e-07 
  -2.1017621223101728e-06    1.0594581723200134e-03   -5.2236303404709463e-08    1.1395656343267025e-05   -1.0156601727626645e-09 
  -6.4326995301133578e-05   -4.2321682462025017e-03   -7.9145417356745716e-06   -1.9920461629174386e-05   -1.3403448278913427e-07 
   3.6513620403363517e-05    3.0250347584065765e-03    4.0828552726256006e-06    2.6447755740318337e-05    6.8063501735899561e-08 
  -2.4011989146293018e-05   -4.3166288531967714e-03   -4.1120636455513796e-06   -2.1685926312348119e-05   -7.0893112060094480e-08 
2    6 5 
  -6.3243040255080196e-01   -5.0713758197663876e-02    8.9941054812334251e-03    6.0324547707750822e-04    3.6045104750003290e-04 
   4.6431124502552329e-03   -4.5400434988440402e-02    1.4299238748407495e-02    1.9282508876037260e-03    1.5478923463589785e-03 
   3.1668092125582145e-03   -4.2897176660246034e-02   -1.4115182555095772e-02   -2.4749668073573219e-03   -3.8331375213535100e-04 
   1.4894729735626402e-03   -1.5552569380750829e-02    6.3302295908939854e-03    9.9617567620625524e-04    3.4232443989111119e-04 
   6.9296478709525294e-03   -7.6533306454120265e-02    2.1717724150451014e-02    2.9456902079668043e-03    1.0661091484717037e-03 
   5.6594147253369439e-03   -6.4166621034204077e-02    1.7556163773672716e-02    2.6997968598674246e-03    5.2820528204520719e-04 
2    6 5 
   6.0026405984260088e-02    3.1010210146965394e-03    1.5922159859763391e-03   -4.5789246836688884e-04    2.1711887791263430e-04 
   7.9220273650634516e-03   -3.1280848728118785e-03   -1.4091941210664393e-03    2.9774749479266616e-03   -9.2830510053544090e-04 
  -6.7003444212762756e-03   -4.7197607608645102e-03    9.4470125299154131e-03   -1.4306777966523469e-02    4.9446312201690268e-03 
   2.6498459562814939e-02    1.5959135692805118e-02    7.5154197162950430e-03    7.2744401612119050e-03   -2.8588756044121187e-03 
  -5.5620179402049528e-03    2.5731000265719656e-03    2.2258069592634728e-03    1.9333393244389701e-03   -6.9289524221121182e-04 
  -1.0194327395036762e-02   -8.2409598525705792e-03   -4.1320372188068874e-03    2.7205538330143057e-03   -7.7542573153619766e-04 
 TENSORSUMACCUMULATOR_IMPL_H - PrettifyOut: Norm of simple tensor is 1.87071e-05 
 As simple full tensor 3    5 5 5 
  -2.2216618434416247e-07   -1.1679300821785848e-08   -5.7615927627244935e-09    1.7130434174121469e-09   -7.8716345792937658e-10 
  -5.2338522768455636e-09   -2.9244062848674875e-11   -2.3284252403755486e-09   -6.9472352280796367e-11   -1.8379896956783875e-10 
  -3.7847209754053041e-09   -2.6101109899227693e-09    6.7696049307910871e-11   -1.4553842945959467e-09    6.1046909199005649e-10 
  -8.9653483818973597e-10   -4.4761648073307112e-10   -1.9724799772507278e-11   -2.9902894099481738e-10    1.1946185690752206e-10 
  -9.8284485541736758e-11   -3.2247097108839619e-10   -9.5872750102681857e-11    3.7919434031286012e-11   -2.6961686316028968e-12 

  -1.8445548148787425e-05   -8.2982093347771006e-07   -3.6438725771704372e-07    3.6521704029914927e-08   -3.2535727394865541e-08 
  -1.3742425290878421e-06   -1.5282063904435951e-06   -1.5609272403010494e-06    1.2925061171990396e-06   -4.2467383784383630e-07 
   1.8838424096584824e-07    3.9926927878324430e-07    1.0078635393507082e-07   -1.3673003936196456e-08    1.7414966555584775e-09 
   1.0047815367739105e-08    5.8109334567541431e-08    8.9084062152454647e-09   -1.2369830985719613e-09   -2.2099910847480006e-11 
  -5.9126452976446950e-09    9.1963266098439323e-10   -3.2720515630982993e-10    4.6455198423990877e-10    7.1026857994249952e-11 

  -2.9617346918798501e-09   -1.7366745540416977e-10   -5.3731563957747320e-11    2.3162194742333079e-11   -8.2665203289524770e-12 
  -3.4921399464163640e-10   -8.7140696675315845e-11   -4.1797271134668098e-10    7.4836160303116177e-11   -4.7910132314266043e-11 
  -2.8984207947993693e-10   -2.7691653046806993e-10   -7.5420390430615249e-12   -1.1555691610954616e-10    5.2795351925522706e-11 
  -5.8504447669708294e-11   -4.4194362700408685e-11   -3.4877926939093282e-12   -2.7778325620947470e-11    1.1493486788561440e-11 
   9.7113127119046570e-12   -4.6528594171002786e-11   -1.6052681898053630e-11    1.3321385942234920e-11   -3.0909711068046284e-12 

  -3.4942134450618649e-07   -1.6867694270290918e-08   -8.0754621132325220e-09    1.6870534227670046e-09   -9.4745455361556538e-10 
  -1.2698165053618347e-08   -1.3489509496979353e-08   -1.4467008990266406e-08    1.1830304195792710e-08   -3.8589906493567243e-09 
   1.2780275806195802e-09    4.4442600810453475e-09    8.8792205407567418e-10    6.3426161132034794e-10   -2.7445424838888913e-10 
  -1.2368759014200988e-10    6.2796049171007740e-10    5.8755803311912180e-11    1.4187703530334611e-10   -5.7033662642678187e-11 
  -2.1974649904740388e-10    1.7844332107882122e-10    6.3137977471514213e-11   -5.0430927028423567e-11    1.4508614263003967e-11 

  -2.0920933219273983e-11   -1.4319268830396666e-12   -1.4545274094031537e-13    1.7352171670915644e-13   -3.5869740136544425e-14 
  -5.7004933418336780e-12   -1.5178818921350830e-12   -6.9703774154458524e-12    1.2485628983215921e-12   -8.0149550638479954e-13 
  -4.7278967197506595e-12   -4.6976970512106830e-12   -1.2708546212544089e-13   -1.9912475226177572e-12    9.0568009332040901e-13 
  -9.3458463493408099e-13   -7.4504655117483595e-13   -5.5848579056077503e-14   -4.7750750502777261e-13    1.9701374916279836e-13 
   1.8790608193572689e-13   -7.9729507902259066e-13   -2.7647907884062959e-13    2.3118942635719565e-13   -5.4029325781391276e-14 
