2    107 5 
   7.1513113195099755e-05    8.9004301547217814e-03    3.0952631287435112e-05    9.9915250620932774e-05    1.9793572178462039e-06 
  -5.2439617176894488e-05   -2.2326246764360785e-03   -1.8236873770658842e-06    1.2147781450296437e-04   -6.5300229670170687e-07 
  -1.3353773818275383e-04   -9.4781928774732968e-04    1.9781594775430898e-06    4.7726531117565446e-04    7.0200046503158893e-07 
  -3.6564819432598237e-05    6.8081177567703792e-04    2.4125709629496323e-06    1.3436977594277489e-04    5.7574551905362301e-07 
  -1.8435555080848438e-05   -1.1130604358358868e-03   -3.1188865844802261e-06   -7.2776010878687310e-05   -7.2073467246090634e-07 
  -7.1361653703768996e-05   -2.6967768342962589e-04    5.1117501996173754e-06    6.6192731006786850e-04    8.7660612732564446e-07 
  -2.4058113824258886e-04   -3.3592393449496852e-05    6.2480618658415090e-07    1.7025565426771386e-04   -9.5355051881211903e-07 
  -7.6130237712764950e-06    6.3647982472072849e-05   -8.3560221325668526e-06   -2.1207849999870125e-04    2.5794362212652592e-06 
  -1.9835855838357705e-04    2.5136787820588535e-04   -3.4056723017570443e-05    1.4650272091680564e-05   -1.0757670315063125e-05 
   1.3808530674739157e-04    1.0060435680996489e-04    2.7425931286268733e-05    1.8363263800239758e-04    6.4579921925939161e-06 
  -3.5639306348690809e-05    1.7188724376239122e-05   -1.7730313651992241e-05   -2.1152728434838843e-04   -3.3495328326252962e-06 
   1.8684313370378667e-05    1.5102089330291891e-04   -7.8279753413080974e-05    3.0870325524588887e-05    9.3366179464416025e-07 
  -1.4048456951187106e-05   -6.4318590020728011e-05   -1.0286715541917532e-04   -2.1174357835447893e-06    5.0209004590459326e-06 
   1.0557724605683624e-04    8.2220614007191657e-05   -6.9999874869792366e-05    9.8642238389089246e-06    9.5423357716983053e-06 
  -4.5381572655092906e-05   -3.4389914496889091e-06    6.4544020084858280e-05    5.6678046396627505e-06    4.9399769245597362e-06 
   7.3546699764767795e-05   -4.0594934727698602e-05    4.3792372077544459e-04   -6.0599847150499395e-05    4.1009029017963345e-05 
   8.1720584404885534e-06    4.4979110552315798e-04    5.5837009239730478e-07   -1.6098132098326263e-05    1.4109810813990324e-08 
  -3.3051798680851759e-06   -2.7212738105949363e-04    7.6453245280528172e-09    1.4877033906741272e-06   -5.9786964361648725e-09 
  -2.6145226112728853e-05    4.7085574315491590e-06    1.9879560809663428e-06    1.9047868834038564e-04    3.3280305997166908e-07 
  -1.9418861504708368e-06   -1.4078190637466475e-04    1.3997072179806361e-07    7.4046890622962463e-06    2.1160564107186484e-08 
  -3.3772498907106771e-06   -1.2788793645081108e-04    3.9023921005255318e-07   -1.4757489736529810e-05    1.4578686457308886e-08 
   2.4798243842984574e-05   -2.2397101512750684e-06    1.0874337962083321e-05    5.9216057971610446e-05    5.3498802236895805e-07 
  -2.4505599096227603e-05   -2.6024939522302271e-06    1.6420302080630606e-05   -2.8574821630747611e-05    6.8481776152904338e-07 
  -1.7913846276933517e-06   -9.8598031080552703e-05   -1.2239946732740810e-07    3.5288473015122681e-06   -3.0929903861936395e-09 
   7.2452350292974109e-07    5.9652633513874427e-05   -1.6759200797470030e-09   -3.2611722053000671e-07    1.3105810448353191e-09 
   5.7312556544944681e-06   -1.0321557858296705e-06   -4.3577685963779356e-07   -4.1754546505147160e-05   -7.2953257740887501e-08 
   4.2567793953222259e-07    3.0860589749020695e-05   -3.0682771199223546e-08   -1.6231707415755570e-06   -4.6385754006755937e-09 
   7.4032186408795086e-07    2.8034122013903639e-05   -8.5543749729908677e-08    3.2349671077219386e-06   -3.1957719100725227e-09 
  -5.4359856990276370e-06    4.9096349037404176e-07   -2.3837472533362995e-06   -1.2980662918093321e-05   -1.1727391895823542e-07 
   5.3718354846681425e-06    5.7048878120986982e-07   -3.5994696983058153e-06    6.2638436302396918e-06   -1.5011787051062246e-07 
   7.9286031275998202e-06    4.3639129504368681e-04    5.4173558512569869e-07   -1.5618549650958464e-05    1.3689462815804021e-08 
  -3.2067146399179978e-06   -2.6402038363847793e-04    7.4175612431145698e-09    1.4433829422706103e-06   -5.8005839786814851e-09 
  -2.5366328818959556e-05    4.5682839213803012e-06    1.9287325116263535e-06    1.8480410230967541e-04    3.2288846211535629e-07 
  -1.8840350589985991e-06   -1.3658784641839902e-04    1.3580082799238835e-07    7.1840945932731712e-06    2.0530165806301451e-08 
  -3.2766376110954503e-06   -1.2407800315064426e-04    3.7861352116686325e-07   -1.4317846615102947e-05    1.4144370097628193e-08 
   2.4059474748533022e-05   -2.1729865296037892e-06    1.0550378537380707e-05    5.7451941375222778e-05    5.1905009469430322e-07 
  -2.3775548235854499e-05   -2.5249625708719987e-06    1.5931121807400884e-05   -2.7723543805030360e-05    6.6441622822884251e-07 
  -1.4666634521272098e-06   -8.0725337485872199e-05   -1.0021232878396560e-07    2.8891792891681182e-06   -2.5323293987691680e-09 
   5.9319038777424048e-07    4.8839504395320126e-05   -1.3721289619505484e-09   -2.6700251920580066e-07    1.0730142984344582e-09 
   4.6923609108268804e-06   -8.4505870184186559e-07   -3.5678434627213298e-07   -3.4185772487117864e-05   -5.9729147603521797e-08 
   3.4851603984825482e-07    2.5266544323460734e-05   -2.5120958632891557e-08   -1.3289414045583778e-06   -3.7977489060332574e-09 
   6.0612500748463062e-07    2.2952425478391255e-05   -7.0037383009323656e-08    2.6485702469372832e-06   -2.6164798945904948e-09 
  -4.4506140266013223e-06    4.0196739244525823e-07   -1.9516495349626508e-06   -1.0627680729215999e-05   -9.6015879652404445e-08 
   4.3980922100172725e-06    4.6707727213585347e-07   -2.9470000869339745e-06    5.1284075905808195e-06   -1.2290626523495207e-07 
  -4.0889381787501413e-07   -2.2505566219689471e-05   -2.7938380584305876e-08    8.0547964044508447e-07   -7.0599279915107273e-10 
   1.6537664590467462e-07    1.3616055807732696e-05   -3.8253837242286251e-10   -7.4438126416773471e-08    2.9914764187039338e-10 
   1.3081919815296980e-06   -2.3559547926517338e-07   -9.9468568125607148e-08   -9.5307147723565423e-06   -1.6651999589000452e-08 
   9.7163431677217065e-08    7.0441066476046927e-06   -7.0035185435250136e-09   -3.7049803337904942e-07   -1.0587814452363607e-09 
   1.6898271246921060e-07    6.3989491725175540e-06   -1.9525851613143706e-08    7.3839980031521443e-07   -7.2945327160134917e-10 
  -1.2407949203245456e-06    1.1206523317930878e-07   -5.4410398537404812e-07   -2.9629107769905302e-06   -2.6768444765400979e-08 
   1.2261522658876090e-06    1.3021733702389357e-07   -8.2159960765144642e-07    1.4297582422814165e-06   -3.4265265122540056e-08 
  -1.5958392925881277e-03   -1.3354988730585060e-01   -1.4716780864087199e-03   -8.5963510484656128e-02   -1.6719175716829707e-04 
   6.1145550275713671e-04    8.2535313850461631e-02    4.9802759473816015e-04    5.6454444926394835e-02    4.8277236612894800e-06 
   4.5227738232802520e-03   -4.1518248804542413e-02    2.9870522849612222e-03   -1.0361459285745156e-01   -7.3077798780796645e-04 
   3.3869195506181339e-04    4.1302374943569989e-02    2.2827849070177159e-04    2.5631291667395785e-02   -4.9928078995717371e-05 
   5.6567583875961371e-04    4.2040741883820301e-02    3.3973616138151952e-04    3.4858651108990300e-02   -1.1111455589264247e-04 
  -6.2039226086187584e-03   -1.1780182290086955e-02   -8.4608086854159360e-03   -3.1432675857567732e-02   -3.3084973183091348e-03 
   2.0556532007170478e-03    6.8057257528182681e-03   -3.4502339012329550e-03    1.5942422575449141e-02   -4.8490465978407813e-03 
   1.8664305919472062e-03    1.5619467221820915e-01    1.7212165502685616e-03    1.0053952581874799e-01    1.9554087416548909e-04 
  -7.1513420007945818e-04   -9.6530042468520413e-02   -5.8247339990336489e-04   -6.6026888516534793e-02   -5.6463148718970772e-06 
  -5.2896575886021580e-03    4.8558103596508709e-02   -3.4935383470573065e-03    1.2118353444453896e-01    8.5468906468292715e-04 
  -3.9612073039545594e-04   -4.8305626056951920e-02   -2.6698550443530545e-04   -2.9977346153423637e-02    5.8393908752323515e-05 
  -6.6159211362320407e-04   -4.9169190860604943e-02   -3.9734199285493792e-04   -4.0769301223507123e-02    1.2995519491960556e-04 
   7.2558627930634943e-03    1.3777635822761770e-02    9.8954275887406535e-03    3.6762415914812434e-02    3.8694877591669858e-03 
  -2.4042107736488203e-03   -7.9597079758966238e-03    4.0352572671592648e-03   -1.8645627628525663e-02    5.6712533361110741e-03 
  -9.7979546581001956e-04   -8.1995458220292833e-02   -9.0356436446472634e-04   -5.2778909624025865e-02   -1.0265051522113775e-04 
   3.7541457459316447e-04    5.0674103999994988e-02    3.0577338297099998e-04    3.4661265342072978e-02    2.9640714923391715e-06 
   2.7768418195465139e-03   -2.5490907584490664e-02    1.8339567765598439e-03   -6.3616122716740248e-02   -4.4867485234480442e-04 
   2.0794627843616017e-04    2.5358367778540246e-02    1.4015586103836888e-04    1.5736812268758997e-02   -3.0654280568108563e-05 
   3.4730729122233459e-04    2.5811702010578103e-02    2.0858738849164639e-04    2.1402122669539413e-02   -6.8220865694151937e-05 
  -3.8090146485256116e-03   -7.2326638702595383e-03   -5.1946721863277917e-03   -1.9298680905126406e-02   -2.0313139839203982e-03 
   1.2621068391378708e-03    4.1785029765392745e-03   -2.1183358174678988e-03    9.7881493619068512e-03   -2.9771631091753742e-03 
   8.0448429939144041e-04    6.7324315187658468e-02    7.4189294609618313e-04    4.3335375201421347e-02    8.4283639495694130e-05 
  -3.0824303802348652e-04   -4.1607174636210761e-02   -2.5106248636148768e-04   -2.8459453771492685e-02   -2.4337211806642295e-06 
  -2.2799918183657765e-03    2.0929914093863751e-02   -1.5058136968261961e-03    5.2233525975205954e-02    3.6839512616519481e-04 
  -1.7073922257893854e-04   -2.0821089143501940e-02   -1.1507829297805599e-04   -1.2921082852961435e-02    2.5169423912158786e-05 
  -2.8516488655267423e-04   -2.1193309963843894e-02   -1.7126562119152474e-04   -1.7572720289187937e-02    5.6014359381082296e-05 
   3.1274817937206301e-03    5.9385501662729033e-03    4.2652087708236258e-03    1.5845639553255443e-02    1.6678585115182574e-03 
  -1.0362827464215360e-03   -3.4308589464712245e-03    1.7393098513500279e-03   -8.0367921229789006e-03    2.4444703630863655e-03 
  -3.1776580632063150e-05   -1.7489869212666792e-03   -2.1711900854363892e-06    6.2596663542397116e-05   -5.4865190245398630e-08 
   1.2852002386732999e-05    1.0581517165352296e-03   -2.9728406018280579e-08   -5.7848493246364917e-06    2.3247818253128384e-08 
   1.0166421248267321e-04   -1.8308955567794144e-05   -7.7300532246378205e-06   -7.4066545691222892e-04   -1.2940856146343052e-06 
   7.5509129417134019e-06    5.4742237002194688e-04   -5.4426812531193102e-07   -2.8792708808546648e-05   -8.2281640111686932e-08 
   1.3132242536970709e-05    4.9728490735737030e-04   -1.5174227906385656e-06    5.7383652595569166e-05   -5.6688386297510081e-08 
  -9.6426549167342150e-05    8.7089844905939973e-06   -4.2284239593835776e-05   -2.3025824577134469e-04   -2.0802702469390170e-06 
   9.5288616850828188e-05    1.0119648497344387e-05   -6.3849403044259051e-05    1.1111155533317377e-04   -2.6628745959133995e-06 
   7.1405169153265915e-06    3.9301493261954064e-04    4.8788822532417759e-07   -1.4066099183009340e-05    1.2328759457982132e-08 
  -2.8879740555120379e-06   -2.3777732155604511e-04    6.6802715023730006e-09    1.2999137614417564e-06   -5.2240183235260690e-09 
  -2.2844969926795808e-05    4.1142062592437222e-06    1.7370206205008369e-06    1.6643496935423691e-04    2.9079403879765750e-07 
  -1.6967659991729680e-06   -1.2301130628969417e-04    1.2230251581384852e-07    6.4700109387493806e-06    1.8489511185652349e-08 
  -2.9509468327373799e-06   -1.1174491471681585e-04    3.4098014603005646e-07   -1.2894683250105333e-05    1.2738449927853597e-08 
   2.1668014359016119e-05   -1.9569963109138274e-06    9.5016934505172193e-06    5.1741341142436319e-05    4.6745762417654558e-07 
  -2.1412309535119302e-05   -2.2739866856390377e-06    1.4347602334878272e-05   -2.4967882779188169e-05    5.9837467459690464e-07 
  -1.6024606241994381e-05   -8.8199630602850258e-04   -1.0949090652168547e-06    3.1566860416610900e-05   -2.7667957111392350e-08 
   6.4811340166903516e-06    5.3361514248824254e-04   -1.4991732627279603e-08   -2.9172406455536302e-06    1.1723638166276933e-08 
   5.1268227780728149e-05   -9.2330199738367083e-06   -3.8981871771782714e-06   -3.7351005262313883e-04   -6.5259420634515317e-07 
   3.8078485555001817e-06    2.7605953042064284e-04   -2.7446887691219397e-07   -1.4519870046426908e-05   -4.1493793778580811e-08 
   6.6224562726232446e-06    2.5077571821707751e-04   -7.6522087143875682e-07    2.8937992045737968e-05   -2.8587376326925099e-08 
  -4.8626927471291118e-05    4.3918522526173941e-06   -2.1323511726421178e-05   -1.1611689014566573e-04   -1.0490591158980151e-06 
   4.8053079784111794e-05    5.1032357557599545e-06   -3.2198604199038958e-05    5.6032426640426636e-05   -1.3428605602789679e-06 
   3.2316466328596888e-06    1.7787022966605845e-04    2.2080787137364461e-07   -6.3660183991264265e-06    5.5797352575703133e-09 
  -1.3070358551002397e-06   -1.0761297671988544e-04    3.0233493125539139e-09    5.8831342044080666e-07   -2.3642799849663522e-09 
  -1.0339149254481369e-05    1.8620025639932425e-06    7.8613872160999304e-07    7.5324940012291082e-05    1.3160721940438647e-07 
  -7.6792033307960188e-07   -5.5672310350738799e-05    5.5351526802176206e-08    2.9281898373345522e-06    8.3679609298428584e-09 
  -1.3355359995429047e-06   -5.0573380284090288e-05    1.5432038798547365e-07   -5.8358603727345403e-06    5.7651524820058460e-09 
   9.8064841067416076e-06   -8.8569505732964755e-07    4.3002650942427604e-06    2.3417034489995467e-05    2.1156141426290975e-07 
  -9.6907575223848879e-06   -1.0291581832177544e-06    6.4934207600008854e-06   -1.1299934622353372e-05    2.7081169686734844e-07 
2    107 5 
   6.2148350142898594e-02    3.9035807481295421e-03    9.8289063288927109e-04    5.9384012708443964e-04    3.9149460831629430e-04 
   3.8197579065710734e-03   -1.6213557050501884e-02   -4.3120195316610410e-03   -3.3400482963564689e-03   -5.4140949738559622e-04 
  -4.2331609692433771e-03   -3.0955812919025154e-02    3.0024329975048648e-02   -7.9800543678740579e-03    2.1743894675194143e-03 
   2.2208916530413791e-02   -1.8872726411664282e-02    2.9407208781532652e-02   -1.2491184334437518e-03    3.4167069446044097e-03 
   7.4358078192684043e-02   -1.6744069523521948e-02   -3.2808422374183070e-02   -1.2690606765154660e-02   -1.8962572537394337e-03 
  -1.2346369020438978e-03   -2.0547240398710295e-02   -1.2023649082476023e-02    9.3055294991409125e-04   -5.9061083735442515e-04 
   8.0145370436449509e-03    1.1274431480739205e-02    1.3055714554101182e-03   -2.2707095082987001e-03    3.4002750252294907e-03 
  -1.0982405364561080e-02   -2.5091304029461574e-03    1.5846454215936914e-05   -9.4369198718399355e-03    6.6454701169714274e-04 
  -1.4271338739916535e-03    5.6639159341198000e-04   -1.2691997528507053e-03    5.0556396877790184e-03   -1.3488882178787417e-03 
   5.2947022000531408e-03   -2.8060616223580565e-03   -9.8881577735139103e-04    8.6987338502108272e-03   -1.2977789961933950e-03 
  -5.2208777610380152e-05   -2.3273508935619941e-03    1.1758082352090154e-03    7.6997958127579215e-03    1.5876292717823242e-04 
  -3.5551403497174070e-04    1.9863774935591390e-04    4.9196805423895791e-04   -4.6169052160602867e-04   -2.7442837632872278e-03 
   7.5871322436889428e-04    1.7555664761865019e-04   -3.1790284565422725e-05    8.3645448775283274e-04    4.2320310036181889e-03 
  -7.2946699531944320e-04    5.9423561153486412e-04   -3.6489841035339937e-04   -1.4198129886677231e-03    3.8800963026402548e-03 
  -1.2998486262496695e-03   -4.4536855736494185e-03   -4.4817606386323072e-03    1.8499531854020276e-03    3.3630411289594063e-03 
  -1.8340868397112122e-03    7.0697882444088148e-04    1.6124673678170050e-03    3.0101907530469724e-04   -1.4533527721344839e-04 
   9.1484008499068137e-04    6.5622600255642307e-03    7.5522396731896740e-04    1.4895705240523891e-03   -2.0681107671269503e-04 
  -3.0609230298467324e-03    7.1263592664353673e-04   -3.2636971093178493e-03   -4.2579471552670463e-04    5.8149481546148165e-04 
  -1.1829905540583730e-03   -2.3107142111837243e-03   -1.4431406429774392e-03   -2.7264465749511461e-04   -6.9528820418410077e-05 
  -5.8827516856157559e-04    2.0207252114196215e-03   -1.8845070230068927e-03    1.8595036805905596e-03   -1.2725372935439684e-03 
   1.3354540227574304e-04    2.2580432399919954e-03    8.2256344877609040e-04    1.9655677664303954e-03    7.7092178284921627e-04 
  -2.5336633937712843e-05    5.6790000239853773e-04    2.8638266518934958e-04   -2.5004561016438390e-05    3.7708763714835265e-04 
   9.3258533935892943e-05    1.3327614832164898e-04    1.8416815284116563e-04    6.4123985208589950e-04    6.7946932891048417e-05 
   2.0054071773769781e-04    1.4385031407117004e-03    1.6555150888518407e-04    3.2652651202688340e-04   -4.5334744771806100e-05 
  -6.7098032914852533e-04    1.5621584860508154e-04   -7.1543012983271053e-04   -9.3337818556031013e-05    1.2746860305600129e-04 
  -2.5932157836109623e-04   -5.0652818344990036e-04   -3.1634868769669867e-04   -5.9766024902566449e-05   -1.5241308048177058e-05 
  -1.2895491405124122e-04    4.4296013139048210e-04   -4.1309994738521324e-04    4.0761900233669807e-04   -2.7895098431098404e-04 
   2.9274286580063758e-05    4.9498225915118688e-04    1.8031289523571045e-04    4.3086915091400938e-04    1.6899260339448528e-04 
  -5.5540053811459315e-06    1.2448850455148465e-04    6.2777512886628674e-05   -5.4812121760096361e-06    8.2660813233291456e-05 
   2.0443062823225460e-05    2.9215263826149025e-05    4.0371223518883724e-05    1.4056522258819838e-04    1.4894544864838135e-05 
   1.0832971411797006e-01    2.3212717613908300e-02    1.1910734412153640e-01    9.1237833784760837e-03    2.8127870368686778e-02 
   1.3050665826119712e-02   -8.2580418942268877e-02    2.8476564224180693e-03   -4.3260604706195575e-02   -1.0368316969115783e-02 
  -3.9502356234791536e-02   -3.5144262602030997e-02   -3.7911058258282143e-02   -2.5390999247609312e-02   -4.2234980775598795e-03 
   2.6040297492799198e-02   -3.3351033259741515e-02    5.9569888147024977e-02   -5.4839131301608640e-02    3.5152870548723431e-02 
   3.0106060626473585e-02    1.4038025535280553e-02    6.5187769319444575e-02    2.7987927898755104e-02    3.7869739312614635e-02 
   1.0943023041739285e-02    3.9515107488540847e-03    7.8096643816525169e-03    1.1819903919268165e-02    3.1832891283640388e-03 
  -2.2610936342795234e-04    3.8122788083535270e-03    1.2571082496759383e-02    4.2940444528282665e-03    1.4770035587385452e-02 
   2.0039246500198261e-02    4.2939776403179801e-03    2.2032933884014332e-02    1.6877524843884448e-03    5.2032014709271265e-03 
   2.4141622786572449e-03   -1.5276043002122689e-02    5.2677041992897037e-04   -8.0025127778979768e-03   -1.9179710869543748e-03 
  -7.3072975441030794e-03   -6.5011206489741184e-03   -7.0129331338747627e-03   -4.6969245414521738e-03   -7.8127889248529167e-04 
   4.8170342241320059e-03   -6.1694021992937803e-03    1.1019466655912200e-02   -1.0144353088691289e-02    6.5027129800075264e-03 
   5.5691347010001927e-03    2.5968078690876920e-03    1.2058683887671369e-02    5.1773143754645324e-03    7.0052897966417487e-03 
   2.0242824231213072e-03    7.3096563199860360e-04    1.4446617061808767e-03    2.1864912150412748e-03    5.8885704669376987e-04 
  -4.1826578299665468e-05    7.0520997299858799e-04    2.3254471128074422e-03    7.9432883187827467e-04    2.7322178994213702e-03 
   2.1190033080704315e-02    1.5868244792499941e-01    2.6708409712734672e-02    1.3277679067251286e-01    5.0186087497613397e-03 
  -6.2215115853952965e-02    9.1234067893603051e-03   -1.0122050765821268e-01   -7.8159491190661692e-03   -2.9789158859684847e-02 
  -2.7452463803240137e-02   -5.4063870133166568e-02   -4.9512345090203733e-02   -3.7646009430931458e-02   -2.6767414646251025e-02 
  -2.2138850865506651e-02    6.1048162425460829e-02   -7.3313014152289024e-02    8.7084808727407578e-02   -8.1820372505409369e-02 
   1.0144764516807927e-02    6.8788269126880200e-02    3.5941155575056317e-02    9.4872635290365173e-02    4.4724899052836914e-02 
   2.7261131467155404e-03    1.2871964420136009e-02    1.3518289009348901e-02    1.0044323615681907e-02    1.9931063083936194e-02 
   2.7044067702661394e-03    9.5177051922138659e-03    6.8268283800378745e-03    2.5656990854066655e-02    5.7074651978459056e-03 
   3.0711841705083603e-04    4.3424445147387094e-05    6.0212557069785516e-05   -7.9356051215060015e-06    6.6999593812101224e-07 
   6.0081719069990681e-05   -1.7965338083934988e-04   -1.2647412604717166e-05    2.1365088793662096e-05   -3.4081575239057031e-06 
  -1.1760937149008554e-04   -6.5069339587295333e-05   -1.2710047394955020e-05   -2.4660444304106663e-06    1.6220443786518039e-06 
   2.6680817176383587e-05   -3.5390699063343194e-05    7.4896839419173815e-05   -4.7159171775121498e-05    1.2738682069973291e-06 
   3.5055089274402319e-05    6.2898556907379780e-06    7.8262963875756503e-05    2.7876709609467319e-05    2.2945400924032317e-06 
   4.2372631278280010e-05   -2.7331064442395848e-06   -7.6587255972808529e-06    1.3965943480737758e-05    6.0087748997802906e-06 
  -1.8164731596511481e-05    5.8707308256615343e-06    2.1034756174455160e-05    2.4297618783934303e-06    4.7197024878294241e-06 
   3.5919356767086615e-04    5.0787515533579890e-05    7.0422228012792564e-05   -9.2811702488982274e-06    7.8360078060326838e-07 
   7.0269205057072357e-05   -2.1011549690664585e-04   -1.4791914138258530e-05    2.4987763811409757e-05   -3.9860463984918233e-06 
  -1.3755127466048224e-04   -7.6102528974936022e-05   -1.4865169314492806e-05   -2.8841881431273969e-06    1.8970790253584002e-06 
   3.1204829726551424e-05   -4.1391563492019563e-05    8.7596384536561196e-05   -5.5155504254586000e-05    1.4898659299162810e-06 
   4.0999047541356185e-05    7.3563667310681202e-06    9.1533270720055537e-05    3.2603498271781765e-05    2.6836034447837492e-06 
   4.9557355584859734e-05   -3.1965333240440368e-06   -8.9573428956692586e-06    1.6334015761436779e-05    7.0276257422425342e-06 
  -2.1244752465804318e-05    6.8661748466737089e-06    2.4601419829989191e-05    2.8417535036537325e-06    5.5199775748645503e-06 
   1.8856111256988761e-04    2.6661252582472171e-05    3.6968628780986685e-05   -4.8722136073617030e-06    4.1135657288990224e-07 
   3.6888298336968902e-05   -1.1030156280859656e-04   -7.7651161880049071e-06    1.3117496996021967e-05   -2.0925022364084346e-06 
  -7.2208479549257885e-05   -3.9950541503140500e-05   -7.8035719922716894e-06   -1.5140742320511521e-06    9.9588456991066534e-07 
   1.6381188140273273e-05   -2.1728783490393765e-05    4.5984319352980935e-05   -2.8954258045421718e-05    7.8211527880812379e-07 
   2.1522729565657746e-05    3.8617748760839528e-06    4.8051014599319344e-05    1.7115428730145984e-05    1.4087759269355363e-06 
   2.6015471729341371e-05   -1.6780419645508938e-06   -4.7022182302135022e-06    8.5746529501686612e-06    3.6892000524248670e-06 
  -1.1152577667801156e-05    3.6044453039162354e-06    1.2914683088624563e-05    1.4917978787118069e-06    2.8977498668100795e-06 
   1.5482257249766640e-04    2.1890853604814693e-05    3.0353969233514467e-05   -4.0004465086632975e-06    3.3775406795520287e-07 
   3.0288012017717369e-05   -9.0565713533379908e-05   -6.3757327668747600e-06    1.0770431941006988e-05   -1.7180985770743163e-06 
  -5.9288484288178508e-05   -3.2802339378956106e-05   -6.4073078168036962e-06   -1.2431665488381446e-06    8.1769463980625673e-07 
   1.3450162941234088e-05   -1.7840932901691087e-05    3.7756515751061991e-05   -2.3773580110225354e-05    6.4217429460660010e-07 
   1.7671747440987749e-05    3.1708018295690456e-06    3.9453424887022982e-05    1.4053028587320920e-05    1.1567088786671461e-06 
   2.1360619923071900e-05   -1.3777961434891110e-06   -3.8608677734506457e-06    7.0404221205885076e-06    3.0291051786366963e-06 
  -9.1570883358520310e-06    2.9595152827315391e-06    1.0603906773364422e-05    1.2248760207283990e-06    2.3792662374540529e-06 
   3.5573032104273547e-03    2.5516971806975989e-02    2.9366450897949140e-03    5.7921095657100501e-03   -8.0417301254295359e-04 
  -1.1902223677765189e-02    2.7710439357723905e-03   -1.2690699058029494e-02   -1.6556783348005320e-03    2.2611092450207418e-03 
  -4.5999909327321953e-03   -8.9850797059332008e-03   -5.6115696355982627e-03   -1.0601631162927420e-03   -2.7035883117666032e-04 
  -2.2874742592418236e-03    7.8574741093113947e-03   -7.3277974948852418e-03    7.2305734316764868e-03   -4.9481882943056719e-03 
   5.1928363879918124e-04    8.7802716547877649e-03    3.1984908019647923e-03    7.6429975473873042e-03    2.9976851453178631e-03 
  -9.8520048177563879e-05    2.2082465939985549e-03    1.1135825714274343e-03   -9.7228801665385047e-05    1.4662836535567459e-03 
   3.6263046144647187e-04    5.1823666023862900e-04    7.1612730149119724e-04    2.4934243939500832e-03    2.6420775223735484e-04 
   9.7561971969459052e-02    2.0905423074567296e-02    1.0726832857592142e-01    8.2168988026401699e-03    2.5332020146217476e-02 
   1.1753457524351189e-02   -7.4372101723615192e-02    2.5646054577422319e-03   -3.8960593020041734e-02   -9.3377284131828161e-03 
  -3.5575906417600493e-02   -3.1650997981336734e-02   -3.4142780060318685e-02   -2.2867188167543507e-02   -3.8036913917010753e-03 
   2.3451947554317575e-02   -3.0036011804628674e-02    5.3648768529887494e-02   -4.9388238808150950e-02    3.1658750316517895e-02 
   2.7113582518571586e-02    1.2642675787809561e-02    5.8708244315769161e-02    2.5205987658824935e-02    3.4105568129577025e-02 
   9.8553099299854251e-03    3.5587390223968812e-03    7.0334004266265756e-03    1.0645030721649879e-02    2.8668769897604498e-03 
  -2.0363457576161727e-04    3.4333464393279710e-03    1.1321543753350932e-02    3.8672256079825486e-03    1.3301925604596197e-02 
   8.5772415035904881e-04    1.2127633268144420e-04    1.6816238130414304e-04   -2.2162657081232577e-05    1.8711730227293271e-06 
   1.6779697530444317e-04   -5.0173820547549778e-04   -3.5321851860241041e-05    5.9668686784928751e-05   -9.5183448929991827e-06 
  -3.2846092137449930e-04   -1.8172646416935343e-04   -3.5496779084585216e-05   -6.8871996806089790e-06    4.5300657963911650e-06 
   7.4514519393705723e-05   -9.8839586294475500e-05    2.0917282842323147e-04   -1.3170672384573106e-04    3.5576750362559038e-06 
   9.7902291084908685e-05    1.7566387519268354e-05    2.1857378284091230e-04    7.7854422714833396e-05    6.4082202237177030e-06 
   1.1833881377300828e-04   -7.6330538078353164e-06   -2.1389384488372985e-05    3.9004261356281568e-05    1.6781381576213742e-05 
  -5.0730689239450693e-05    1.6395850362154337e-05    5.8746129720894870e-05    6.7858693162476307e-06    1.3181244046497215e-05 
   1.7297531811834890e-04    2.4457527769292817e-05    3.3912932717875357e-05   -4.4694936680625310e-06    3.7735529392006615e-07 
   3.3839242104157678e-05   -1.0118442586456682e-04   -7.1232791562377988e-06    1.2033251102941018e-05   -1.9195434046452878e-06 
  -6.6239982097293898e-05   -3.6648371084174428e-05   -7.1585563397773167e-06   -1.3889262126981465e-06    9.1356827471839027e-07 
   1.5027177083875553e-05   -1.9932759121701383e-05    4.2183418203949802e-05   -2.6561001513137020e-05    7.1746839692046365e-07 
   1.9743736885382449e-05    3.5425742274642503e-06    4.4079287733021277e-05    1.5700727944271348e-05    1.2923314929467668e-06 
   2.3865124876763013e-05   -1.5393409525336203e-06   -4.3135495073599361e-06    7.8659024737146369e-06    3.3842638281734931e-06 
  -1.0230745054670254e-05    3.3065146073213543e-06    1.1847201075590398e-05    1.3684911439139514e-06    2.6582321148168829e-06 
2    107 5 
   1.5934898143095184e-02   -6.2844174662450374e-04   -2.0468930537136622e-04    2.1823669993372897e-04   -1.0678036010399182e-04 
   3.1547408746439372e-03    1.3591859083127919e-02    1.5073792334971367e-02   -4.4596355963836716e-03    1.3894381626662579e-03 
  -5.6696827765633879e-03   -5.2354026610458198e-03    8.5357064189079757e-04   -2.6628327905285762e-04   -6.7213374592366303e-05 
  -1.0330639375151151e-02    1.6899425883162990e-02   -2.2395346741728070e-03    1.3108989642855030e-03   -8.6507404451456745e-05 
   2.1068532289553938e-03    3.5392537402810541e-04   -3.1525075661431438e-03    1.5349180580856261e-03   -6.8887209657411534e-04 
  -2.0813240605102777e-02   -5.1437939013967392e-03   -3.5680214037051537e-03    7.7590306205257520e-04   -2.4669688948874831e-04 
   9.1602492884636016e-04   -3.4634208866408181e-03    1.4234593004740898e-03   -3.7248409654254638e-04   -6.7124355245595896e-05 
  -3.8405169921144482e-04    4.8494352150071172e-03    1.0903465038917613e-03    2.3175384241824591e-04   -1.1371434557927774e-03 
  -3.1039623915290436e-03    7.3891531456184330e-04    5.6577355628443377e-03    1.1978488191703776e-03   -8.8251439171332523e-04 
  -4.2748532652748627e-04    2.3879831712039367e-03    3.3614790184841787e-03    2.1747468533996777e-03   -1.2683105208116377e-03 
   8.3852134695473757e-04    3.3752061289866252e-03   -4.8288823403418715e-03    4.6160251599109978e-03   -2.7900681323210271e-03 
  -3.8850994335596417e-06   -7.8652558216161801e-04    1.0662920202189102e-03    7.9469472317612931e-04    1.7457288402318969e-03 
  -1.5155661782927793e-04    2.3689858751292898e-05   -1.1040211966800270e-03    1.3250932318725312e-03    6.1247480458565613e-04 
   5.2841094499698422e-05   -1.6260570264074782e-03    3.6154954796000584e-04   -5.1816488194617255e-04   -2.1899106079554487e-04 
   1.5483252521911828e-03   -1.5407980802396252e-04   -3.1369568382505941e-04    1.0572055870855051e-03   -9.3902374237617278e-04 
   8.9331762159526665e-06   -1.0761873298105894e-03    9.3192033853956946e-04    1.0780293275196755e-03   -7.0706164342189653e-04 
  -8.9390978684496206e-02   -3.2560952892774088e-02   -7.1659482282482090e-02    7.1529874660600044e-03   -3.5248145906028776e-03 
   2.3278168666432009e-02   -5.4377010036752292e-02    8.5481483834277221e-03   -4.3284289779750906e-02    1.0564178554741649e-02 
   3.9143464356847124e-02    2.0660284245761842e-02    3.2459656962511477e-02    1.2801230241630097e-03    6.0562809599726145e-04 
  -8.8456089717850912e-03   -4.4673361201015130e-02   -2.4994807299972346e-02   -2.7677093671685114e-02   -2.0019944222125865e-03 
   2.3886978495866195e-02    4.0451486200171416e-02    2.8905425266339609e-02    2.3167966595187748e-02   -7.9312506634529806e-04 
  -1.4342867811638519e-02   -6.7886762557116415e-03   -1.4341492675765904e-02   -4.5762830619433233e-05   -2.1453025393585097e-03 
   5.4392038966899012e-03   -3.7125654443439151e-03    1.5865406243977158e-04   -6.7991863815491842e-03   -1.3163240550439147e-03 
  -1.4064416048766493e-01   -4.6600622055215174e-01   -1.5327414924133775e-01   -2.4536829243938524e-01    4.2447435696513325e-02 
  -1.4504011435534570e-01    4.1019518833894909e-02   -3.0878086415764555e-01    1.0901996229626140e-02   -1.5756072500870161e-01 
   8.0040154190696586e-02    2.1235658079103492e-01    1.0336361759515919e-01    1.1347594215071666e-01   -2.3499092937740934e-03 
  -1.3001573646879827e-01   -1.3293331674624173e-01   -2.6141094512661828e-01   -1.3242021009789109e-01   -9.0914334632191549e-02 
   1.2709402687782903e-01    1.7835630447552459e-01    2.3685794347290284e-01    1.2728889849696881e-01    8.6871303980251308e-02 
  -2.6242956839869821e-02   -8.4594847132808362e-02   -3.6743217345177319e-02   -5.7342604357387521e-02    4.1879087039323011e-03 
  -6.4020130014679818e-03    1.1643208648611411e-02   -3.5044890086678479e-02   -1.4816506030177158e-02   -3.1381530151312238e-02 
  -1.2262864992673833e-03   -5.0204512038788196e-03    1.8577306053701493e-04   -1.5790945172742025e-04    2.6044329901418910e-05 
  -1.7621574847698960e-03    1.2452253724407226e-03   -2.7399786194832543e-03    4.0630501957589910e-04   -2.1164921740297664e-05 
   7.4561812204706991e-04    2.2048631318969908e-03    1.9564453981973888e-04    3.4260233327098210e-05   -3.0691338895460635e-06 
  -1.3860323080664894e-03   -7.1280418586221899e-04   -1.8186391036105515e-03   -2.6884121815855635e-04    1.8870740215888877e-04 
   1.2730865256065352e-03    1.4344212457755782e-03    1.3889053790153358e-03    6.0639387522756784e-05    6.9958820920019865e-05 
  -2.2459418644182563e-04   -8.4791412246844377e-04   -5.0547018864496386e-05   -1.2996349948242035e-04    5.2555306034355180e-05 
  -4.6637509491395343e-05    2.5648968379915135e-04   -3.0485473118391655e-04   -1.0239989882117681e-04   -3.9938649990073053e-05 
  -1.6043262825540323e-02   -5.8438103351855725e-03   -1.2860938823118664e-02    1.2837677760619440e-03   -6.3260887978340379e-04 
   4.1778016474228168e-03   -9.7592025115389603e-03    1.5341614243992374e-03   -7.7683592614456037e-03    1.8959843105404094e-03 
   7.0251930991330020e-03    3.7079622024835802e-03    5.8256304555570409e-03    2.2974745805344476e-04    1.0869386219507626e-04 
  -1.5875475542916134e-03   -8.0176600099410873e-03   -4.4858918504797462e-03   -4.9672897036863398e-03   -3.5930384881660142e-04 
   4.2870665447102543e-03    7.2599476406182825e-03    5.1877420009982496e-03    4.1580233563814949e-03   -1.4234449695211358e-04 
  -2.5741568261183870e-03   -1.2183837676986572e-03   -2.5739100264239451e-03   -8.2131903025644705e-06   -3.8502377964452197e-04 
   9.7618997979976023e-04   -6.6630507974244362e-04    2.8474112930843176e-05   -1.2202700510084790e-03   -2.3624456393062419e-04 
  -6.3242031468135581e-05   -2.5891464450569150e-04    9.5806858735154682e-06   -8.1437042006315499e-06    1.3431578445787824e-06 
  -9.0877962996581245e-05    6.4218746790301257e-05   -1.4130614189987570e-04    2.0953957210677665e-05   -1.0915170700486351e-06 
   3.8453008139520632e-05    1.1370917290018826e-04    1.0089777675315493e-05    1.7668683097077639e-06   -1.5828133322722959e-07 
  -7.1480440251899755e-05   -3.6760728247313121e-05   -9.3790832312378152e-05   -1.3864675823205114e-05    9.7320157016589495e-06 
   6.5655601820755822e-05    7.3975953921124785e-05    7.1628610229686917e-05    3.1272937084553735e-06    3.6079154069956555e-06 
  -1.1582768476208436e-05   -4.3728616149213260e-05   -2.6068102026392004e-06   -6.7024759131627040e-06    2.7103815625694786e-06 
  -2.4051890358512287e-06    1.3227682653090366e-05   -1.5721964250818580e-05   -5.2809662566224840e-06   -2.0597155403537713e-06 
  -3.1597629647851479e-04   -4.0218282675442283e-06   -6.2368198115609053e-06    5.3508717039545704e-07    1.3113859377675488e-09 
   1.2563747029423967e-04   -1.4366558926757559e-04    9.3485043882991659e-06    9.9880442912823671e-07   -4.7137008302149299e-07 
   1.3404479550557476e-04    1.6258595122276392e-05    1.9722820013665543e-06   -2.3544531883076951e-08   -3.6829083735607221e-08 
   1.6789397770978761e-05   -9.5094424710698150e-05   -2.0389572530428056e-05    7.5813288208480253e-06   -1.2122952871540837e-06 
   5.8009876768858721e-05    6.8916463587624888e-05    6.7049147362980049e-06    3.6978548414300020e-06   -1.6230119959175154e-06 
  -4.5037411888729296e-05   -4.1647313470198583e-06   -6.6053833201670247e-06    1.8233781355896137e-06   -2.2255268783241530e-07 
   2.6601696580247292e-05   -9.7060909077273653e-06   -5.2060294885889912e-06   -2.3259653795136871e-06    8.3182716919401375e-07 
  -3.6955339351322076e-04   -4.7037714567916289e-06   -7.2943380619993410e-06    6.2581681552962304e-07    1.5337451856628994e-09 
   1.4694062186658291e-04   -1.6802559760529119e-04    1.0933641413839739e-05    1.1681622018931199e-06   -5.5129582732180055e-07 
   1.5677349729693789e-04    1.9015410548693769e-05    2.3067031125216602e-06   -2.7536754348479881e-08   -4.3073841380382358e-08 
   1.9636216356913958e-05   -1.1121868237485193e-04   -2.3846838528332428e-05    8.8668226835631572e-06   -1.4178526753456614e-06 
   6.7846060151139156e-05    8.0601973222598481e-05    7.8418033935789614e-06    4.3248649363882610e-06   -1.8982107122860303e-06 
  -5.2673977712958915e-05   -4.8709052530677039e-06   -7.7253953813251648e-06    2.1325510336525185e-06   -2.6028883160085368e-07 
   3.1112293403020761e-05   -1.1351860480276129e-05   -6.0887664222900889e-06   -2.7203572191118360e-06    9.7287219521875184e-07 
  -1.9399957378602679e-04   -2.4692768996905681e-06   -3.8292125033035028e-06    3.2852680454829061e-07    8.0514999331031251e-10 
   7.7137481387925592e-05   -8.8206183173373498e-05    5.7396896130471533e-06    6.1323471319200420e-07   -2.8940650365484505e-07 
   8.2299316392186531e-05    9.9822694272754274e-06    1.2109195275569677e-06   -1.4455606959172740e-08   -2.2611906738781317e-08 
   1.0308165669368242e-05   -5.8385005675757286e-05   -1.2518560489081768e-05    4.6546990276412874e-06   -7.4431142978692672e-07 
   3.5616251895982811e-05    4.2312555441159664e-05    4.1166081620996190e-06    2.2703673381677077e-06   -9.9647865667992010e-07 
  -2.7651563766693234e-05   -2.5570149256752738e-06   -4.0554989823196011e-06    1.1194972062697047e-06   -1.3664039697154620e-07 
   1.6332610566261543e-05   -5.9592365636691808e-06   -3.1963394506474482e-06   -1.4280700713807869e-06    5.1071589257091215e-07 
  -1.5928795003196248e-04   -2.0274583481653016e-06   -3.1440657213026675e-06    2.6974472265988876e-07    6.6108749313079934e-10 
   6.3335558120676292e-05   -7.2423778174519066e-05    4.7127082520831842e-06    5.0351090183595278e-07   -2.3762407201957626e-07 
   6.7573805144552861e-05    8.1961790054817216e-06    9.9425419053222066e-07   -1.1869118854529392e-08   -1.8566042184747427e-08 
   8.4637638424635846e-06   -4.7938393292314163e-05   -1.0278660920442614e-05    3.8218510054384114e-06   -6.1113454799073402e-07 
   2.9243568125517836e-05    3.4741726929100795e-05    3.3800387414713125e-06    1.8641389362800006e-06   -8.1818242883470116e-07 
  -2.2703972084148486e-05   -2.0994977347794668e-06   -3.3298636004370861e-06    9.1918972590059552e-07   -1.1219183784989763e-07 
   1.3410277172256116e-05   -4.8929724816269204e-06   -2.6244302951999211e-06   -1.1725507934524555e-06    4.1933539331427147e-07 
  -1.7499114701854976e-03   -2.2273327129050836e-05   -3.4540193828978202e-05    2.9633715802722589e-06    7.2625995048189863e-09 
   6.9579412380994538e-04   -7.9563582880142869e-04    5.1773045131809518e-05    5.5314887429298816e-06   -2.6104993449649094e-06 
   7.4235481518096849e-04    9.0041887352483783e-05    1.0922714567820184e-05   -1.3039220619242246e-07   -2.0396351493329007e-07 
   9.2981530780554271e-05   -5.2664337928670212e-04   -1.1291969442271534e-04    4.1986232545617346e-05   -6.7138245871142448e-06 
   3.2126507549206485e-04    3.8166695242852235e-04    3.7132554987274022e-05    2.0479126675691426e-05   -8.9884188768502649e-06 
  -2.4942213871702551e-04   -2.3064740094789671e-05   -3.6581339061672938e-05    1.0098068587783045e-05   -1.2325212539638618e-06 
   1.4732312040797128e-04   -5.3753398591562356e-05   -2.8831563689225240e-05   -1.2881452002024228e-05    4.6067503189547460e-06 
  -3.9322268805019287e-04   -5.0050403776016346e-06   -7.7615285656512365e-06    6.6589936596202940e-07    1.6319790733266030e-09 
   1.5635193000082027e-04   -1.7878736418430142e-04    1.1633923385344759e-05    1.2429810933142237e-06   -5.8660542951441743e-07 
   1.6681458512956705e-04    2.0233316704931995e-05    2.4544436997764010e-06   -2.9300438732677264e-08   -4.5832650949897553e-08 
   2.0893884116706503e-05   -1.1834205831281404e-04   -2.5374189798298566e-05    9.4347282728182971e-06   -1.5086638359840490e-06 
   7.2191490091922490e-05    8.5764398674385254e-05    8.3440581623936009e-06    4.6018655100775801e-06   -2.0197880248773333e-06 
  -5.6047660419724062e-05   -5.1828788220302615e-06   -8.2201944060528548e-06    2.2691374631554044e-06   -2.7695990844113317e-07 
   3.3104985255410549e-05   -1.2078928703614354e-05   -6.4787420207981683e-06   -2.8945916799371371e-06    1.0351830789493851e-06 
  -2.4784641095514518e-03   -1.0146901339941214e-02    3.7546842710703833e-04   -3.1915291320517300e-04    5.2638544872302150e-05 
  -3.5615201537233555e-03    2.5167417204225748e-03   -5.5378075787221592e-03    8.2118853069905158e-04   -4.2776707519924543e-05 
   1.5069787982081306e-03    4.4562784815331850e-03    3.9541980643399715e-04    6.9243817604451021e-05   -6.2030677147570657e-06 
  -2.8013285086917741e-03   -1.4406581111779363e-03   -3.6756759119654647e-03   -5.4335859586821477e-04    3.8139906435968862e-04 
   2.5730522711898190e-03    2.8991280404349249e-03    2.8071353109644609e-03    1.2255908035367237e-04    1.4139471232896608e-04 
  -4.5393032594139222e-04   -1.7137306182326559e-03   -1.0216125854383907e-04   -2.6267097388034909e-04    1.0622023470898593e-04 
  -9.4259696655181940e-05    5.1839474392499781e-04   -6.1614599061287213e-04   -2.0696181047545614e-04   -8.0720541768559579e-05 
  -3.5349729493186807e-02   -1.2876253216361678e-02   -2.8337795956438025e-02    2.8286542525261752e-03   -1.3938905706718735e-03 
   9.2053692393219838e-03   -2.1503429358704203e-02    3.3803716825644356e-03   -1.7116804822322414e-02    4.1776123242357032e-03 
   1.5479312306497134e-02    8.1701248838289987e-03    1.2836195664847642e-02    5.0622560898319190e-04    2.3949608430330407e-04 
  -3.4980026950900979e-03   -1.7666114156564248e-02   -9.8842152730742629e-03   -1.0944927428357476e-02   -7.9169019417345233e-04 
   9.4461235424966976e-03    1.5996570524419666e-02    1.1430672077738993e-02    9.1617897476842080e-03   -3.1364190170159488e-04 
  -5.6718978218983718e-03   -2.6845871114491789e-03   -5.6713540233872843e-03   -1.8096945654316485e-05   -8.4836149646634162e-04 
   2.1509372560390510e-03   -1.4681367864481380e-03    6.2739867856640878e-05   -2.6887433485859010e-03   -5.2054133376713417e-04 
 TENSORSUMACCUMULATOR_IMPL_H - PrettifyOut: Norm of simple tensor is 8.41736e-06 
 As simple full tensor 3    5 5 5 
   6.7971244015394882e-08   -1.6439720902152158e-08    4.7796568874357141e-09    5.8454887332965689e-10   -7.0062788985707787e-10 
  -5.6931935699327149e-08    3.6984745054285727e-09   -4.5185329371247248e-10   -6.2756693770263329e-10    2.1857970812024184e-10 
   1.8558357090145135e-08   -1.0091752272981333e-09   -4.9038762481466674e-10   -1.8805154630164634e-10    9.7252058695542055e-11 
  -1.5032176687382554e-09   -1.4756429790693235e-09    2.2395237537995939e-09   -4.7796917934043546e-10    1.0901380622416650e-10 
   6.5349192269954648e-10    4.1873446284887861e-10    2.0532320064761307e-10   -4.2776391567215585e-10    7.9979951719485954e-12 

   8.3733335005065443e-06   -5.3360428977159689e-07    1.6069138727215496e-08    9.7563254162246540e-09   -6.5763267661786008e-10 
   3.2935015874346359e-07    3.5231230777573625e-08    2.5568515634108607e-07   -6.8371131866586765e-08    1.2261859893275550e-08 
   8.0250119470617913e-08    2.9866567618612231e-07   -2.2946128814669688e-08    1.1718852138499967e-09    2.9489644727481140e-09 
   2.9037163622032908e-08    2.9914499187537670e-08   -2.8907537285471909e-09    5.7004089288058942e-09   -2.9681141130626733e-09 
   3.3036281028662390e-08    5.3862228604786067e-09    2.1020988676062850e-09    6.2201903906530581e-10   -3.1797086992378482e-09 

   2.9150060489994937e-08    6.5244649139249263e-10    3.6051429367953156e-10   -5.1673532136770277e-10    2.5138913575152106e-10 
   4.4175727140498493e-09   -5.2742501172404040e-11    1.0363442563648078e-10   -4.6838296957193541e-11   -1.6542686099482645e-11 
   1.2142754046838230e-10    1.4276622076802676e-11    7.3853134245122133e-10    4.5195667533419062e-10   -3.0934552677427439e-10 
   8.5600819305051950e-10   -1.1777103980506494e-10    7.4659297212394215e-10   -1.8554364533634931e-10   -9.7009379629524351e-11 
   3.6700122278152688e-10    3.0366506866929362e-10    5.3552400033188292e-10   -1.4004126051360285e-10    1.0385886779784754e-11 

   7.2936005226577677e-08    6.5032982084253638e-08    1.7684754768162037e-08   -1.8967228864525804e-09   -4.3254386947921982e-10 
   3.8839071023576853e-07    5.6954698855272519e-08    1.1410203756176022e-09    1.5897059766189664e-10   -4.9485189503688457e-11 
   3.7030252444726280e-08    1.4753322793277254e-08    7.0892289109722787e-09    9.2894663285513555e-10   -8.9006844215591556e-10 
   5.5152827153627723e-09    6.8002818996339910e-09    8.8305290424688967e-10    1.1105358820695879e-10   -6.7348324890659238e-10 
  -2.8493812495790196e-09   -7.7221661396711142e-10   -2.4261018691744820e-09   -2.3342190831999869e-10    1.3341379199773014e-10 

   1.6390300530636515e-09    1.4150575979591306e-10    1.5259279076465112e-10   -1.7416914541152709e-11    5.8059891903178910e-11 
   7.4712813857664744e-10    7.9312959147780719e-11    3.8956820517856862e-11   -4.6744503188322045e-11    2.4993556549574566e-11 
  -8.6789909897339239e-11    1.6007621097932451e-10    1.0944577424096862e-10    6.7249647663011030e-11   -3.0318625816277247e-11 
   2.0724045922211626e-10   -8.9108078276713000e-11   -2.3037415227669659e-11   -3.0773273005222208e-11    6.0619335321695378e-11 
  -2.7449426861487807e-11   -1.5317358871696489e-11    2.3813046724418511e-11    1.9047095968199014e-11   -1.4688837166410749e-11 
