2    105 5 
   5.7005369265308083e-05    3.1843920669471339e-03   -7.7215214779730126e-06   -4.0654054016987616e-04   -6.2517364202016169e-06 
   4.4898453164350692e-04    6.7606866878267187e-04    1.2068563418256881e-04    2.0924709721576294e-04    1.2871525869591344e-05 
  -1.2992514682917359e-03    2.5885389567953024e-04    1.2867621879021269e-04    1.2989199187295342e-03    7.8863017152829511e-06 
   7.1027513174993593e-03   -3.7346893051374799e-04   -9.2673292367262850e-04   -2.8319373212223165e-04   -9.2688105425021744e-05 
   9.1355756210773859e-05    1.0471132355715960e-03    1.3755386417773011e-04   -1.0673189419325854e-03    1.8966066823896484e-05 
  -3.5076115226690277e-03    2.3386118691415066e-04   -3.4150166806103257e-04    3.9968227460988136e-05   -8.8153098475524794e-05 
  -9.7192111801108587e-05    2.7024206502915097e-04   -5.9331232144211482e-04    1.7323955725017639e-04   -4.9433867162317882e-04 
  -1.4521313266814664e-04    3.2091095451310385e-04    1.5021925976295895e-03    4.9032917180485824e-05   -4.2461171936897084e-04 
   7.3783746755757770e-05   -5.1062688371162338e-05   -1.6068621959126886e-04    9.4955613308675641e-04   -1.4900287061680217e-04 
   1.1196000615174863e-03   -8.7847405614452476e-04   -1.5668203964113901e-04   -8.2977626054417375e-04   -8.9767605156081424e-05 
  -5.7019089139867789e-04    4.4311662053042887e-04   -6.6587928967267753e-05   -5.3948109076955146e-04   -2.0499576110209460e-05 
  -1.1058161803451993e-04   -3.0124859186455926e-04    1.4720154120116956e-04    2.2189660112045278e-04    9.8175912711587904e-04 
  -1.0061077176933080e-04   -3.6219118694888041e-04   -3.2862551846090246e-06   -1.5904941963422719e-04    7.3245324098765181e-05 
   2.3610178007769782e-05    5.0562781228053054e-08    2.0151810688772646e-04    5.5386144573545607e-05    4.4853844172348228e-05 
   3.1356830074512031e-05    1.3740915671031624e-05    1.9056248945347913e-04   -2.4858059508995272e-04   -3.5346751489826448e-04 
  -1.8896288506233084e-04   -3.2241652923050741e-04    2.0293998295428791e-04    1.8924882282442450e-04    2.4976835503641903e-04 
   6.9943397903327709e-05   -2.4632742373304638e-06    7.4709432001503464e-05   -1.2109237086556925e-04   -4.0207418874724465e-04 
  -4.2848634040188035e-05   -4.4319603413624731e-05   -4.4096247718508673e-04   -1.4485918784776637e-04    2.4964198062842654e-04 
   3.4304067279663993e-05    1.5176155274383944e-05   -1.0637915943852364e-04    6.6992505389060433e-05   -3.0495086771338418e-04 
  -3.5089802285343061e-04   -4.4524837485272880e-04   -5.1429126610524943e-04   -1.2456764656039508e-04    2.5530960141330360e-04 
   4.3747378376202769e-06    3.3584005937050272e-05    2.1613852555665256e-04   -4.1335335942195425e-05   -2.8399771946795784e-04 
  -8.6892573668695910e-07    6.1337659123417306e-04   -1.3227695012523289e-07    2.2703320429368236e-05   -1.0576147532506156e-08 
  -2.2087009999516907e-06    3.1081212268129319e-06   -4.4186376588969031e-08   -8.4057022247635495e-05    3.1656245753260038e-08 
  -2.1538812117505873e-05   -5.1582484187551948e-08   -8.1811256099088824e-07    5.6447354796048637e-07   -2.0694123778768212e-08 
   6.8936085915536611e-08   -2.6136514572294152e-10   -1.8114546101144738e-06   -9.2957713063793611e-10   -1.6134397980450834e-07 
   1.0423503505326044e-05    6.6794343697151341e-03    1.6480766436516841e-06    2.0792414214481709e-04    7.7899768733137239e-08 
  -4.7277048563958354e-03    7.7213567601625644e-06   -1.6535255811724527e-03    2.1042569874257779e-06   -9.5462681652262049e-05 
  -5.7067040571203169e-04    6.0448323661140761e-07    1.6326852050454089e-03   -3.7446388107184111e-06   -1.8108817811923786e-05 
  -2.6597218256381887e-07   -2.3067200032527680e-05    1.6120158030633833e-06    7.4102018503393598e-04   -2.8162384199826969e-07 
   3.8100618476959679e-06   -1.6992448889362725e-09   -6.3859609254015802e-07   -6.4804334461609024e-08   -1.7763027517587657e-04 
   7.7290124600371559e-06    4.9527907236899685e-03    1.2220463980629363e-06    1.5417544442314262e-04    5.7762563505138615e-08 
  -3.5055861710787243e-03    5.7253746379223626e-06   -1.2260867771898263e-03    1.5603034494710768e-06   -7.0785437504950949e-05 
  -4.2315126330307555e-04    4.4822342749401864e-07    1.2106336690601576e-03   -2.7766441495983366e-06   -1.3427661671853942e-05 
  -1.9721798069225397e-07   -1.7104294767923060e-05    1.1953073380065956e-06    5.4946537316746260e-04   -2.0882366305493711e-07 
   2.8251552349272416e-06   -1.2599875763971444e-09   -4.7351805980128890e-07   -4.8052318326775889e-08   -1.3171258679125225e-04 
   2.3678725564581845e-06   -1.6714864525649467e-03    3.6046228904181530e-07   -6.1867852585594039e-05    2.8820609676907635e-08 
   6.0188371254234120e-06   -8.4698089196624649e-06    1.2041041492598759e-07    2.2906021510728523e-04   -8.6265088482060797e-08 
   5.8694500529134318e-05    1.4056523307427959e-07    2.2294037332236841e-06   -1.5382228499277898e-06    5.6392676274643713e-08 
  -1.8785479483138955e-07    7.1223503878675666e-10    4.9363178893905775e-06    2.5331510896905259e-09    4.3967161495928164e-07 
  -3.9655330036729541e-06    2.7992784809132854e-03   -6.0367484722781011e-07    1.0361157766933174e-04   -4.8266566774482423e-08 
  -1.0079890997300848e-05    1.4184592289022637e-05   -2.0165421195183762e-07   -3.8361264011398111e-04    1.4447021420446150e-07 
  -9.8297088813990895e-05   -2.3540796965813418e-07   -3.7336359418912582e-06    2.5760987270009952e-06   -9.4442168486905898e-08 
   3.1460493377074294e-07   -1.1927971144299412e-09   -8.2669700502292404e-06   -4.2423289302712459e-09   -7.3632860651383999e-07 
   1.2791458653944749e-06   -9.0295188355044703e-04    1.9472494218529483e-07   -3.3421565539857651e-05    1.5569150293083111e-08 
   3.2514294751505078e-06   -4.5754662896524064e-06    6.5046779643155246e-08    1.2374037035131594e-04   -4.6601169880852610e-08 
   3.1707292467436411e-05    7.5934592093977287e-08    1.2043437725861591e-06   -8.3096169731514246e-07    3.0463826483608086e-08 
  -1.0148083495782634e-07    3.8475571777219595e-10    2.6666429328153945e-06    1.3684308025613822e-09    2.3751452622421089e-07 
  -3.6352990855792072e-06   -2.3295182511335693e-03   -5.7478289450088423e-07   -7.2515583980249391e-05   -2.7168308419305076e-08 
   1.6488334399813267e-03   -2.6928989044141732e-06    5.7668326490671812e-04   -7.3388026380035355e-07    3.3293546564270285e-05 
   1.9902690136690008e-04   -2.1081945779349291e-07   -5.6941497932125665e-04    1.3059795142269914e-06    6.3156278307931384e-06 
   9.2760407435917366e-08    8.0449122641224211e-06   -5.6220632264585632e-07   -2.5843805776753944e-04    9.8219077181726249e-08 
  -1.3287964400695167e-06    5.9262832192350761e-10    2.2271665089185155e-07    2.2601147271594592e-08    6.1950300739870915e-05 
  -3.4439430273235154e-06   -2.2068963100834046e-03   -5.4452728513966379e-07   -6.8698485032981009e-05   -2.5738214144746970e-08 
   1.5620416079016482e-03   -2.5511492140863788e-06    5.4632762322861671e-04   -6.9525003525339272e-07    3.1541030007609578e-05 
   1.8855045845646862e-04   -1.9972227445388955e-07   -5.3944192802902677e-04    1.2372349388503708e-06    5.9831837543470970e-06 
   8.7877654872437176e-08    7.6214415499844499e-06   -5.3261272297349325e-07   -2.4483431104039123e-04    9.3048989380817809e-08 
  -1.2588508199128234e-06    5.6143335913658760e-10    2.1099321922383972e-07    2.1411460714275293e-08    5.8689340615747426e-05 
   3.6406144247843959e-06    1.7711777477250436e-03    3.9339545816431829e-06    6.1542689437295035e-04   -4.8607749675985853e-07 
   3.6406144247843959e-06    1.7711777477250436e-03    3.9339545816431829e-06    6.1542689437295035e-04   -4.8607749675985853e-07 
   3.6406144247843959e-06    1.7711777477250436e-03    3.9339545816431829e-06    6.1542689437295035e-04   -4.8607749675985853e-07 
   3.6406144247843959e-06    1.7711777477250436e-03    3.9339545816431829e-06    6.1542689437295035e-04   -4.8607749675985853e-07 
   3.6406144247843959e-06    1.7711777477250436e-03    3.9339545816431829e-06    6.1542689437295035e-04   -4.8607749675985853e-07 
   5.9536274697481667e-07    3.5275132774061080e-03   -1.1178037657694082e-07    2.5737646842319524e-03   -6.5559311066434479e-07 
   5.9536274697481667e-07    3.5275132774061080e-03   -1.1178037657694082e-07    2.5737646842319524e-03   -6.5559311066434479e-07 
   5.9536274697481667e-07    3.5275132774061080e-03   -1.1178037657694082e-07    2.5737646842319524e-03   -6.5559311066434479e-07 
   5.9536274697481667e-07    3.5275132774061080e-03   -1.1178037657694082e-07    2.5737646842319524e-03   -6.5559311066434479e-07 
   5.9536274697481667e-07    3.5275132774061080e-03   -1.1178037657694082e-07    2.5737646842319524e-03   -6.5559311066434479e-07 
   2.1712092731237131e-06    1.3027690167816118e-03    3.3621993072528646e-06    1.3255108200295196e-03    8.7388463341903489e-07 
   2.1712092731237131e-06    1.3027690167816118e-03    3.3621993072528646e-06    1.3255108200295196e-03    8.7388463341903489e-07 
   2.1712092731237131e-06    1.3027690167816118e-03    3.3621993072528646e-06    1.3255108200295196e-03    8.7388463341903489e-07 
   2.1712092731237131e-06    1.3027690167816118e-03    3.3621993072528646e-06    1.3255108200295196e-03    8.7388463341903489e-07 
   2.1712092731237131e-06    1.3027690167816118e-03    3.3621993072528646e-06    1.3255108200295196e-03    8.7388463341903489e-07 
  -3.3148869681248733e-04    1.1418591120761321e-06   -4.2171179918170715e-04    1.4411088311722725e-07   -2.1029501174029318e-05 
  -3.3148869681248733e-04    1.1418591120761321e-06   -4.2171179918170715e-04    1.4411088311722725e-07   -2.1029501174029318e-05 
  -3.3148869681248733e-04    1.1418591120761321e-06   -4.2171179918170715e-04    1.4411088311722725e-07   -2.1029501174029318e-05 
  -3.3148869681248733e-04    1.1418591120761321e-06   -4.2171179918170715e-04    1.4411088311722725e-07   -2.1029501174029318e-05 
  -3.3148869681248733e-04    1.1418591120761321e-06   -4.2171179918170715e-04    1.4411088311722725e-07   -2.1029501174029318e-05 
  -7.4409748480209927e-06    6.1225162870609095e-03   -7.3902769854280066e-06    4.4789149411339846e-03   -1.4871692169869559e-06 
  -7.4409748480209927e-06    6.1225162870609095e-03   -7.3902769854280066e-06    4.4789149411339846e-03   -1.4871692169869559e-06 
  -7.4409748480209927e-06    6.1225162870609095e-03   -7.3902769854280066e-06    4.4789149411339846e-03   -1.4871692169869559e-06 
  -7.4409748480209927e-06    6.1225162870609095e-03   -7.3902769854280066e-06    4.4789149411339846e-03   -1.4871692169869559e-06 
  -7.4409748480209927e-06    6.1225162870609095e-03   -7.3902769854280066e-06    4.4789149411339846e-03   -1.4871692169869559e-06 
   8.6664210398919298e-05   -9.0476163442082286e-04    7.5063416512144581e-05    9.6797886703600938e-04    4.1454683021548257e-06 
   8.6664210398919298e-05   -9.0476163442082286e-04    7.5063416512144581e-05    9.6797886703600938e-04    4.1454683021548257e-06 
   8.6664210398919298e-05   -9.0476163442082286e-04    7.5063416512144581e-05    9.6797886703600938e-04    4.1454683021548257e-06 
   8.6664210398919298e-05   -9.0476163442082286e-04    7.5063416512144581e-05    9.6797886703600938e-04    4.1454683021548257e-06 
   8.6664210398919298e-05   -9.0476163442082286e-04    7.5063416512144581e-05    9.6797886703600938e-04    4.1454683021548257e-06 
  -2.1393888875507997e-04    4.7042656219345114e-07   -3.9974073602625914e-04    3.6178928084424917e-07   -2.1579626628286122e-04 
  -2.1393888875507997e-04    4.7042656219345114e-07   -3.9974073602625914e-04    3.6178928084424917e-07   -2.1579626628286122e-04 
  -2.1393888875507997e-04    4.7042656219345114e-07   -3.9974073602625914e-04    3.6178928084424917e-07   -2.1579626628286122e-04 
  -2.1393888875507997e-04    4.7042656219345114e-07   -3.9974073602625914e-04    3.6178928084424917e-07   -2.1579626628286122e-04 
  -2.1393888875507997e-04    4.7042656219345114e-07   -3.9974073602625914e-04    3.6178928084424917e-07   -2.1579626628286122e-04 
  -1.0898258697665460e-05    7.6931048168164401e-03   -1.6590467531776300e-06    2.8475006423291929e-04   -1.3264838060085300e-07 
  -2.7702016256353306e-05    3.8982743591718324e-05   -5.5419530420991439e-07   -1.0542617569402018e-03    3.9703963302008988e-07 
  -2.7014454352795501e-04   -6.4695892089418417e-07   -1.0260948613955498e-05    7.0797520362533633e-06   -2.5955027563394197e-07 
   8.6461163042137993e-07   -3.2780994420790499e-09   -2.2719664209023706e-05   -1.1658961889830087e-08   -2.0236118657559300e-06 
  -4.6517940155277914e-06    3.2837116405908680e-03   -7.0814466530930337e-07    1.2154222811792799e-04   -5.6619406839799189e-08 
  -1.1824281017201597e-05    1.6639327288831454e-05   -2.3655177134944715e-07   -4.4999927674544809e-04    1.6947171470666624e-07 
  -1.1530803275756513e-04   -2.7614683409493296e-07   -4.3797656745165264e-06    3.0219091936878742e-06   -1.1078599365430684e-07 
   3.6904934262676863e-07   -1.3992183329466062e-09   -9.6976224307261965e-06   -4.9764912589197396e-09   -8.6375501151307185e-07 
   5.8809973862294372e-06    3.7685732105058713e-03    9.2985380862287778e-07    1.1731193219850300e-04    4.3951473328844788e-08 
  -2.6673968008090036e-03    4.3564314917204654e-06   -9.3292812881675432e-04    1.1872332404054714e-06   -5.3860564347922197e-05 
  -3.2197534760515945e-04    3.4105273075552158e-07    9.2116987522490210e-04   -2.1127455895185059e-06   -1.0217093529561551e-05 
  -1.5006295241022520e-07   -1.3014639754244849e-05    9.0950808617584525e-07    4.1808761987762350e-04   -1.5889370381517511e-07 
   2.1496576229118468e-06   -9.5872321099059904e-10   -3.6029938965972725e-07   -3.6562958067824795e-08   -1.0021996764243135e-04 
2    105 5 
  -2.9158886316599810e-03   -6.5916017180981071e-02   -4.2000788234021043e-02    2.7614889264919690e-02   -1.3725623874246371e-02 
  -8.0317083104846261e-03    2.6100944650718737e-02    2.1664980587699983e-02   -5.5235154536112654e-03    4.3638421372840267e-03 
  -2.8322929240198792e-02    7.7110481235899720e-05   -4.1253735475665441e-03   -7.9347777490558729e-04    1.3589023837125450e-03 
  -1.9360009112722343e-02   -3.1311915065236656e-03   -4.5448390432845220e-03    8.5414614364832389e-04    2.3164342255097104e-04 
   3.1266708410284352e-02    1.6838929112455891e-02    2.1718928584650875e-02   -1.7647061295529141e-02    1.0949595431251848e-02 
   5.6046643222637200e-02   -2.1690754141603964e-02   -5.0166154105790919e-03    5.5551360914452127e-04    1.7439347335871015e-04 
   1.1920551623282257e-02    1.5102122834247802e-02    3.3211916054822739e-03   -1.7619891553734863e-03   -1.6289556657084539e-04 
   1.9302798354155718e-03   -7.9056926523098231e-03   -7.4344044166400093e-03   -1.6239458622978897e-03    1.2732496605684243e-03 
   6.0188945259794123e-03   -9.2411905934223289e-05   -2.0274654570319638e-02   -5.1520864829203827e-03    9.7463972639564526e-04 
   1.4995808467993268e-03    5.1221307293478312e-03   -7.3744025308950540e-03   -5.8014038744442402e-04   -4.2326640490699726e-03 
   3.1059354909723641e-03   -5.7443939534313378e-03    8.2895949378954635e-03    6.5251968562934489e-03   -2.6965855948290320e-03 
   4.6542205370104654e-04    1.9119341988911014e-03   -2.7822714050388139e-03    1.0475890892463383e-02   -4.2910869572581507e-03 
  -5.3552570794316451e-04   -5.2483231339404100e-05    6.2370205372333466e-05    7.5119080146046069e-03    2.2234010302598557e-03 
  -8.1483720554737036e-04    5.6405147804866980e-03   -1.5707452900700575e-03   -1.6128649541587881e-02   -1.8418856096049391e-03 
   2.3655749406592992e-03    4.7598098724616571e-04    3.8791796931901936e-03   -8.7357526295245916e-03    4.0990656965200741e-03 
   1.8985653363531876e-03   -7.2559126431259420e-03    4.8846003232957767e-03   -5.8306482192369939e-03    5.2287607303001691e-03 
  -1.6481025854611856e-03    1.9766771204956500e-03    3.9222434076473554e-04    1.3853646331251587e-03    1.1669423701086139e-03 
   2.4865810484055546e-03    6.8548800914845201e-04   -1.6860393805362517e-03   -1.3510973098597982e-04   -1.3410415603741926e-03 
  -8.6312290525335147e-04   -9.9014554188503142e-04    7.3875286334827402e-04   -2.1208942127738800e-03   -4.2350791160539539e-03 
   6.7444956474955472e-05    1.8316334367269118e-04   -1.6511137439667808e-03   -1.6083966011062011e-03    8.8522572379200418e-03 
   1.2145066314429346e-03   -5.4801696359120678e-03    3.3078548231495865e-03   -1.0953978684004021e-03   -4.6757819961972058e-03 
   5.4976891584077058e-04    2.6802537402456091e-04    4.9215664424855530e-05   -1.4862772706881850e-05    4.5288509024323137e-06 
   2.4203854932690057e-05   -3.6208982311214016e-05   -6.1261879333272546e-05    3.5457544328957752e-05   -1.3151137534831312e-05 
   7.2658847576718367e-06   -1.7015870210944894e-05    1.0017461942000279e-05   -4.4150174235318980e-06    1.6542708437391883e-06 
  -2.5652617406701780e-08    2.8642792832057243e-08    3.5892979931720691e-07    1.1672009647264668e-06    1.3488831088843664e-06 
   1.9359035820930156e-03   -6.6310658054274906e-03   -1.8892924723588789e-03    1.6459809194278150e-04   -2.8647673284142138e-05 
   1.9359035820930156e-03   -6.6310658054274906e-03   -1.8892924723588789e-03    1.6459809194278150e-04   -2.8647673284142138e-05 
   1.9359035820930156e-03   -6.6310658054274906e-03   -1.8892924723588789e-03    1.6459809194278150e-04   -2.8647673284142138e-05 
   1.9359035820930156e-03   -6.6310658054274906e-03   -1.8892924723588789e-03    1.6459809194278150e-04   -2.8647673284142138e-05 
   1.9359035820930156e-03   -6.6310658054274906e-03   -1.8892924723588789e-03    1.6459809194278150e-04   -2.8647673284142138e-05 
  -4.2824494094397814e-03    1.2854351423401880e-03   -2.5636964342970669e-03    1.2606112638865706e-03   -2.4743121663454244e-04 
  -4.2824494094397814e-03    1.2854351423401880e-03   -2.5636964342970669e-03    1.2606112638865706e-03   -2.4743121663454244e-04 
  -4.2824494094397814e-03    1.2854351423401880e-03   -2.5636964342970669e-03    1.2606112638865706e-03   -2.4743121663454244e-04 
  -4.2824494094397814e-03    1.2854351423401880e-03   -2.5636964342970669e-03    1.2606112638865706e-03   -2.4743121663454244e-04 
  -4.2824494094397814e-03    1.2854351423401880e-03   -2.5636964342970669e-03    1.2606112638865706e-03   -2.4743121663454244e-04 
   1.4981518825493284e-03    7.3038454357099837e-04    1.3411551323568914e-04   -4.0501909564430376e-05    1.2341378913516650e-05 
   6.5956895320110710e-05   -9.8671557179220423e-05   -1.6694214097443474e-04    9.6623845503825617e-05   -3.5837605378873525e-05 
   1.9799953424877278e-05   -4.6369223968867449e-05    2.7298159343589808e-05   -1.2031176143229087e-05    4.5079830950503104e-06 
  -6.9904856300203879e-08    7.8053256134337989e-08    9.7810432539236040e-07    3.1806896902203323e-06    3.6757839715685150e-06 
   2.5089909161540827e-03    1.2231925257141893e-03    2.2460646903910104e-04   -6.7829520069173657e-05    2.0668403482655086e-05 
   1.1045959568150440e-04   -1.6524762511006008e-04   -2.7958201041367357e-04    1.6181827321836423e-04   -6.0018097897592682e-05 
   3.3159457236576481e-05   -7.7655652328809826e-05    4.5716882659618044e-05   -2.0148899457807529e-05    7.5496274893109744e-06 
  -1.1707134069331790e-07    1.3071766147238668e-07    1.6380547900687542e-06    5.3267773667166854e-06    6.1559236428797257e-06 
   8.0931500349088348e-04    3.9456024206570181e-04    7.2450395935706814e-05   -2.1879492635116808e-05    6.6669229167064595e-06 
   3.5630502880261632e-05   -5.3303254878980749e-05   -9.0183632900819440e-05    5.2197062775880741e-05   -1.9359793930207837e-05 
   1.0696111363492721e-05   -2.5049068185513483e-05    1.4746709049858064e-05   -6.4993486146330565e-06    2.4352526581612185e-06 
  -3.7763226599133818e-08    4.2165064835311601e-08    5.2838067671239747e-07    1.7182369275962427e-06    1.9856912723158128e-06 
   2.2204936160805750e-04    1.9101620691483348e-03    1.5303149966485567e-03   -4.2858264248638679e-04    1.3483053801384055e-04 
   2.2204936160805750e-04    1.9101620691483348e-03    1.5303149966485567e-03   -4.2858264248638679e-04    1.3483053801384055e-04 
   2.2204936160805750e-04    1.9101620691483348e-03    1.5303149966485567e-03   -4.2858264248638679e-04    1.3483053801384055e-04 
   2.2204936160805750e-04    1.9101620691483348e-03    1.5303149966485567e-03   -4.2858264248638679e-04    1.3483053801384055e-04 
   2.2204936160805750e-04    1.9101620691483348e-03    1.5303149966485567e-03   -4.2858264248638679e-04    1.3483053801384055e-04 
   1.6829028637445989e-03    5.6776126160968310e-04    9.3927032391921575e-04   -1.1646181557097800e-03    4.5700789837503148e-04 
   1.6829028637445989e-03    5.6776126160968310e-04    9.3927032391921575e-04   -1.1646181557097800e-03    4.5700789837503148e-04 
   1.6829028637445989e-03    5.6776126160968310e-04    9.3927032391921575e-04   -1.1646181557097800e-03    4.5700789837503148e-04 
   1.6829028637445989e-03    5.6776126160968310e-04    9.3927032391921575e-04   -1.1646181557097800e-03    4.5700789837503148e-04 
   1.6829028637445989e-03    5.6776126160968310e-04    9.3927032391921575e-04   -1.1646181557097800e-03    4.5700789837503148e-04 
  -1.8564702574352082e-03   -2.5282602294366893e-04    1.0111095722571835e-05    1.7434701703987248e-06   -2.6554879367904398e-06 
   5.4428446601098450e-05   -4.0604711051001947e-04   -1.6008534556702047e-04    1.0546598837603744e-05    5.3599310857625712e-06 
  -1.7335257870384225e-06    1.1561830375822529e-05   -2.9638462677683628e-05    3.8065246950706330e-06    7.7827554456373043e-07 
  -2.4185728099411233e-08    1.0224733110949800e-07   -5.0328219937630691e-07   -4.6860851387664420e-06    2.1805840504790127e-06 
   1.5408795269533047e-09   -2.5945475781253137e-08    2.9445169127547516e-07    1.6382227871364678e-06    3.5897418734263772e-06 
  -4.3233562939207206e-03   -5.8878238053248425e-04    2.3546765242018140e-05    4.0602011824686751e-06   -6.1841122630289041e-06 
   1.2675321149840691e-04   -9.4560433910591886e-04   -3.7280747351041600e-04    2.4560966857074710e-05    1.2482231644598099e-05 
  -4.0370426577265015e-06    2.6925242634166272e-05   -6.9022185325352548e-05    8.8646518480367467e-06    1.8124515922182031e-06 
  -5.6323832489567429e-08    2.3811404503703552e-07   -1.1720458518402947e-06   -1.0912976169369804e-05    5.0781539544220795e-06 
   3.5884071798869917e-09   -6.0421940813971389e-08    6.8572042435527974e-07    3.8151006024711286e-06    8.3598070369680211e-06 
  -1.8401225780849129e-03   -2.5059969115195815e-04    1.0022059579875369e-05    1.7281175456053389e-06   -2.6321042789400840e-06 
   5.3949161361269888e-05   -4.0247154664782092e-04   -1.5867566831120146e-04    1.0453727747780015e-05    5.3127326809517228e-06 
  -1.7182607303543882e-06    1.1460019374580001e-05   -2.9377472725191823e-05    3.7730052541290013e-06    7.7142221685877616e-07 
  -2.3972753759402770e-08    1.0134696301757348e-07   -4.9885040415353730e-07   -4.6448204769977296e-06    2.1613822945064462e-06 
   1.5273108719623714e-09   -2.5717005480172869e-08    2.9185881276646317e-07    1.6237969482515219e-06    3.5581313755678351e-06 
  -5.3149182435146115e-04   -7.2381964450914311e-05    2.8947216850143985e-06    4.9914084960766532e-07   -7.6024386731512498e-07 
   1.5582406593790267e-05   -1.1624787344331667e-04   -4.5831088339059635e-05    3.0194025648679943e-06    1.5345032002321104e-06 
  -4.9629385627014789e-07    3.3100548175641965e-06   -8.4852426460619118e-06    1.0897760125804701e-06    2.2281374418557875e-07 
  -6.9241705862735063e-09    2.9272551137734359e-08   -1.4408546177285834e-07   -1.3415867717213724e-06    6.2428287795030165e-07 
   4.4114085189690180e-10   -7.4279715505359514e-09    8.4299043279898811e-08    4.6900940876489347e-07    1.0277129135880080e-06 
  -7.5106996585795243e-03   -1.0228552364886490e-03    4.0906339806543097e-05    7.0535365493267521e-06   -1.0743275988578598e-05 
   2.2020051959714801e-04   -1.6427399696066726e-03   -6.4765538013784657e-04    4.2668249583594628e-05    2.1684609497306586e-05 
  -7.0133046757430668e-06    4.6775559752955160e-05   -1.1990797623746442e-04    1.5400011722859139e-05    3.1486601217685334e-06 
  -9.7847912753369211e-08    4.1366081238259535e-07   -2.0361228131104086e-06   -1.8958438957396575e-05    8.8219629793925033e-06 
   6.2339179906868340e-09   -1.0496730303730290e-07    1.1912597081874112e-06    6.6277384616017675e-06    1.4522976037537236e-05 
  -1.3167542335094508e-03   -1.7932403426293637e-04    7.1715816856174028e-06    1.2366057138139129e-06   -1.8834802059435216e-06 
   3.8604920923620421e-05   -2.8800044042020314e-04   -1.1354507601399284e-04    7.4804746334726855e-06    3.8016832859187832e-06 
  -1.2295523776040406e-06    8.2005564234113809e-06   -2.1021921061891193e-05    2.6998857035917030e-06    5.5201402448373524e-07 
  -1.7154414264306998e-08    7.2521822293817646e-08   -3.5696718761023733e-07   -3.3237389181667435e-06    1.5466411425078463e-06 
   1.0929125485947170e-09   -1.8402565265215042e-08    2.0884822124037252e-07    1.1619560193621259e-06    2.5461263330825524e-06 
  -4.9714818757414132e-04   -6.7704827790600891e-05    2.7076722035988104e-06    4.6688764973847463e-07   -7.1111886097450058e-07 
   1.4575511496529538e-05   -1.0873623439497439e-04   -4.2869601108382917e-05    2.8242965251864466e-06    1.4353475441564730e-06 
  -4.6422462179912761e-07    3.0961675757309724e-06   -7.9369480570353259e-06    1.0193574852769340e-06    2.0841609223930165e-07 
  -6.4767484647961915e-09    2.7381034057398096e-08   -1.3477502925574930e-07   -1.2548968798317320e-06    5.8394332158405490e-07 
   4.1263546293128317e-10   -6.9479951045479901e-09    7.8851855589640123e-08    4.3870322522308310e-07    9.6130474435850782e-07 
   6.8953232892056768e-03    3.3616334979274971e-03    6.1727374415749213e-04   -1.8641218125474237e-04    5.6801849288122000e-05 
   3.0357009972217265e-04   -4.5414106148057131e-04   -7.6836003479972608e-04    4.4471636017398444e-04   -1.6494447450669128e-04 
   9.1130333022992866e-05   -2.1341680617245314e-04    1.2564122240663717e-04   -5.5374124628656762e-05    2.0748230659865969e-05 
  -3.2174079897369884e-07    3.5924424024726052e-07    4.5017768977296496e-06    1.4639292552496268e-05    1.6917990172075081e-05 
   2.9431879442105152e-03    1.4348738658045122e-03    2.6347606426606026e-04   -7.9567855126071358e-05    2.4245203744888056e-05 
   1.2957533972682042e-04   -1.9384479031070336e-04   -3.2796547694520593e-04    1.8982196699990152e-04   -7.0404616066690106e-05 
   3.8897914754053474e-05   -9.1094462822646682e-05    5.3628483476905248e-05   -2.3635796204567463e-05    8.8561391222094747e-06 
  -1.3733128977178600e-07    1.5333919420108931e-07    1.9215307154147424e-06    6.2486104777316708e-06    7.2212458540808113e-06 
  -4.0046017468538956e-03   -5.4588406353659553e-04    2.1615284456259917e-05    3.7736859028605125e-06   -5.7216893411684841e-06 
  -4.0046017468538956e-03   -5.4588406353659553e-04    2.1615284456259917e-05    3.7736859028605125e-06   -5.7216893411684841e-06 
  -4.0046017468538956e-03   -5.4588406353659553e-04    2.1615284456259917e-05    3.7736859028605125e-06   -5.7216893411684841e-06 
  -4.0046017468538956e-03   -5.4588406353659553e-04    2.1615284456259917e-05    3.7736859028605125e-06   -5.7216893411684841e-06 
  -4.0046017468538956e-03   -5.4588406353659553e-04    2.1615284456259917e-05    3.7736859028605125e-06   -5.7216893411684841e-06 
2    105 5 
  -2.6127924051484264e-04   -2.9231967561840825e-02    1.7531403532871292e-03   -3.4680696558760632e-02   -5.5394911473778913e-04 
  -4.3271341650243109e-03   -3.8895944344741737e-02    8.1895379686819335e-03    2.8045202746568250e-02   -1.2697161722953284e-02 
   3.8431205798686347e-03    1.3018546924567959e-02    3.4682021651825236e-03    5.2190119886709463e-02    6.4510019442779408e-04 
   2.3442205760574542e-02   -8.8560393452886466e-04    4.0362267507114316e-02    1.4863419178101618e-02    2.1330969212562986e-02 
   4.6684613536735061e-04    2.2596451482364163e-02    2.4838332012706459e-03   -2.1498908126808273e-02    7.0814738719055317e-04 
   2.0423087001554943e-02    5.1842551985648785e-03   -1.2153581153312569e-02   -1.2647161491448498e-03   -2.0025992201151796e-02 
   1.7623277325263809e-02   -1.8391049912348943e-03   -6.9494700723877686e-03    3.3019283801066004e-04    4.3900889559611855e-03 
   3.1891704833210970e-03   -2.6746328878834952e-03    1.1398728510667006e-02    3.5613899275632288e-03    7.9355788172650425e-03 
  -3.0520028244097816e-03    5.8884877033028799e-03    7.8820933349553861e-03    1.4381366031926942e-03   -5.6949283282533266e-03 
   5.9134856302568055e-04   -1.1405428860850650e-02    6.6610954289028036e-03    3.5922077321652287e-03    4.7194950767405919e-04 
   5.2088083491532910e-03    2.5202423180713225e-03   -1.6092449277786081e-02    1.2830966126045472e-02    1.3821860489059047e-02 
   2.7995555397563937e-03   -6.7584193883573707e-04   -5.1978947209604014e-03   -1.8111015977227572e-03    3.4614288659515586e-03 
  -3.4769167792519477e-03    5.0950318978460196e-03    1.1678470173621079e-02    7.6553337656976635e-05   -3.4330232611467712e-04 
   1.3474701441427549e-02   -5.3769597944084433e-03    1.6931763613212488e-03    1.5061073117205463e-03   -6.5661454804894128e-03 
   2.3220689711953070e-03    1.1486155938107473e-04    2.6961690344421948e-03    2.8709195314981419e-03   -1.1590113681926920e-02 
   6.5915098562398522e-03    1.3772165419197031e-04   -4.1577232780011942e-04   -3.6116556508058621e-04   -4.9932511841811935e-03 
   1.5850278863528348e-03   -1.5023961225900579e-03    1.1559811881648200e-03    6.3555294757897856e-03    2.6153874183789368e-03 
  -4.0538156075905471e-04    7.6807630289457013e-04   -3.2191266353502764e-03    1.9946281704603238e-03   -1.0791849173841296e-03 
   4.6264953707263710e-04   -1.1556828849578731e-03   -5.5087566021334473e-03   -1.5046564262192599e-04    1.4552260137486188e-03 
  -8.5916691016922815e-04    1.4416021591556787e-04    5.8377550681787990e-04   -7.7831086064803097e-04   -1.3136108620700410e-03 
  -2.1208550473138946e-03   -2.3906371763600276e-04   -3.7692818257160742e-04    5.4094599079757355e-03   -2.2902011155009693e-04 
  -3.8088105717263074e-04    1.1408160149751482e-06   -4.8067079536314773e-04    2.7461772929795440e-07   -2.6413907872928917e-05 
  -3.8088105717263074e-04    1.1408160149751482e-06   -4.8067079536314773e-04    2.7461772929795440e-07   -2.6413907872928917e-05 
  -3.8088105717263074e-04    1.1408160149751482e-06   -4.8067079536314773e-04    2.7461772929795440e-07   -2.6413907872928917e-05 
  -3.8088105717263074e-04    1.1408160149751482e-06   -4.8067079536314773e-04    2.7461772929795440e-07   -2.6413907872928917e-05 
   1.4835139032429061e-05   -6.6663058438885493e-03    5.2832276689069034e-06   -4.6723139656178647e-04    7.3744720564878896e-07 
  -4.4738593248915279e-03   -1.1772677898403466e-05   -2.2434527267732852e-03    2.1255942870544115e-07   -2.1419895028824010e-04 
   7.7550041579524593e-04    4.1916048528721650e-07   -1.5460411332607657e-03    1.1532300651695994e-06   -4.7351308462810769e-06 
   3.6405557420513784e-08    5.1834841184567774e-05   -5.2281446237569728e-07   -7.3956565010249655e-04    1.1325902722044768e-06 
   6.5728726548692027e-06    1.7170532361806009e-08    3.8404448907737922e-06   -2.7302971056209992e-07   -1.7750892013037903e-04 
   1.1000233690087026e-05   -4.9430559411723874e-03    3.9175055163870486e-06   -3.4645139073454466e-04    5.4681601422848911e-07 
  -3.3173600842434244e-03   -8.7294232805957365e-06   -1.6635168846899787e-03    1.5761250256435210e-07   -1.5882820539742334e-04 
   5.7503241337068702e-04    3.1080688099589028e-07   -1.1463872177523338e-03    8.5511839070528419e-07   -3.5110925316149691e-06 
   2.6994667078489912e-08    3.8435458209887155e-05   -3.8766615197324625e-07   -5.4838683766326199e-04    8.3981401469404112e-07 
   4.8737753694584190e-06    1.2731924395867384e-08    2.8476842165122103e-06   -2.0245112728331169e-07   -1.3162260220418327e-04 
   5.5014276346044461e-07   -1.1264774502695895e-03    1.2530511728891449e-06   -1.2366252902477393e-03    1.0093888348445088e-06 
   5.5014276346044461e-07   -1.1264774502695895e-03    1.2530511728891449e-06   -1.2366252902477393e-03    1.0093888348445088e-06 
   5.5014276346044461e-07   -1.1264774502695895e-03    1.2530511728891449e-06   -1.2366252902477393e-03    1.0093888348445088e-06 
   5.5014276346044461e-07   -1.1264774502695895e-03    1.2530511728891449e-06   -1.2366252902477393e-03    1.0093888348445088e-06 
  -2.4797163213501994e-06    2.2182018545776313e-03   -3.0488677176596818e-06    1.7110426057951604e-03   -1.1005825346153949e-06 
  -2.4797163213501994e-06    2.2182018545776313e-03   -3.0488677176596818e-06    1.7110426057951604e-03   -1.1005825346153949e-06 
  -2.4797163213501994e-06    2.2182018545776313e-03   -3.0488677176596818e-06    1.7110426057951604e-03   -1.1005825346153949e-06 
  -2.4797163213501994e-06    2.2182018545776313e-03   -3.0488677176596818e-06    1.7110426057951604e-03   -1.1005825346153949e-06 
   2.2118661469453042e-07   -8.2333289853729901e-04    4.3087556356062533e-07   -3.7243552455095113e-04    2.0624886050309784e-07 
   2.2118661469453042e-07   -8.2333289853729901e-04    4.3087556356062533e-07   -3.7243552455095113e-04    2.0624886050309784e-07 
   2.2118661469453042e-07   -8.2333289853729901e-04    4.3087556356062533e-07   -3.7243552455095113e-04    2.0624886050309784e-07 
   2.2118661469453042e-07   -8.2333289853729901e-04    4.3087556356062533e-07   -3.7243552455095113e-04    2.0624886050309784e-07 
   5.1739002468290385e-06   -2.3249395489814569e-03    1.8425774696454396e-06   -1.6295153235254070e-04    2.5719194616168817e-07 
  -1.5603023210456965e-03   -4.1058368884336052e-06   -7.8242614318802374e-04    7.4132185633102879e-08   -7.4703984866219752e-05 
   2.7046337644211975e-04    1.4618633054586301e-07   -5.3919700944494487e-04    4.0220029659234613e-07   -1.6514233267910298e-06 
   1.2696795231389465e-08    1.8077909280993565e-05   -1.8233667173717783e-07   -2.5793077444351097e-04    3.9500196635200843e-07 
   2.2923538078790314e-06    5.9883915769671049e-09    1.3393928243525451e-06   -9.5221789548514283e-08   -6.1907976977452431e-05 
   4.9015547991136657e-06   -2.2025586231476826e-03    1.7455872761780648e-06   -1.5437403647568115e-04    2.4365379266344049e-07 
  -1.4781706188628100e-03   -3.8897125079312822e-06   -7.4124054081748075e-04    7.0229991481072172e-08   -7.0771692159768334e-05 
   2.5622663707071717e-04    1.3849132682661250e-07   -5.1081458150113723e-04    3.8102914627613522e-07   -1.5644951674052436e-06 
   1.2028457185258318e-08    1.7126318399451629e-05   -1.7273877457446634e-07   -2.4435373026133079e-04    3.7420972408940938e-07 
   2.1716881409072956e-06    5.6731726691183072e-09    1.2688894282658860e-06   -9.0209473951060894e-08   -5.8649244705331302e-05 
  -3.7544209424815399e-06    1.8733463115524198e-03   -4.8036508348256236e-07    3.2778072771926320e-05   -9.3226948573297814e-08 
   3.4915526913223970e-06    7.7047974948214584e-06    1.9297484696938363e-06   -4.3991890397911370e-04    2.6148531301576607e-07 
  -3.0760466266919081e-05   -5.9032651736246234e-08   -8.6769734470137957e-06   -2.8498284111399961e-07   -2.9383657082406605e-06 
   1.0318049112318227e-08   -9.2695582058816118e-11   -1.6986365399699798e-06   -4.4533978325304456e-09    4.9084804949128130e-06 
   1.1294544051578857e-06    1.4136216252804153e-09   -3.5830530683970641e-06   -7.4668377412998553e-09   -1.2423379823421703e-06 
  -8.7433123944199933e-06    4.3626573247301194e-03   -1.1186763691669698e-06    7.6333723448324537e-05   -2.1710733757416916e-07 
   8.1311436276060825e-06    1.7942967095331184e-05    4.4940069245498817e-06   -1.0244851242380783e-03    6.0894817423919697e-07 
  -7.1635112335572662e-05   -1.3747550514670037e-07   -2.0206974829834736e-05   -6.6366932346753169e-07   -6.8428792907857495e-06 
   2.4028719227827967e-08   -2.1586988884286712e-10   -3.9557924220712873e-06   -1.0371092922976904e-08    1.1430891476056429e-05 
   2.6302785038861579e-06    3.2920484055165750e-09   -8.3442301177006804e-06   -1.7388805349961368e-08   -2.8931622866698390e-06 
  -3.7213603160223173e-06    1.8568500252851530e-03   -4.7613509147250998e-07    3.2489436085585652e-05   -9.2406012037428776e-08 
   3.4608068263650686e-06    7.6369506987848154e-06    1.9127555181057719e-06   -4.3604507236043777e-04    2.5918272937087694e-07 
  -3.0489596191202437e-05   -5.8512822852418560e-08   -8.6005658778245223e-06   -2.8247334327087004e-07   -2.9124910893396363e-06 
   1.0227190582410073e-08   -9.1879324622631792e-11   -1.6836787105208356e-06   -4.4141821653287056e-09    4.8652574672846342e-06 
   1.1195086716443264e-06    1.4011735761074357e-09   -3.5515014707225774e-06   -7.4010863678713941e-09   -1.2313982202324983e-06 
  -1.0748591463348492e-06    5.3632329674089901e-04   -1.3752448419378969e-07    9.3840866162565411e-06   -2.6690091466585858e-08 
   9.9960217638712199e-07    2.2058187360559659e-06    5.5247076035249268e-07   -1.2594508309849106e-04    7.4861046385879285e-08 
  -8.8064628391586212e-06   -1.6900551808973420e-08   -2.4841445365108420e-06   -8.1588191098627650e-08   -8.4122939466974281e-07 
   2.9539707003064565e-09   -2.6537965701548648e-11   -4.8630535820486028e-07   -1.2749703525250564e-09    1.4052566921481223e-06 
   3.2335329904422650e-07    4.0470798471124294e-10   -1.0257979649517330e-06   -2.1376928595357840e-09   -3.5567091799702480e-07 
  -1.5189216190200155e-05    7.5789749101698306e-03   -1.9434073096815676e-06    1.3260985948523540e-04   -3.7716715795233581e-07 
   1.4125733230360020e-05    3.1171207662506565e-05    7.8071604510904447e-06   -1.7797746819188792e-03    1.0578880234280385e-06 
  -1.2444725282476508e-04   -2.3882769759695037e-07   -3.5104328359143981e-05   -1.1529516936150760e-06   -1.1887711226871156e-05 
   4.1743608676046840e-08   -3.7501741475935199e-10   -6.8721536634951934e-06   -1.8017058687767622e-08    1.9858181206855431e-05 
   4.5694202647340460e-06    5.7190722101966104e-09   -1.4495915218518582e-05   -3.0208496715550955e-08   -5.0261120114623568e-06 
  -2.6629296378919475e-06    1.3287240539871959e-03   -3.4071257256749238e-07    2.3248778651774960e-05   -6.6123859899943491e-08 
   2.4764828681778858e-06    5.4648463550691936e-06    1.3687288858525789e-06   -3.1202497152613400e-04    1.8546588157557407e-07 
  -2.1817733960170355e-05   -4.1870584124725262e-08   -6.1543897483115273e-06   -2.0213217045170280e-07   -2.0841192959752651e-06 
   7.3183692525047773e-09   -6.5746973114557791e-11   -1.2048061886482325e-06   -3.1586988404477219e-09    3.4814791381060311e-06 
   8.0109760099372288e-07    1.0026512691025220e-09   -2.5413821082267044e-06   -5.2960666444330956e-09   -8.8116348276898491e-07 
  -1.0054045086204345e-06    5.0166746262536989e-04   -1.2863800519874025e-07    8.7777110381770835e-06   -2.4965446298242265e-08 
   9.3501045080498723e-07    2.0632843940458098e-06    5.1677151860632269e-07   -1.1780683526541872e-04    7.0023717817403323e-08 
  -8.2374118261725233e-06   -1.5808481553006814e-08   -2.3236254960375577e-06   -7.6316171714643820e-08   -7.8687131152858514e-07 
   2.7630926996787667e-09   -2.4823150509470986e-11   -4.5488155482758034e-07   -1.1925850425677450e-09    1.3144526135098046e-06 
   3.0245903925636668e-07    3.7855679406072993e-10   -9.5951353478537197e-07   -1.9995606367138220e-09   -3.3268837666658982e-07 
   1.5679787675643755e-05   -7.6974557879335385e-03    2.0920112122717011e-06   -1.5652263813925956e-04    4.0344875795865481e-07 
   1.5679787675643755e-05   -7.6974557879335385e-03    2.0920112122717011e-06   -1.5652263813925956e-04    4.0344875795865481e-07 
   1.5679787675643755e-05   -7.6974557879335385e-03    2.0920112122717011e-06   -1.5652263813925956e-04    4.0344875795865481e-07 
   1.5679787675643755e-05   -7.6974557879335385e-03    2.0920112122717011e-06   -1.5652263813925956e-04    4.0344875795865481e-07 
  -1.0915793921239785e-05    3.2405433809285420e-03   -3.1270487931822952e-06    5.4609609051071788e-04   -4.9975410063105184e-07 
  -1.0915793921239785e-05    3.2405433809285420e-03   -3.1270487931822952e-06    5.4609609051071788e-04   -4.9975410063105184e-07 
  -1.0915793921239785e-05    3.2405433809285420e-03   -3.1270487931822952e-06    5.4609609051071788e-04   -4.9975410063105184e-07 
  -1.0915793921239785e-05    3.2405433809285420e-03   -3.1270487931822952e-06    5.4609609051071788e-04   -4.9975410063105184e-07 
   8.3700661518928128e-06   -3.7611660248094555e-03    2.9808257939204925e-06   -2.6361449588808349e-04    4.1607172546991652e-07 
  -2.5241757709009642e-03   -6.6422089189162890e-06   -1.2657682338324591e-03    1.1992718609404067e-07   -1.2085221309078710e-04 
   4.3754155366104285e-04    2.3649262621969787e-07   -8.7228481854147524e-04    6.5065867685641214e-07   -2.6715865847029654e-06 
   2.0540213559180863e-08    2.9245499401069732e-05   -2.9497476401704820e-07   -4.1726696335598435e-04    6.3901359337577813e-07 
   3.7084505112463725e-06    9.6877077739122885e-09    2.1667999011137088e-06   -1.5404484810296652e-07   -1.0015149846553587e-04 
 TENSORSUMACCUMULATOR_IMPL_H - PrettifyOut: Norm of simple tensor is 1.52245e-05 
 As simple full tensor 3    5 5 5 
  -7.1533525651852501e-06   -2.2514090708343423e-07   -3.0282879850385309e-06   -4.9404291364454078e-08    1.0405444255049080e-06 
   8.5956020575074876e-07    4.3410112791184623e-08   -1.7929273055504864e-06    6.1014103532762240e-08   -2.1077215761522695e-06 
  -5.2455798684649369e-07   -2.6929565567840208e-09   -1.4361493727036682e-06    2.1576995406128119e-09   -1.2117013848820918e-06 
   1.2314136660104768e-07    5.8876911958708429e-09    3.1272717893045617e-07    7.6838158241126461e-09    1.4850522534445674e-07 
   9.3971879031300366e-09   -1.2200489934817231e-09    1.8752048480113664e-08   -1.4343844727505710e-09    4.8917099794721710e-08 

   5.1258259814713275e-07    5.0123604203824613e-07    8.2728424133219808e-08   -8.0154963440905584e-07    2.5784105786541833e-08 
  -2.7506143374898874e-08    5.9180020365745773e-06   -1.1481053165628583e-07    7.4095392155725608e-06   -2.1948177644444549e-08 
   1.3051782468886852e-08    3.9075682900178169e-06   -2.4020453969572371e-08    4.6151699388893468e-06    5.2611244396673428e-09 
  -4.3441203064394044e-09   -2.8868652495247448e-06    2.9542640221195546e-09   -2.7358850584447170e-06   -1.0415752388790830e-08 
  -9.5026571960250604e-11    1.3813830319971270e-06    4.4542919298738629e-09    1.3696968674270100e-06   -1.4274220125965171e-09 

  -1.0695222808941711e-07   -2.5945827719594545e-08    1.0242156755301362e-06   -1.7395810687108572e-08    7.6798432051635168e-07 
  -3.3424474066989077e-08    2.5761448716235042e-09   -3.0214397212496167e-08    7.9255326683092128e-09   -2.5497221141678609e-07 
   8.4816552473825850e-09   -4.5765252916963924e-09    1.0261798126156662e-07   -1.1785337198861091e-09   -1.1519920221032595e-07 
  -5.7135950135405304e-08   -1.1894863494652615e-09   -8.0124793094541253e-08   -1.5915439943051935e-09    2.0017265874774310e-08 
   8.6370316406618084e-09    1.2936448417048945e-09    1.9726292775286743e-08   -1.7848206757188570e-09    2.6143733708247816e-09 

   3.5680679571096355e-08   -1.4762385427657877e-06    2.2804619474691513e-08   -1.2366646796355094e-06    5.4405519017007346e-09 
   1.8421404977521595e-08   -1.3995154422539028e-06   -8.8322919138280905e-09   -3.2731548912539268e-07   -3.8488254989303984e-09 
   1.9663927744655463e-08   -1.4648531862805072e-06   -2.8818880282126678e-09   -2.8509441199722860e-07   -6.2983250499790886e-10 
  -5.4409145156822912e-09    7.4336882479682151e-07    5.9296867136305156e-09   -1.5740743025722424e-07   -8.5638404260973715e-10 
   2.5089487421834238e-09   -4.7221205075247500e-07   -2.6474287034889951e-09    2.0697683934160787e-07   -1.7186023319712643e-09 

  -1.6015583762996197e-07   -5.0274858279204256e-09    1.4867788039318445e-07   -2.3961831844171308e-09    1.2114936171717563e-07 
  -8.6940342594515663e-08   -1.4535217488132154e-10    6.3731297833447011e-08    3.3217210236698735e-10   -2.7910231231212625e-08 
  -1.3939614880797686e-08   -7.3477139746464021e-10    1.0521571608110811e-07    3.0036620080765817e-09   -3.5810294015687354e-09 
   2.6110071940351817e-08   -4.7436473385266957e-11   -3.7513354847775385e-08    8.0398665804532407e-11    1.4836982810266733e-08 
  -1.3387771022934332e-08   -5.7413333247732467e-10    7.6519262755808253e-09   -1.1724639779747128e-09   -9.0188419483569195e-09 
