2    27 5 
  -2.0375425173796338e-03   -3.7247256070778472e-04    2.2852215089369005e-05    2.3598250692546762e-05    2.9737995452500015e-06 
  -8.1618174536211634e-04   -5.2695711057966163e-04   -2.2847280850330867e-04    1.7211819371169792e-05   -1.5285329578974539e-07 
  -5.9035662928002674e-04   -2.0731806035817572e-04   -3.0330695629711776e-04   -8.8522375422271640e-07    1.1484400475039848e-05 
   4.9295664748013723e-05    1.0231453515638215e-05   -2.8039004786506464e-06    4.3474394553203257e-07    4.6328986967879390e-07 
  -1.5046473328173011e-03   -2.3984538228636956e-04   -3.2916369666589657e-04    1.9773699187142179e-05   -2.9306730060727507e-06 
  -2.1584370234067497e-04    7.2711570400418196e-04    4.9471837450768740e-05   -2.8590008285813881e-05    1.2620880085267630e-05 
  -4.1918085274552719e-05   -2.5057658170074388e-05   -4.2447968189885405e-06   -1.8770081940367948e-06    3.5499929797792837e-07 
  -1.9108487605905923e-05    6.3907248241400495e-05   -1.3944186101744286e-04    1.0401616723157627e-04   -4.8422314966576541e-06 
   1.8642114849919591e-03   -3.4380462869063229e-04    1.2844735312822448e-04   -1.5790958246080598e-05    3.2510013500389998e-06 
  -5.5378459167585185e-04   -6.0378004197713320e-05   -2.9931620406657904e-05    9.7585363522402621e-06    7.5179757051696117e-07 
   5.9769976945415028e-04   -4.4664374694178429e-04    4.8878461954714446e-05   -5.1014574848730340e-05    1.1525476914216049e-05 
  -1.7675530694340414e-04    3.9964469128270003e-04    2.4208822310074730e-06    3.5867687430242484e-05   -7.8200013762671572e-06 
  -2.0831124401680551e-05   -2.5957285134989809e-04    3.7731708568199026e-04    2.3730902582811542e-05    1.0262391429112811e-05 
  -2.0041019087937553e-05   -1.4695361471103136e-04   -1.1343000157207857e-04   -1.2709712181873736e-05    3.8237534015835045e-06 
   2.1057539349802164e-05   -7.0220043812194936e-05   -2.3116215094857707e-05   -1.6130032626543628e-05   -2.6665607929267270e-06 
  -1.1035199309574503e-03    2.0351513933365500e-04   -7.6034406716648313e-05    9.3474572460012553e-06   -1.9244301487355603e-06 
   1.4264557529081643e-03    1.5552356048099318e-04    7.7098808389981351e-05   -2.5136344580284876e-05   -1.9365038060033539e-06 
   3.9679925552792177e-04   -2.9651660470700027e-04    3.2449296965084969e-05   -3.3867413633999156e-05    7.6515014609119675e-06 
  -1.3815850956373112e-04    3.1237712664748755e-04    1.8922514217488601e-06    2.8035516005450237e-05   -6.1124033762524206e-06 
   7.5877234636807598e-06    9.4549241641667930e-05   -1.3743750212762929e-04   -8.6439657730331080e-06   -3.7380693782364229e-06 
   2.0508833743085091e-06    1.5038393201610807e-05    1.1607778194871448e-05    1.3006393183737876e-06   -3.9130107328141128e-07 
  -7.6155948298110037e-06    2.5395531439920025e-05    8.3601281819687739e-06    5.8335302636650457e-06    9.6437889777374705e-07 
  -5.0404842082654279e-03   -3.1520126291352460e-05    1.4846381570519910e-04    1.1439153915456214e-04    8.8663026460499696e-06 
   1.6637998767233156e-03    8.9262305983978140e-04    2.2242239791819403e-04    2.2964317282829661e-05   -4.4791332749319406e-06 
   9.5785931884257228e-04    3.4486631835169482e-04   -5.3401764750025114e-04   -1.2555113837152147e-05   -3.7032394763922886e-05 
   3.2439644913217678e-04    2.7823675105603834e-04    2.0766235045555323e-05   -2.8511246076792540e-06   -5.4709313708516210e-06 
   2.6557122827978308e-05   -1.8743084157319634e-04   -9.2738261478206226e-05   -4.6882676269624348e-05    1.1090682263613304e-05 
2    27 5 
  -2.0679726617841470e-03    5.6086328472714067e-05   -1.0702177942646981e-04    1.7053000587480942e-05    1.4802145524358741e-06 
   9.3247950503091309e-04    2.9547531679754172e-04   -1.9288813905617150e-04    4.4830393589087594e-05   -1.7124358416929644e-05 
   5.3252373562040814e-04   -4.2231657137913948e-04    1.4187644168893923e-04   -3.8222973216995573e-05    1.0333288476110252e-05 
   2.0402623397833221e-05    3.8899317359957034e-05    2.4662939241089071e-05   -2.3041360598872028e-06   -1.3097370094317131e-07 
  -1.5585172395155525e-03   -1.4193344279353664e-05   -3.2473530703234504e-05    2.3918839701933120e-06    2.0637493105881565e-07 
  -5.1166645399215672e-04    5.6175819038264041e-04   -3.6264788888979814e-05   -4.1173495719896325e-06    1.7252984509295288e-06 
   4.8555640539841761e-05    6.9435495137484773e-06    8.9955805437228752e-07   -8.5062106989403951e-08   -6.4815180926360585e-09 
  -4.4287892846118712e-05    1.6079432605375747e-04    7.5945093181933610e-05   -3.3088238133179956e-05    7.5757578362427447e-06 
  -1.8971369765603465e-03   -1.0016868997820278e-04    2.6631102177690530e-05    1.7154801462544391e-05   -8.8742482432763685e-06 
  -5.5008346081784182e-04    9.2112091943898311e-05   -1.5282606753494406e-05    2.1303428655056076e-06   -1.6038223221780100e-07 
  -5.6465238344912414e-04   -4.8669395816285397e-04   -6.3266948825611843e-05    4.2992799833015389e-05   -1.7483360595426665e-05 
   3.2013258457201204e-05   -4.1684215606966517e-04   -1.0851402939268087e-04    7.1218921518306116e-05   -2.6118207171924032e-05 
   4.5838214772460904e-04    2.6470527944999732e-05   -4.5502658003911275e-06    3.6011626558589783e-06    3.1775919136852989e-07 
  -1.0453716650244293e-04    1.2802196913751525e-04   -6.1157291663795313e-05    6.0083395098494808e-05   -1.9278433566204068e-05 
   4.5663389652326673e-05   -6.3062533637607898e-05    8.1723784017811945e-06    5.3405488364312173e-06   -4.3110186512766824e-06 
  -1.1230101746743236e-03   -5.9294852938491258e-05    1.5764280111477064e-05    1.0154784195859309e-05   -5.2531109734912169e-06 
  -1.4169222637428235e-03    2.3726522088337299e-04   -3.9365418703659939e-05    5.4874040951035874e-06   -4.1311759346537879e-07 
  -3.7485984909998581e-04   -3.2310502720341472e-04   -4.2001485489031389e-05    2.8541940015103358e-05   -1.1606804658343893e-05 
   2.5022751232819352e-05   -3.2581930354349799e-04   -8.4818593720912061e-05    5.5667352906445150e-05   -2.0414960307274846e-05 
   1.6696539805320358e-04    9.6418725226415529e-06   -1.6574313471444908e-06    1.3117211463720928e-06    1.1574357800641361e-07 
  -1.0697736269620216e-05    1.3101036773543995e-05   -6.2584877615583356e-06    6.1485913235659458e-06   -1.9728447296094020e-06 
   1.6514459185905382e-05   -2.2806971752369603e-05    2.9555933231319687e-06    1.9314439085904339e-06   -1.5591076814105518e-06 
   5.0365689787321040e-03   -2.6542455104204023e-04    6.3121256121733137e-05   -3.3319323642584423e-05    1.0410193863268736e-05 
  -1.7678401691230961e-03    6.1133634526666257e-04   -3.2256658147066517e-04    1.0413140709454130e-04   -3.3787013877473010e-05 
   1.1444773420505468e-03    1.0279870161614474e-04   -5.0427386746366042e-05    1.3823871971677371e-05   -1.0718781274519345e-06 
   2.3770475043991844e-04    9.6600061066420363e-06   -3.3370993049775563e-04    1.1853407634236372e-04   -3.3294643720975352e-05 
  -2.5833473036377990e-05    2.1248078664782926e-04   -1.9073946380515623e-05    2.2796360852846861e-05   -7.6178955591622500e-06 
2    27 5 
  -1.6748035497406529e-06    1.7864596494227497e-03   -7.1140614371711215e-08   -8.3992760644358042e-06   -2.4101138302104041e-08 
  -1.6748035497406529e-06    1.7864596494227497e-03   -7.1140614371711215e-08   -8.3992760644358042e-06   -2.4101138302104041e-08 
  -1.6748035497406529e-06    1.7864596494227497e-03   -7.1140614371711215e-08   -8.3992760644358042e-06   -2.4101138302104041e-08 
  -1.6748035497406529e-06    1.7864596494227497e-03   -7.1140614371711215e-08   -8.3992760644358042e-06   -2.4101138302104041e-08 
  -5.1176458576371498e-06    1.5941082700479748e-03   -4.2977005530315394e-07   -2.0264749161420990e-05   -6.0926918816291561e-08 
  -5.1176458576371498e-06    1.5941082700479748e-03   -4.2977005530315394e-07   -2.0264749161420990e-05   -6.0926918816291561e-08 
  -5.1176458576371498e-06    1.5941082700479748e-03   -4.2977005530315394e-07   -2.0264749161420990e-05   -6.0926918816291561e-08 
  -5.1176458576371498e-06    1.5941082700479748e-03   -4.2977005530315394e-07   -2.0264749161420990e-05   -6.0926918816291561e-08 
   5.1221097717344263e-06   -1.9215506042349402e-03    8.7454962235167576e-07   -1.3588518308117883e-04    1.1772829973619654e-07 
   5.1221097717344263e-06   -1.9215506042349402e-03    8.7454962235167576e-07   -1.3588518308117883e-04    1.1772829973619654e-07 
   5.1221097717344263e-06   -1.9215506042349402e-03    8.7454962235167576e-07   -1.3588518308117883e-04    1.1772829973619654e-07 
   5.1221097717344263e-06   -1.9215506042349402e-03    8.7454962235167576e-07   -1.3588518308117883e-04    1.1772829973619654e-07 
   5.1221097717344263e-06   -1.9215506042349402e-03    8.7454962235167576e-07   -1.3588518308117883e-04    1.1772829973619654e-07 
   5.1221097717344263e-06   -1.9215506042349402e-03    8.7454962235167576e-07   -1.3588518308117883e-04    1.1772829973619654e-07 
   5.1221097717344263e-06   -1.9215506042349402e-03    8.7454962235167576e-07   -1.3588518308117883e-04    1.1772829973619654e-07 
   9.3457410558833077e-07   -1.0181396198926664e-03    2.1374154155306054e-07   -6.7621296434658079e-05    3.3991689824424507e-08 
   9.3457410558833077e-07   -1.0181396198926664e-03    2.1374154155306054e-07   -6.7621296434658079e-05    3.3991689824424507e-08 
   9.3457410558833077e-07   -1.0181396198926664e-03    2.1374154155306054e-07   -6.7621296434658079e-05    3.3991689824424507e-08 
   9.3457410558833077e-07   -1.0181396198926664e-03    2.1374154155306054e-07   -6.7621296434658079e-05    3.3991689824424507e-08 
   9.3457410558833077e-07   -1.0181396198926664e-03    2.1374154155306054e-07   -6.7621296434658079e-05    3.3991689824424507e-08 
   9.3457410558833077e-07   -1.0181396198926664e-03    2.1374154155306054e-07   -6.7621296434658079e-05    3.3991689824424507e-08 
   9.3457410558833077e-07   -1.0181396198926664e-03    2.1374154155306054e-07   -6.7621296434658079e-05    3.3991689824424507e-08 
   8.1048452348202899e-06   -5.2278723341666481e-03    8.4728872341959004e-07   -5.0153495555668758e-05    1.5504716575753162e-07 
   8.1048452348202899e-06   -5.2278723341666481e-03    8.4728872341959004e-07   -5.0153495555668758e-05    1.5504716575753162e-07 
   8.1048452348202899e-06   -5.2278723341666481e-03    8.4728872341959004e-07   -5.0153495555668758e-05    1.5504716575753162e-07 
   8.1048452348202899e-06   -5.2278723341666481e-03    8.4728872341959004e-07   -5.0153495555668758e-05    1.5504716575753162e-07 
   8.1048452348202899e-06   -5.2278723341666481e-03    8.4728872341959004e-07   -5.0153495555668758e-05    1.5504716575753162e-07 
 TENSORSUMACCUMULATOR_IMPL_H - PrettifyOut: Norm of simple tensor is 1.6013e-07 
 As simple full tensor 3    5 5 5 
  -2.5712559218273269e-10    1.5931760524111999e-07   -2.7618337462399743e-11    1.8356244485422973e-09   -4.8889357223700882e-12 
   1.8605967720657559e-11   -1.2667115269911817e-08    1.8048573228942249e-12   -7.9799838140166590e-11    3.4739270068045677e-13 
  -8.8380777164916458e-12    5.9027307662184858e-09   -8.8290497604151031e-13    4.6916109070902349e-11   -1.6516439731463419e-13 
   3.5009059338626513e-12   -2.2301946304558918e-09    3.7521227276894901e-13   -2.5108551489575067e-11    6.7356259393634588e-14 
  -1.0917611925242139e-12    6.7722348288544706e-10   -1.2077758787304150e-13    8.7876824638623428e-12   -2.1256655544146892e-14 

  -6.5451151922536712e-12    5.6413838804493784e-09   -4.1730911944585258e-13   -3.1030022498175613e-11   -1.1235823826434858e-13 
   2.7831757322749342e-12   -2.5054078167838417e-09    3.4820352474650306e-13   -4.4758374005438739e-11    6.9606691557391371e-14 
  -3.4184892429963969e-12    2.2959424927074084e-09   -3.5379097718304733e-13    2.2251732653451680e-11   -6.5560313749646618e-14 
   1.0751539808253397e-12   -7.1397687678455778e-10    1.0856917397292016e-13   -5.9734145253291749e-12    2.0241469060157821e-14 
  -3.1885180214674693e-13    2.1378613723054824e-10   -3.1794767577904375e-14    1.6587444381400516e-12   -5.9846999465288562e-15 

  -4.2589811725533467e-12    1.5329507118751306e-09   -4.6804417058030106e-13    1.9671313423002869e-11   -6.8921454756327412e-14 
  -1.8813734376068378e-13    8.3451655081768573e-11   -2.5744822179368509e-14    3.3782772619524808e-12   -3.4308218182820310e-15 
  -2.9470611266048373e-13    2.0194520740743649e-10   -2.9905025548512943e-14    1.7057918338317628e-12   -5.6925344410092673e-15 
   6.3718085453672963e-14   -4.7908364551746657e-11    6.8969601609661502e-15   -5.3017941479880937e-13    1.3532495125384650e-15 
  -3.7946696760527313e-14    2.7353822347376641e-11   -3.8835686111575614e-15    2.4285815199709575e-13   -7.5251795373210767e-16 

   4.7637317445097629e-12   -2.9847302232399536e-09    5.1905017101365395e-13   -3.6945949305390546e-11    9.1996998986182088e-14 
  -1.7820250661027424e-13    1.3826226672742501e-10   -1.4256792730881955e-14   -2.9995493285632494e-14   -3.1761366449075078e-15 
  -1.7258461637639214e-14   -8.2797599534650853e-12   -1.7636100371386795e-15   -1.5209417091044581e-13   -8.1314432124662101e-17 
  -1.2394518482076186e-14    1.3304772632088969e-11   -1.6717281945348359e-15    2.5771099439746753e-13   -3.5256729097988429e-16 
   5.6995369330197123e-15   -4.4636576827985860e-12    7.6025497973048820e-16   -9.7853404207417457e-14    1.3885301507535569e-16 

   3.2799035896176205e-14   -3.1632993128296444e-11    2.8058825048631318e-16    7.6119641359444798e-13    4.0465764297143751e-16 
  -8.7504406169248537e-14    4.0320028680731419e-11   -9.6403574161223219e-15    5.2949904594184048e-13   -1.5238103824367964e-15 
   4.5620458179206938e-14   -2.7480649155087241e-11    4.8258857419825029e-15   -2.7426106542758575e-13    8.5844161356706898e-16 
  -1.2259761838902130e-14    7.8641904871860657e-12   -1.2462206147297087e-15    6.1898394005828021e-14   -2.3156756804016657e-16 
   2.5632872943443102e-15   -1.6749503421359087e-12    2.5581376527012710e-16   -1.1364654130161106e-14    4.8514656508227299e-17 
