2    101 5 
  -1.0463863384404320e-03    3.3799770733073146e-04   -2.2328663357101471e-05    8.9561336038584735e-07   -1.4981890923817808e-06 
   4.5974826484149612e-04   -7.4237521899597010e-04   -1.3367261220183888e-04    1.4427502395859064e-04   -5.7611632734501933e-05 
   1.3869477423824772e-03    3.2266144477611934e-05    7.8264369747875812e-05   -1.4565724000182399e-04    3.1277853883120927e-05 
   6.0551234895770735e-04    9.1096759323656051e-04    5.5526330243679615e-05   -1.8966236876200832e-05   -4.6376432949505124e-06 
   1.8469720659540148e-04   -6.9259252750899686e-05   -5.8830012079954405e-05    4.0817906350472930e-05   -1.5598701777905165e-05 
   4.7641280648126158e-05    2.8401284256254701e-04    1.6481230811597333e-05    6.1898628777172001e-07   -4.7627508793125964e-06 
  -1.3757618725780609e-04    3.8611417149674314e-04   -3.1105417902378617e-05   -3.9045075608781842e-06    2.6037904810897029e-05 
   1.5815705861797898e-04    4.0453313720072810e-04   -6.5126059574293932e-04   -7.1070861017788218e-06    2.7876334746366463e-04 
  -1.4459005806240248e-04    9.3729679914059173e-05   -5.0675567477651495e-04   -6.0355547859083458e-04    1.5584492823125394e-04 
   9.6151030838028713e-05    1.9471031814370017e-04   -4.9000520594159045e-04    4.0428239155838408e-04   -6.8254859323827645e-05 
   1.2959437730335882e-04    2.7288393491073609e-04   -5.3660606545722321e-04    2.4835608349378772e-05    4.5063852218325057e-06 
   2.3111577904231316e-04   -9.6707935529161796e-05    5.8281546673915425e-05   -1.9393185593234897e-04    1.6004009927909522e-04 
   4.5875774328884683e-06    8.4007314793763075e-05    1.3147294254756730e-05    1.9343127839653579e-04   -8.3141494476284824e-05 
  -6.7286232858516790e-05   -2.4757853049767458e-05   -1.8100067253438122e-04   -7.7129774900442346e-06   -3.4065853683495361e-05 
  -1.1206132330333000e-04   -4.3802294478844089e-06   -1.1515635478844333e-05    1.1846204236998982e-04    3.4678864872298232e-05 
   4.3714986267589491e-05    2.0372877640377346e-04   -4.2614916180617915e-06    9.5375136234460237e-05   -1.9596623920439392e-04 
  -7.8455065880335048e-05   -1.9476799243614994e-05   -2.7972092361297545e-04    1.2933049234616214e-04    9.0277075630502596e-05 
  -1.4578535647797347e-05   -1.7425142233871342e-05    5.2857087175025373e-07    4.7637014767140857e-06   -1.1680115450203897e-04 
  -2.4408636133489415e-05    5.2593851249405562e-06   -1.2068213553455216e-04   -1.1451801376447467e-04   -6.0942149614814082e-05 
  -2.9431024976985815e-05   -4.2980222514437470e-05    4.1172843843172806e-05   -4.9149537676609405e-05    3.4360762322354903e-05 
  -5.4824463694070244e-05    3.0217178982996852e-05   -7.6875921674454681e-06   -4.9166441247067743e-05   -5.9884498268073666e-06 
   1.0488136704619453e-04   -2.9363961230201118e-05    4.3208139538666658e-06   -8.3703637348321791e-07    1.6803631439474362e-07 
   3.0334929186485674e-06    1.0174817001706141e-05   -4.1997696459721506e-06    1.4048401362885913e-06   -3.6674624886260895e-07 
   2.1235743219712511e-07    1.1779852116126420e-06    2.6434242940975530e-06   -1.0138295945633728e-06    2.8337606291360105e-07 
  -1.8785997876215265e-03    1.4205799670764492e-04   -5.3661093103035311e-05    1.9622550770074204e-05   -5.6961265119803404e-06 
  -1.8785997876215265e-03    1.4205799670764492e-04   -5.3661093103035311e-05    1.9622550770074204e-05   -5.6961265119803404e-06 
  -1.8785997876215265e-03    1.4205799670764492e-04   -5.3661093103035311e-05    1.9622550770074204e-05   -5.6961265119803404e-06 
  -1.8785997876215265e-03    1.4205799670764492e-04   -5.3661093103035311e-05    1.9622550770074204e-05   -5.6961265119803404e-06 
  -1.8785997876215265e-03    1.4205799670764492e-04   -5.3661093103035311e-05    1.9622550770074204e-05   -5.6961265119803404e-06 
  -2.4991562286102724e-03   -3.1377556094513769e-04    2.7528312808567926e-05    2.5522043762238012e-05   -1.3178319574743016e-05 
  -2.4991562286102724e-03   -3.1377556094513769e-04    2.7528312808567926e-05    2.5522043762238012e-05   -1.3178319574743016e-05 
  -2.4991562286102724e-03   -3.1377556094513769e-04    2.7528312808567926e-05    2.5522043762238012e-05   -1.3178319574743016e-05 
  -2.4991562286102724e-03   -3.1377556094513769e-04    2.7528312808567926e-05    2.5522043762238012e-05   -1.3178319574743016e-05 
  -2.4991562286102724e-03   -3.1377556094513769e-04    2.7528312808567926e-05    2.5522043762238012e-05   -1.3178319574743016e-05 
  -1.6625131876433091e-03   -1.4338849771568713e-03   -1.5474915732203759e-03    3.8579357719692323e-04   -8.1131031503571934e-05 
  -4.2988633771362690e-04    5.7886988318504536e-04   -7.7976094670379695e-04    1.4504729883252463e-04   -4.6143323448823682e-05 
   8.9184371382826475e-07   -1.6424809667959532e-06   -8.7386922559532315e-05   -1.9843843241652512e-05   -7.9083266612639275e-05 
   3.6461831477047944e-06    6.1049418563346639e-05    2.6907327974851211e-05    6.2099430653152912e-05   -1.2142235526806667e-05 
   8.3281072131681736e-05   -1.8312411753392854e-03    7.6766743496212912e-04   -1.6754870186357345e-04    3.7668600331130191e-05 
  -2.0730124890682374e-04   -3.2415082059195505e-05   -2.2362974282255906e-04    1.1927300859129405e-04   -4.6129741098088867e-05 
  -1.9631595645138006e-05   -7.4312371684198667e-05   -2.5797267851349587e-05   -6.3201428343318924e-05    3.0632889501465093e-05 
  -2.0755614925160420e-04   -2.4806823487888300e-04    3.6964812914213361e-05   -5.6051932422008713e-06    7.7683811270366457e-07 
   1.3191009592248849e-04   -1.0846835181403474e-04    1.2079721125978012e-05   -4.2450029332667810e-06    1.1331693250598001e-06 
  -1.1574763230112140e-07    2.0168335927244293e-07   -9.8617089268922145e-07   -1.0697304540232626e-05    3.2185155232260852e-06 
   1.4886415834668044e-07    1.1514444290656703e-06    8.4461488755900413e-06   -7.8248068347716695e-07   -7.9566028604270838e-08 
  -5.4333672424029899e-05   -6.4938852745710017e-05    9.6765817025336610e-06   -1.4673173239784141e-06    2.0335927263218052e-07 
   3.4531185739944799e-05   -2.8394648470250716e-05    3.1622074942087028e-06   -1.1112491711125760e-06    2.9663901132662951e-07 
  -3.0300205317851286e-08    5.2796304111438648e-08   -2.5815802822847546e-07   -2.8003209868984159e-06    8.4253715807106933e-07 
   3.8969389461367337e-08    3.0142303491807874e-07    2.2110175386545472e-06   -2.0483637457853256e-07   -2.0828650704175803e-08 
  -1.0488136704619453e-04    2.9363961230201118e-05   -4.3208139538666658e-06    8.3703637348321791e-07   -1.6803631439474362e-07 
  -3.0334929186485674e-06   -1.0174817001706141e-05    4.1997696459721506e-06   -1.4048401362885913e-06    3.6674624886260895e-07 
  -2.1235743219712511e-07   -1.1779852116126420e-06   -2.6434242940975530e-06    1.0138295945633728e-06   -2.8337606291360105e-07 
   1.8598518347523625e-03   -1.4127190839590098e-04    6.0271465284263361e-05   -2.1248091993492367e-05    5.9348950243048585e-06 
   1.8598518347523625e-03   -1.4127190839590098e-04    6.0271465284263361e-05   -2.1248091993492367e-05    5.9348950243048585e-06 
   1.8598518347523625e-03   -1.4127190839590098e-04    6.0271465284263361e-05   -2.1248091993492367e-05    5.9348950243048585e-06 
   1.8598518347523625e-03   -1.4127190839590098e-04    6.0271465284263361e-05   -2.1248091993492367e-05    5.9348950243048585e-06 
   1.8598518347523625e-03   -1.4127190839590098e-04    6.0271465284263361e-05   -2.1248091993492367e-05    5.9348950243048585e-06 
   2.4991562286102724e-03    3.1377556094513769e-04   -2.7528312808567926e-05   -2.5522043762238012e-05    1.3178319574743016e-05 
   2.4991562286102724e-03    3.1377556094513769e-04   -2.7528312808567926e-05   -2.5522043762238012e-05    1.3178319574743016e-05 
   2.4991562286102724e-03    3.1377556094513769e-04   -2.7528312808567926e-05   -2.5522043762238012e-05    1.3178319574743016e-05 
   2.4991562286102724e-03    3.1377556094513769e-04   -2.7528312808567926e-05   -2.5522043762238012e-05    1.3178319574743016e-05 
   2.4991562286102724e-03    3.1377556094513769e-04   -2.7528312808567926e-05   -2.5522043762238012e-05    1.3178319574743016e-05 
  -8.4030259618581211e-04    4.0094664305908266e-03   -2.5074885865719603e-03    5.4108695725996441e-04   -1.1829419522624275e-04 
  -3.0772218829140728e-03    1.5736491824443987e-03   -4.4587653464998418e-03    8.5114174767979213e-04   -1.1567439509031202e-04 
   1.0969442003147985e-03    2.3621720647808617e-03    5.3816818083893324e-04   -1.3299192894816530e-04    5.7986862144384953e-05 
  -7.5908508381339324e-05    3.2335791809113571e-05   -4.5141902955842968e-06    7.7847976004836812e-07   -9.1669100835963408e-08 
  -4.3474747263202940e-05    6.2813980772793082e-05   -6.6460788288694756e-06    2.8402928703304433e-07    1.7971557873979876e-07 
  -3.8586486422962300e-05   -9.4804739236368075e-06    1.3911216017475043e-06   -5.2406878752463214e-07    7.0446372685453558e-08 
   9.3019943701061090e-04   -4.4384052047172556e-03    2.7757435025513155e-03   -5.9897325713570307e-04    1.3094948688786664e-04 
   3.4064277273879169e-03   -1.7420005486193963e-03    4.9357707972134462e-03   -9.4219817730147558e-04    1.2804941657678525e-04 
  -1.2142969475477489e-03   -2.6148807997916422e-03   -5.9574222560500605e-04    1.4721960636092496e-04   -6.4190384232481221e-05 
   6.2071888933151731e-04   -2.9617325483759604e-03    1.8522441053177871e-03   -3.9969279717411166e-04    8.7382142823895802e-05 
   2.2730975223200366e-03   -1.1624309827888996e-03    3.2936228999312107e-03   -6.2872560751515549e-04    8.5446935866275150e-05 
  -8.1029618231417229e-04   -1.7449009762865108e-03   -3.9753674093140448e-04    9.8239137664769523e-05   -4.2834022921575449e-05 
  -3.2492207407873219e-04    1.3841152679240520e-04   -1.9322736079318221e-05    3.3322385547680102e-06   -3.9238439810886643e-07 
  -1.8609119520363507e-04    2.6887168973609897e-04   -2.8448164291657768e-05    1.2157712884866466e-06    7.6926236377936893e-07 
  -1.6516727132846528e-04   -4.0580632082011373e-05    5.9546172856512672e-06   -2.2432467852877796e-06    3.0154171136246292e-07 
  -1.1243658608033322e-04    4.7896159689457252e-05   -6.6864723938804573e-06    1.1530934860787358e-06   -1.3578136320728070e-07 
  -6.4395313084317026e-05    9.3040815934999338e-05   -9.8442510631991738e-06    4.2070756048049617e-07    2.6619685421090031e-07 
  -5.7154762947490045e-05   -1.4042590812644510e-05    2.0605458736895097e-06   -7.7625692556770944e-07    1.0434600567704480e-07 
  -1.1537015002683410e-04    4.9145810289311395e-05   -6.8609280139572401e-06    1.1831786531549466e-06   -1.3932401178455987e-07 
  -6.6075440304231179e-05    9.5468328123824852e-05   -1.0101095752335065e-05    4.3168417026980561e-07    2.7314215130153864e-07 
  -5.8645978198669647e-05   -1.4408973673949154e-05    2.1143072274969605e-06   -7.9651011369314799e-07    1.0706847965892867e-07 
  -2.7244057887450908e-04    1.1605526213983915e-04   -1.6201722883294229e-05    2.7940145445119108e-06   -3.2900637134367798e-07 
  -1.5603369850594617e-04    2.2544346672156399e-04   -2.3853209633453114e-05    1.0193996039002576e-06    6.4501091312017582e-07 
  -1.3848941208268481e-04   -3.4026038171963992e-05    4.9928260025999127e-06   -1.8809169997914500e-06    2.5283661823017034e-07 
  -7.8558363505591515e-04    3.7483773434417822e-03   -2.3442055369597330e-03    5.0585236877172984e-04   -1.1059109458147706e-04 
  -2.8768388478460603e-03    1.4711760390349639e-03   -4.1684187394681691e-03    7.9571696091997046e-04   -1.0814189101689666e-04 
   1.0255132094656181e-03    2.2083517600697111e-03    5.0312365770840940e-04   -1.2433173888837462e-04    5.4210864223962411e-05 
   3.9668940273585913e-04   -1.6898324329215367e-04    2.3590655255604570e-05   -4.0682484432991220e-06    4.7905250195761994e-07 
   2.2719418275609268e-04   -3.2825886119436067e-04    3.4731667073671376e-05   -1.4843053912560927e-06   -9.3917358031165913e-07 
   2.0164867653443648e-04    4.9543899868606750e-05   -7.2698464124455042e-06    2.7387250619030560e-06   -3.6814489049254126e-07 
   1.1190225390065182e-04   -4.7668542858517976e-05    6.6546962835132412e-06   -1.1476136420415586e-06    1.3513608968651743e-07 
   6.4089287357272759e-05   -9.2598658237838690e-05    9.7974682471132071e-06   -4.1870823272040768e-07   -2.6493180739390412e-07 
   5.6883146473444075e-05    1.3975856234346895e-05   -2.0507535453522245e-06    7.7256792121876004e-07   -1.0385012234762186e-07 
   1.1717548611745432e-04   -4.9914854145087189e-05    6.9682892417606484e-06   -1.2016932786771917e-06    1.4150418288346335e-07 
   6.7109402529790422e-05   -9.6962236368141312e-05    1.0259159798470566e-05   -4.3843925390414477e-07   -2.7741633646554879e-07 
   5.9563682656773922e-05    1.4634448289318263e-05   -2.1473923465123350e-06    8.0897406952972950e-07   -1.0874390948589121e-07 
   3.4622150573489750e-04    4.0859799982739879e-04   -6.0960620567884805e-05    9.2115556841052741e-06   -1.2684316312831170e-06 
   3.4622150573489750e-04    4.0859799982739879e-04   -6.0960620567884805e-05    9.2115556841052741e-06   -1.2684316312831170e-06 
   3.4622150573489750e-04    4.0859799982739879e-04   -6.0960620567884805e-05    9.2115556841052741e-06   -1.2684316312831170e-06 
2    101 5 
   3.3009592270059139e-02    1.1597461479805823e-02    1.8385403192038553e-02   -2.2728210720905872e-02    1.6148820896222455e-02 
   2.0010804235670452e-02   -5.3912384155672378e-02   -4.9757236278275996e-02    1.7726990394128499e-02   -4.8219900015221279e-03 
  -6.2940714437228137e-03    3.3377812874396548e-02    4.3990345006016757e-02   -1.5027297005424699e-02    4.8027410455695040e-03 
   1.8271791980049641e-02    3.7142827409013104e-02    2.7529096415574380e-02   -5.4342603717281203e-03    6.1434451347753757e-04 
  -1.4082974484961569e-02    3.3341016374273807e-02    1.0892846356106121e-02   -1.1850352739036700e-03    3.2883536036245199e-04 
  -9.8380384807611153e-03   -3.4268254563703825e-02   -7.8933584934984258e-02   -1.2941300384936358e-02    2.3599003539891264e-02 
  -4.3184769680333331e-03   -2.9037551225096275e-03   -2.4804369577200551e-03   -5.3411405915930136e-03    5.7296566235992431e-03 
   3.8870701296276665e-03    3.7593572742750849e-03   -1.2294129024998296e-02    5.8585680733343653e-03   -1.8599682762315717e-03 
  -6.5662181374399799e-04   -4.1182696265064846e-03    5.7559328791826460e-03    4.1542212977825300e-03   -2.2616699135761037e-03 
  -3.4278476216081247e-03   -2.3127370778949496e-03    1.2893855126947721e-02   -6.9472902643325880e-03    2.1703858229286245e-03 
  -3.4793450171344497e-03   -1.4235262271448798e-03    1.7829459928761357e-03   -9.1543047410524840e-04    4.7091842396149966e-04 
  -2.1424194847563917e-03    4.5782272025332598e-04   -3.2505870115436351e-03   -2.6591988937141623e-03    3.3313700256149968e-04 
   1.9922333567861643e-05   -5.1383927747331304e-03   -3.8949335497267552e-03   -3.9770982135354091e-03    8.6629358800272764e-04 
   2.1545045642177196e-03   -3.9567604973904857e-03   -2.7509157195169980e-04   -1.0202187725732101e-03    5.0061616557779015e-04 
  -1.2322121346949628e-03   -3.5306315272212101e-03    4.8193346963769758e-03    1.8866981441541229e-03   -2.8479645973259176e-04 
   3.6947397310398876e-04    8.3992021084305517e-05    1.0834483578425788e-03   -2.2568266003828281e-03    1.1792898844057067e-03 
  -1.3567825733742176e-03   -1.9342017092892927e-04    6.7275826023946168e-04    1.0341545066167848e-03   -2.2909123167438682e-04 
   1.2151471982104643e-03    1.0308890868551265e-03   -4.7925472766175933e-04   -1.5702342149492732e-03   -3.0386491312447616e-03 
  -2.1928055699038298e-03    3.2734939688936718e-04   -8.9282555330573476e-04    4.3879428625284369e-04    2.0588404852204102e-04 
   3.6491921607586133e-03    2.3304963873472481e-03   -7.8112538225862913e-05   -2.3878307210651408e-03    4.8291447117495773e-03 
  -7.4005456770258207e-04    7.0599415113850822e-04   -7.4489391296934308e-04   -2.5512214526508103e-03   -1.0762475169311188e-03 
  -1.2828806205627276e-03   -1.0092241358699175e-03   -1.5887485937183168e-04    4.1737144552488987e-05   -1.0384545866399559e-05 
  -1.2828806205627276e-03   -1.0092241358699175e-03   -1.5887485937183168e-04    4.1737144552488987e-05   -1.0384545866399559e-05 
  -1.2828806205627276e-03   -1.0092241358699175e-03   -1.5887485937183168e-04    4.1737144552488987e-05   -1.0384545866399559e-05 
   1.4472284069783688e-03   -5.0722981040756407e-03   -1.4975437681164516e-03    1.4924716064734667e-04   -2.4264842389723596e-05 
  -1.2594029443044876e-03    3.0764436845731954e-04   -1.0177312413499747e-03    6.8899107998408719e-04   -1.3776204003930346e-04 
   2.8895634647502717e-05   -1.3446003232064517e-04    1.0154821513079467e-04    1.0077020346562805e-04   -3.0928894550772825e-05 
   1.0174519783213529e-06    9.3629769480547437e-07    2.6330420235981505e-05    1.0689284166772272e-06    1.6425883613077455e-05 
   2.1374430585244939e-08    1.0165968803698364e-06   -6.8422526454051864e-06   -1.9548713180513448e-05   -1.5944880741252063e-05 
  -1.6737060201286105e-04   -2.3922884139964297e-05    6.7907893327706195e-07    3.3063846302060411e-07   -4.9877011190761411e-07 
   4.8690431398786063e-06   -3.4494789210043521e-05   -1.3737788136102587e-05   -1.2470853688745465e-07    1.8242636889270060e-06 
  -1.5786521634657828e-07    1.0291818352865687e-06   -2.6138784798383471e-06    2.4540919147868892e-07    2.1474903531904323e-07 
  -5.1064237106154468e-09    2.2220015919590730e-08   -1.3637245693896260e-08   -5.0144856204489990e-07    2.9680887550110238e-07 
  -1.9177561952010792e-10   -8.8532405548935216e-10    3.4190538083976405e-08    1.4780811849069857e-07    2.5135072441841407e-07 
  -1.6050373854001470e-04   -1.6602035904965010e-05    1.2472735541893484e-06   -1.7586553744477288e-07    5.6763990337769417e-08 
   8.1562674877083369e-06   -8.0730490218017229e-05   -2.4032397963442937e-05    6.2649885917299196e-06   -1.8022500788508131e-06 
  -1.9944985036160569e-07    1.5563330771890851e-06   -4.5343249266994382e-06    2.6919032418778605e-06   -7.9614609335015390e-07 
   4.6289494607254719e-08   -3.3038662162143319e-07    2.0900299338410257e-06    3.1571421075553955e-06   -1.8860581304998928e-06 
   3.8247420709545732e-04   -4.5989566128604251e-04    3.5097568478332753e-05   -4.3300427176779398e-05    1.3032880581260953e-05 
   3.8247420709545732e-04   -4.5989566128604251e-04    3.5097568478332753e-05   -4.3300427176779398e-05    1.3032880581260953e-05 
   3.8247420709545732e-04   -4.5989566128604251e-04    3.5097568478332753e-05   -4.3300427176779398e-05    1.3032880581260953e-05 
   8.4605830335282854e-04   -2.6234498993192800e-03   -6.1592709023977968e-04    4.1358671645164411e-05   -4.3602204734898817e-06 
  -1.5230286210282690e-03    4.8370130785196967e-04   -1.5565933252480709e-03    7.0651779878986968e-04   -2.2671529557786481e-04 
   2.1319416675665515e-05   -1.2439772315196466e-04    2.8761204799312391e-05    8.6772483101442099e-05   -7.0754038242644491e-05 
  -3.7854664667120546e-06    4.2638301186355716e-05   -1.2021868058764103e-04   -5.2818406084744676e-05   -4.9682255803346831e-05 
  -1.0189239287753740e-02    3.6298712341541772e-03   -6.2593372365842576e-03    2.6007693961959950e-03   -4.4268692208859138e-04 
   2.2164558120584283e-03   -8.7354810948968367e-03    1.5689114052716182e-03    4.2555292037744653e-03   -2.7958580488776168e-03 
  -3.0483647149249799e-04    2.7798843875123658e-04   -7.0384164601218783e-04    1.1315559190638123e-05   -2.6845999091021827e-04 
   7.9537459806124647e-05   -3.9534189132548939e-04    4.9356372605338877e-04    6.9109467678160911e-04    3.2878922781338422e-05 
  -1.2828806205627276e-03   -1.0092241358699175e-03   -1.5887485937183168e-04    4.1737144552488987e-05   -1.0384545866399559e-05 
  -1.2828806205627276e-03   -1.0092241358699175e-03   -1.5887485937183168e-04    4.1737144552488987e-05   -1.0384545866399559e-05 
  -1.2828806205627276e-03   -1.0092241358699175e-03   -1.5887485937183168e-04    4.1737144552488987e-05   -1.0384545866399559e-05 
   1.4330047091015929e-03   -5.0224463768531570e-03   -1.4828255591507983e-03    1.4778032478938646e-04   -2.4026361866873983e-05 
  -1.2470252388237680e-03    3.0462076794662710e-04   -1.0077287416568252e-03    6.8221951516803418e-04   -1.3640808262182949e-04 
   2.8611641619724948e-05   -1.3313852780414421e-04    1.0055017561955955e-04    9.9779810434255114e-05   -3.0624918171072427e-05 
   1.0074522232902957e-06    9.2709554297552214e-07    2.6071638732937979e-05    1.0584227392199545e-06    1.6264446202959654e-05 
   2.1164357702853548e-08    1.0066055294406188e-06   -6.7750053926871373e-06   -1.9356583874027600e-05   -1.5788170739395263e-05 
  -1.6737060201286105e-04   -2.3922884139964297e-05    6.7907893327706195e-07    3.3063846302060411e-07   -4.9877011190761411e-07 
   4.8690431398786063e-06   -3.4494789210043521e-05   -1.3737788136102587e-05   -1.2470853688745465e-07    1.8242636889270060e-06 
  -1.5786521634657828e-07    1.0291818352865687e-06   -2.6138784798383471e-06    2.4540919147868892e-07    2.1474903531904323e-07 
  -5.1064237106154468e-09    2.2220015919590730e-08   -1.3637245693896260e-08   -5.0144856204489990e-07    2.9680887550110238e-07 
  -1.9177561952010792e-10   -8.8532405548935216e-10    3.4190538083976405e-08    1.4780811849069857e-07    2.5135072441841407e-07 
   4.1547859320514781e-04    1.0761320495841068e-04   -2.4300705293317084e-05    2.6826544410921804e-05   -1.3184786130468400e-05 
   3.4919505161936688e-04    1.9126232544614438e-04    3.6149804873063057e-05    3.7446514542392891e-06   -6.9885749189189233e-06 
  -2.1165590063881655e-05    9.8418933380723614e-05   -1.6367314539411019e-04    7.2244902443365189e-05   -2.9131223507670501e-05 
   7.9675855016655904e-05    2.0636861336223886e-05   -4.6601184836418315e-06    5.1444957647363180e-06   -2.5284313688770815e-06 
   6.6964735994522547e-05    3.6678157579278738e-05    6.9324067690881137e-06    7.1810753005164133e-07   -1.3401910257693705e-06 
  -4.0589010188525720e-06    1.8873686382837435e-05   -3.1387412049174115e-05    1.3854322381244396e-05   -5.5864614413693826e-06 
   4.5992712059160300e-04    1.1912582814998953e-04   -2.6900431446252365e-05    2.9696488647360603e-05   -1.4595314463309155e-05 
   3.8655246562084892e-04    2.1172385788036156e-04    4.0017165594393829e-05    4.1452599222531883e-06   -7.7362232183885500e-06 
  -2.3429916854697580e-05    1.0894793951307759e-04   -1.8118314567921570e-04    7.9973771216154498e-05   -3.2247725794570025e-05 
   3.0690778784443198e-04    7.9492255959208029e-05   -1.7950565508314661e-05    1.9816364874907376e-05   -9.7394032103742766e-06 
   2.5794513260471457e-04    1.4128260314888032e-04    2.6703317152904489e-05    2.7661177082631367e-06   -5.1623551817781419e-06 
  -1.5634703041657270e-05    7.2700585830115299e-05   -1.2090289079621361e-04    5.3366222844078142e-05   -2.1518796660424654e-05 
  -4.4202852332631562e-04    2.2684987699528032e-03    1.0598238291142765e-03    8.2880982981739753e-05   -2.1064594297117068e-04 
   3.9047999653382481e-04    1.9774867678319791e-03    1.6475086063538179e-03   -5.0562176674725601e-04    7.4272291464949882e-05 
   6.5946328513826770e-04   -2.0924902087227784e-03    1.0394555477278387e-03    1.4169095382162787e-03   -7.4924598317195363e-04 
   1.2291100592567493e-02   -1.3032973249754122e-03    5.3457825223300493e-03   -4.5075856601567649e-03   -1.2616706563015637e-04 
   9.9303657414741998e-03    4.1133001595559616e-03    5.6838704057917992e-03   -6.6428103943091607e-03    2.5836875664890322e-03 
  -7.1036188988528792e-03    9.1908770846793504e-03   -1.6563206701502183e-02   -4.1501455664591774e-03   -6.4410734129035042e-03 
   1.2109598176543287e-04    3.1365097789596613e-05   -7.0827181308801624e-06    7.8189027929304909e-06   -3.8428565200421288e-06 
   1.0177688645104017e-04    5.5745589432099825e-05    1.0536273548926038e-05    1.0914214393629661e-06   -2.0368999866375834e-06 
  -6.1689529866220882e-06    2.8685322317341942e-05   -4.7704407770413717e-05    2.1056602029571983e-05   -8.4906278407171327e-06 
  -3.7063196495811239e-04    1.9020902775362001e-03    8.8864081742543474e-04    6.9494025745268692e-05   -1.7662235723241967e-04 
   3.2740956919046952e-04    1.6580826072601085e-03    1.3814026014957943e-03   -4.2395361169212417e-04    6.2275812249506000e-05 
   5.5294660930306754e-04   -1.7545106634261471e-03    8.7156242597624266e-04    1.1880499528970708e-03   -6.2822758334758755e-04 
   3.8842339059707497e-04    1.0060563077512110e-04   -2.2718288013625534e-05    2.5079649128753603e-05   -1.2326217082777903e-05 
   3.2645611145299932e-04    1.7880767422977822e-04    3.3795795999734413e-05    3.5008066317912783e-06   -6.5334917606882219e-06 
  -1.9787325727612992e-05    9.2010073269437130e-05   -1.5301505089162948e-04    6.7540447135746987e-05   -2.7234251757234445e-05 
  -5.3966179862572575e-04    2.7695545915466346e-03    1.2939129573409681e-03    1.0118736232497562e-04   -2.5717247294721439e-04 
   4.7672746471441482e-04    2.4142651651892751e-03    2.0114029091736051e-03   -6.1730123208747392e-04    9.0677221683360917e-05 
   8.0512257423402353e-04   -2.5546700496800884e-03    1.2690458214258376e-03    1.7298701543729559e-03   -9.1473607143940819e-04 
   1.2232689617997190e-02   -1.2971036675129782e-03    5.3203777699550661e-03   -4.4861642691766852e-03   -1.2556748211795329e-04 
   9.8831736827622411e-03    4.0937525308297655e-03    5.6568589589947272e-03   -6.6112417787816003e-03    2.5714091128544525e-03 
  -7.0698603839230668e-03    9.1471992965407832e-03   -1.6484493404986724e-02   -4.1304228373740303e-03   -6.4104635116588532e-03 
   1.2299091686137731e-04    3.1855905359944924e-05   -7.1935499765386281e-06    7.9412546092178531e-06   -3.9029903377158823e-06 
   1.0336951232747599e-04    5.6617908003855681e-05    1.0701147347686801e-05    1.1085002289294209e-06   -2.0687738210566714e-06 
  -6.2654860453508653e-06    2.9134196204032092e-05   -4.8450896259936871e-05    2.1386100115350422e-05   -8.6234909501896110e-06 
  -3.8945895828078656e-05   -1.0087385339649822e-05    2.2778856778189380e-06   -2.5146513470050458e-06    1.2359079758873999e-06 
  -2.5407237663646883e-05   -1.3916140381075366e-05   -2.6302396888073027e-06   -2.7245875628582897e-07    5.0848482265642479e-07 
   1.3899720408630061e-06   -6.4633003510829767e-06    1.0748629981553956e-05   -4.7444174335830872e-06    1.9130856295327496e-06 
2    101 5 
  -1.8325552800786373e-05    6.9904111861789936e-02    1.1718539822753357e-04    9.5877986392586656e-02    6.6532127888473309e-05 
   2.0411978746697505e-03   -1.2292920458348794e-03    1.5311235991006943e-03   -9.0158341449927092e-03    3.0992967312628520e-04 
   1.1354776715848563e-03   -9.7953494769826600e-03    6.5921123876370872e-04    1.6420717738761482e-03    2.5740394848958593e-04 
   6.3888845594847516e-05    2.8883802065874951e-02   -5.5191276860861653e-04   -1.8824882826729908e-02   -3.8725985280835848e-05 
   1.3689169171794890e-02    6.1589303794524236e-02    7.9939275318815384e-03   -5.1306305518962481e-02    2.9439882671374400e-03 
   4.8356733791477392e-04    4.7629330042664514e-03    8.7565195201664626e-05   -1.9871620230812105e-02    1.9914325857608891e-04 
  -1.7689698343358577e-04    1.4649662575502800e-03    2.4129444217659661e-03   -3.6902307200112256e-03    7.2255458049335784e-05 
   1.0495925654268802e-03    1.4719534032011307e-03    2.3999964613236936e-04   -3.4853157851261053e-03    7.0218195723232690e-06 
   1.8604352232544100e-04    3.9636090154576576e-03    9.0105691745199701e-05    1.0133985944317198e-03    7.5950619797855240e-05 
   3.0092562633628256e-03    1.6620423349166440e-03    2.1337504361702941e-03   -1.6597471530616242e-03    3.4228950109342160e-04 
   4.7877859290914289e-03   -3.7825404857016911e-03   -3.1054452936786037e-04   -3.7145554155017259e-03   -9.2592509563618102e-04 
  -1.9150737804791615e-03    3.2947533410253543e-04   -1.1375327827917027e-03    6.1978813587184982e-04    9.6158927887645340e-04 
  -2.1504480081827662e-03    4.5850833936294708e-04   -3.2531620728936325e-03   -5.1318711125094305e-04    2.5525924676017163e-04 
   4.6956684782867106e-03    2.6684206045557939e-04    1.6113182643234039e-03    9.7188596367299776e-04    4.1231278395424658e-03 
   1.7446671810740562e-03    2.2134400015902278e-04   -2.1931929627358997e-03    4.7656011060938922e-04    7.7248006831653990e-04 
  -2.7867655863744794e-03   -3.8591553059550776e-04    2.1249123578191051e-03   -3.4180671737555338e-04    4.8152868717988087e-04 
   1.3297058574572663e-03   -6.0421388697234240e-04   -5.0211254865754028e-05   -1.1254367999058007e-03   -8.5852703821638360e-04 
  -1.7799398022945245e-04    1.2914913489912314e-03    9.3287491147171081e-04    1.2402989001254524e-03    1.4944614082372956e-03 
  -4.5121591458587745e-04   -4.9132636299100958e-04   -1.2035860605640503e-04   -7.7783757265055856e-04    2.3494512691836652e-03 
  -5.1497505558857474e-04    1.5927682794478163e-03   -4.8421600213181175e-04    1.1846675747463049e-03   -1.1953469519020361e-04 
  -1.0198135446437455e-03    2.4143181225604372e-04    1.0743769339488052e-03    6.3029228836073608e-04   -1.6731200263035513e-03 
   1.4088555703933053e-04    1.9956031912467510e-02    1.3886316484224413e-04    1.4533114120847148e-02    2.7743468444786700e-05 
   2.7653299860739899e-04   -1.3271151761808100e-03    2.4990960789952389e-04   -3.4327436168194595e-03    3.0364293663742099e-05 
   3.5933940564652535e-04    6.9357844865210256e-05    3.5006021800223721e-04    1.9113711445052590e-04    6.6845642504682475e-05 
  -1.2821440959501227e-06    6.4590513690509349e-04   -1.4975640799702774e-07    9.2143341795015642e-06   -2.5777337047711422e-08 
   1.2398321627002230e-06    2.0457920945197689e-06    5.9510330960505328e-07   -1.4322337003064585e-04    3.3560175653817053e-08 
  -1.0489226835160140e-05   -1.9990010724883675e-08   -2.5531331281591601e-06   -1.0187055674515103e-07   -7.4762038696226785e-07 
  -1.6521850915330165e-07   -2.2141122231870174e-10    2.8064180191586991e-08   -7.9605583046504433e-10    2.2223154709950484e-06 
   2.6294219241561456e-07    3.0253379392411393e-10   -1.0899324608504121e-06   -2.2404259685442750e-09    3.3311769840422077e-08 
  -4.2124002602328446e-05    3.0582044264178643e-02   -4.2917878019153649e-05    2.1585167249988244e-02   -9.0321542194282748e-06 
   4.9657953829739769e-05   -4.5299790952251541e-03    6.9162114044342559e-05   -1.1510779643757291e-02    2.8894653711017092e-05 
  -3.6275178527775983e-04   -4.1899281314782204e-06   -4.3918828808890248e-04   -8.8657432420115786e-06   -1.8129211053991712e-04 
  -3.1739857766068323e-06   -3.5131616059460287e-08    8.8860510916257164e-05   -8.3659722830829081e-08    2.1628836896966168e-04 
  -1.7805608608711479e-05   -5.4873111238445734e-08   -6.2534344115955167e-05   -1.6648310647533497e-07   -4.1249044890665611e-05 
  -1.7721158686227772e-05    6.5197771731107630e-04   -6.9480757326335672e-06   -1.4832807193715822e-04   -2.8439606600699125e-07 
  -1.7721158686227772e-05    6.5197771731107630e-04   -6.9480757326335672e-06   -1.4832807193715822e-04   -2.8439606600699125e-07 
  -1.7721158686227772e-05    6.5197771731107630e-04   -6.9480757326335672e-06   -1.4832807193715822e-04   -2.8439606600699125e-07 
  -1.7721158686227772e-05    6.5197771731107630e-04   -6.9480757326335672e-06   -1.4832807193715822e-04   -2.8439606600699125e-07 
   1.9488965878182411e-06    1.8086899448690704e-04    2.3080092844682659e-07    5.9341306395210510e-06    1.8259920674521539e-08 
   3.9697796585181743e-06    5.6987337507680283e-07    2.3711959672381616e-07   -1.8682460988023516e-05    1.7655155154976263e-08 
   4.9851732868740643e-06   -8.9271728139514121e-08    5.2185680073388568e-07    1.0632393526826771e-06    5.7735311409206153e-08 
  -6.9806364228707955e-08   -1.0007905998670413e-03   -3.8344712817206470e-07   -4.9413738950453971e-05   -3.7233468850359322e-08 
  -6.9806364228707955e-08   -1.0007905998670413e-03   -3.8344712817206470e-07   -4.9413738950453971e-05   -3.7233468850359322e-08 
  -6.9806364228707955e-08   -1.0007905998670413e-03   -3.8344712817206470e-07   -4.9413738950453971e-05   -3.7233468850359322e-08 
  -6.9806364228707955e-08   -1.0007905998670413e-03   -3.8344712817206470e-07   -4.9413738950453971e-05   -3.7233468850359322e-08 
  -7.8353610400467222e-07   -1.0871813188731145e-03   -5.2606888620989713e-07   -5.9817433000187985e-05   -5.7522224054532242e-08 
  -7.8353610400467222e-07   -1.0871813188731145e-03   -5.2606888620989713e-07   -5.9817433000187985e-05   -5.7522224054532242e-08 
  -7.8353610400467222e-07   -1.0871813188731145e-03   -5.2606888620989713e-07   -5.9817433000187985e-05   -5.7522224054532242e-08 
  -7.8353610400467222e-07   -1.0871813188731145e-03   -5.2606888620989713e-07   -5.9817433000187985e-05   -5.7522224054532242e-08 
   1.4088555703933053e-04    1.9956031912467510e-02    1.3886316484224413e-04    1.4533114120847148e-02    2.7743468444786700e-05 
   2.7653299860739899e-04   -1.3271151761808100e-03    2.4990960789952389e-04   -3.4327436168194595e-03    3.0364293663742099e-05 
   3.5933940564652535e-04    6.9357844865210256e-05    3.5006021800223721e-04    1.9113711445052590e-04    6.6845642504682475e-05 
  -1.2695428851340892e-06    6.3955703077333420e-04   -1.4828456713749936e-07    9.1237735569537227e-06   -2.5523991375068093e-08 
   1.2276468034195983e-06    2.0256855733024992e-06    5.8925449566492013e-07   -1.4181573738994682e-04    3.3230338430549668e-08 
  -1.0386136270640478e-05   -1.9793544243343343e-08   -2.5280403410918132e-06   -1.0086934918544919e-07   -7.4027259966111065e-07 
  -1.6359470316212815e-07   -2.1923514125395522e-10    2.7788358891866952e-08   -7.8823200834340605e-10    2.2004740369173996e-06 
   2.6035793530323140e-07    2.9956042133030485e-10   -1.0792203507546772e-06   -2.2184065402783582e-09    3.2984374007348202e-08 
  -4.2124002602328446e-05    3.0582044264178643e-02   -4.2917878019153649e-05    2.1585167249988244e-02   -9.0321542194282748e-06 
   4.9657953829739769e-05   -4.5299790952251541e-03    6.9162114044342559e-05   -1.1510779643757291e-02    2.8894653711017092e-05 
  -3.6275178527775983e-04   -4.1899281314782204e-06   -4.3918828808890248e-04   -8.8657432420115786e-06   -1.8129211053991712e-04 
  -3.1739857766068323e-06   -3.5131616059460287e-08    8.8860510916257164e-05   -8.3659722830829081e-08    2.1628836896966168e-04 
  -1.7805608608711479e-05   -5.4873111238445734e-08   -6.2534344115955167e-05   -1.6648310647533497e-07   -4.1249044890665611e-05 
  -7.7347663740707470e-06    3.0194831880979759e-04   -3.7075825649085895e-06   -3.0731177975214350e-04   -4.4682816539474853e-07 
   5.7417904679953171e-06   -3.9407641851321046e-04    1.5393859837416755e-06    6.7502151879623250e-05    1.7376198261350369e-07 
   6.2141825468848476e-06   -2.0722854327010203e-04    2.0443488291168864e-06   -2.1494345075103128e-06    1.9142739248818045e-07 
  -2.2772501200768290e-04    3.1005082876067610e-03   -3.1982230260401605e-04   -1.1061726567566101e-02   -1.4395313059171674e-04 
   1.4856236390648563e-04   -1.1940347808589420e-02    1.7656699882465340e-04   -5.3183920876741612e-03    5.9903092362788762e-05 
   1.6683976859661054e-04   -7.1698195363673013e-03    2.0868158697537160e-04   -5.0262307594598115e-03    7.6752945328410874e-05 
  -8.5622433623640085e-06    3.3425120597993041e-04   -4.1042253471578134e-06   -3.4018845807416926e-04   -4.9463051736040442e-07 
   6.3560558839224436e-06   -4.3623530892803342e-04    1.7040718211727321e-06    7.4723634034263699e-05    1.9235130194122056e-07 
   6.8789851808517439e-06   -2.2939816580044573e-04    2.2630563543770439e-06   -2.3793842573528765e-06    2.1190658404385068e-07 
  -5.7135555866952407e-06    2.2304468168713362e-04   -2.7387354772447561e-06   -2.2700658961675017e-04   -3.3006524531138980e-07 
   4.2413742599936548e-06   -2.9109832329635285e-04    1.1371212732387501e-06    4.9862824335415972e-05    1.2835536311022708e-07 
   4.5903231837126493e-06   -1.5307660811744359e-04    1.5101297322839892e-06   -1.5877549423846052e-06    1.4140453569016122e-07 
  -6.3491273768017109e-06    2.4785601072079667e-04   -3.0433904304500614e-06   -2.5225863842234071e-04   -3.6678146442072896e-07 
   4.7131816643379759e-06   -3.2347989019057961e-04    1.2636138210461878e-06    5.5409528842224723e-05    1.4263352084648861e-07 
   5.1009474138913511e-06   -1.7010473926421765e-04    1.6781154712301105e-06   -1.7643756535459135e-06    1.5713427394405175e-07 
  -2.1970628153253331e-06    8.5768514693723469e-05   -1.0531399908103648e-06   -8.7292007457174096e-05   -1.2692168057199815e-07 
   1.6309573839116150e-06   -1.1193753031952134e-04    4.3726307166170495e-07    1.9174007420098810e-05    4.9357145678908918e-08 
   1.7651405021324425e-06   -5.8863332733495381e-05    5.8069792632181598e-07   -6.1054754623993173e-07    5.4375010896304853e-08 
  -3.4610967018616344e-04    4.7123321736693468e-03   -4.8608446958264210e-04   -1.6812253077675358e-02   -2.1878831012942865e-04 
   2.2579369003179932e-04   -1.8147632556934662e-02    2.6835675708252778e-04   -8.0832005020313822e-03    9.1044191228834448e-05 
   2.5357274887731929e-04   -1.0897107230990842e-02    3.1716636923279329e-04   -7.6391567843127131e-03    1.1665357423512478e-04 
  -5.3236147245099500e-06    2.0782224547150364e-04   -2.5518212419512182e-06   -2.1151375963833420e-04   -3.0753882995037864e-07 
   3.9519073753721579e-06   -2.7123133689104022e-04    1.0595145985564399e-06    4.6459767794297755e-05    1.1959531865142138e-07 
   4.2770411034377708e-06   -1.4262937895444854e-04    1.4070658378519998e-06   -1.4793932538041815e-06    1.3175390645810623e-07 
  -7.2310925992987579e-06    2.8228599907499392e-04   -3.4661516004251048e-06   -2.8730020129535315e-04   -4.1773153624596522e-07 
   5.3678956224237887e-06   -3.6841488619769548e-04    1.4391439968781210e-06    6.3106535774602027e-05    1.6244692156806612e-07 
   5.8095263970877255e-06   -1.9373420128464128e-04    1.9112245895582343e-06   -2.0094672816543209e-06    1.7896199240932357e-07 
  -7.7514941209782825e-06    3.0260133336924676e-04   -3.7156008423568248e-06   -3.0797639370747006e-04   -4.4779450724664181e-07 
   5.7542080657739262e-06   -3.9492867574663059e-04    1.5427151675700791e-06    6.7648136755926895e-05    1.7413777243400220e-07 
   6.2276217728232001e-06   -2.0767671021609539e-04    2.0487700809233820e-06   -2.1540830249570050e-06    1.9184138675999790e-07 
  -2.1866217177792820e-06    8.5360917140275965e-05   -1.0481351555835349e-06   -8.6877169811889920e-05   -1.2631851090460530e-07 
   1.6232065881582617e-06   -1.1140556980160727e-04    4.3518506717650782e-07    1.9082886820166253e-05    4.9122585806959222e-08 
   1.7567520281950138e-06   -5.8583596626421402e-05    5.7793827664260646e-07   -6.0764604226729751e-07    5.4116604632780774e-08 
  -3.5152566625407534e-04    4.7860717271165538e-03   -4.9369082040929364e-04   -1.7075334708744647e-02   -2.2221195508777009e-04 
   2.2932695663112254e-04   -1.8431610483692393e-02    2.7255605940301714e-04   -8.2096881038126283e-03    9.2468869659334126e-05 
   2.5754070796413269e-04   -1.1067627430218203e-02    3.2212945451069020e-04   -7.7586958976918518e-03    1.1847899361455291e-04 
  -1.1131295162436800e-04    1.5155415998734459e-03   -1.5633049784164138e-04   -5.4070188577086597e-03   -7.0364900721539949e-05 
   5.6366373010923570e-05   -4.5303136054213860e-03    6.6991673095848138e-05   -2.0178628311332291e-03    2.2727963932737017e-05 
   5.7134335766310465e-05   -2.4553071502101324e-03    7.1463080767780583e-05   -1.7212344410777879e-03    2.6284072354771806e-05 
 TENSORSUMACCUMULATOR_IMPL_H - PrettifyOut: Norm of simple tensor is 6.52869e-06 
 As simple full tensor 3    5 5 5 
  -2.7625111937726290e-08   -2.1805052152389714e-06   -2.1500740034357977e-08   -3.4770756173089554e-06   -1.0519241677754020e-08 
   8.8128360905668382e-08   -2.4579298686662330e-07    2.8060543146807074e-08   -1.5724058289593268e-06    2.2052260042973675e-08 
   5.2670465635763297e-08   -1.3320022093551228e-06    1.4625589351075477e-08   -1.8793173911841696e-06    1.1015033006237744e-08 
  -1.1658875161400520e-08    1.7445029188256356e-06    3.3576333453315530e-09    2.2528779521258459e-06   -2.6882563181629159e-09 
   5.1878076524767291e-09   -1.2241434530624924e-06   -2.0635883980820083e-09   -1.6180596744202756e-06    2.1516201360515435e-10 

  -2.3023301448822043e-08    1.3289987549621507e-06   -2.8134555826985422e-08    9.0047832320866702e-07   -1.7115873168073636e-09 
   4.8690560608898853e-08    1.0019607579205992e-06    2.2917893475828897e-08   -3.0752017159525741e-07    3.2232929125661507e-09 
   6.1750657125078663e-08    9.4110416491218687e-07    3.9352765287841949e-08    2.9290612959633076e-07    5.3030483365338587e-09 
  -2.8979022514428779e-08   -6.7009740599240451e-07   -2.5714050803736412e-08   -4.5308742339403333e-07   -5.1290326420334496e-09 
   1.0329873242132472e-08    4.2333898904414949e-07    1.2721264598960405e-08    3.4144820474003238e-07    3.1328536615399276e-09 

   1.5430947619117382e-08    2.9727713669239101e-08    3.6525222196392509e-09   -1.0772708375761757e-07   -1.2223990933728725e-09 
  -8.6793725043723057e-10   -1.1229257851255966e-07   -9.3919513026028173e-10   -6.0525791932594751e-09   -3.9799978905403084e-10 
  -7.2370510319291802e-09   -7.8563706805354910e-08   -4.4360936929734978e-09   -8.0761176232221038e-08   -3.5095208065843393e-10 
   3.7023546754810229e-09    3.4505586312233317e-08    3.5686852038237004e-09    7.7863362900753051e-08    3.9526282928938995e-10 
  -1.7010747626722915e-09   -2.2481151031113029e-08   -1.4859240219744256e-09   -4.6734625809220679e-08   -2.6096862150112957e-10 

  -7.0291445438234674e-09   -5.6595670966461483e-08   -2.2431984198121120e-09    1.7487974219112834e-08    3.5482269153704809e-11 
  -3.5972290663093263e-09    1.2895061998699749e-07   -1.2397377910164126e-09    1.1445208071410163e-08   -2.4972987892379445e-10 
   6.0431104271798597e-10    7.9514767983899373e-08    1.8840705715097814e-10    3.1952859538586409e-08   -5.9173655718298632e-11 
  -3.2098864348060840e-10   -4.0479538087727977e-08   -2.0790503303338853e-10   -1.7441580763923851e-08    1.0206377824431801e-11 
   3.5870318145063296e-10    1.5731511317741181e-08    5.2890770834306999e-10    5.2718579128798343e-09   -7.9106478355669473e-11 

   2.3913281361253605e-09    1.2591278514288921e-08    4.0847591808363412e-10   -9.3433233445933649e-09   -1.8162584021511527e-10 
   1.2887424627866433e-09   -5.2083446910633872e-08    5.6898036562408575e-10   -5.6527276618145664e-09    1.6983272345352811e-10 
   5.0329823621625722e-10   -3.4256540893390980e-08    4.4534336731481750e-11   -8.4218218430377196e-09    3.5121381608707234e-10 
   2.1094643682307026e-10    1.5897055586488668e-08   -1.1605511695382015e-10    3.2943928637363857e-09    4.4525353694200369e-11 
  -3.6026730052662405e-11   -5.8218600491479568e-09    2.9629404007557936e-10   -8.8285341729939488e-11    3.4520601122625100e-10 
