2    104 5 
   1.4353266609087245e-03   -5.5048450254472411e-04    6.9746353147313541e-04   -3.6829108985085378e-04    9.4656360875542268e-05 
   7.6435936837589093e-04    2.3724879190994551e-04   -5.5859196139243375e-04    2.7819355484706877e-04   -9.7811943244790627e-05 
  -8.9144423638403108e-04   -2.0390144555580166e-04   -3.9236538700670266e-04    1.0840104568307894e-04   -4.9409541977315228e-05 
   3.6487139563643888e-04    9.5123682367528656e-04    8.9125052195340441e-05   -1.7085121235195277e-05    2.0961825374635640e-05 
   9.3529116897295768e-04   -4.4378737765005073e-04    9.8782041018186518e-04   -8.8175508244499928e-05    3.0673862202813739e-05 
  -1.5194440411023786e-04    6.9702099311700253e-05    6.2281066925067873e-05    1.4307622399778135e-05   -1.0097690442447303e-05 
   3.4106343898677473e-04   -1.0603165541054462e-03   -8.6096430656025324e-05    4.3320449702755743e-04   -1.2608117404246471e-04 
  -5.7593707932975761e-04   -8.1031312303649127e-04    2.6430437914656721e-04   -9.0091703711022298e-04    4.6002041837132234e-04 
   3.1734283690660066e-05    9.9878895440483838e-04    2.8355808277628000e-05   -3.8405962773935438e-04    1.1203384528016784e-04 
  -2.8791054278266918e-04    5.4140831677489956e-04   -7.8854518493854059e-04   -2.4325264161883108e-03    2.4880175735781442e-04 
   2.2708676466950015e-04   -1.9312779984460560e-03   -7.4750325451092140e-04    3.7426699361015075e-04    6.8708326460026770e-08 
  -4.7881678596440295e-05    2.5121257207095122e-06    7.0071972182556464e-05   -4.6154249861874580e-04   -2.2569965068626631e-04 
  -2.1627959275575981e-04    2.1465080407788333e-05    6.1711965879070792e-04    3.6974025401064658e-04   -5.2847959327281108e-04 
  -1.8147525895974932e-04   -1.3310090408074360e-04    9.5746390963949814e-05    3.2570299317853950e-04   -2.1360253306449461e-04 
   3.5742158228255699e-04    2.1261573074188476e-04   -6.3066772541884287e-05   -1.2592925999201383e-04   -7.7603298896649831e-05 
  -4.9675954323613733e-04   -1.6093890232806517e-04    3.3991628499994411e-04   -3.4167782406820314e-04   -6.8741359785833407e-05 
  -4.8045484059214158e-05    2.9129056391326324e-04   -1.6500378730637577e-04   -1.1418212619214186e-04   -5.2810540716267181e-04 
   4.0476691413137393e-05   -6.0004949920980705e-05    3.3110209649226221e-04    5.8883334396415274e-05   -5.5909561529845510e-04 
  -8.4535003488956089e-05    2.3627159913786495e-04   -1.6951825961886160e-04   -1.7856751867459842e-04   -9.1685850301534433e-04 
   2.7758928002474291e-05   -4.9988076491846192e-05   -1.0515346948473492e-04   -1.6125566258605304e-04   -4.1853761246035502e-04 
  -1.0741213100899804e-04   -7.5080843688831057e-05   -2.7012742519968400e-04   -1.0412458740003364e-05   -1.3625419884369508e-04 
   5.1083706700252151e-03    3.0429233046461264e-03    7.2015313873095233e-05    3.2435904312070888e-05    6.7993581380547110e-07 
  -2.0467032172900765e-03   -7.0861442106349468e-06   -4.0873671276305431e-06    1.5821812923576777e-07   -5.9031514846842456e-07 
  -2.0467032172900765e-03   -7.0861442106349468e-06   -4.0873671276305431e-06    1.5821812923576777e-07   -5.9031514846842456e-07 
  -2.0467032172900765e-03   -7.0861442106349468e-06   -4.0873671276305431e-06    1.5821812923576777e-07   -5.9031514846842456e-07 
  -2.0467032172900765e-03   -7.0861442106349468e-06   -4.0873671276305431e-06    1.5821812923576777e-07   -5.9031514846842456e-07 
   2.5956083882925965e-03    8.9865766557635182e-06    5.1835577883911763e-06   -2.0065063657254072e-07    7.4863172059189264e-07 
   2.5956083882925965e-03    8.9865766557635182e-06    5.1835577883911763e-06   -2.0065063657254072e-07    7.4863172059189264e-07 
   2.5956083882925965e-03    8.9865766557635182e-06    5.1835577883911763e-06   -2.0065063657254072e-07    7.4863172059189264e-07 
   2.5956083882925965e-03    8.9865766557635182e-06    5.1835577883911763e-06   -2.0065063657254072e-07    7.4863172059189264e-07 
  -1.9893379801605490e-03   -6.8875329319976251e-06   -3.9728059237729488e-06    1.5378357300644921e-07   -5.7376972645170424e-07 
  -1.9893379801605490e-03   -6.8875329319976251e-06   -3.9728059237729488e-06    1.5378357300644921e-07   -5.7376972645170424e-07 
  -1.9893379801605490e-03   -6.8875329319976251e-06   -3.9728059237729488e-06    1.5378357300644921e-07   -5.7376972645170424e-07 
  -1.9893379801605490e-03   -6.8875329319976251e-06   -3.9728059237729488e-06    1.5378357300644921e-07   -5.7376972645170424e-07 
   8.8201815309876854e-05    1.1440870514681147e-03    1.0661696492506393e-05    3.5363357230503210e-06   -1.0851289489136009e-07 
   8.8201815309876854e-05    1.1440870514681147e-03    1.0661696492506393e-05    3.5363357230503210e-06   -1.0851289489136009e-07 
   8.8201815309876854e-05    1.1440870514681147e-03    1.0661696492506393e-05    3.5363357230503210e-06   -1.0851289489136009e-07 
   8.8201815309876854e-05    1.1440870514681147e-03    1.0661696492506393e-05    3.5363357230503210e-06   -1.0851289489136009e-07 
  -5.7907733168683181e-05    1.5920902785729165e-03   -7.3387411049627164e-05    1.9828286706072926e-05   -8.6773526363613920e-07 
  -5.4681885144902448e-04   -7.7794771764422444e-06    2.6072885368635669e-04   -7.2375018851347830e-06    1.9445284752408359e-06 
   4.5106190413910366e-05    4.9408671273490837e-06    9.7461310475580637e-05    9.5330440878550244e-05   -9.0864779299775226e-06 
  -2.6864785233887762e-05   -4.3574131446868389e-06   -5.4612159441131513e-05    6.9728595247358450e-05    1.0057536361995612e-05 
   7.3438003463274410e-05   -2.0190728421556363e-03    9.3069174908367723e-05   -2.5146033320794453e-05    1.1004531141028815e-06 
   6.9347015517807347e-04    9.8658545338292918e-06   -3.3065370395726789e-04    9.1785269327970438e-06   -2.4660314104023754e-06 
  -5.7203215988141761e-05   -6.2659578842929141e-06   -1.2359945148244372e-04   -1.2089710413980705e-04    1.1523379714188697e-05 
   3.4069649822060828e-05    5.5260274250121583e-06    6.9258590083157826e-05   -8.8429101590771429e-05   -1.2754866228880184e-05 
  -3.1184578168953284e-05    8.5737536296858527e-04   -3.9520722557516167e-05    1.0677965150885034e-05   -4.6729437810998003e-07 
  -2.9447388602825409e-04   -4.1894182494705290e-06    1.4040817821342231e-04   -3.8975527262909918e-06    1.0471710239677876e-06 
   2.4290667997119695e-05    2.6607647843234147e-06    5.2485042820119137e-05    5.1337523035104017e-05   -4.8932666810223964e-06 
  -1.4467273182286885e-05   -2.3465620805616017e-06   -2.9409839789555576e-05    3.7550370392991172e-05    5.4162028403722846e-06 
   7.3660859697551154e-05   -2.0251999554908766e-03    9.3351604234727284e-05   -2.5222341908018946e-05    1.1037925681381444e-06 
   6.9557457169374824e-04    9.8957936264740265e-06   -3.3165711140080526e-04    9.2063802492270551e-06   -2.4735148719320081e-06 
  -5.7376805855818539e-05   -6.2849726683607915e-06   -1.2397452851364084e-04   -1.2126398058106317e-04    1.1558348761386848e-05 
   3.4173038170115099e-05    5.5427968033227238e-06    6.9468763397373371e-05   -8.8697450070463559e-05   -1.2793572366335206e-05 
  -1.3310637686171395e-03    1.1051677851462616e-03    3.0179783742433539e-05   -8.5466745026914583e-06   -2.1939026324744782e-07 
  -8.7283970647692171e-04   -1.0512296733958338e-03   -4.8796871887638795e-06   -1.4870369582406008e-05   -1.6600820867339408e-07 
  -2.2638560377830012e-06    2.7997254347161954e-06   -2.0201571654143648e-04    1.2491060695264353e-06    1.6758342702832781e-07 
  -1.1957725829932692e-03    9.9283698365424723e-04    2.7112268255457446e-05   -7.6779785364480729e-06   -1.9709112963049360e-07 
  -7.8412305628101388e-04   -9.4438121712354516e-04   -4.3837089487977025e-06   -1.3358924391798077e-05   -1.4913490184598956e-07 
  -2.0337545395267476e-06    2.5151574204597654e-06   -1.8148255618508397e-04    1.1221451792215530e-06    1.5055001280120280e-07 
  -1.2937565576467362e-03    1.0741920132183846e-03    2.9333901234272525e-05   -8.3071273102240849e-06   -2.1324116729216672e-07 
  -8.4837565310800622e-04   -1.0217656851719853e-03   -4.7429187455735722e-06   -1.4453581124708711e-05   -1.6135531118657316e-07 
  -2.2004044160053783e-06    2.7212544028131365e-06   -1.9635359641312851e-04    1.2140959785308338e-06    1.6288637913723812e-07 
   1.6931642138881952e-03   -1.4058158506528766e-03   -3.8389843537444499e-05    1.0871698078554048e-05    2.7907283735324566e-07 
   1.1102856153937465e-03    1.3372045017951081e-03    6.2071494377518153e-06    1.8915680989783943e-05    2.1116881457113938e-07 
   2.8797117906312927e-06   -3.5613582358258416e-06    2.5697174692561710e-04   -1.5889108742475517e-06   -2.1317255279203961e-07 
  -2.9888688821329856e-03   -1.0348132424160767e-05   -5.9689183631633337e-06    2.3105120423283085e-07   -8.6205687419844661e-07 
  -2.9888688821329856e-03   -1.0348132424160767e-05   -5.9689183631633337e-06    2.3105120423283085e-07   -8.6205687419844661e-07 
  -2.9888688821329856e-03   -1.0348132424160767e-05   -5.9689183631633337e-06    2.3105120423283085e-07   -8.6205687419844661e-07 
  -2.9888688821329856e-03   -1.0348132424160767e-05   -5.9689183631633337e-06    2.3105120423283085e-07   -8.6205687419844661e-07 
  -8.8201420911093487e-05   -1.1440819356262288e-03   -1.0661648818202747e-05   -3.5363199101500777e-06    1.0851240967057893e-07 
  -8.8201420911093487e-05   -1.1440819356262288e-03   -1.0661648818202747e-05   -3.5363199101500777e-06    1.0851240967057893e-07 
  -8.8201420911093487e-05   -1.1440819356262288e-03   -1.0661648818202747e-05   -3.5363199101500777e-06    1.0851240967057893e-07 
  -8.8201420911093487e-05   -1.1440819356262288e-03   -1.0661648818202747e-05   -3.5363199101500777e-06    1.0851240967057893e-07 
  -2.4406090129807634e-03   -8.4499341583367344e-06   -4.8740164019796723e-06    1.8866858124210480e-07   -7.0392642161314488e-07 
  -2.4406090129807634e-03   -8.4499341583367344e-06   -4.8740164019796723e-06    1.8866858124210480e-07   -7.0392642161314488e-07 
  -2.4406090129807634e-03   -8.4499341583367344e-06   -4.8740164019796723e-06    1.8866858124210480e-07   -7.0392642161314488e-07 
  -2.4406090129807634e-03   -8.4499341583367344e-06   -4.8740164019796723e-06    1.8866858124210480e-07   -7.0392642161314488e-07 
  -8.8201604003554140e-05   -1.1440843105627618e-03   -1.0661670950130970e-05   -3.5363272510013627e-06    1.0851263492549992e-07 
  -8.8201604003554140e-05   -1.1440843105627618e-03   -1.0661670950130970e-05   -3.5363272510013627e-06    1.0851263492549992e-07 
  -8.8201604003554140e-05   -1.1440843105627618e-03   -1.0661670950130970e-05   -3.5363272510013627e-06    1.0851263492549992e-07 
  -8.8201604003554140e-05   -1.1440843105627618e-03   -1.0661670950130970e-05   -3.5363272510013627e-06    1.0851263492549992e-07 
  -8.3350185500288693e-05    2.2915941065367817e-03   -1.0563104424333413e-04    2.8540080653646984e-05   -1.2489850876830447e-06 
  -7.8707022722795050e-04   -1.1197483138614596e-05    3.7528318120710229e-04   -1.0417384547370137e-05    2.7988802229538697e-06 
   6.4924132451518412e-05    7.1116959525457693e-06    1.4028209813666241e-04    1.3721500560047141e-04   -1.3078730241464363e-05 
  -3.8668148624421116e-05   -6.2718945128292474e-06   -7.8606662200539465e-05    1.0036468413660815e-04    1.4476434762284715e-05 
   3.1184664711559563e-05   -8.5737774233373386e-04    3.9520832234367129e-05   -1.0677994784087988e-05    4.6729567493282504e-07 
   2.9447470324429724e-04    4.1894298758318712e-06   -1.4040856787043868e-04    3.8975635426749496e-06   -1.0471739300487724e-06 
  -2.4290735407931068e-05   -2.6607721684065947e-06   -5.2485188475204536e-05   -5.1337665505623239e-05    4.8932802606850584e-06 
   1.4467313331476017e-05    2.3465685926778518e-06    2.9409921406955430e-05   -3.7550474601773569e-05   -5.4162178712733723e-06 
  -3.8464278045687576e-04    3.1936472149013715e-04    8.7211718972239890e-06   -2.4697664543829264e-06   -6.3398075171360831e-08 
  -2.5222795444371725e-04   -3.0377801124722184e-04   -1.4101025753228256e-06   -4.2971497214895691e-06   -4.7972050977796640e-08 
  -6.5419546490368429e-07    8.0904777150073948e-07   -5.8377283446918430e-05    3.6095913884528893e-07    4.8427248078156379e-08 
   1.1957706771785100e-03   -9.9283540127695922e-04   -2.7112225044096247e-05    7.6779662993345745e-06    1.9709081550790114e-07 
   7.8412180655065963e-04    9.4437971197475050e-04    4.3837019620701811e-06    1.3358903100429102e-05    1.4913466415572880e-07 
   2.0337512981416604e-06   -2.5151534118178198e-06    1.8148226693933685e-04   -1.1221433907536828e-06   -1.5054977285554719e-07 
  -9.6807263559057117e-05    2.6615772155794406e-03   -1.2268541789924934e-04    3.3147941942190174e-05   -1.4506365863366408e-06 
  -9.1414451532899441e-04   -1.3005342398358633e-05    4.3587350903102087e-04   -1.2099295105585780e-05    3.2507658355816060e-06 
   7.5406282107860539e-05    8.2598955274981789e-06    1.6293096368557401e-04    1.5936868204542061e-04   -1.5190321148101896e-05 
  -4.4911209648263611e-05   -7.2845062248357225e-06   -9.1297887574815786e-05    1.1656879190989314e-04    1.6813688260155570e-05 
   3.1184558378998331e-05   -8.5737481887208607e-04    3.9520697477384734e-05   -1.0677958374572455e-05    4.6729408156164635e-07 
   2.9447369915303301e-04    4.1894155908359310e-06   -1.4040808910939447e-04    3.8975502528763294e-06   -1.0471703594256129e-06 
  -2.4290652582089135e-05   -2.6607630957831710e-06   -5.2485009512737924e-05   -5.1337490455947014e-05    4.8932635757205810e-06 
   1.4467264001252495e-05    2.3465605914166267e-06    2.9409821125862213e-05   -3.7550346563259228e-05   -5.4161994032114656e-06 
2    104 5 
   3.8543187387798571e-02    1.8160841131896493e-04    1.1344242264204017e-02   -7.2336943231392041e-04    4.0565507305163586e-04 
  -1.1164782490255430e-02   -8.9385560949632042e-03    2.3331541420450658e-02   -7.1656097053548065e-03    2.5612375128926000e-03 
   1.3289579614618106e-02   -1.4873005417257876e-02   -4.2419923280662089e-02    9.0785439127075256e-03   -1.7117142546700674e-03 
   9.6351330582319945e-03   -4.6568849547112420e-02   -4.0767118069065134e-02    1.4795201431640884e-02   -4.5526447266404724e-03 
  -2.6072171295554664e-03   -1.5034384807105162e-02    3.4005955008759116e-02   -1.5440362422233943e-03   -4.4459340002611772e-04 
  -9.6614178008475271e-02    2.1704023795991362e-01    1.4047539586781432e-01   -5.9930089511708327e-02    2.0253379333881882e-02 
   2.9612586465893550e-03    2.3954420960368050e-03    2.4469560158930322e-03    1.1650332584545392e-02   -5.8353543455832982e-03 
  -2.1498605690323590e-02   -8.0297350962033151e-04   -3.9195469189169064e-03    2.5539420175404496e-03    9.6180399738466618e-04 
  -1.1627253605505938e-02    2.1923210724287090e-03   -5.7711255574005962e-04    1.0363153459583298e-02   -4.5071605068316006e-03 
   1.2710319291610414e-02   -8.8561499157158283e-04    1.2089402188244216e-03   -6.1154800076840748e-05   -3.4015494427666560e-04 
   1.5088079471738177e-02   -1.3891205666288460e-03    8.5437196667781205e-04   -1.4051304117037068e-02    6.1272322001178180e-03 
  -4.4762648799132531e-03    2.9821072835616103e-03   -1.8411768094572945e-03   -2.2861233988715418e-03   -2.3201743847163338e-03 
  -2.4318037068672416e-03   -5.2019927198217672e-03   -1.8056571811089109e-03   -1.5518528291227306e-03    1.0152242768678012e-03 
   7.5765215458397078e-03   -1.4617528959946013e-02   -7.6924289716257758e-03    3.5406376051821398e-03   -1.1002113723937255e-03 
  -1.8098292695376019e-02    1.7630274941720713e-02    1.0949273278038367e-02   -2.4118705901466329e-03    3.3365354064560364e-02 
   1.0664997558336162e-03    9.1637092170709193e-03    3.1898528523471559e-03    4.3333814398915198e-03    7.6540529963061744e-03 
  -1.4705888794620914e-03    2.8008931080362380e-03    7.7020662975202069e-03    1.0007531459186186e-02   -2.3306294111758909e-03 
  -3.4195402831150640e-04   -4.5862005739395962e-04    1.6253585058098156e-03   -1.4053734094579850e-03   -1.1933587912299599e-03 
  -1.0095605967308852e-03    2.0498042024118114e-03    4.4101989169336442e-03    7.4735569281138663e-03   -2.4949874645929506e-03 
   6.6386704943588502e-04   -5.6452260173623172e-04   -2.5664505527407838e-03   -2.4358188238262231e-03    9.3464173073474891e-04 
   6.1184739161184256e-04    2.6225950075958820e-03   -1.8115029280414642e-04    5.0495406391479758e-03    2.8412102366373289e-04 
   6.6963201359079025e-03   -3.4369908860755710e-04    3.9681353523422858e-05   -4.7816859381648139e-06    1.5542984450771497e-06 
  -1.2642652836300360e-03   -1.5480816394504162e-03    2.3613844237913088e-04   -3.4335066017937701e-05    4.3771101500085777e-06 
   8.0180308597184924e-04   -6.4523273243986584e-04    5.9699939930264899e-05   -2.0353670333980947e-05    5.1550448584162503e-06 
  -1.1387382542638633e-06   -8.1378201548636419e-06   -5.0151073018272331e-05    6.1815320223597615e-05   -1.6597215842743276e-05 
  -9.8387119129129189e-07   -3.1942824273611795e-06   -2.9609971320094432e-05   -2.2425399163543747e-05    7.5828061874651763e-06 
  -1.6033284882222144e-03   -1.9632615296513506e-03    2.9946839222208120e-04   -4.3543384607924942e-05    5.5510069686047279e-06 
   1.0168385910210161e-03   -8.1827764698554507e-04    7.5710862011899488e-05   -2.5812319541556460e-05    6.5375759238050014e-06 
  -1.4441363749603377e-06   -1.0320301486772399e-05   -6.3601085251850179e-05    7.8393565975727310e-05   -2.1048421822860491e-05 
  -1.2477355268422235e-06   -4.0509567742860625e-06   -3.7551067143628595e-05   -2.8439665159061626e-05    9.6164383681584411e-06 
  -1.2288303084087178e-03   -1.5046918262167596e-03    2.2951992650050156e-04   -3.3372718772212029e-05    4.2544279948352634e-06 
   7.7933005530995275e-04   -6.2714807395716017e-04    5.8026663032184558e-05   -1.9783195281564214e-05    5.0105586582587369e-06 
  -1.1068215653016002e-06   -7.9097323798713789e-06   -4.8745432878710418e-05    6.0082753199268863e-05   -1.6132027136112158e-05 
  -9.5629513448122608e-07   -3.1047527059261020e-06   -2.8780059581144454e-05   -2.1796857453210044e-05    7.3702744088582450e-06 
  -7.0883721483017245e-04   -8.6796488984259407e-04    1.3239603900991087e-04   -1.9250684869938353e-05    2.4541198812549967e-06 
   4.4954794983426865e-04   -3.6176345178657595e-04    3.3472040792097728e-05   -1.1411718076830846e-05    2.8902855176664620e-06 
  -6.3845781658683584e-07   -4.5626419138868003e-06   -2.8118265509076111e-05    3.4658073735379421e-05   -9.3055819883986355e-06 
  -5.5162830461035247e-07   -1.7909423666925943e-06   -1.6601460052334209e-05   -1.2573276898737405e-05    4.2514615311486324e-06 
   1.6010902350268893e-03   -8.2178456732727781e-05    9.4878121639248958e-06   -1.1433011724615029e-06    3.7163277923137951e-07 
   1.6010902350268893e-03   -8.2178456732727781e-05    9.4878121639248958e-06   -1.1433011724615029e-06    3.7163277923137951e-07 
   1.6010902350268893e-03   -8.2178456732727781e-05    9.4878121639248958e-06   -1.1433011724615029e-06    3.7163277923137951e-07 
   1.6010902350268893e-03   -8.2178456732727781e-05    9.4878121639248958e-06   -1.1433011724615029e-06    3.7163277923137951e-07 
   2.0304864962061393e-03   -1.0421789042518386e-04    1.2032347744014756e-05   -1.4499230218219026e-06    4.7130094436195251e-07 
   2.0304864962061393e-03   -1.0421789042518386e-04    1.2032347744014756e-05   -1.4499230218219026e-06    4.7130094436195251e-07 
   2.0304864962061393e-03   -1.0421789042518386e-04    1.2032347744014756e-05   -1.4499230218219026e-06    4.7130094436195251e-07 
   2.0304864962061393e-03   -1.0421789042518386e-04    1.2032347744014756e-05   -1.4499230218219026e-06    4.7130094436195251e-07 
   2.2878421709274590e-04    8.2598115604901631e-04   -1.0274236891298331e-04    1.6204469781666519e-05   -2.4884676292406202e-06 
   2.2878421709274590e-04    8.2598115604901631e-04   -1.0274236891298331e-04    1.6204469781666519e-05   -2.4884676292406202e-06 
   2.2878421709274590e-04    8.2598115604901631e-04   -1.0274236891298331e-04    1.6204469781666519e-05   -2.4884676292406202e-06 
   2.2878421709274590e-04    8.2598115604901631e-04   -1.0274236891298331e-04    1.6204469781666519e-05   -2.4884676292406202e-06 
   2.0366482456131824e-03   -1.0453415183629423e-04    1.2068861314390895e-05   -1.4543229832777718e-06    4.7273116235152662e-07 
   2.0366482456131824e-03   -1.0453415183629423e-04    1.2068861314390895e-05   -1.4543229832777718e-06    4.7273116235152662e-07 
   2.0366482456131824e-03   -1.0453415183629423e-04    1.2068861314390895e-05   -1.4543229832777718e-06    4.7273116235152662e-07 
   2.0366482456131824e-03   -1.0453415183629423e-04    1.2068861314390895e-05   -1.4543229832777718e-06    4.7273116235152662e-07 
   1.3321944806010647e-03   -1.0871821277460751e-03    1.9285080622485708e-04   -1.4470946933187013e-05   -1.5961745160617899e-06 
  -8.7165662518681047e-04   -1.0300869717552203e-03    2.1144303395222974e-04   -3.8873273382431648e-05    9.7065249003495377e-06 
  -3.4138399602675620e-06   -3.7809955021105509e-05   -1.8434897896414169e-04    7.1449014818241049e-05   -1.7150709052584645e-05 
   1.1967883678275634e-03   -9.7667941366149117e-04    1.7324918018872323e-04   -1.3000099620045166e-05   -1.4339371027747025e-06 
  -7.8306022503015871e-04   -9.2538748928846311e-04    1.8995166785109623e-04   -3.4922139433038766e-05    8.7199401152943356e-06 
  -3.0668524855543260e-06   -3.3966898239156605e-05   -1.6561149055776731e-04    6.4186836886330335e-05   -1.5407486964566388e-05 
   1.2948555779029427e-03   -1.0567104599271749e-03    1.8744556127470882e-04   -1.4065353540213211e-05   -1.5514367500581634e-06 
  -8.4722573135865176e-04   -1.0012155736455256e-03    2.0551668386903778e-04   -3.7783728729965274e-05    9.4344692852958512e-06 
  -3.3181564546236420e-06   -3.6750213180022028e-05   -1.7918202422271794e-04    6.9446433475184226e-05   -1.6670006973538854e-05 
   1.6946025229403494e-03   -1.3829374039614106e-03    2.4531362915741393e-04   -1.8407600045941088e-05   -2.0303952623726543e-06 
  -1.1087806905736395e-03   -1.3103101736293033e-03    2.6896365659160058e-04   -4.9448296106959527e-05    1.2347072311614938e-05 
  -4.3425354884925271e-06   -4.8095714330026268e-05   -2.3449897849236160e-04    9.0885889812398400e-05   -2.1816360339229737e-05 
  -1.8462487052744465e-03   -2.2607151833577174e-03    3.4484083297471417e-04   -5.0140640577520082e-05    6.3920397498329155e-06 
   1.1708997538160456e-03   -9.4225485132944293e-04    8.7181810833831234e-05   -2.9723142751969865e-05    7.5280837168568600e-06 
  -1.6629374030936120e-06   -1.1883929835939337e-05   -7.3237282417702360e-05    9.0270971137683645e-05   -2.4237467134146420e-05 
  -1.4367798725460627e-06   -4.6647170274765454e-06   -4.3240427401418103e-05   -3.2748557369286337e-05    1.1073424452309338e-05 
  -7.0883404522947705e-04   -8.6796100869462281e-04    1.3239544699446851e-04   -1.9250598789548002e-05    2.4541089075364625e-06 
   4.4954593965835723e-04   -3.6176183414339313e-04    3.3471891120210376e-05   -1.1411667048768556e-05    2.8902725936116934e-06 
  -6.3845496169110371e-07   -4.5626215118076204e-06   -2.8118139776859962e-05    3.4657918760087050e-05   -9.3055403780281247e-06 
  -5.5162583797708137e-07   -1.7909343584051456e-06   -1.6601385818083772e-05   -1.2573220676707344e-05    4.2514425205279384e-06 
  -1.5075841089025037e-03   -1.8460233853911194e-03    2.8158533485124449e-04   -4.0943147436696313e-05    5.2195229834372501e-06 
   9.5611704800546964e-04   -7.6941337120092746e-04    7.1189711452710451e-05   -2.4270910821220773e-05    6.1471779774838229e-06 
  -1.3578983133969790e-06   -9.7040142645956529e-06   -5.9803082237352233e-05    7.3712215041005742e-05   -1.9791494064205259e-05 
  -1.1732257402013567e-06   -3.8090498008529051e-06   -3.5308667259344120e-05   -2.6741361842731254e-05    9.0421830426970434e-06 
  -7.0883551665894154e-04   -8.6796281044696638e-04    1.3239572182686824e-04   -1.9250638750803332e-05    2.4541140018856685e-06 
   4.4954687284595691e-04   -3.6176258510481411e-04    3.3471960602661392e-05   -1.1411690737618221e-05    2.8902785933690178e-06 
  -6.3845628702451381e-07   -4.5626309831017443e-06   -2.8118198145754108e-05    3.4657990704547374e-05   -9.3055596948856983e-06 
  -5.5162698306670679e-07   -1.7909380761069145e-06   -1.6601420279984137e-05   -1.2573246776762063e-05    4.2514513458627724e-06 
   2.3045483010611639e-03   -1.1828454056123550e-04    1.3656395451561387e-05   -1.6456241609350290e-06    5.3491406746474278e-07 
   2.3045483010611639e-03   -1.1828454056123550e-04    1.3656395451561387e-05   -1.6456241609350290e-06    5.3491406746474278e-07 
   2.3045483010611639e-03   -1.1828454056123550e-04    1.3656395451561387e-05   -1.6456241609350290e-06    5.3491406746474278e-07 
   2.3045483010611639e-03   -1.1828454056123550e-04    1.3656395451561387e-05   -1.6456241609350290e-06    5.3491406746474278e-07 
   2.2878485200857884e-04    8.2598344828980260e-04   -1.0274265404085429e-04    1.6204514751877139e-05   -2.4884745351693490e-06 
   2.2878485200857884e-04    8.2598344828980260e-04   -1.0274265404085429e-04    1.6204514751877139e-05   -2.4884745351693490e-06 
   2.2878485200857884e-04    8.2598344828980260e-04   -1.0274265404085429e-04    1.6204514751877139e-05   -2.4884745351693490e-06 
   2.2878485200857884e-04    8.2598344828980260e-04   -1.0274265404085429e-04    1.6204514751877139e-05   -2.4884745351693490e-06 
   3.8496952678687674e-04   -3.1416733468278698e-04    5.5728862935503408e-05   -4.1817269731619972e-06   -4.6125288541980479e-07 
  -2.5188607474744423e-04   -2.9766832083481988e-04    6.1101532777890974e-05   -1.1233364104570996e-05    2.8049330274560596e-06 
  -9.8651088348405157e-07   -1.0926092777190305e-05   -5.3272056166641353e-05    2.0646905406451373e-05   -4.9561084692784282e-06 
   1.1967864603938526e-03   -9.7667785703603590e-04    1.7324890406527859e-04   -1.3000078900568837e-05   -1.4339348173748421e-06 
  -7.8305897699373819e-04   -9.2538601441175135e-04    1.8995136510733266e-04   -3.4922083774354413e-05    8.7199262175090811e-06 
  -3.0668475976242842e-06   -3.3966844102929609e-05   -1.6561122660722398e-04    6.4186734585756778e-05   -1.5407462408211375e-05 
   2.6766228944341427e-03   -1.3738185013438089e-04    1.5861251727405372e-05   -1.9113139450210080e-06    6.2127716692756805e-07 
   2.6766228944341427e-03   -1.3738185013438089e-04    1.5861251727405372e-05   -1.9113139450210080e-06    6.2127716692756805e-07 
   2.6766228944341427e-03   -1.3738185013438089e-04    1.5861251727405372e-05   -1.9113139450210080e-06    6.2127716692756805e-07 
   2.6766228944341427e-03   -1.3738185013438089e-04    1.5861251727405372e-05   -1.9113139450210080e-06    6.2127716692756805e-07 
   2.2878407190465562e-04    8.2598063187550388e-04   -1.0274230371194574e-04    1.6204459498194823e-05   -2.4884660500413757e-06 
   2.2878407190465562e-04    8.2598063187550388e-04   -1.0274230371194574e-04    1.6204459498194823e-05   -2.4884660500413757e-06 
   2.2878407190465562e-04    8.2598063187550388e-04   -1.0274230371194574e-04    1.6204459498194823e-05   -2.4884660500413757e-06 
   2.2878407190465562e-04    8.2598063187550388e-04   -1.0274230371194574e-04    1.6204459498194823e-05   -2.4884660500413757e-06 
2    104 5 
   1.5500104650930517e-02    8.8290173166459644e-03    1.8276016245171951e-02   -1.7091309972419907e-02    8.5236099582477656e-03 
   2.0512540646202269e-03    1.1235241663948133e-02    2.0833229209463452e-02   -1.3190936394557659e-02    3.7974343598955974e-03 
  -8.8211059452346207e-03   -2.8277224625022222e-02    2.2899971305001956e-02   -1.6023260696717605e-02    5.3691208375158594e-03 
  -1.3622667629725587e-02   -2.5878473895093491e-02    5.4240189555511877e-03   -4.8043303224038249e-03    1.8607968021087861e-03 
  -7.6549240659539615e-03    8.1056238292824545e-03   -7.6262604696383605e-03    6.0482777545507547e-03   -2.7730667793143442e-03 
  -3.8910129439526037e-03   -7.4138248018079562e-03    9.6361975790136053e-03   -1.1720577502478215e-02    4.6962674572576480e-03 
  -5.4313059392734299e-03    5.5160929002548713e-04    9.8172947206531819e-03    6.1800386948358465e-03   -3.1351750252142357e-03 
  -2.6091538638489584e-03   -1.4733694547975882e-03    3.7440192023859196e-03    2.5889123336209565e-03    1.4486151851427593e-03 
  -1.4398097569243753e-02    1.6683230801125830e-03    2.3936841217873112e-03    1.1534142057841288e-02   -9.0966678432475145e-03 
  -2.2247088190139688e-03    2.3370160429143035e-03    8.3136173339694655e-03    9.0617257076647320e-03   -3.4273720515787262e-03 
   8.5881199092595738e-03   -3.9168455299695088e-03    1.8762757122992371e-03   -7.9641562640922199e-04    1.8080086222387337e-03 
   4.7434623722745319e-03    5.8559898564175547e-03   -3.9230099380049869e-03    1.1537123373331739e-03    4.4764306410671108e-03 
  -8.7645912721901549e-04    4.5495990753190050e-03   -1.1324642695928104e-03    3.4765295187181161e-03    5.0125480448134658e-03 
  -4.1567037494687096e-03    1.1449255717188801e-03    7.6655395799877959e-04   -1.4288662554567551e-03   -2.0938807080107436e-03 
   1.0788510887531498e-03   -3.6591305919000421e-05   -6.6706480054006553e-04    7.4367094380794997e-04    3.6020491906534573e-04 
  -2.4104921845813916e-03    2.3011293639899379e-03   -1.6567489962749690e-03    2.5460772128518930e-04    3.9268639568289454e-04 
   6.3565960736992129e-04    1.2326254102441299e-03    9.0971294546097505e-04   -1.4485456173698081e-03    1.5418331322704444e-03 
  -1.3637300734644303e-03   -7.5053413342270026e-04   -2.9287838226850832e-03   -1.2791508579676374e-03   -3.3762221039702152e-04 
  -1.0228775104222851e-03   -1.5139721672078935e-03   -1.4146597392214336e-03    1.8623542352174066e-03   -8.8309669228961365e-04 
   6.1525224150714723e-04   -8.0293740992088314e-04   -9.4557573026251142e-04    3.8217948564587875e-03   -1.0638622985908236e-03 
   3.2553173765964554e-05    5.0866551347623597e-04    5.0439945620835386e-04    4.8010427414986912e-04    4.5599401366819853e-03 
   5.2572946152003430e-03    4.0639244781798874e-04    7.9653359736252551e-05   -2.3266431490490907e-05    7.2961697797808630e-06 
  -2.0014911280901580e-03   -2.1353779564786018e-04    1.7301353325489959e-05   -4.1337300573613146e-06    1.1571826769672938e-06 
   1.0270722451272177e-04   -9.8627198245914999e-04   -2.7563333569573207e-04    6.1391130429584649e-05   -1.3949656047492395e-05 
   2.7489366653953822e-06   -1.9842706127216406e-05    6.0474671771199910e-05   -4.7552418330922862e-05    1.8961653420795217e-05 
  -6.2913216235902649e-07    4.5996959803954988e-06   -2.2924516517354789e-05   -2.3828754687182437e-05    1.8259882358831683e-05 
  -2.5382708725315566e-03   -2.7080647986421841e-04    2.1941401880393420e-05   -5.2423547885123498e-06    1.4675274059030781e-06 
   1.3025226678269717e-04   -1.2507801860000285e-03   -3.4955541779632313e-04    7.7855612755022469e-05   -1.7690813179357074e-05 
   3.4861737682870297e-06   -2.5164319885333051e-05    7.6693369122857570e-05   -6.0305497573197399e-05    2.4046977724537193e-05 
  -7.9785906631147336e-07    5.8332880749159427e-06   -2.9072640755792093e-05   -3.0219386487558018e-05    2.3156998737986654e-05 
  -1.9453931006841337e-03   -2.0755273333888743e-04    1.6816428971145816e-05   -4.0178693878872324e-06    1.1247490255684833e-06 
   9.9828534412801508e-05   -9.5862863599346666e-04   -2.6790785232842502e-04    5.9670452646410117e-05   -1.3558673456426123e-05 
   2.6718891470584287e-06   -1.9286552439342483e-05    5.8779680598479458e-05   -4.6219613588842237e-05    1.8430193981213133e-05 
  -6.1149877253745626e-07    4.4707751635374062e-06   -2.2281985487458310e-05   -2.3160879564114300e-05    1.7748092240644170e-05 
  -1.1221785610288839e-03   -1.1972450583583172e-04    9.7003716410058694e-06   -2.3176636570345116e-06    6.4879907438101561e-07 
   5.7584989407839569e-05   -5.5297435922946466e-04   -1.5453969077433496e-04    3.4420242707318442e-05   -7.8211712910064628e-06 
   1.5412497953345772e-06   -1.1125235129074073e-05    3.3906410672754297e-05   -2.6661274500355817e-05    1.0631254194356787e-05 
  -3.5273632480535302e-07    2.5789173601663105e-06   -1.2853117656472202e-05   -1.3360098014268157e-05    1.0237791325881619e-05 
  -9.2039041447215992e-04   -1.2892635270819611e-03   -1.8071194835292206e-04    4.2812926558154572e-05   -8.6991052320346688e-06 
   4.9265359021867777e-04   -3.5254494353046528e-04    3.7230184859904244e-06   -8.8380847131233696e-06    4.4277039201128102e-06 
   1.0613550417279663e-05    1.1188319240093521e-05   -1.1275789596931070e-04    8.3221673928564154e-05   -2.9156964961013828e-05 
  -1.9167283731048963e-06   -4.0905064342082603e-06    5.6773438078515372e-05    7.1848256305834108e-05   -1.6751759031646668e-05 
  -1.1672298456007421e-03   -1.6350310085721401e-03   -2.2917707122706112e-04    5.4294921883611440e-05   -1.1032117563583743e-05 
   6.2477831690085732e-04   -4.4709394354175392e-04    4.7214945138944180e-06   -1.1208369940512143e-05    5.6151694778383671e-06 
   1.3459997648869213e-05    1.4188913675981352e-05   -1.4299842700774256e-04    1.0554088795675035e-04   -3.6976569045591524e-05 
  -2.4307756011136324e-06   -5.1875390253471305e-06    7.1999501864231189e-05    9.1117234377801105e-05   -2.1244411937148901e-05 
  -4.9565032605324933e-04   -6.9429654798525240e-04   -9.7317328292919871e-05    2.3055695359466400e-05   -4.6846580286282774e-06 
   2.6530471067892424e-04   -1.8985314651447300e-04    2.0049267109563605e-06   -4.7595015124729352e-06    2.3844151972505654e-06 
   5.7156285443544123e-06    6.0251540999810556e-06   -6.0722587962108490e-05    4.4816687754235330e-05   -1.5701661993011563e-05 
  -1.0322000622201098e-06   -2.2028269916315665e-06    3.0573735506489548e-05    3.8691854135364087e-05   -9.0211878518561938e-06 
  -1.1707719414592727e-03   -1.6399927019231627e-03   -2.2987253592745671e-04    5.4459686191744940e-05   -1.1065595818170936e-05 
   6.2667427997714002e-04   -4.4845070254835579e-04    4.7358224427310321e-06   -1.1242383053607903e-05    5.6322093681627635e-06 
   1.3500843590315605e-05    1.4231971598598876e-05   -1.4343237250527205e-04    1.0586116415903066e-04   -3.7088778780951438e-05 
  -2.4381520747551970e-06   -5.2032812209111845e-06    7.2217992796698994e-05    9.1393740311698158e-05   -2.1308880596704774e-05 
   1.8726998269679481e-03    1.4476096974086480e-04    2.8373306788668807e-05   -8.2877307466139699e-06    2.5989671274307513e-06 
   1.8726998269679481e-03    1.4476096974086480e-04    2.8373306788668807e-05   -8.2877307466139699e-06    2.5989671274307513e-06 
   1.8726998269679481e-03    1.4476096974086480e-04    2.8373306788668807e-05   -8.2877307466139699e-06    2.5989671274307513e-06 
  -7.6766856163745973e-04    1.4777445222086305e-03    2.6578287244620355e-04   -6.2865640186423826e-05    1.7551556348569517e-05 
  -7.6766856163745973e-04    1.4777445222086305e-03    2.6578287244620355e-04   -6.2865640186423826e-05    1.7551556348569517e-05 
  -7.6766856163745973e-04    1.4777445222086305e-03    2.6578287244620355e-04   -6.2865640186423826e-05    1.7551556348569517e-05 
   1.8202115772115032e-03    1.4070359235164069e-04    2.7578056427829548e-05   -8.0554412600245692e-06    2.5261229728423236e-06 
   1.8202115772115032e-03    1.4070359235164069e-04    2.7578056427829548e-05   -8.0554412600245692e-06    2.5261229728423236e-06 
   1.8202115772115032e-03    1.4070359235164069e-04    2.7578056427829548e-05   -8.0554412600245692e-06    2.5261229728423236e-06 
   2.3821460737909802e-03    1.8414151095677870e-04    3.6091935500697406e-05   -1.0542311679842515e-05    3.3059859617464202e-06 
   2.3821460737909802e-03    1.8414151095677870e-04    3.6091935500697406e-05   -1.0542311679842515e-05    3.3059859617464202e-06 
   2.3821460737909802e-03    1.8414151095677870e-04    3.6091935500697406e-05   -1.0542311679842515e-05    3.3059859617464202e-06 
  -2.9228441622985296e-03   -3.1183635574493033e-04    2.5265742554415491e-05   -6.0366236937585038e-06    1.6898724079352922e-06 
   1.4998678104526214e-04   -1.4402858278567752e-03   -4.0251654122588313e-04    8.9651512652089209e-05   -2.0371147377201316e-05 
   4.0143637771934965e-06   -2.8976964701053235e-05    8.8313177546800090e-05   -6.9442380418812760e-05    2.7690334086758310e-05 
  -9.1874265254424812e-07    6.7170892520895526e-06   -3.3477435066226485e-05   -3.4797924185021716e-05    2.6665514429582313e-05 
  -1.1221735431518976e-03   -1.1972397048177722e-04    9.7003282653138829e-06   -2.3176532934867387e-06    6.4879617324383741e-07 
   5.7584731913708836e-05   -5.5297188657724378e-04   -1.5453899974245756e-04    3.4420088795499286e-05   -7.8211363182518680e-06 
   1.5412429035598217e-06   -1.1125185382034465e-05    3.3906259058560523e-05   -2.6661155283147090e-05    1.0631206656177383e-05 
  -3.5273474752741536e-07    2.5789058284096717e-06   -1.2853060183120340e-05   -1.3360038273928529e-05    1.0237745547090910e-05 
  -2.3866954648586710e-03   -2.5463499752555885e-04    2.0631148916091673e-05   -4.9293022798799062e-06    1.3798925253124817e-06 
   1.2247412117516633e-04   -1.1760885844638077e-03   -3.2868136312780001e-04    7.3206386239967720e-05   -1.6634388410533442e-05 
   3.2779933822356358e-06   -2.3661607118658917e-05    7.2113547159644408e-05   -5.6704293904001537e-05    2.2610988173011417e-05 
  -7.5021410668545301e-07    5.4849473885072755e-06   -2.7336538662680372e-05   -2.8414805315372994e-05    2.1774155180123941e-05 
  -1.1221758726100081e-03   -1.1972421901015838e-04    9.7003484016898379e-06   -2.3176581045752687e-06    6.4879752004399769e-07 
   5.7584851450674943e-05   -5.5297303446105717e-04   -1.5453932054143606e-04    3.4420160246261511e-05   -7.8211525537169972e-06 
   1.5412461029408835e-06   -1.1125208476192653e-05    3.3906329442691962e-05   -2.6661210627567556e-05    1.0631228724912401e-05 
  -3.5273547975000557e-07    2.5789111818179168e-06   -1.2853086864078441e-05   -1.3360066007294463e-05    1.0237766799061733e-05 
  -1.3247749062370456e-03   -1.8557168146784420e-03   -2.6010989539960885e-04    6.1623295804683051e-05   -1.2521160734517311e-05 
   7.0910681329030103e-04   -5.0743976378520169e-04    5.3587710042866170e-06   -1.2721202506066773e-05    6.3730683777023131e-06 
   1.5276740215680641e-05    1.6104040567116713e-05   -1.6229942067127922e-04    1.1978610765827180e-04   -4.1967424817799746e-05 
  -2.7588658148055180e-06   -5.8877191598611480e-06    8.1717524351178407e-05    1.0341564352932066e-04   -2.4111843899615678e-05 
  -4.9565170156876180e-04   -6.9429847477844061e-04   -9.7317598365363406e-05    2.3055759343014782e-05   -4.6846710293657929e-06 
   2.6530544694545300e-04   -1.8985367338984137e-04    2.0049322749752810e-06   -4.7595147209140832e-06    2.3844218144157713e-06 
   5.7156444062136966e-06    6.0251708208273733e-06   -6.0722756477808582e-05    4.4816812128307088e-05   -1.5701705567843467e-05 
  -1.0322029267540824e-06   -2.2028331048580466e-06    3.0573820353901631e-05    3.8691961511961596e-05   -9.0212128872151523e-06 
   5.4116150209273031e-04    4.1832152009221862e-05    8.1991470816516902e-06   -2.3949384493933013e-06    7.5103384659741631e-07 
   5.4116150209273031e-04    4.1832152009221862e-05    8.1991470816516902e-06   -2.3949384493933013e-06    7.5103384659741631e-07 
   5.4116150209273031e-04    4.1832152009221862e-05    8.1991470816516902e-06   -2.3949384493933013e-06    7.5103384659741631e-07 
  -7.6766733813217469e-04    1.4777421669887828e-03    2.6578244884314700e-04   -6.2865539991565177e-05    1.7551528375010318e-05 
  -7.6766733813217469e-04    1.4777421669887828e-03    2.6578244884314700e-04   -6.2865539991565177e-05    1.7551528375010318e-05 
  -7.6766733813217469e-04    1.4777421669887828e-03    2.6578244884314700e-04   -6.2865539991565177e-05    1.7551528375010318e-05 
  -1.5386628444164730e-03   -2.1553265381626255e-03   -3.0210523284536056e-04    7.1572517835860467e-05   -1.4542730769177908e-05 
   8.2359372992012745e-04   -5.8936707408923001e-04    6.2239568376582793e-06   -1.4775069742210457e-05    7.4020148415624531e-06 
   1.7743204859184398e-05    1.8704074744275354e-05   -1.8850303329381784e-04    1.3912584867309917e-04   -4.8743161528027835e-05 
  -3.2042910097305734e-06   -6.8383048825777891e-06    9.4911005533764500e-05    1.2011233567365931e-04   -2.8004756237487367e-05 
  -4.9565001151002962e-04   -6.9429610737972822e-04   -9.7317266534651653e-05    2.3055680728158255e-05   -4.6846550557109956e-06 
   2.6530454231466914e-04   -1.8985302603231682e-04    2.0049254386156195e-06   -4.7594984920594473e-06    2.3844136840837339e-06 
   5.7156249171759140e-06    6.0251502763754397e-06   -6.0722549427122578e-05    4.4816659313246738e-05   -1.5701652028625259e-05 
  -1.0321994071786137e-06   -2.2028255937019009e-06    3.0573716104179691e-05    3.8691829581238447e-05   -9.0211821269462644e-06 
 TENSORSUMACCUMULATOR_IMPL_H - PrettifyOut: Norm of simple tensor is 3.02653e-06 
 As simple full tensor 3    5 5 5 
   1.0171478520188138e-06    4.8958428992090133e-07    7.8021885242456293e-07   -8.5075834908718115e-07    4.9864538341923680e-07 
   2.9697014429100313e-07    1.0894672210837748e-07   -1.2210933992203108e-07    2.6948298622441660e-07   -1.0547088628960290e-07 
  -2.1424163881745166e-09    7.2717123399926697e-08    1.0207640715499051e-06   -5.9656637071793752e-07    1.9592865029541691e-07 
  -9.7044141089749732e-08   -4.6894695344815932e-08   -1.5875945437625858e-07    1.0564468608728377e-07   -3.9909721225137174e-08 
   8.5391913852681588e-08    3.1250070606916909e-08    3.0586395831516048e-08   -2.6946980328482676e-08    1.4737583924427554e-08 

  -4.4933678008022756e-07   -2.4316392400318591e-07   -5.1817218780195532e-07    4.5854326680834172e-07   -1.5901759533678714e-07 
   4.5942531402155262e-07    9.6630728234515249e-07   -1.3673190661390514e-07    6.0663608754834417e-08   -3.0965283877182305e-08 
   4.4323008190841627e-07    5.7283073861263326e-07    1.8662892755381250e-07   -1.3251304590085336e-07    4.3432692073069996e-08 
  -2.1169762188504609e-09   -3.8552969299267987e-07   -9.2482013104744652e-08    4.5777045651544994e-08   -1.6193865371349481e-08 
  -1.1235884123234767e-08    1.3832637899298783e-07    2.5955275864751005e-08   -7.8591146101197950e-09    1.2119795657750943e-09 

   4.5444159113539550e-07    4.7810057530919900e-07    3.4154823823915986e-07   -5.1520823863913780e-07    2.0452321068972964e-07 
   8.7381664133155002e-08   -2.3126763265717892e-07    4.6348103848329606e-07   -3.9430463438574426e-07    1.3252114767576066e-07 
  -2.9239399202141592e-07   -2.4929274744489616e-07    4.5510296596573044e-08   -1.2661788298404285e-07    4.3920328269174733e-08 
   1.2587618995344951e-07    7.8151828622330070e-08   -1.0942732693578157e-08    2.9539212791093550e-08   -1.2153696482920077e-08 
  -5.1111542905650057e-08   -8.7111483509244632e-09    1.1668628168043999e-09   -2.2869588855731857e-09    7.3122653030101476e-10 

  -2.3322005180295329e-07   -2.8947296268026456e-07   -4.6387657344750869e-07    1.0092652408286784e-07   -3.2482383750211826e-08 
  -9.3334633572359820e-09   -3.9916396310318943e-08   -2.7195594470512856e-08    4.2309716882678557e-08   -1.7393545129967975e-08 
   2.4357594962441936e-09    9.2779329691397792e-08   -2.2452484909580641e-09    7.9820827450209425e-09   -2.5156075731054770e-09 
  -6.8993829811452144e-09   -1.1587989740648166e-08   -1.6828277468320134e-09    1.0992959268496830e-09   -1.1142439718052342e-10 
   1.4944126367134277e-08    5.3413425418708946e-09    2.3707293864378936e-10   -4.1488685526880982e-10   -8.6059141448576768e-10 

   1.0943416694439538e-07    7.8808147369750691e-08    5.9575977021938603e-08   -8.5184738680674148e-08    3.9816896543883725e-08 
   2.7075532855761969e-09    3.8436094697388640e-08    1.0902189471472352e-08    4.1872878096444020e-09   -3.5843232118791049e-09 
   6.6621991568038213e-09   -2.2136678034908099e-08   -1.0456723049822832e-08    5.0137840402879799e-09   -2.1048699992619315e-09 
  -4.6872388918099335e-09    1.3717763419151009e-08    1.6911970507658741e-09   -4.9287985895253856e-10    3.8599658639368404e-10 
   1.5902512691735860e-09   -4.6536190181058123e-09   -3.8486609608310612e-10   -3.7913971870561308e-10   -1.3623897015742602e-10 
