2    5 5 
   2.6820275033626425e-04    4.9737784953495564e-04   -7.9762552706276996e-06    8.6776013393330343e-06   -1.8617783511843053e-07 
   2.6820275033626425e-04    4.9737784953495564e-04   -7.9762552706276996e-06    8.6776013393330343e-06   -1.8617783511843053e-07 
   2.6820275033626425e-04    4.9737784953495564e-04   -7.9762552706276996e-06    8.6776013393330343e-06   -1.8617783511843053e-07 
   2.6820275033626425e-04    4.9737784953495564e-04   -7.9762552706276996e-06    8.6776013393330343e-06   -1.8617783511843053e-07 
   2.6820275033626425e-04    4.9737784953495564e-04   -7.9762552706276996e-06    8.6776013393330343e-06   -1.8617783511843053e-07 
2    5 5 
   5.4438667600844681e-04   -2.8688893110163489e-05    6.8225752393524142e-06   -3.6013794154770739e-06    1.1252046497842348e-06 
  -1.9010311801979945e-04    6.5739509387700168e-05   -3.4686910037222540e-05    1.1197678114917288e-05   -3.6332564441455537e-06 
  -1.1560759369691138e-04   -1.0384050511403144e-05    5.0938438219543392e-06   -1.3963968665001456e-06    1.0827409726526203e-07 
   2.5927172865955272e-05    1.0536459525927577e-06   -3.6398746929073780e-05    1.2928868615991711e-05   -3.6315470417252323e-06 
   1.0334735485802672e-06   -8.5003387764716548e-06    7.6305725612435969e-07   -9.1197323380143971e-07    3.0475552184388351e-07 
2    5 5 
   5.4804091613215428e-06   -5.4512632452639604e-04    3.8580599274540901e-07   -6.9131990619682790e-06    5.8410095578571928e-08 
   1.1222183904513812e-05    1.7983815503040164e-04    1.6308251824397374e-06    9.6603416742146756e-05    2.6404073899393472e-07 
   7.1814602842789145e-06   -1.1050300600374912e-04    3.9948373747976367e-07   -3.5188145317196389e-05    1.5874034397913597e-08 
  -4.2369049264007486e-06    3.5349324666195678e-05   -3.9420186132421875e-07   -3.0180351479271177e-05   -7.6746308394087740e-08 
  -3.6885837383387384e-06   -7.5674195733230426e-06   -1.9134003510334677e-07    1.9804867656054677e-06   -1.5051331167740889e-08 
 TENSORSUMACCUMULATOR_IMPL_H - PrettifyOut: Norm of simple tensor is 1.80558e-10 
 As simple full tensor 3    5 5 5 
  -2.5158702030567824e-14   -8.5090977579106616e-11   -4.2000268668953612e-14   -5.0530717169652875e-12   -5.9642441812978412e-15 
   1.4290683590324540e-13    7.7002573339230499e-12    2.4997608600136444e-14    1.8414142441866473e-12    4.1744226257764671e-15 
  -4.3955135366900565e-14   -3.1681519134296402e-12   -1.0110905167839705e-14   -6.6440380496538028e-13   -1.5817004570878036e-15 
   1.1930383618873461e-14    1.2324481230351639e-12    3.0553916863780109e-15    2.0484352069744835e-13    4.6817560870665579e-16 
  -5.2477946658749303e-15   -3.7801042022655325e-13   -1.0928165111632793e-15   -6.7686002073066759e-14   -1.6568621993775639e-16 

  -4.6656423535424989e-14   -1.5779990097066753e-10   -7.7888848210032489e-14   -9.3708432929156064e-12   -1.1060598525839163e-14 
   2.6501851541896843e-13    1.4280008049173848e-11    4.6357678261926647e-14    3.4148742163467380e-12    7.7414021521241109e-15 
  -8.1514118245978418e-14   -5.8752886900900145e-12   -1.8750517147668524e-14   -1.2321265733561750e-12   -2.9332390177522222e-15 
   2.2124711775112658e-14    2.2855559696165364e-12    5.6661765942084624e-15    3.7987913877813051e-13    8.6822442041061288e-16 
  -9.7319539879489506e-15   -7.0101447385741509e-13   -2.0266113064732101e-15   -1.2552264327085284e-13   -3.0726253055531900e-16 

   7.4821093155036926e-16    2.5305756840571929e-12    1.2490731877972988e-15    1.5027657197687754e-13    1.7737451993591707e-16 
  -4.2499989342125167e-15   -2.2900293926101740e-13   -7.4342006970450912e-16   -5.4763010640971522e-14   -1.2414585767271679e-16 
   1.3072102344283438e-15    9.4219721333803155e-14    3.0069475624200499e-16    1.9759134999681850e-14    4.7039214145206306e-17 
  -3.5480540412557828e-16   -3.6652572819665322e-14   -9.0866271922079814e-17   -6.0919741112589032e-15   -1.3923377600877920e-17 
   1.5606756385002348e-16    1.1241896672960991e-14    3.2499977893837780e-17    2.0129578466519472e-15    4.9274497871180839e-18 

  -8.1400055056339234e-16   -2.7530872822141002e-12   -1.3589032446427508e-15   -1.6349027682940577e-13   -1.9297092677405498e-16 
   4.6236981130098926e-15    2.4913899380331908e-13    8.0878843187364914e-16    5.9578280579102681e-14    1.3506190866038283e-16 
  -1.4221522376342608e-15   -1.0250438987936924e-13   -3.2713461780802559e-16   -2.1496540734936653e-14   -5.1175336522986304e-17 
   3.8600317386788242e-16    3.9875405713400595e-14    9.8856074207513081e-17    6.6276367685612277e-15    1.5147649619783251e-17 
  -1.6979046622022551e-16   -1.2230388110215644e-14   -3.5357676269263468e-17   -2.1899557014495151e-15   -5.3607167049490938e-18 

   1.7464372280180266e-17    5.9067455400538222e-14    2.9155253200701188e-17    3.5076819748614057e-15    4.1401889741978047e-18 
  -9.9201388869924532e-17   -5.3452741945680523e-15   -1.7352546334727077e-17   -1.2782513121475478e-15   -2.8977516686985739e-18 
   3.0512259604671936e-17    2.1992304845089068e-15    7.0186693942400667e-18    4.6120802973800491e-16    1.0979662458242227e-18 
  -8.2816935751382514e-18   -8.5552636262967856e-16   -2.1209559144919553e-18   -1.4219586925813763e-16   -3.2499264520954831e-19 
   3.6428524644645905e-18    2.6240283368366347e-16    7.5859853030949883e-19    4.6985473929650753e-17    1.1501411412930144e-19 
