2    14 5 
  -2.0058211861292761e-05    1.5113389684773913e-03    7.4931688563414823e-08    2.5799465216680629e-04   -2.2685621459314393e-08 
  -2.4340188841585599e-05    7.4780537722770701e-04    4.3025329461148671e-08   -1.2892705600771816e-04   -2.0965635049389920e-09 
  -1.5699479085530992e-05   -3.8109615246567706e-04    6.4709809854851853e-07   -5.7189553001123677e-05    5.3005735808095911e-08 
   5.4090375163100483e-06    5.3487790534442681e-05    5.4791921456031769e-08    4.8713483227795248e-05   -2.5588563800510753e-08 
   7.7412420017347613e-05   -4.1806304839205608e-05    4.3299308644428822e-06   -7.3317685435817347e-05    1.7364683728378408e-07 
  -2.3314588777847424e-05    2.2820626239134610e-05   -4.0628969727539907e-06    9.8089560518581096e-05   -1.5800294205811079e-07 
  -1.0632571634535398e-06    5.3685940013054954e-06   -2.1889601931213103e-07   -5.1040725788626887e-07   -5.9843403227778344e-09 
   9.3454523158768304e-06   -4.4426846580659563e-05   -3.7597553820374500e-06    6.8505348025247519e-06   -1.6429280174749656e-07 
   1.6973403614976120e-06    8.4233307231084114e-04    1.6198758115144950e-06    1.2233650720139903e-04    2.6518144289070590e-07 
  -2.8840280859610838e-06    6.1822057855553112e-04    1.1601052944637654e-06    5.2477542346568670e-06    4.3072986907059558e-08 
   7.4070741359490730e-06   -2.2835408648511822e-04   -1.3295807635632794e-06    5.0658276636316544e-05   -3.8760064770487141e-08 
   1.9223598911594118e-05    8.6869500944875467e-06    1.3185215678404527e-07    9.2684393705513756e-06    1.2572400652579633e-07 
   8.0540847352884265e-06    1.8034477794980816e-05   -6.8954075764468662e-06    6.7434707082204777e-05   -5.0052529860860343e-07 
  -3.5514667352874778e-06   -5.2404991410346642e-05   -2.7385371362349912e-06   -2.7100784358096639e-05   -1.9386249862036336e-07 
2    14 5 
   1.4865005789594145e-03   -5.0619300586141072e-05    1.1728791106837003e-05   -1.6629998301353910e-06    4.3121733301706753e-07 
   1.4865005789594145e-03   -5.0619300586141072e-05    1.1728791106837003e-05   -1.6629998301353910e-06    4.3121733301706753e-07 
   1.4865005789594145e-03   -5.0619300586141072e-05    1.1728791106837003e-05   -1.6629998301353910e-06    4.3121733301706753e-07 
   1.4865005789594145e-03   -5.0619300586141072e-05    1.1728791106837003e-05   -1.6629998301353910e-06    4.3121733301706753e-07 
   1.4865005789594145e-03   -5.0619300586141072e-05    1.1728791106837003e-05   -1.6629998301353910e-06    4.3121733301706753e-07 
   1.4865005789594145e-03   -5.0619300586141072e-05    1.1728791106837003e-05   -1.6629998301353910e-06    4.3121733301706753e-07 
   1.4865005789594145e-03   -5.0619300586141072e-05    1.1728791106837003e-05   -1.6629998301353910e-06    4.3121733301706753e-07 
   1.4865005789594145e-03   -5.0619300586141072e-05    1.1728791106837003e-05   -1.6629998301353910e-06    4.3121733301706753e-07 
  -9.3098055977808899e-04    2.6641872573697661e-05   -8.9586844610107181e-06    2.7123394702840954e-06   -9.2424140731847744e-07 
  -9.3098055977808899e-04    2.6641872573697661e-05   -8.9586844610107181e-06    2.7123394702840954e-06   -9.2424140731847744e-07 
  -9.3098055977808899e-04    2.6641872573697661e-05   -8.9586844610107181e-06    2.7123394702840954e-06   -9.2424140731847744e-07 
  -9.3098055977808899e-04    2.6641872573697661e-05   -8.9586844610107181e-06    2.7123394702840954e-06   -9.2424140731847744e-07 
  -9.3098055977808899e-04    2.6641872573697661e-05   -8.9586844610107181e-06    2.7123394702840954e-06   -9.2424140731847744e-07 
  -9.3098055977808899e-04    2.6641872573697661e-05   -8.9586844610107181e-06    2.7123394702840954e-06   -9.2424140731847744e-07 
2    14 5 
   1.3792472241399649e-03    6.2360615903351690e-04    2.2525627244219943e-04   -8.9677201355162689e-05    3.3453259596949717e-05 
  -1.5691964990361743e-04   -6.8632393315868430e-04   -2.5937170726068025e-04    1.0884462373390418e-04   -4.0526068579791793e-05 
  -3.6796695362684243e-04   -8.9740303127884208e-05    4.5614531683402804e-05   -5.2905807715403915e-05    2.0472093886711129e-05 
   3.7255288754875264e-05   -4.4811375147558934e-05   -3.4825844182079742e-05    2.3576729791372437e-05   -9.9242649475376220e-06 
  -7.6418102940609225e-06    1.1370738194034846e-04    8.2875522453415588e-06   -8.8457216762961110e-06    1.2273116468834244e-07 
  -4.1724433342967076e-05   -8.7551221726949656e-05   -2.7393292878907799e-05    1.9470903449569505e-05   -1.2914785005195347e-05 
  -5.1428943428848288e-06   -9.6061163835458285e-07    1.1612713983587555e-06    1.9882142842829670e-07    1.2249759312427238e-06 
  -2.0386364417850091e-05   -3.7399815791010417e-06   -6.5343755970053583e-06    4.0111182321260753e-05   -6.4014395089150056e-06 
   6.9731818463899262e-04    4.0480498617895570e-04    2.5301099605486214e-04   -9.7049777424458643e-05    3.0722143473858352e-05 
   3.8238838015055453e-04   -3.3142890491668275e-04   -3.1491446258126411e-04    1.5752136236973254e-04   -4.6731117657514357e-05 
  -1.3403880596283164e-04    1.6731678548368394e-04   -8.6895285500346984e-05    3.0895134386720442e-05    1.7374569385290097e-05 
   2.2634286648841779e-05    3.9219130042895521e-06    5.0191466216337185e-07   -1.2262441348299748e-06    1.2243733985838456e-06 
  -2.7899892037472441e-05   -5.5244304824596135e-05   -4.3270989812772788e-06    2.5705572353809586e-05   -2.1806194850483734e-05 
  -2.2934376051918450e-05   -2.2219628212987176e-05   -3.8798194351879896e-07   -3.2732959782188070e-05    3.7544520944131093e-05 
 TENSORSUMACCUMULATOR_IMPL_H - PrettifyOut: Norm of simple tensor is 2.49373e-09 
 As simple full tensor 3    5 5 5 
  -2.5690856239380732e-11    2.1628373888661233e-11    2.5101034455140121e-12   -8.9165250194732631e-13    2.5402887103477785e-13 
   8.7798060632415192e-13   -7.4961862992553501e-13   -8.8867263836564850e-14    3.0820952914919654e-14   -8.8031066115068350e-15 
  -2.0170562720249162e-13    1.6647180010900051e-13    1.8724147099796495e-14   -6.8893889950171939e-15    1.9556502365528669e-15 
   2.7704989660641725e-14   -1.9866262674856020e-14   -1.6883505504072516e-15    8.4636706143667478e-16   -2.3375838359368704e-16 
  -7.0469051845780549e-15    4.5787716600597915e-15    2.8972309207757005e-16   -1.9947670625579531e-16    5.3945153961091392e-17 

   2.3397242103022135e-09    5.8423889233780386e-10    1.5254367705671188e-10   -6.0073865185587891e-11    2.6392921588183307e-11 
  -8.4001965093839347e-11   -2.0391218030735668e-11   -5.3879427317005678e-12    1.9912848743863410e-12   -8.5153703065306017e-13 
   1.7081284471909986e-11    4.4515558816262269e-12    1.1419454450027301e-12   -4.9133211646815836e-13    2.2329463999711625e-13 
  -1.1885155504324649e-12   -4.8973577785034178e-13   -1.0679306186842147e-13    8.5164659321317714e-14   -4.5114690226261310e-14 
   1.1922706480027721e-13    1.0532035184624099e-13    1.9247067838940353e-14   -2.4457817427378032e-14    1.3759453662521676e-14 

  -1.7597737267077528e-12    7.6026062704869463e-13    1.2663948594632765e-13   -3.5458292954515457e-13    1.1541763016756093e-13 
   4.9755577683086600e-14   -2.8373997309778606e-14   -5.2790291826617392e-15    1.2597324550728830e-14   -4.0322925394204431e-15 
  -1.7126522136947430e-14    5.2064718368960564e-15    6.9109672170444366e-16   -2.6310757093602892e-15    8.7815066574143711e-16 
   5.3263434319692712e-15   -3.0026448753724646e-17    1.7747144047829713e-16    2.2406112936197204e-16   -9.5439468372249445e-17 
  -1.8250980075234015e-15   -1.0070779967186691e-16   -8.8218785131833033e-17   -3.5273610783570651e-17    2.0293797286970639e-17 

   5.1356381725264253e-10    3.0037871657643436e-10    1.0181002848429000e-10   -3.8438243048753275e-11    1.4390389672175661e-11 
  -1.7890391684209625e-11   -1.0497772651016348e-11   -3.5914982844113843e-12    1.3436993247724929e-12   -4.9973071212593517e-13 
   3.9239266392372311e-12    2.2842789710692905e-12    7.6358617999234236e-13   -2.9220086469811333e-13    1.1045127933252055e-13 
  -4.4175519834810702e-13   -2.4720282742623697e-13   -7.2760687629255721e-14    3.1520609111953939e-14   -1.2896503224984136e-14 
   9.6989400881732357e-14    5.2352592760690341e-14    1.3427344230971968e-14   -6.6551324270865096e-15    2.9206106283906131e-15 

  -2.7569359293960141e-13   -8.4242566705107664e-14   -4.6826010015738154e-14    5.9370649888506835e-15   -3.0059870315739703e-15 
   8.2351269200831175e-15    2.2662939745942479e-15    1.2949603551890012e-15   -6.6434519350549233e-17    5.5548933592830760e-17 
  -2.5427948231404028e-15   -8.5670582328805808e-16   -4.6496258745793901e-16    9.0111964114960029e-17   -3.8639715435415782e-17 
   6.8910442531980311e-16    2.9313561042681193e-16    1.5130125613246200e-16   -5.1458627781961736e-17    1.8819090222123689e-17 
  -2.2902153930908751e-16   -1.0230925558308305e-16   -5.2311949402305946e-17    1.9269288748980498e-17   -6.9235503802928330e-18 
