2    9 5 
  -4.3486118067826881e-05    9.2256720887236602e-04   -4.1018212094298764e-06    2.3080792644301925e-04    8.6724989586740401e-08 
  -3.3252956257999568e-06    2.0660943037882761e-04   -2.2562206359949900e-07    2.2095911305226154e-05    8.1245628517337336e-08 
  -8.7482766710841721e-07    2.1983816045669148e-04   -4.2127015367114384e-07   -1.2470078000690287e-05    2.0923562665936589e-07 
   1.6674100263384072e-04    2.1786648497012096e-04    2.8490533077648692e-06   -1.3494322068720622e-04   -1.0194042472271789e-06 
   4.1253151027689486e-05    9.8849489341344939e-05    2.2401822262634911e-06   -8.2669601795471126e-05   -2.0559018394953956e-07 
   3.3616490868278802e-05   -2.5647206850063275e-06    1.1727663756483850e-06   -6.1748997328749160e-05    1.5570510976505197e-09 
   2.7669825154954738e-06    6.8379262231072582e-06    5.7388733923862924e-07    4.2958076210540136e-06   -1.3781027958443859e-07 
  -1.9435255619726449e-05    4.3721033136014998e-06   -6.8695746783117819e-06   -1.7353450252462391e-05    4.4432010553276859e-07 
   8.1948140015177236e-06   -4.1622897751965267e-06    3.3822826977734590e-07    1.5877690654049960e-05    1.8883480839078387e-06 
2    9 5 
   8.5438240821677199e-07   -7.5899099638197050e-04    2.6754466438285644e-06   -5.3793973264844677e-04    1.0998552935422491e-06 
   8.5438240821677199e-07   -7.5899099638197050e-04    2.6754466438285644e-06   -5.3793973264844677e-04    1.0998552935422491e-06 
   8.5438240821677199e-07   -7.5899099638197050e-04    2.6754466438285644e-06   -5.3793973264844677e-04    1.0998552935422491e-06 
   8.5438240821677199e-07   -7.5899099638197050e-04    2.6754466438285644e-06   -5.3793973264844677e-04    1.0998552935422491e-06 
   8.5438240821677199e-07   -7.5899099638197050e-04    2.6754466438285644e-06   -5.3793973264844677e-04    1.0998552935422491e-06 
   8.5438240821677199e-07   -7.5899099638197050e-04    2.6754466438285644e-06   -5.3793973264844677e-04    1.0998552935422491e-06 
   8.5438240821677199e-07   -7.5899099638197050e-04    2.6754466438285644e-06   -5.3793973264844677e-04    1.0998552935422491e-06 
   8.5438240821677199e-07   -7.5899099638197050e-04    2.6754466438285644e-06   -5.3793973264844677e-04    1.0998552935422491e-06 
   8.5438240821677199e-07   -7.5899099638197050e-04    2.6754466438285644e-06   -5.3793973264844677e-04    1.0998552935422491e-06 
2    9 5 
  -9.4857786542587781e-04    7.9019523033233515e-05   -1.6030836909806194e-05    3.0428659995427204e-06   -3.6077237404728906e-07 
   2.0681392411620077e-04    1.9599053968781700e-05   -5.5213168660474482e-06    1.8911451680847656e-07   -3.9785171873445212e-07 
   2.1914996019293945e-04    7.4979631044588562e-07   -2.1334111102622839e-05   -1.6759653596928951e-06   -2.9292723030202413e-07 
  -2.9588544385616207e-04    7.7038155126637749e-05   -1.2154583700373709e-06    1.5604026272066191e-06    4.5924405060609639e-07 
   7.9735467593195901e-05   -1.0682301986825601e-04   -2.3242045902036016e-05   -9.1593917546246771e-07   -1.5600478023113194e-06 
   1.6333445264522313e-05    6.5824635432337647e-05    1.8688926459407731e-05    1.7005633012366433e-07    1.4111518775210514e-06 
  -8.0110745157841867e-06    1.0688911622925304e-06   -2.5524077305723992e-06    1.1712250338337936e-06    9.6603441347426108e-08 
   1.2346877017683141e-06   -1.9679187552861041e-05   -1.7714138042143587e-05    6.5015340278616648e-06    7.2086955653810367e-07 
   1.3044934968905695e-05   -1.1262315027623145e-05    5.9192834441733892e-06    2.7460293728347864e-06    8.1993177339064718e-07 
 TENSORSUMACCUMULATOR_IMPL_H - PrettifyOut: Norm of simple tensor is 8.05132e-10 
 As simple full tensor 3    5 5 5 
  -4.3287730397033407e-15    6.3587243942575723e-15    5.0122177959848199e-16   -3.4053196835919748e-18    5.9721270396141990e-17 
   3.8454674755923315e-12   -5.6487756738682752e-12   -4.4526059320415733e-13    3.0251172716010195e-15   -5.3053417400963592e-14 
  -1.3555289984425188e-14    1.9911959417744572e-14    1.5695455748432333e-15   -1.0663551860395915e-17    1.8701353271074955e-16 
   2.7254997168469427e-12   -4.0036059588017694e-12   -3.1558129886772787e-13    2.1440712525873911e-15   -3.7601949573586224e-14 
  -5.5724742181872462e-15    8.1856515512735163e-15    6.4522797078727964e-16   -4.3837031804287648e-18    7.6879807859526268e-17 

  -7.1849022253867161e-13    7.1032464779254030e-14   -1.9949893493521947e-14    2.3511472848987281e-15   -4.5864018738327379e-16 
   6.3827111215165703e-10   -6.3101722015552733e-11    1.7722496852393848e-11   -2.0886427473741841e-12    4.0743321661946542e-13 
  -2.2499085140655310e-12    2.2243385124604356e-13   -6.2471880364885113e-14    7.3624749901603366e-15   -1.4362039038474151e-15 
   4.5237874107177664e-10   -4.4723749863324994e-11    1.2560933218029607e-11   -1.4803389321829845e-12    2.8877090329813339e-13 
  -9.2491988015863958e-13    9.1440825149801186e-14   -2.5681703828910193e-14    3.0266561697947061e-15   -5.9041224757604999e-16 

   2.6469027659812309e-15   -1.1917802743552167e-16    1.4063396853870741e-16   -4.4672689805803852e-17   -2.9542350978516004e-18 
  -2.3513772619351213e-12    1.0587185424254940e-13   -1.2493224916595240e-13    3.9685004069240110e-14    2.6243960770972223e-15 
   8.2886153245658672e-15   -3.7319875790276808e-16    4.4038673492878503e-16   -1.3988981615525988e-16   -9.2510078644108221e-18 
  -1.6665537031014282e-12    7.5037355169850125e-14   -8.8546532219572470e-14    2.8127000953797691e-14    1.8600575379774669e-15 
   3.4073852535566871e-15   -1.5341910494442781e-16    1.8103955940757987e-16   -5.7507614725159684e-17   -3.8030173368410442e-18 

  -1.5773917334374091e-13    1.1277804819421430e-14   -1.9088418124900100e-15    4.4244820648552147e-16   -9.1951804335323825e-17 
   1.4012766554324764e-10   -1.0018642980676046e-11    1.6957204821447750e-12   -3.9304906311069531e-13    8.1685426713374345e-14 
  -4.9395064535988068e-13    3.5315761143596951e-14   -5.9774222546144612e-15    1.3854996986423422e-15   -2.8794149310305707e-16 
   9.9316380956184163e-11   -7.1007774166174968e-12    1.2018527586753923e-12   -2.7857604231853371e-13    5.7895069660816735e-14 
  -2.0305926612322554e-13    1.4518034560268990e-14   -2.4572717694220729e-15    5.6956814342308948e-16   -1.1837050690222970e-16 

   2.4942563604044338e-16   -6.6663111293485626e-17    2.9069800027119903e-18    5.5016179365313829e-18    1.3543416969446726e-18 
  -2.2157737589268232e-13    5.9220204882457699e-14   -2.5824169920889104e-15   -4.8873647668801614e-15   -1.2031300552537605e-15 
   7.8106123722984846e-16   -2.0875148605830692e-16    9.1030314027243670e-18    1.7227982578247765e-17    4.2410388051533581e-18 
  -1.5704438513348005e-13    4.1972699720700253e-14   -1.8303045924565781e-15   -3.4639510990033212e-15   -8.5272613687080253e-16 
   3.2108819599504335e-16   -8.5816111304498830e-17    3.7421853650725484e-18    7.0822895606785300e-18    1.7434580467996459e-18 
