2    3 5 
   9.8478787496865481e-04    8.4429783318559174e-05   -4.4420524185407774e-06   -9.6153751558232670e-06    4.4944116951418690e-06 
  -5.8009212319821881e-04    8.9303970121792762e-05   -2.2592115488710432e-05    2.5428941435134996e-06   -6.5605231115920934e-08 
  -1.5841123476806260e-05    6.1401611644073257e-06    1.5327369951284087e-06   -2.6447178820143826e-07   -8.5762381218991385e-09 
2    3 5 
  -9.3806820349313490e-04   -3.0505980599452285e-04   -6.1721679313787677e-05    1.4902903607156526e-05   -1.6828935104027851e-06 
  -2.6846555085973604e-04    5.1982719317392786e-04    5.0814260308642085e-05   -1.0219239753102623e-05    4.2848686919022420e-06 
  -1.1379650969385541e-05   -1.1236676529629790e-05    3.2040258434161104e-06   -4.7893437479869082e-06    1.4488350316507904e-06 
2    3 5 
   1.5360111200474193e-06   -9.9114811263674571e-04   -5.5550359366724737e-08    5.8505353319935209e-05   -1.7332555984026879e-08 
   1.5360111200474193e-06   -9.9114811263674571e-04   -5.5550359366724737e-08    5.8505353319935209e-05   -1.7332555984026879e-08 
   1.5360111200474193e-06   -9.9114811263674571e-04   -5.5550359366724737e-08    5.8505353319935209e-05   -1.7332555984026879e-08 
 TENSORSUMACCUMULATOR_IMPL_H - PrettifyOut: Norm of simple tensor is 9.78776e-10 
 As simple full tensor 3    5 5 5 
  -1.1794770954419342e-12    7.6108595946196895e-10    4.2656186313675516e-14   -4.4925276452081263e-11    1.3309378116998017e-14 
  -9.2435437579301589e-13    5.9646188951189434e-10    3.3429587251895254e-14   -3.5207869684517016e-11    1.0430539049104058e-14 
  -1.3871788453489322e-13    8.9511050832416415e-11    5.0167790037009974e-15   -5.2836458933040518e-12    1.5653112586923115e-15 
   3.1764967775423919e-14   -2.0497109329264825e-11   -1.1487907555921568e-15    1.2099005265275425e-12   -3.5844016694446061e-16 
  -6.3988117015959540e-15    4.1289871267071026e-12    2.3141517981502967e-16   -2.4372527942248874e-13    7.2205051514037388e-17 

  -1.5858670854516619e-13    1.0233188732316120e-10    5.7353417143217377e-15   -6.0404324514226846e-12    1.7895137400416667e-15 
   3.1637994887450835e-14   -2.0415177019903236e-11   -1.1441987383439234e-15    1.2050642375346028e-12   -3.5700738780600021e-16 
  -1.0038747995481833e-15    6.4777435521759506e-13    3.6305470153353303e-17   -3.8236734793126047e-14    1.1327858201694209e-17 
   4.8572188821271471e-16   -3.1342372882920674e-13   -1.7566295640924417e-17    1.8500732393287403e-14   -5.4809510883321071e-18 
   3.8318183091472787e-16   -2.4725729101238563e-13   -1.3857899941151178e-17    1.4595069079157276e-14   -4.3238752960241643e-18 

   1.5689909453383140e-14   -1.0124291379923113e-11   -5.6743085853434306e-16    5.9761526732933641e-13   -1.7704704766504580e-16 
  -1.5983927100680593e-14    1.0314013337269207e-11    5.7806410575134763e-16   -6.0881414871302226e-13    1.8036478232566308e-16 
  -1.3346704346026174e-15    8.6122819358730333e-13    4.8268805681582052e-17   -5.0836458358248717e-14    1.5060600620691591e-17 
   2.4166671419861074e-16   -1.5594125884823169e-13   -8.7399580937239188e-18    9.2048789981553213e-15   -2.7269996933316025e-18 
  -1.3379895510422449e-16    8.6336993328685503e-14    4.8388842645243892e-18   -5.0962880672173391e-15    1.5098053976827173e-18 

   1.2810651951893426e-14   -8.2663812377695701e-12   -4.6330154148086120e-16    4.8794680515145248e-13   -1.4455711892321534e-16 
   6.5404916977312845e-15   -4.2204095512814634e-12   -2.3653908458217145e-16    2.4912174961992369e-13   -7.3803787638263177e-17 
   1.1087619659219788e-15   -7.1545532160799109e-13   -4.0098749843178653e-17    4.2231797489831137e-14   -1.2511419088365137e-17 
  -2.5807568499415009e-16    1.6652954185090177e-13    9.3333940478218064e-18   -9.8298826986362723e-15    2.9121607258540548e-18 
   4.1002962766896891e-17   -2.6458147749392586e-14   -1.4828859551037878e-18    1.5617678755915470e-15   -4.6268294440880741e-19 

  -6.4487189913275864e-15    4.1611910055584471e-12    2.3322009375310447e-16   -2.4562620551663019e-13    7.2768212081037623e-17 
  -2.1582052557144186e-15    1.3926338409698580e-12    7.8052219790172380e-17   -8.2204197205691519e-14    2.4353478260324300e-17 
  -4.3125631450117983e-16    2.7827850762390797e-13    1.5596529827837587e-17   -1.6426185150642467e-14    4.8663542320748571e-18 
   1.0397458093162664e-16   -6.7092098688319935e-14   -3.7602757300208587e-18    3.9603030956632785e-15   -1.1732631498511007e-18 
  -1.2068672275420557e-17    7.7876010086731805e-15    4.3646759663962757e-19   -4.5968543219543107e-16    1.3618452050017845e-19 
