2    21 5 
  -7.6190314600345669e-04    8.3256412990013990e-05   -2.0272368058704389e-05    3.2162771058375990e-06   -2.8163605729492058e-07 
   1.5965347966480675e-03    6.2047667158208409e-05   -6.1591368730114292e-04   -1.2111203495835938e-05    3.1915516521253376e-05 
  -1.9346984995392352e-03   -9.7854299706263514e-04   -1.2214246537603610e-04    4.3409067376976581e-05   -7.6128881420282858e-06 
   1.3630046793208485e-04    1.2994880981921154e-03    1.0765634638095501e-04    7.3221116417007935e-06    4.9235530443684052e-06 
   5.4657420490659330e-04   -9.2285656642866190e-04    6.2513289391986904e-04   -1.8928808779434766e-04    7.4117247881680685e-06 
   9.6337582809512886e-04    1.3890705583354952e-04    4.8016131696990117e-04   -1.0394902354326780e-04    8.4114492318772000e-06 
   4.7790732382206743e-04   -8.8682231474966557e-05   -7.4948563820833366e-04    7.6974170236257208e-04   -8.7023173251074115e-05 
   7.5106868221317595e-04    2.7755172517124749e-05    1.0140839731302398e-03   -2.0602129811265514e-04    1.7639947805760648e-04 
  -1.6648754869539180e-04    9.9215590123196584e-05    2.0276746949253056e-04    6.2815799365211714e-04   -2.9143047273668744e-04 
   1.6831988956715214e-04    6.7575190821230738e-04   -4.4327798134580909e-04    3.6744247716997009e-04   -6.6276067132539965e-05 
   5.8160370641133696e-05   -4.2770510614683374e-04    3.6818341580482108e-04    1.0329020470771356e-03   -3.0735900693550783e-04 
  -1.4887816892323127e-04    9.6171099772062897e-05    6.1995611255883753e-04    2.6127903646583730e-04    1.7372378999726449e-04 
  -1.6855569710220189e-04    4.2994113983900440e-04    3.7177225605870232e-04   -1.5764562310706021e-04    1.6210236688318303e-04 
   3.3144062590354916e-04   -1.4920381987930926e-04   -1.2269620654559393e-04   -2.5180816288135040e-04    1.9471512371783202e-04 
   1.2904670168194753e-05   -6.1745852054700341e-05    2.0609489808288398e-04    4.5696644035399166e-05    7.5717526973799226e-05 
   1.0285971242088098e-05    5.8563571765964220e-05    1.6656394928767348e-04    1.0083306204639234e-04    6.0264734040257862e-04 
   4.3711333405910900e-05    2.3386558436308435e-04    5.3726223399503629e-05   -3.5312196035709644e-04   -4.0345654093067971e-04 
  -5.3297349770088531e-05    1.1572727273583974e-05    4.9966062138647169e-05    2.0710308636665977e-04    2.0947538221204536e-04 
  -8.9592776294013818e-06    1.8211727167945784e-05    2.6758108247691291e-05   -1.1006887546134657e-04   -2.4768263001260051e-04 
  -2.4849712447126644e-04    1.4879395789451174e-04   -6.3107601576466597e-05   -6.7799188399082392e-05   -5.1872064440626257e-05 
   3.0303103025288432e-05   -2.1750068720898662e-05   -2.8837355415859241e-06    1.1894602219991971e-05    2.2650414016053315e-04 
2    21 5 
   1.3407598146726902e+00    1.2039775166069239e-01   -1.6055284692709337e-02    5.4215880753535201e-03   -1.4627149518115345e-03 
  -9.1511611737909084e-03    1.6752158576298533e-03    2.4283930176842087e-03   -3.4265285341932852e-04    2.2462797351063596e-05 
  -1.4335727463406982e-02    9.6466593992627359e-02   -1.0495036415961820e-02    2.3932954459651087e-03   -6.5706641005384633e-04 
   6.3364505346328384e-02    2.6197840846801927e-02   -4.7386786003914671e-03    1.1437128335229519e-03   -3.1182493727892422e-04 
  -5.0000974252016286e-02   -1.0210758520889258e-01   -1.2890839476309373e-02   -1.5193582793957081e-03    1.3850801788378754e-03 
  -7.7755230897291316e-03   -1.6162716417960796e-01   -5.9378905722415228e-03   -1.6618341532742553e-04    4.7718374358393656e-04 
  -1.0011124461389146e-03   -6.3742703367138153e-03   -2.9841093856693072e-03   -1.3208739321490426e-03    1.2846369219882033e-03 
   9.3758024725644571e-04   -1.3660777258493054e-03    1.3501750975827100e-02   -3.5970452685867675e-03    4.1782050327729414e-04 
  -2.5896814020719274e-04   -2.6534846512337846e-03    1.6476636514353375e-02   -5.7269977975036397e-03    1.6384805399982986e-03 
   3.2128719910140432e-04   -3.7834913046491526e-03    2.5457741161326996e-03   -6.4586149943969499e-03    4.1664872820034683e-03 
  -9.6077401733711942e-03   -1.1379397110054524e-03   -4.6314090058395783e-03    6.3289898597272904e-04    4.9630144612657339e-04 
   9.3558022137478280e-05   -6.6083115508092766e-04    2.5776653408117489e-04   -2.1388135474433414e-03   -5.2592891852223534e-03 
  -3.0318891651464480e-04   -1.9405708293461876e-03    1.4122761511814101e-03    6.4321724883618352e-03   -3.7903735880771474e-03 
   1.6779544080920399e-04   -1.3199255073687069e-03    2.0555326218640187e-03    3.0141215897301781e-03   -4.2044198428577064e-03 
  -3.3841236547556952e-04   -1.4404727729101200e-03   -6.1805440305927274e-04    4.0432949847942256e-03    2.8362424471110358e-03 
  -3.0066218041059751e-03   -1.3222861861513025e-03   -2.2857450771643860e-03   -3.5739339357760466e-03    4.3802667098832310e-03 
   1.8421073378870529e-03    1.1702932200364927e-03   -2.5129407925446052e-04    1.5189857543935117e-03    1.9857408152472392e-03 
  -1.4629656396696130e-03   -6.2782667730337859e-04    1.5863212297710996e-04    3.1245671055874420e-03   -7.9655631145391487e-04 
   2.2562993454180139e-03   -2.2290506878695987e-04    4.3396846182180808e-03   -9.2284002881035424e-04    2.9184847364867369e-03 
  -2.1200725168718206e-05    1.9930967913777049e-04   -7.6655897806005837e-04   -6.6626121963684790e-04    3.2012566383212713e-03 
  -3.5120789877404858e-03    7.5532141880858535e-04   -1.8318660545185970e-03   -1.0871987928585884e-03   -5.8293351092289622e-04 
2    21 5 
   6.0711072348930660e-02    6.4086298896105717e-02    1.1206902801298942e-02   -3.7060472169697625e-03    1.0338686272181328e-03 
  -7.5975636186827351e-03   -4.2222726417306136e-02   -5.4093691861830433e-02    6.2217613755064044e-02   -1.7989394784531484e-02 
   2.5013698943872311e-02   -6.8356564521857968e-02   -1.0918135956714741e-02    1.9962824357124846e-03   -5.7535825041244749e-04 
   1.0633271872317622e-01   -6.1965114562507910e-02   -9.4843973477404444e-03    5.0423224478814014e-03   -1.3761433680469920e-03 
  -1.2351498669833863e-02   -2.7704967829829747e-02    9.4582881574731595e-04   -4.7533800071592408e-03    1.3264317739239103e-03 
   2.5198098506271707e-02    4.4804366751609440e-02    7.4281820921829559e-03    2.0233827254356601e-03   -6.9797440371403147e-04 
   1.1398545962490020e-03   -4.7040651404975740e-03    2.5676624441733197e-03    1.1958110122676616e-02   -3.3280455737424476e-03 
   1.4940076620724491e-03    3.6244710477458295e-04   -6.0310773901798009e-03    6.5840298079021201e-03   -1.5037503196874552e-03 
   2.8314340031160038e-03    7.2142144607438303e-03   -4.1406108254425401e-03    3.7984654143624116e-03   -4.0677696721977408e-04 
   8.0460416286505330e-03    2.2844742824049717e-03    7.5418513126106167e-03   -1.4275388420858841e-02    5.6953026950637923e-03 
  -4.7265493563378603e-04    1.4633606823133802e-03   -9.1284938891424451e-03   -3.7075247383301316e-03    3.1708470123814727e-03 
   1.3428409554897551e-03   -3.9480696627835197e-04   -5.4008936142056849e-04   -2.5544047955072462e-03   -4.9670284897892093e-04 
   1.7463306198742495e-03   -8.8091341059365108e-04   -3.8497217997836277e-03   -6.6240286770388431e-04   -1.6666367142201884e-03 
   2.0132080614968864e-03   -1.7727038819505604e-03    1.9645711472173659e-03    2.7703892689589765e-03   -5.6072805402265996e-03 
  -5.1376768308113796e-03    2.7858638383637664e-03   -5.0757466181008438e-04   -3.3059707949575196e-03   -1.0780005895238394e-03 
   3.0917659073223312e-03   -2.2324325982331114e-04   -1.4778460187869860e-03   -5.7473860262051099e-05   -2.0361246078959578e-03 
  -6.9099102033298330e-04    2.5173405114674785e-04    3.8289220158297559e-04    1.2325273636369556e-03   -5.5778401922115047e-04 
  -4.9697615854164302e-04    3.9242642718063106e-04    1.2941191404551014e-03   -9.5531454720326975e-04   -3.0494380621089107e-03 
  -7.2158758030085879e-04    4.2354956408397111e-04   -1.8673912489965245e-03   -2.4389744378021340e-05    1.5308817849080628e-03 
   1.9357339980310517e-05    3.0749631772106743e-05   -2.7534825913000795e-04   -8.6363954087908005e-04   -2.2924254024633082e-03 
  -3.7534442331393984e-04    1.0034658512936059e-04    8.5329511079398229e-04   -1.6288762067212539e-03   -3.0701999302775651e-03 
 TENSORSUMACCUMULATOR_IMPL_H - PrettifyOut: Norm of simple tensor is 9.29681e-05 
 As simple full tensor 3    5 5 5 
  -6.0144807709331709e-05   -6.6856650923308972e-05   -1.1124183207222885e-05    3.0912371048237532e-06   -8.5343359363682462e-07 
  -1.3121386430509919e-05    1.1305587892473291e-06   -3.8799780695124708e-07    6.8272558230874225e-08    3.6555625323419382e-09 
   1.1055667743567114e-06   -7.9863636166174909e-07   -3.8285365079818447e-07    2.9134529820416270e-07   -8.4687478764950289e-08 
  -3.5025661913654667e-07    8.6669635823470192e-08    3.8303903580177284e-08   -2.7240384329636849e-08    3.0019700160236735e-09 
   1.0216589566433108e-07   -1.6139913682063348e-08    1.6786848751537354e-09   -9.6153366682215111e-09    1.0087835615697045e-08 

   1.5289228870829910e-05   -2.0399059352818441e-07    3.4834050414014185e-07   -2.4418974983839999e-07    8.0475960053427291e-08 
   1.1393474721634066e-07    1.3555848202245120e-06    7.1964854262931104e-07   -4.9928599254143419e-07    1.4210739043056892e-07 
  -6.2968710794255879e-07   -7.6134188314170164e-07   -8.8064688913120941e-08   -7.5973845345983402e-08    3.0011861026216884e-08 
   7.6528912222069098e-08    4.0772769949178807e-08   -1.9073171752745087e-08    5.3740026627259507e-08   -2.5165656267980622e-08 
   5.2322039727492831e-09    1.9641837564324709e-08    2.4238022137094369e-08   -2.9264135340221070e-08    1.1788412540567510e-08 

  -6.3059480242588799e-07   -1.8325723643645820e-06   -7.2200766502877423e-07    6.6080851341670776e-07   -1.9308254901795031e-07 
  -1.2874358104035354e-06   -1.2148079972446006e-06   -4.6338535026052662e-07    1.0859797419076258e-07   -1.5584455155391918e-08 
   6.0846456712959967e-08    1.3668575178018665e-07   -3.9212639288747651e-08    8.9184599178241873e-08   -2.1310922336643037e-08 
   1.7953905729641909e-08    1.3261825132375487e-08    2.8210549844932986e-08   -4.2426066646117195e-08    1.2986869865305515e-08 
  -2.5711258483058983e-08   -8.3984859666694417e-09   -1.2231674948541283e-08    2.2650451855843882e-08   -6.6400036408152526e-09 

   2.0217380101426085e-07    4.7247737828478690e-08    1.5098378898609924e-07   -2.7920927702332964e-08   -1.1888766198115565e-08 
   3.1413667865293011e-07   -5.0001604863641741e-08    9.3267945162701540e-08   -8.9199894637068042e-08    1.5664278820138380e-08 
  -1.8951947356094775e-09    7.1769285194160969e-08    3.3049687490529926e-08   -1.6430133671632685e-08    4.1739914242111956e-09 
  -3.4373184919376250e-08   -3.6021883789748429e-08   -1.3320357883553339e-08    7.7281507877666025e-09   -2.2933871938023886e-09 
   1.9563112899550400e-08    1.1849430324580898e-08    5.3167186417513014e-09   -2.4167363462939200e-09    1.0341562903696154e-10 

   1.3018920530073213e-08   -2.7167172949145604e-08   -1.9004654351917377e-08   -2.0623363351817767e-08    1.9139541628975301e-08 
  -3.0551717152655904e-08    2.3202975999212549e-09   -7.2219272878745994e-09    6.0592844120372923e-09    3.9419941526561783e-09 
  -1.4554382745568846e-08   -4.1099897543753192e-08   -9.6719409797719862e-09    4.7159274033154357e-09   -8.4847438531712870e-10 
   1.9799099651523090e-09    1.3170214839225448e-08    3.2473795864415336e-09   -2.5036997235668731e-09    4.8167786958756005e-10 
   7.5132566364358587e-10   -2.3310025012563507e-09   -1.4786232579203611e-09    1.0060634321799531e-09   -5.0625170938083107e-10 
