2    41 5 
  -8.9034605600265095e-04    4.2456677255776659e-04   -1.5917739822126819e-05    1.8114758668353851e-05   -1.0842093005641749e-05 
  -1.2328544372047421e-04   -1.2845015045387948e-03   -1.5101440213691773e-06    1.4099272264828211e-05   -1.6068767589744318e-06 
  -4.0884005015616025e-04   -1.2053349942732047e-03   -6.7935622566421475e-06   -3.0057030454424813e-05   -5.0542142863816461e-06 
  -3.7630723521457771e-03    5.4877236943721250e-06    4.7533204237918742e-04   -1.3973028533593726e-06    1.2348120019038913e-05 
   8.3572056481040126e-06   -6.6590324723544243e-04    4.9440620845002707e-07   -9.3976283717710752e-05    1.1108500794508507e-07 
  -1.2898367437992981e-03    2.1528595924905787e-06   -1.2018927889162630e-03    3.1375153437119573e-06   -4.6008315539349780e-05 
   8.4347132681380162e-05   -1.6842158300518558e-07    8.8820160060674898e-07    4.4360712822070367e-08    6.6566594331616559e-07 
   3.2774174060632001e-06   -3.7478920361629238e-04    2.8737948438011326e-06    1.1482919083145487e-04    5.2013167832226164e-08 
   1.7965618937716697e-05   -4.7990988033149434e-09    5.5273494293891419e-05   -1.8669235035572304e-07   -1.2057641883441374e-05 
  -1.1888808412122568e-03    1.7337560778987712e-06    1.5017334388393302e-04   -4.4145486354598366e-07    3.9011855053102600e-06 
   1.0438690371157672e-05   -8.3175622423701417e-04    6.1754533092753678e-07   -1.1738245644150263e-04    1.3875235953771293e-07 
  -8.0653346569677911e-04    1.3461806826617766e-06   -7.5154220958636075e-04    1.9618848168234386e-06   -2.8768947978269678e-05 
   5.9010287001136309e-04   -1.1782980208544392e-06    6.2139671735685704e-06    3.1035297964351934e-07    4.6570804618045399e-06 
  -3.3759902500791958e-06    3.8606150528851816e-04   -2.9602281831578830e-06   -1.1828283695396947e-04   -5.3577535516982694e-08 
   7.2172271235464847e-05   -1.9279149898448259e-08    2.2204710208651747e-04   -7.4998868639992052e-07   -4.8438487061800728e-05 
  -4.0807467441972877e-03    3.2886583397320848e-06   -7.1256266317158806e-05    9.0306787288514190e-08   -2.8352767877140928e-06 
   3.2205112684537718e-06   -4.3999015578701124e-04   -6.1302246460236130e-07   -3.1509187402384016e-05   -1.1840148364502855e-07 
  -6.4794672778809458e-06    5.9332546912089974e-06    4.2819743908139099e-04    7.4866453281296683e-08    1.7569846069904831e-05 
   4.7522700149676263e-05    2.2198932416320737e-07    7.5810285978147078e-07    6.3999669633689390e-08   -9.9919210661190177e-08 
  -1.6939807312096490e-06    1.9535529477558575e-04   -3.8864302511086747e-06   -6.3424130546913243e-06   -1.6188243693382639e-07 
   6.5535528433344395e-07    3.9756786457739709e-08   -8.9539249578578874e-06    2.1375809838692605e-08   -2.5383413520060981e-07 
  -1.4462110838129776e-03    1.1654960329399426e-06   -2.5253123655747815e-05    3.2004602320862883e-08   -1.0048182288941228e-06 
  -1.8890616300117354e-06    2.5808589121291561e-04    3.5958179297771683e-07    1.8482406038365084e-05    6.9450991176836522e-08 
  -2.2758144828293707e-06    2.0839656066578327e-06    1.5039784778272356e-04    2.6295704777656579e-08    6.1711416127483077e-06 
  -2.9693575040290286e-04   -1.3870543202348800e-06   -4.7368487237215865e-06   -3.9988868200593807e-07    6.2432449553370648e-07 
  -1.5660228608310543e-06    1.8059878248112988e-04   -3.5928617770731414e-06   -5.8633275181278862e-06   -1.4965435694441714e-07 
  -8.6866217511657548e-06   -5.2696937715472685e-07    1.1868273767921615e-04   -2.8333268859261167e-07    3.3645278717247435e-06 
   1.1314279770330180e-06    4.5041221852687779e-03   -1.1178470013993284e-06   -7.4105718646143640e-04   -3.8778359812039312e-06 
   1.5548479488170779e-03   -1.4760476522351053e-05    1.3723109509594945e-04    1.5946740116271119e-06    6.5734446518442673e-06 
   2.6559659031459931e-06   -3.0271693135427939e-03   -4.1208174919017262e-07    5.3054338958195170e-06    1.8326811703119027e-06 
   1.0410738023018623e-03   -5.4618742506757829e-06   -3.0540137282612262e-05    8.8040424267040575e-06   -1.5084017580310177e-04 
  -2.1486178664361162e-05   -8.0448746332661058e-04   -7.8521303038865107e-07   -1.5101138881461896e-03   -4.2967827814051123e-06 
  -9.2098729268336621e-04   -3.3775207599271969e-05   -4.0749848941733945e-04    1.6483843369708117e-05   -8.2877130161315807e-05 
   3.0976212529039036e-04   -8.5866683232534494e-05   -2.4807124685728238e-04   -1.2916185373603335e-05    1.2028766675150170e-04 
  -3.5482268757999962e-07   -1.4125200820618653e-03    3.5056361111015590e-07    2.3240003596185281e-04    1.2161129234698516e-06 
  -8.7863994054692047e-04    8.3411012786874852e-06   -7.7548882723888258e-05   -9.0114552991097888e-07   -3.7146339759325283e-06 
  -1.7314783791372101e-06    1.9734734584425360e-03    2.6864450267026117e-07   -3.4587206378184598e-06   -1.1947622589914367e-06 
   5.4021529470530359e-04   -2.8341775592164943e-06   -1.5847338801522450e-05    4.5684353632028989e-06   -7.8271271301518465e-05 
   4.1785499361147236e-06    1.5645364822663098e-04    1.5270523014914623e-07    2.9368117939490438e-04    8.3562189895217474e-07 
   2.3749319184705086e-04    8.7095467242299998e-06    1.0508083845826498e-04   -4.2506564497461840e-06    2.1371363459084423e-05 
  -2.6838600408488604e-04    7.4397139337801252e-05    2.1493541410192154e-04    1.1190920701461854e-05   -1.0422037939552925e-04 
2    41 5 
   9.9630475818175430e-04    1.6329847214328845e-04    2.6544546138361060e-06   -3.8495655094095850e-06    3.4612475054828306e-06 
   9.9630475818175430e-04    1.6329847214328845e-04    2.6544546138361060e-06   -3.8495655094095850e-06    3.4612475054828306e-06 
   9.9630475818175430e-04    1.6329847214328845e-04    2.6544546138361060e-06   -3.8495655094095850e-06    3.4612475054828306e-06 
   4.0396383598945585e-03    4.7606725677529839e-04   -3.5860984158178352e-05   -4.4126590962547875e-06    1.1907569836838805e-05 
   4.0396383598945585e-03    4.7606725677529839e-04   -3.5860984158178352e-05   -4.4126590962547875e-06    1.1907569836838805e-05 
   4.0396383598945585e-03    4.7606725677529839e-04   -3.5860984158178352e-05   -4.4126590962547875e-06    1.1907569836838805e-05 
   4.0396383598945585e-03    4.7606725677529839e-04   -3.5860984158178352e-05   -4.4126590962547875e-06    1.1907569836838805e-05 
   4.0396383598945585e-03    4.7606725677529839e-04   -3.5860984158178352e-05   -4.4126590962547875e-06    1.1907569836838805e-05 
   4.0396383598945585e-03    4.7606725677529839e-04   -3.5860984158178352e-05   -4.4126590962547875e-06    1.1907569836838805e-05 
   1.5780109684393915e-03    3.0031838399349747e-04    1.4543716698607657e-05   -8.7769586566292387e-06    6.2894151878609950e-06 
   1.5780109684393915e-03    3.0031838399349747e-04    1.4543716698607657e-05   -8.7769586566292387e-06    6.2894151878609950e-06 
   1.5780109684393915e-03    3.0031838399349747e-04    1.4543716698607657e-05   -8.7769586566292387e-06    6.2894151878609950e-06 
   1.5780109684393915e-03    3.0031838399349747e-04    1.4543716698607657e-05   -8.7769586566292387e-06    6.2894151878609950e-06 
   1.5780109684393915e-03    3.0031838399349747e-04    1.4543716698607657e-05   -8.7769586566292387e-06    6.2894151878609950e-06 
   1.5780109684393915e-03    3.0031838399349747e-04    1.4543716698607657e-05   -8.7769586566292387e-06    6.2894151878609950e-06 
  -3.9744631241996837e-03   -9.2582960408354109e-04   -6.9196546348809475e-05    3.0846288539832756e-05   -1.6696901044483208e-05 
  -3.9744631241996837e-03   -9.2582960408354109e-04   -6.9196546348809475e-05    3.0846288539832756e-05   -1.6696901044483208e-05 
  -3.9744631241996837e-03   -9.2582960408354109e-04   -6.9196546348809475e-05    3.0846288539832756e-05   -1.6696901044483208e-05 
  -3.9744631241996837e-03   -9.2582960408354109e-04   -6.9196546348809475e-05    3.0846288539832756e-05   -1.6696901044483208e-05 
  -3.9744631241996837e-03   -9.2582960408354109e-04   -6.9196546348809475e-05    3.0846288539832756e-05   -1.6696901044483208e-05 
  -3.9744631241996837e-03   -9.2582960408354109e-04   -6.9196546348809475e-05    3.0846288539832756e-05   -1.6696901044483208e-05 
   1.4233480543279862e-03    2.6299563060175996e-04   -1.0261809164146867e-05   -3.2715394656043838e-07    3.3652293211048469e-06 
   1.4233480543279862e-03    2.6299563060175996e-04   -1.0261809164146867e-05   -3.2715394656043838e-07    3.3652293211048469e-06 
   1.4233480543279862e-03    2.6299563060175996e-04   -1.0261809164146867e-05   -3.2715394656043838e-07    3.3652293211048469e-06 
   1.4233480543279862e-03    2.6299563060175996e-04   -1.0261809164146867e-05   -3.2715394656043838e-07    3.3652293211048469e-06 
   1.4233480543279862e-03    2.6299563060175996e-04   -1.0261809164146867e-05   -3.2715394656043838e-07    3.3652293211048469e-06 
   1.4233480543279862e-03    2.6299563060175996e-04   -1.0261809164146867e-05   -3.2715394656043838e-07    3.3652293211048469e-06 
  -3.8346234418733297e-03   -6.9207915689549200e-04   -2.5834128312173285e-05    1.8504516790021578e-05   -1.3516870143258202e-05 
  -3.8346234418733297e-03   -6.9207915689549200e-04   -2.5834128312173285e-05    1.8504516790021578e-05   -1.3516870143258202e-05 
  -3.8346234418733297e-03   -6.9207915689549200e-04   -2.5834128312173285e-05    1.8504516790021578e-05   -1.3516870143258202e-05 
  -3.8346234418733297e-03   -6.9207915689549200e-04   -2.5834128312173285e-05    1.8504516790021578e-05   -1.3516870143258202e-05 
  -3.8346234418733297e-03   -6.9207915689549200e-04   -2.5834128312173285e-05    1.8504516790021578e-05   -1.3516870143258202e-05 
  -3.8346234418733297e-03   -6.9207915689549200e-04   -2.5834128312173285e-05    1.8504516790021578e-05   -1.3516870143258202e-05 
  -3.8346234418733297e-03   -6.9207915689549200e-04   -2.5834128312173285e-05    1.8504516790021578e-05   -1.3516870143258202e-05 
  -1.5499995568602654e-03   -3.4162487748132556e-04   -2.7066794472721248e-05    1.1891512005725003e-05   -6.3590319314010264e-06 
  -1.5499995568602654e-03   -3.4162487748132556e-04   -2.7066794472721248e-05    1.1891512005725003e-05   -6.3590319314010264e-06 
  -1.5499995568602654e-03   -3.4162487748132556e-04   -2.7066794472721248e-05    1.1891512005725003e-05   -6.3590319314010264e-06 
  -1.5499995568602654e-03   -3.4162487748132556e-04   -2.7066794472721248e-05    1.1891512005725003e-05   -6.3590319314010264e-06 
  -1.5499995568602654e-03   -3.4162487748132556e-04   -2.7066794472721248e-05    1.1891512005725003e-05   -6.3590319314010264e-06 
  -1.5499995568602654e-03   -3.4162487748132556e-04   -2.7066794472721248e-05    1.1891512005725003e-05   -6.3590319314010264e-06 
  -1.5499995568602654e-03   -3.4162487748132556e-04   -2.7066794472721248e-05    1.1891512005725003e-05   -6.3590319314010264e-06 
2    41 5 
  -9.0987849604010085e-04   -3.5903541408693510e-04    1.0754276440463073e-04    5.1430432254563191e-05    5.1732697982422577e-05 
   1.5175978095030180e-04   -1.2809951990117681e-03   -1.8147108552637044e-05   -3.1099041486286874e-05   -8.4183684044878358e-06 
  -4.8266989800217557e-04    1.1719973689763054e-03    5.7314237535827156e-05   -1.0194596327592983e-04    2.7051674695318677e-05 
   3.7921710109824112e-03   -3.9705155402125354e-06    7.8676579345850255e-05   -2.5962363146376825e-07    8.4739931510396013e-06 
   2.0621121012095931e-06   -6.6214594873307512e-04    3.3640777637642309e-07   -1.1784376519760758e-04   -1.8645065801650527e-08 
   1.7515552231910465e-03   -1.5332105403400813e-06    2.0548181023593819e-04   -2.9584462708238029e-07    1.3617383196994273e-05 
   8.7657326216278431e-06    8.6986608653361078e-07   -8.3632575651055444e-05    1.7853120810959533e-07   -6.6080874449473734e-06 
   3.0737652634106784e-06    3.9194263381952762e-04   -1.9141997380592744e-06   -6.2889333634124856e-06   -4.4716879728658426e-08 
  -5.1720286289688611e-05   -1.3017701323955318e-07    2.9092758012609680e-05   -9.9712796637114124e-08   -1.3931147699444169e-06 
   1.1980740840623763e-03   -1.2544191059208611e-06    2.4856571727370762e-05   -8.2023817904330483e-08    2.6772188156547541e-06 
   2.5757113850641948e-06   -8.2706311539780238e-04    4.2019507044676067e-07   -1.4719448448038500e-04   -2.3288893088019922e-08 
   1.0952455117369398e-03   -9.5871482704150136e-07    1.2848754491136350e-04   -1.8499131268790363e-07    8.5149344026609928e-06 
   6.1326138937224398e-05    6.0856896716105095e-06   -5.8510374151728335e-04    1.2490261961841987e-06   -4.6230989040014102e-05 
   3.1662129886505086e-06    4.0373084853860384e-04   -1.9717719325091195e-06   -6.4780816990232651e-06   -4.6061801496090473e-08 
  -2.0777299927244864e-04   -5.2295279893884877e-07    1.1687270166160308e-04   -4.0057061376451377e-07   -5.5964816679641278e-06 
  -4.0795308942804635e-03   -1.7710788252124497e-06   -1.2190476165560387e-04    6.3963073977247867e-08   -1.2412851208447407e-05 
   2.8109440521303450e-06    4.2085215581567345e-04    5.5226622206416421e-06    1.3206047869744749e-04    1.3890843862962735e-07 
  -1.4223700149122963e-05    2.9819312987008114e-06    4.2784696891436921e-04   -4.5808652869091847e-07    2.1782899864806939e-05 
  -1.3436334126269905e-06    1.7565153660213174e-07    4.7437851029184521e-05    2.9298468408788846e-08    2.6188424258191476e-06 
  -1.0880875727351537e-07    1.5869175426360370e-04   -3.8930936938491183e-06   -1.1412123229015430e-04   -1.4480473776579479e-07 
   8.9446486929929453e-06    1.6079389764802084e-07    3.2920380785410319e-07   -1.3618069249325258e-07   -7.1359424638098496e-07 
  -1.4457801882597401e-03   -6.2766792155648681e-07   -4.3202881366408612e-05    2.2668426231591968e-08   -4.3990975487279756e-06 
   1.6488209822468949e-06    2.4686007692213756e-04    3.2394388427457489e-06    7.7462974774221381e-05    8.1479796102702454e-08 
  -4.9958586733356904e-06    1.0473580844450086e-06    1.5027475045886944e-04   -1.6089593660619140e-07    7.6509127779039078e-06 
  -8.3954151255760771e-06    1.0975222507581412e-06    2.9640558824492593e-04    1.8306541242856385e-07    1.6363294561301656e-05 
  -1.0058969279258810e-07    1.4670468820783227e-04   -3.5990218847243783e-06   -1.0550088048815864e-04   -1.3386665238863071e-07 
   1.1855978238142323e-04    2.1312955005537889e-06    4.3635399396841493e-06   -1.8050516929971369e-06   -9.4585691918612734e-06 
   4.1938919441754419e-05   -4.5606233413462809e-03   -7.6748421997606534e-06   -1.8760834028647762e-04    2.3154982653757505e-07 
  -1.4745064156236216e-04   -5.1368736906689688e-05    1.3391399639046857e-03   -9.1971483368682287e-06    7.8669388769466971e-04 
  -1.6832408861535737e-05   -2.6823926506864761e-03   -1.2608326708379775e-05    1.4028904647979891e-03   -4.3005350927902830e-06 
   1.0183356049544917e-03    3.9706899005664368e-05    2.6227333824207664e-04    9.1255632358978626e-06   -1.3146927036317839e-05 
  -1.0231035127335454e-05    1.6839364211485971e-03   -3.4731848687616078e-06    3.0391760640831431e-04   -4.9954823967494054e-07 
   5.8695229059277756e-04    5.4614105907047158e-06   -8.2205727218617871e-04   -1.8851133629344791e-06   -4.7214211438041648e-05 
  -4.0131004634143703e-04    4.8286145788979252e-06   -1.3326873515377683e-04   -3.0714531568725545e-06    2.5649508395444122e-05 
   1.3152299936534214e-05   -1.4302391878801329e-03   -2.4068771422929028e-06   -5.8835115326946250e-05    7.2615432381470510e-08 
  -8.3323917965435045e-05   -2.9028320084933358e-05    7.5674400134391744e-04   -5.1972811065256162e-06    4.4455837063588641e-04 
  -1.0973390877505051e-05   -1.7487065152149604e-03   -8.2196255105530240e-06    9.1457292626318334e-04   -2.8036065986641938e-06 
   5.2841639826403533e-04    2.0603989938802761e-05    1.3609416392816454e-04    4.7352731592443334e-06   -6.8219669419116475e-06 
  -1.9896926226637684e-06    3.2748552150331560e-04   -6.7545172355616462e-07    5.9104734940514366e-05   -9.7150233067840342e-08 
   1.5135623918183737e-04    1.4083232673001418e-06   -2.1198230095417414e-04   -4.8611049589232110e-07   -1.2175036359396413e-05 
  -3.4770551640465533e-04    4.1836379153247055e-06   -1.1546751644939963e-04   -2.6611873182822157e-06    2.2223404680418960e-05 
 TENSORSUMACCUMULATOR_IMPL_H - PrettifyOut: Norm of simple tensor is 1.5062e-07 
 As simple full tensor 3    5 5 5 
  -1.3397741129366788e-07    2.9411658120516910e-10   -1.5993044114156361e-08    1.5838440682578321e-11   -4.7268928034110559e-09 
  -2.3538696635328393e-08    4.5566338775694154e-11   -2.8141835444167159e-09    2.2894700374719017e-12   -8.2572010645067717e-10 
  -6.2879007581671407e-10    1.4084579327391853e-13   -8.3720344436519069e-11   -3.8308445418276101e-14   -2.4086631875293335e-11 
   6.1091176272265433e-10   -9.4802640023470371e-13    7.1984352870405709e-11   -3.8370662411754708e-14    2.0868271579086860e-11 
  -4.8405731848041466e-10    9.4550300697054285e-13   -5.6132572617114538e-11    4.7959176439463305e-14   -1.6347690425092538e-11 

  -7.3971946868991457e-10    5.8305522969930174e-08   -5.7214921054926026e-11    1.8541413508962282e-08   -7.5952388121631686e-12 
  -1.3182227816111708e-10    1.0578512387970900e-08   -9.3805666922711184e-12    3.2241338095374728e-09   -1.3760674128782386e-12 
  -4.5955848350276865e-12    4.0492140045951213e-10   -1.3955284740307099e-13    9.1392434050239309e-11   -5.1808291772891206e-14 
   3.4219683717705775e-12   -2.8512573115687550e-10    2.0820657231936039e-13   -8.0780510271296450e-11    3.6603244265612616e-14 
  -2.5549558979678506e-12    2.0694839263180732e-10   -1.8669169597441040e-13    6.3762992040498107e-11   -2.6622172638885877e-14 

  -2.5370502956871412e-09    2.1528580386026335e-11   -3.6021591209003018e-09    2.5405246259416910e-12   -5.2063837459143117e-10 
  -4.4684229287392023e-10    3.4451073464141839e-12   -6.3174840758450333e-10    3.9212984892410468e-13   -9.1143740500395023e-11 
  -1.2639951336568859e-11    3.8122110890363365e-14   -1.8213498723664288e-11   -1.3784293977451751e-15   -2.6710792795842745e-12 
   1.1830993905723579e-11   -7.6369787642250791e-14    1.6237533349659932e-11   -7.3090781573541238e-15    2.3163326435919732e-12 
  -9.5249114569996489e-12    7.0024740314575167e-14   -1.2720256893092010e-11    7.9296604634268184e-15   -1.8116079357679135e-12 

  -2.5741894492224972e-11   -2.2852400783122163e-09   -9.7478832524130924e-12    1.2875645147696587e-09   -1.9060440334731480e-12 
  -4.6576063544216894e-12   -4.2059277563451417e-10   -1.7268206419771071e-12    2.3068092217629597e-10   -3.4201248569307130e-13 
  -1.8022902807288901e-13   -1.7368712534174134e-11   -5.6575558548512092e-14    8.1740828902146722e-12   -1.2177992916823024e-14 
   1.2501694403771704e-13    1.1373378493687273e-11    4.4058014980151226e-14   -6.0991608991814060e-12    8.9709709417688665e-15 
  -8.9900238176687925e-14   -8.0283815414630177e-12   -3.3431999269011403e-14    4.5327864424370058e-12   -6.6438399871495682e-15 

   7.7714127324232181e-10    4.4453207755923380e-12   -1.5849453793318462e-10    6.0366187486476642e-13   -5.3164295854758683e-11 
   1.4593495878866671e-10    8.9187597694802946e-13   -2.7781710990978764e-11    1.8482001375298089e-13   -9.3163359664091998e-12 
   6.7217143177262217e-12    5.3430728427529309e-14   -8.0583610157199314e-13    2.4064346871585126e-14   -2.8093041662141411e-13 
  -4.0820912492782582e-12   -2.7624701565040745e-14    7.1641963646523753e-13   -8.2034540547038597e-15    2.3721085753844467e-13 
   2.7720352441920370e-12    1.6877866309189821e-14   -5.6431825541454957e-13    3.2035024654374317e-15   -1.8417709561214079e-13 
