2    16 5 
  -3.7731134495294465e-04    1.6148294720883584e-05    4.7542050082170716e-07   -9.6254507593004242e-09   -2.7173513330389080e-07 
   7.7256881769371881e-05    8.2906361435866735e-04    1.7715495399204869e-04    2.0344481836115468e-05   -2.3894783492695390e-05 
   3.9531083220214743e-04    8.8093141974252627e-04    6.2325604685055876e-06    8.2009843383014285e-05    4.9027290732592531e-05 
  -2.5904340331548857e-04   -1.1501165605117326e-03    1.8369562318445114e-04   -5.1297431509676386e-05   -3.0386630088516685e-05 
   2.3604345469351156e-04   -6.4618578156506079e-04    3.6553746675912650e-04   -8.0285099195421091e-06    3.1005904696360509e-05 
  -5.0648662111041397e-04    8.6097206869044211e-04   -5.3142554285468186e-04   -4.1519948258278235e-06   -9.4534660776832922e-05 
   9.1074083611852782e-05    1.9604893135049199e-05   -1.4805460615438130e-04    7.9467694182722539e-06    1.9868040444003475e-04 
  -2.5646064203598646e-05   -1.7497566181823480e-04   -2.3522537668736867e-04    3.8343227908221026e-04   -3.6054997993639163e-05 
  -3.3773152138905546e-06   -1.8622837585252701e-05   -4.3445727216703049e-05   -2.1055053600784108e-04   -1.4316259667273464e-04 
  -7.8113106652507151e-06    2.0661554725658662e-05    1.8370191055560199e-05    3.8170609338357983e-04   -1.7125724242650849e-04 
   6.4139609714061497e-05    7.4842514773106031e-05    2.0107655993172139e-05   -1.6642579071046766e-04    1.0284924372963073e-05 
   3.1372092355451802e-05   -2.8645004302592124e-05   -6.2416663817998257e-05   -9.6831036255869287e-05   -1.3829419199638240e-04 
  -1.4246024394594080e-04   -7.8239450848756773e-05    2.1317873720966351e-05   -5.1938861149666824e-05   -2.3591816336146615e-05 
  -1.0235336157941857e-04    1.3923737837573987e-04   -4.3684619546820432e-05    1.0388113260864049e-04   -3.2133873373770283e-05 
   5.5679200035376298e-05    7.8596670160912933e-05    8.8774137891596471e-05    1.9735846904382311e-04    1.0081288362770544e-04 
   3.6109272233875135e-04    5.0734803813513646e-04    2.3130428173251150e-04    1.3426123191931009e-04    1.2001823337495941e-04 
2    16 5 
   7.4979977671234987e-02   -3.7411040563728056e-03    1.8236512995761727e-04   -1.2121572763477081e-04    7.2840680288286113e-05 
  -4.8653823935257525e-03   -1.4465132253754667e-01    3.4857536862702876e-02   -1.7327270630550499e-02    6.4347812961882351e-03 
   3.6899783479956920e-02   -1.7568678224957196e-01    3.8496079669577965e-02    2.7670231076015166e-03    7.8338853064979829e-04 
   1.4897526051362091e-02   -4.2561060708710304e-02    7.6447836652055092e-03    1.4364529426065175e-03    7.6265264905099866e-05 
  -4.1102758084714773e-03    1.1805342257085341e-01   -4.9497744147260700e-03   -1.1284167866369200e-02    3.0885885446546042e-03 
   2.0594207799954248e-02   -1.4468402240781064e-01    5.6474423780634641e-03    2.4291494745083284e-02   -8.5604843167303730e-03 
  -1.8535234289366463e-03   -9.2354294281536773e-04   -2.8202282327642620e-03   -3.5049453890161480e-03   -1.2188102352174153e-03 
   2.5776300859840584e-03    8.0275834967799954e-04    4.3613593831018172e-03   -2.3670396654967077e-03    8.5533179214277377e-04 
   1.0849432684594375e-03   -9.6151633827513397e-04    3.8088934183311409e-04    5.7717122504081309e-03   -1.2845350222260043e-03 
  -1.1268986444600722e-03   -1.6362041775759402e-04   -2.9372394115400047e-03   -6.0809011108315866e-04   -2.2193455975905391e-04 
  -1.4508542304791619e-03   -9.9627536919881087e-04   -2.3612353346125076e-03    4.9683164878384207e-04   -2.0224004113633784e-03 
   1.7102938953406498e-03   -5.3916546768763784e-04   -2.0594199044348849e-03   -4.0938404038996079e-04    3.8073299821754362e-04 
   2.1230440746227610e-04    2.3160319907185594e-04    1.4699203902028438e-04    1.1119278995793812e-03   -3.7231788833410493e-03 
  -4.5242162573361309e-04   -2.2028007996138094e-04    7.8056318483205967e-04   -1.0900370712000184e-03   -2.5067572105984121e-03 
   1.5291356295770945e-03   -1.8350839199768470e-04   -6.7474377183421243e-04   -3.8348674639412136e-04   -2.0581768818333317e-03 
  -1.0366091093709590e-04   -1.9613803306375450e-04   -1.8689182785729651e-04   -4.4321895961892951e-04    1.1905529162700469e-03 
2    16 5 
  -2.9130535796860328e-04    2.9719350878244355e-01   -3.1960618926428892e-04    1.3298240610248459e-02   -6.2462929807029804e-05 
   2.0053939397843538e-06   -8.9075080538132748e-03    3.0347508515375336e-05   -7.3017644492730594e-03    4.2238726537000915e-06 
   1.7085817918808898e-04   -1.3236140069011184e-03   -1.4585774431983517e-04   -6.2255346046489425e-03   -4.6580835357543431e-05 
   1.0054759142556918e-03   -4.0833173981005928e-03    9.5470926257830438e-05   -2.5792982130415684e-02   -8.8224349137046477e-05 
   3.6855212991045237e-04   -4.2042638833709950e-03    7.2192678723514471e-04   -7.7807839351353315e-03    9.1973559384982462e-05 
  -2.3569512085942106e-05    2.8079817185363437e-04   -2.6745078090653098e-04    5.6545915994864323e-04   -4.4661547195483726e-05 
  -6.2508853734774149e-04    7.4641861845557635e-04   -2.3866258366098697e-04   -2.7195806878810547e-03   -1.0218737975527173e-05 
  -4.0172048174451320e-05    6.4776430396350584e-04    1.5362989343514254e-03   -1.6332118705830612e-03    2.6495448296625729e-04 
   5.0025662767252683e-04   -5.8025183027302172e-03   -7.3678637452864867e-04    8.8280590544742284e-04   -1.8333025437364511e-04 
   4.2064840936944731e-03    1.6639205368777356e-03   -8.5086456871275864e-04   -2.2797032733430033e-03   -4.7911102656071364e-04 
   5.7383401369511828e-03   -4.8262051051974958e-03   -6.3025499738609072e-04    7.8505568461650320e-03   -5.0035345215654705e-04 
  -1.5412967828284166e-03    6.9988133139874543e-04   -4.0559462335631345e-03    1.8315885661382807e-03   -5.8040096298742202e-04 
  -2.3845928741902233e-03   -7.3795771063550326e-04   -3.3280242691971227e-03    1.9289675604473983e-03   -4.2522979319677145e-04 
   2.3796830961177020e-03   -6.2242846921158079e-04    2.3553758250610893e-04    4.8318940081780806e-04   -1.4180338022034820e-04 
  -5.2360107018308618e-04    1.3763641628679720e-04   -7.7244455190487137e-04    1.7594655398959407e-03   -5.8040253344873197e-05 
  -6.3112993704066036e-04    6.6348615046498587e-04    8.3700069756032760e-04   -1.1626645220747145e-03    2.1642804801410128e-04 
 TENSORSUMACCUMULATOR_IMPL_H - PrettifyOut: Norm of simple tensor is 8.63026e-06 
 As simple full tensor 3    5 5 5 
   6.4288716580209062e-09   -8.4065580474787397e-06    8.4131759231742180e-09   -3.6302685464524959e-07    1.7924897540291246e-09 
   7.2306386370081865e-09    4.6954563008594102e-07    1.1067908963176127e-08    7.2729020874545354e-08    1.4491939606342574e-09 
  -3.1530017216249344e-10   -5.1902202698249931e-08   -2.1316706188833626e-09   -5.7312415019290097e-08   -4.1487024049612615e-10 
   2.7046726257941870e-10    3.3029258698017168e-08    1.7650952986507650e-09    2.7802637386234435e-08    3.0816737122310027e-10 
  -1.3400380563812572e-09   -1.4539597878169809e-08   -1.8914677971565427e-09   -8.8478320474634981e-09   -2.4602133164339041e-10 

  -1.2228446386867623e-08    4.1680374870002097e-07   -1.0190004476258213e-08    2.7461954381793397e-07   -6.6668579939177937e-10 
  -3.0262174157864735e-09    1.3411163171994258e-06    1.6150733330333119e-09    1.0987040188971120e-06    9.1614322110193545e-10 
  -2.8499818158484785e-09   -2.7744122975397223e-07   -5.1058439600884695e-09   -2.1715665255589097e-07   -7.5009980200463361e-10 
   1.0404969387913711e-09    1.0676833260723355e-07   -5.1765837131599310e-10    8.7120124565045053e-08   -1.6941799240335327e-10 
  -3.1816358339759656e-09   -4.0562128301759700e-08    6.3416728875882419e-11   -3.1071659704847478e-08    2.4987034811463959e-10 

   2.2025756147351509e-09    1.0140787721947929e-08    1.4039470279136066e-09   -5.9637723357103792e-08    6.4537971617130485e-12 
   5.8046628070795491e-09    1.0108083178739038e-07    8.7111143668849635e-09    1.0319934877593249e-07    1.0881046072433357e-09 
  -8.6322657633661871e-11   -5.4312960746285623e-08   -2.3345333180784997e-09   -6.9977276121434905e-08   -4.4179032209225519e-10 
  -1.3157248804481155e-09    4.1976269715938109e-08    1.0929861224736655e-09    3.8030693208875793e-08    2.9679564022403103e-10 
   4.0711826634364940e-10   -1.3675328857813818e-08    2.7328156768394120e-11   -1.6135209363183666e-08   -3.6852696116072478e-11 

  -7.8527398235877021e-10   -3.5304849716666127e-10    1.8861729453427643e-09    2.5800606585876200e-09    4.0905550944622087e-10 
   7.5693446666699830e-11    3.8685634603625724e-08    1.4786769551923148e-09    6.3755721768216769e-08    3.1802370189864534e-10 
  -2.4033485671797592e-09   -1.1238903005752528e-08    2.2159627630959234e-09   -1.1955564015549539e-08    5.7209079702730063e-10 
  -2.1208308431504837e-09    9.2782121610555098e-09   -1.8776948686789257e-10    2.5076963064559503e-09    1.5158055813041333e-10 
   7.8838678365964093e-10   -4.2069089775993005e-09    2.5843790107274897e-11    8.0214429458133596e-10   -6.2108782694901870e-11 

   1.0796551555236887e-09   -6.8463515140900325e-09    8.8631560592323640e-10   -5.0666268225579105e-10    8.0985532213124211e-11 
   1.0452688928771183e-09   -3.6739067013461154e-08    6.1319629237708625e-11   -2.5057316349292156e-08   -5.7857446516764066e-11 
   1.9085429314665905e-09    7.2939598245417707e-09   -1.8868639414424223e-09    2.0195648260329768e-09   -4.7717761496137524e-10 
   5.0363632568671118e-10    1.6218920641015043e-09    1.0157301223187807e-09   -4.2611430479442089e-10    1.6248014421984454e-10 
   3.8712182682782686e-10   -4.2764282938878125e-11   -8.2012414900159443e-11    8.5763026195958393e-10   -5.2026328105075493e-11 
