2    7 5 
   2.9194259330629103e-06   -1.3069046740617006e-03    1.6673477449689543e-07   -5.1464020654885607e-06    1.2364195228311703e-09 
  -2.0800375674338579e-06   -1.4376099793429230e-03    6.4695351990951853e-08   -5.3519421717557170e-06    5.1978916962809789e-10 
   3.0105337811207435e-06    2.5761568087029145e-03    1.5050186507233470e-08    1.0628961024318066e-05    9.0998114809509352e-11 
   3.0105337811207435e-06    2.5761568087029145e-03    1.5050186507233470e-08    1.0628961024318066e-05    9.0998114809509352e-11 
   1.3190084422537363e-06    9.4300772261909319e-04    3.6687118289651057e-08    3.8357254687694871e-06    2.5340996980433929e-10 
   1.3190084422537363e-06    9.4300772261909319e-04    3.6687118289651057e-08    3.8357254687694871e-06    2.5340996980433929e-10 
  -6.4236413346069821e-06    3.0929449055305674e-03   -4.6945140763612289e-07    1.1701833540363063e-05   -3.4820141546037595e-09 
2    7 5 
  -1.3069110852380074e-03   -4.2747871811791306e-06    6.9744381267342734e-08    7.8943423234696509e-10   -5.2216855943406827e-12 
   1.4376137193226597e-03    4.7132511431693208e-06   -7.7534329714292032e-08   -8.7631101282095844e-10    5.8659492936917769e-12 
  -2.9363233053708022e-03    2.8137458010879258e-04    2.6488072813268624e-06   -4.0576350394362213e-08   -9.3091448410481694e-10 
  -1.4787528975437070e-03   -2.7191928025635531e-04   -2.1411001816198293e-06    3.9417260768094756e-08    8.0975034768696181e-10 
   8.9441204746760648e-04   -8.5707460700981187e-05   -8.0683388627720863e-07    1.2359666447016649e-08    2.8355907819227544e-10 
   1.2426683268213458e-03    2.2850705996107256e-04    1.7992711187040982e-06   -3.3124250554593571e-08   -6.8047278985867087e-10 
  -3.0929542247784057e-03   -1.0987808378734943e-05    1.9133163943715939e-07    2.2548286306476477e-09   -1.5601179202380153e-11 
2    7 5 
  -1.3058953493871592e-03    5.1546372548488123e-05   -3.8824881189878073e-06    3.1101011421419289e-07   -2.9548750585670818e-08 
   1.4364819873818031e-03   -5.7063033777800346e-05    4.3145841458012895e-06   -3.4657207879421132e-07    3.2993203990481257e-08 
   2.9472481841771340e-03    1.2106603772899793e-04   -1.5465209820670389e-05    2.2636748058640359e-06   -2.9027090826885734e-07 
  -1.4747386825140429e-03    2.9152290519098055e-04   -2.8363473086791969e-05    3.2248256383126141e-06   -3.7519757349286513e-07 
   8.9773979520016488e-04    3.6877043643635634e-05   -4.7107448811653198e-06    6.8952148907118142e-07   -8.8417306401566424e-08 
  -1.2392949857562498e-03    2.4498094402757795e-04   -2.3835212564690365e-05    2.7099785818908733e-06   -3.1529685700313360e-07 
   3.0900335998844735e-03   -1.3439329042681857e-04    1.0796836261580798e-05   -9.0585765452168569e-07    8.9119835712004133e-08 
 TENSORSUMACCUMULATOR_IMPL_H - PrettifyOut: Norm of simple tensor is 5.22021e-08 
 As simple full tensor 3    5 5 5 
   4.1619624135286097e-11   -4.6191389982809958e-12    4.3477828841312315e-13   -4.7259592544813812e-14    5.3998921155824088e-15 
   3.4491305747670180e-12   -7.5994122854428022e-14    4.2353390004167214e-15   -4.7958092379502784e-17   -1.7440173135246588e-17 
   2.5279684149685070e-14   -2.0506952960242868e-16   -5.4160108128571103e-18    4.0829564460798166e-18   -6.6065713887155300e-19 
  -5.1139462820783727e-16    1.1664199110026474e-17   -6.6950848175885245e-19    1.2202337877095828e-20    1.9703731378254374e-21 
  -1.0094747955252664e-17    1.5172756663248708e-19   -5.0819697077258362e-21   -7.4838389681450461e-22    1.5775324328699702e-22 

  -5.2130909750534222e-08   -2.1654152317682758e-10    7.4297137880561408e-11   -1.5737916178099121e-11    2.2097870269747587e-12 
   2.7077726663949779e-09   -6.1406324050917512e-11    3.4853912585899014e-12   -5.5054365753334150e-14   -1.1791433685928353e-14 
   2.7567613618758802e-11   -4.8484354639286367e-13    2.1283381798492609e-14    1.1296343020289211e-15   -3.1980570531741993e-16 
  -3.8394972717886567e-13    8.6626945667485334e-15   -4.8921490958754439e-16    7.1523021143797628e-18    1.7546631651043488e-18 
  -9.2792382033650826e-15    1.7776792036607897e-16   -8.6277340112024391e-18   -2.0741197161538100e-19    8.7344087243626216e-20 

   4.7804045543712274e-12   -2.1113698738313070e-13    1.6997690712486620e-14   -1.4409365347821783e-15    1.4281104979467356e-16 
   2.2611892850651116e-14    5.1005692734203012e-16   -7.4644498335491134e-17    1.1939062355644293e-17   -1.5681280467824449e-18 
  -2.4330651301356959e-16    2.3468900479452707e-17   -2.1730348438530163e-18    2.3152069446500589e-19   -2.6190830720824306e-20 
  -4.2858256481082974e-18   -2.9698448927238214e-20    7.2629091877964226e-21   -1.4304324598936630e-21    1.9765311219212902e-22 
   5.3264214546361486e-21   -4.9264759614103522e-21    5.0113580001994122e-22   -5.9931687534850089e-23    7.1367428401690025e-24 

  -2.0330564779460792e-10   -1.4164288713565295e-12    3.4862138747209424e-13   -6.8508947096985889e-14    9.4722464721847052e-15 
   1.1233074999764550e-11   -2.5803713745398055e-13    1.4799402563726943e-14   -2.6979041235893492e-16   -4.3944096528800393e-17 
   1.1319050265752560e-13   -1.9923467524802890e-15    8.7515103532870507e-17    4.6275587806613120e-18   -1.3122457124819524e-18 
  -1.5953708565472897e-15    3.6522855770016908e-17   -2.0874272744576536e-18    3.6380489490167381e-20    6.4896193656740609e-21 
  -3.8287979565011751e-17    7.3956911183156730e-19   -3.6218078672989200e-20   -7.8159195156883607e-22    3.5156900849329903e-22 

   3.5686528231957182e-14   -1.5593841380182494e-15    1.2515204999564130e-16   -1.0546492494094573e-17    1.0409166160393725e-18 
   1.4933865125455806e-16    3.7171885732753612e-18   -5.2786314342109158e-19    8.2962239166154310e-20   -1.0838832377190047e-20 
  -1.9800302570102830e-18    1.7282230244269784e-19   -1.5807782978797142e-20    1.6562467403716318e-21   -1.8579782614126536e-22 
  -2.9147512787582286e-20   -2.1075777486897978e-22    5.0160693394351913e-23   -9.8055578636725437e-24    1.3520906639645862e-24 
   1.0055050867163443e-22   -3.6176400907812493e-23    3.6164522091897309e-24   -4.2416768097635865e-25    5.0091200770984298e-26 
