2    107 5 
   8.4213257740641711e-06    1.2886384307442462e-03   -9.2464279523761807e-06    7.2168656195885383e-04   -1.1830333925429356e-06 
  -5.8322891942783456e-06   -2.2189023428849294e-04    4.2132115116992669e-06    2.2509567252883302e-04   -6.4920211464724531e-07 
   2.6209179100239195e-04    1.4680266009125748e-03    2.9309341002437306e-05   -2.3485436496243749e-03    2.4169368139749484e-05 
   8.0605138203194651e-06   -5.9865576652195216e-05    5.1876593093204766e-06   -1.7431182833700266e-04    1.3292474933343793e-06 
   1.8323596754772913e-04   -1.2402624056093866e-03    1.1366661823978556e-05   -8.9865228903467445e-04    1.3781458265843725e-05 
  -1.3808024503309574e-05    3.5375770318799704e-04    4.4262421656467687e-05    3.9307304652464885e-05    4.3459343137990160e-06 
  -8.0214889386599227e-05   -3.0334426040551885e-05    3.1149432287402485e-05    2.1955155093763274e-05    2.7280582459537543e-06 
   2.0797756147186006e-04    8.5499429884831023e-05    7.3891196520353242e-05   -1.9833805026223965e-04    6.9804073914019022e-06 
   2.0998256818113752e-04    7.5408987334753703e-05    1.2567235141535787e-04   -4.2082974168601003e-04    1.3887324471878496e-05 
   3.0627906382436828e-04    8.8527065586490057e-05    4.7029981712361617e-05   -5.3381738481070372e-05    6.4073568756758969e-06 
   3.1257235904065409e-05   -6.3787903391654660e-05   -1.0303909098881714e-04    7.5282960956559323e-05   -1.0655037028393986e-05 
  -2.3173694286069590e-04    4.3174947714193369e-02   -1.5784132837098230e-04    2.5994619181261482e-02    3.1486817381205333e-05 
  -4.0267886285251986e-04    2.8565131594509529e-02   -2.9575849652735539e-04    2.1839981823548623e-02    3.1328971342451116e-05 
  -5.8970712498029637e-04    2.2463490407320468e-02   -4.8791744915973879e-04    1.6288810358355367e-02   -5.4080074281108808e-06 
  -5.1324971651023040e-03   -1.0273492020884437e-02   -4.5627479697832969e-03   -1.7703666739803614e-02   -4.2941771700171676e-04 
   5.8042771659265349e-04    9.9739622469299929e-05    5.0780310373028709e-04    7.7203864454911718e-03    4.0038992583406138e-05 
   5.4671837169082262e-04   -1.0572733006127610e-02    4.7834475980448231e-04   -9.9670518255631259e-03    3.9292035556699799e-05 
   1.2781021743635428e-03    5.1386021798999985e-03    8.5093666488931748e-04    2.5384914187043407e-03   -2.3736810384887742e-04 
  -4.5967935156784884e-04    4.6448156812232428e-03   -3.0816562326787638e-04    7.0171367760982883e-03    6.2258406119147886e-05 
   2.2691572715059297e-04   -4.2276706226958116e-02    1.5455748815693777e-04   -2.5453809136787141e-02   -3.0831743845042117e-05 
   3.9430125315531253e-04   -2.7970842831118906e-02    2.8960533211493252e-04   -2.1385607729473555e-02   -3.0677181744500015e-05 
   5.7743844990321245e-04   -2.1996144409230631e-02    4.7776647693199023e-04   -1.5949926676586085e-02    5.2954954994951884e-06 
   5.0257171426381043e-03    1.0059755184119142e-02    4.4678214038175804e-03    1.7335347406862055e-02    4.2048381368078733e-04 
  -5.6835209674857079e-04   -9.7664570348422576e-05   -4.9723841658493549e-04   -7.5597661837427345e-03   -3.9205993676642049e-05 
  -5.3534406438332451e-04    1.0352770552844932e-02   -4.6839294442992157e-04    9.7596903826631855e-03   -3.8474576860777677e-05 
  -1.2515116523427947e-03   -5.0316951444835710e-03   -8.3323318970567745e-04   -2.4856788867155337e-03    2.3242973356908355e-04 
   4.5011586426180856e-04   -4.5481817218018163e-03    3.0175433240560819e-04   -6.8711474070868792e-03   -6.0963139158419745e-05 
  -1.0999375331423088e-03    8.9882756291453462e-06   -1.2365940998354925e-03   -1.0459451010915986e-06    1.0438908472359403e-04 
  -6.6701432623737658e-04    1.5799147662710922e-05   -8.6727123692454191e-04   -1.0468281275166221e-06   -6.7544942146859744e-05 
  -5.3612802460735747e-04    2.3670361281524674e-05   -6.7264083351715282e-04    3.7248625732175192e-07   -2.7038885804922889e-05 
   1.1105361708110711e-04    2.0849971127139620e-04    4.1614824291225962e-04    1.4729203280391644e-05    3.1416368108360098e-04 
   9.7668262486512683e-05   -2.3505017860521038e-05   -8.3928771381776922e-05   -1.3754062710974810e-06   -2.2521623997645516e-04 
   2.2224129951730945e-04   -2.2131095777334897e-05    3.4093441404023248e-04   -1.3053743999321934e-06    8.0434319212966684e-05 
  -1.3817724089806735e-04   -4.9644689697972583e-05   -1.4129934526915542e-04    6.6750677629928763e-06    2.8768652988756226e-05 
  -6.3120556911749781e-05    1.7735684734104614e-05   -1.7770275464911269e-04   -2.2094680399262754e-06   -1.1298947275720792e-04 
   1.8638260444796097e-04   -3.4724973508920544e-02    1.2694945185754905e-04   -2.0907088722357404e-02   -2.5324382711021460e-05 
   3.2386866887992117e-04   -2.2974513934896714e-02    2.3787419558528726e-04   -1.7565575186758536e-02   -2.5197429470672163e-05 
   4.7429274097836777e-04   -1.8067053942387560e-02    3.9242480636617392e-04   -1.3100849870856369e-02    4.3495805929015791e-06 
   4.1279917528237601e-03    8.2628180728992855e-03    3.6697508802429851e-03    1.4238797985813003e-02    3.4537433480767666e-04 
  -4.6682944970648449e-04   -8.0219106945150908e-05   -4.0841854497452039e-04   -6.2093929232525276e-03   -3.2202771060347537e-05 
  -4.3971752089841946e-04    8.5034931827833553e-03   -3.8472563353866103e-04    8.0163527445555813e-03   -3.1602004543237131e-05 
  -1.0279587236622773e-03   -4.1329019261614301e-03   -6.8439580614331277e-04   -2.0416711990169280e-03    1.9091166415715865e-04 
   3.6971332105502114e-04   -3.7357567298517622e-03    2.4785306458678408e-04   -5.6437795888373693e-03   -5.0073517575663792e-05 
   4.0027903009739498e-06   -4.4968965908818179e-04   -2.6327507837135756e-07    2.9531675028916945e-05   -4.7950529290677808e-08 
   6.7919879298873044e-06   -2.7254279453301514e-04   -2.6486667495370618e-07   -1.6660410634520483e-05   -5.4316422843217273e-08 
   9.5047851340742430e-06   -2.1909463613999918e-04    1.5330369020729265e-07   -6.1914827670249805e-06   -6.2813170350303263e-08 
   8.0620364477944202e-05    4.5019093804056350e-05    3.8846267030671706e-06    8.2801983887476275e-05    1.9209081463206192e-07 
  -9.1788261975187951e-06    4.0184251034293003e-05   -3.6396877281468274e-07   -5.9673484743772475e-05   -1.3030906736162132e-08 
  -8.6551167914038534e-06    9.0739910283115242e-05   -3.3260622898297151e-07    2.0855399948038208e-05   -2.3901249130108704e-08 
  -2.1944661420183579e-05   -5.6509468752752411e-05    1.3294004041647601e-06    7.8457562028685498e-06    6.2102565480429374e-07 
   7.9896626521193634e-06   -2.5665706233218711e-05   -5.9861433348858669e-07   -2.9738703719891081e-05   -6.4544161939087390e-08 
   2.5459521241497905e-03   -2.0804562751024622e-05    2.8622619742715381e-03    2.4209794389511896e-06   -2.4162245944170507e-04 
   1.5438936208231749e-03   -3.6569234469818698e-05    2.0074149497873173e-03    2.4230233213851735e-06    1.5634177737630073e-04 
   1.2409398187967246e-03   -5.4788208210269207e-05    1.5569169223551877e-03   -8.6216912276437925e-07    6.2585107495173202e-05 
  -2.5704840846228478e-04   -4.8260039029630132e-04   -9.6323061181202013e-04   -3.4092705493572312e-05   -7.2717374131284240e-04 
  -2.2606621998722635e-04    5.4405498809749153e-05    1.9426433532664219e-04    3.1835612586706097e-06    5.2129302554393365e-04 
  -5.1440712906984610e-04    5.1225372901952255e-05   -7.8913817327587519e-04    3.0214631523880774e-06   -1.8617595971088692e-04 
   3.1982965338821407e-04    1.1490925564493662e-04    3.2705618036441518e-04   -1.5450334621717816e-05   -6.6588884349104167e-05 
   1.4610094764917495e-04   -4.1051607806352256e-05    4.1131672666327995e-04    5.1141084652519004e-06    2.6152920461853212e-04 
  -3.4161106270317947e-04    6.3645612946857166e-02   -2.3267910268284645e-04    3.8319524601708649e-02    4.6415754924325562e-05 
  -5.9360217913053423e-04    4.2108801642914986e-02   -4.3598734433525056e-04    3.2195036786368023e-02    4.6183068877911588e-05 
  -8.6930670251075901e-04    3.3114171332968539e-02   -7.1925518763349752e-04    2.4011872030405126e-02   -7.9721219319536637e-06 
  -7.5659831757840463e-03   -1.5144493077379801e-02   -6.7260971149577121e-03   -2.6097558438762797e-02   -6.3301880501941273e-04 
   8.5562762087005120e-04    1.4702946368733827e-04    7.4856928622535183e-04    1.1380876029372945e-02    5.9022798165608888e-05 
   8.0593556490008550e-04   -1.5585614073071526e-02    7.0514377085545551e-04   -1.4692759488913455e-02    5.7921684201918818e-05 
   1.8840925259380682e-03    7.5749827792443922e-03    1.2543937742403087e-03    3.7420738381267844e-03   -3.4991214265046156e-04 
  -6.7762847758890874e-04    6.8470758323453430e-03   -4.5427709865150662e-04    1.0344192521161753e-02    9.1777167740376967e-05 
   1.9298191292314666e-03   -1.5769755759107739e-05    2.1695804325722098e-03    1.8350904514059869e-06   -1.8314863027452702e-04 
   1.1702637354023165e-03   -2.7719299020508516e-05    1.5216106122570854e-03    1.8366397041910601e-06    1.1850629468517116e-04 
   9.4062625051862621e-04   -4.1529191086341630e-05    1.1801353336086734e-03   -6.5351993462918737e-07    4.7439202215762863e-05 
  -1.9484142340448637e-04   -3.6580871106497667e-04   -7.3012404392990070e-04   -2.5842102294331935e-05   -5.5119410257133876e-04 
  -1.7135707763950503e-04    4.1239099251913697e-05    1.4725140621644047e-04    2.4131237024397736e-06    3.9513753738223988e-04 
  -3.8991806188167860e-04    3.8828579528460338e-05   -5.9816283580081989e-04    2.2902541388886949e-06   -1.4112045746857019e-04 
   2.4242929682354527e-04    8.7100647952443886e-05    2.4790696856147603e-04   -1.1711277295120112e-05   -5.0474045286297971e-05 
   1.1074379635727768e-04   -3.1116915859862170e-05    3.1177604628081652e-04    3.8764689451902033e-06    1.9823784474897678e-04 
   3.2381639395718349e-04   -6.0330285303298807e-02    2.2055874708430890e-04   -3.6323443908666438e-02   -4.3997938074549347e-05 
   5.6268118359559976e-04   -3.9915335861692353e-02    4.1327657405603005e-04   -3.0517983325788620e-02   -4.3777372745435881e-05 
   8.2402413851108587e-04   -3.1389239754331909e-02    6.8178887226742269e-04   -2.2761083178980939e-02    7.5568506352361259e-06 
   7.1718678234137471e-03    1.4355609850046617e-02    6.3757317925733263e-03    2.4738125275731524e-02    6.0004458030850491e-04 
  -8.1105760617899742e-04   -1.3937063501383323e-04   -7.0957598672152160e-04   -1.0788041250020664e-02   -5.5948274953427749e-05 
  -7.6395403100440148e-04    1.4773752661328491e-02   -6.6841252532322888e-04    1.3927407260560777e-02   -5.4904518494733003e-05 
  -1.7859493272940426e-03   -7.1803986336179413e-03   -1.1890518572865219e-03   -3.5471475853128286e-03    3.3168506704173975e-04 
   6.4233051564314655e-04   -6.4904086759858129e-03    4.3061360711985351e-04   -9.8053590363725920e-03   -8.6996455179540698e-05 
   7.0664168427446086e-06   -7.9386986128541874e-04   -4.6477864394385004e-07    5.2134413778314285e-05   -8.4650556816758295e-08 
   1.1990390276451829e-05   -4.8113961732848597e-04   -4.6758840514808460e-07   -2.9411834611014042e-05   -9.5888731698874586e-08 
   1.6779488483758048e-05   -3.8678369601274990e-04    2.7063815415764513e-07   -1.0930274837485935e-05   -1.1088865804475676e-07 
   1.4232499296216859e-04    7.9475480547826379e-05    6.8578140492771122e-06    1.4617636437581094e-04    3.3911188590675288e-07 
  -1.6204049465941379e-05    7.0940180966440680e-05   -6.4254054623469981e-07   -1.0534594269303980e-04   -2.3004407404066390e-08 
  -1.5279507161745743e-05    1.6018976317038730e-04   -5.8717396659904020e-07    3.6817554349308228e-05   -4.2194613436167176e-08 
  -3.8740506848480610e-05   -9.9760275144025992e-05    2.3468872212605292e-06    1.3850684049706137e-05    1.0963417558541048e-06 
   1.4104732570938458e-05   -4.5309537889912139e-05   -1.0567774203517078e-06   -5.2499896583765035e-05   -1.1394450339210286e-07 
  -1.2272731061973228e-06    1.3787682672251978e-04    8.0721296626141300e-08   -9.0545414120570207e-06    1.4701843114803445e-08 
  -2.0824533630800775e-06    8.3562819150642551e-05    8.1209287136400288e-08    5.1081551549117567e-06    1.6653654068288981e-08 
  -2.9142089138157304e-06    6.7175378780468125e-05   -4.7003585480467725e-08    1.8983358397778320e-06    1.9258794213416871e-08 
  -2.4718558229626037e-05   -1.3803052105339970e-05   -1.1910436275241036e-06   -2.5387452332978222e-05   -5.8895888372694216e-08 
   2.8142684706549073e-06   -1.2320668053749919e-05    1.1159442608382860e-07    1.8296152801531640e-05    3.9953333010640263e-09 
   2.6536968640356323e-06   -2.7821255468248925e-05    1.0197853224666493e-07   -6.3943573234372431e-06    7.3282280749923989e-09 
   6.7283296801843954e-06    1.7326051586783425e-05   -4.0760000917417025e-07   -2.4055433489030195e-06   -1.9040919635846100e-07 
  -2.4496656989873841e-06    7.8692183809694209e-06    1.8353778670244639e-07    9.1180173189967309e-06    1.9789523845556636e-08 
   1.2534290852993545e-06   -1.4081529525099810e-04   -8.2441650911573488e-08    9.2475142676963476e-06   -1.5015172804283596e-08 
   2.1268351770142616e-06   -8.5343732738966263e-05   -8.2940041608656333e-08   -5.2170215505062883e-06   -1.7008581285045406e-08 
   2.9763173288570220e-06   -6.8607038770962924e-05    4.8005338711545210e-08   -1.9387936908487437e-06   -1.9669242887336942e-08 
   2.5245366883072157e-05    1.4097226515736836e-05    1.2164274740973044e-06    2.5928516639954437e-05    6.0151093605900138e-08 
  -2.8742469277189870e-06    1.2583249491010826e-05   -1.1397275692299760e-07   -1.8686085399180769e-05   -4.0804829338560939e-09 
  -2.7102531752334781e-06    2.8414189651313147e-05   -1.0415192653423661e-07    6.5306356103793971e-06   -7.4844092700471241e-09 
  -6.8717256770638270e-06   -1.7695309122808801e-05    4.1628689171735652e-07    2.4568109447178522e-06    1.9446724907357182e-07 
   2.5018736423588536e-06   -8.0369293089467381e-06   -1.8744939406121666e-07   -9.3123429904738794e-06   -2.0211283574120519e-08 
2    107 5 
  -3.0524685602792034e-02    1.1689269077719907e-02   -4.0739242258936792e-03    5.4361337817326449e-04   -5.0420447764425345e-05 
  -1.0844329102223075e-02   -4.3538958704318594e-03    5.7121850334809592e-03   -2.2060299201567641e-03    6.1231332669498852e-05 
  -2.8319968788811001e-03   -4.1682002935658239e-03    5.5382826077681629e-04   -8.0140434792591066e-05    1.0707460569920002e-04 
  -7.8934941065530225e-03    2.4852379277175433e-02   -1.0164242546049748e-02    5.8654842010780455e-03   -9.5372914632855209e-04 
  -2.7553078520681949e-03   -3.0491915522053007e-03    8.2855447542377122e-04   -4.0301505607297125e-05    7.0250184239732411e-05 
   2.3849117216701364e-03   -4.9623287418739176e-03    1.7866614356925039e-03   -2.2689942023082967e-03    5.8548645127231582e-04 
  -4.1339568627481285e-04    2.6662253013163251e-03    1.0854434393006839e-03    1.2807636860187248e-03    2.9647247505500411e-03 
  -6.9892545777366065e-04    5.4085837732981471e-04    4.1201168796275805e-04    1.8341689091643453e-03    1.8512576371352723e-03 
   2.5115153692853442e-04    4.3116662299550189e-05   -1.2959433052573985e-03   -2.1101961261114689e-03   -8.7172058504232045e-04 
  -6.5882541505068201e-04   -1.8891782047624739e-03    1.4151679312171611e-03    9.9324590604856671e-04   -1.3804748878698475e-03 
   8.3340854804580535e-04   -8.6887263184374283e-04    7.8276193433372593e-04    1.2346125047034441e-03   -1.6488268311815159e-03 
   2.4461836335768324e-04    1.1845961480908918e-03    2.5138936876931036e-04    4.6676849370160785e-06   -1.1146782928292035e-05 
  -4.0424380279480241e-04   -8.1684458427235896e-04   -4.6208424866268829e-04   -2.6564324586886545e-04    1.4091222881010764e-05 
   1.7629414018973907e-04    8.2321767160149241e-04    2.4146800793032201e-04    3.8262714951441384e-04    4.8960488957204714e-05 
   1.3033717112438076e-04    3.3602179889555083e-04    1.5910328442923476e-04    3.9465835153136943e-05    1.0569544158969859e-05 
  -7.3401112558274439e-05    1.1840960955517271e-04   -9.9933698020954914e-05   -6.3041062968290963e-05   -5.3056534378923893e-06 
  -4.1710388669732372e-06    2.3599417798477791e-04    1.2471910418998934e-04    5.0676192029487811e-05    1.5272390012741624e-04 
  -1.6277605761034134e-05    1.2984764368038736e-04    4.4419423533357755e-05    1.2846207686929468e-04    7.3133255622676637e-05 
   1.7400634118731668e-05    8.3169121326323285e-05   -4.3382331777020346e-05   -3.9223872105309593e-05   -6.8505169795973474e-05 
   2.3952915366223698e-04    1.1599509901423968e-03    2.4615929039207023e-04    4.5705751897727113e-06   -1.0914877543213689e-05 
  -3.9583363500417257e-04   -7.9985038432395564e-04   -4.5247072821341379e-04   -2.6011661996944814e-04    1.3798059329745095e-05 
   1.7262639491015801e-04    8.0609088153442356e-04    2.3644434040908115e-04    3.7466670953631458e-04    4.7941881066633321e-05 
   1.2762554642924969e-04    3.2903096888038956e-04    1.5579318960814141e-04    3.8644760610149576e-05    1.0349648048669981e-05 
  -7.1874025022569286e-05    1.1594613410422693e-04   -9.7854608218009962e-05   -6.1729513072912326e-05   -5.1952709525132458e-06 
  -4.0842616882262577e-06    2.3108439180935145e-04    1.2212436164679374e-04    4.9621889465016565e-05    1.4954652643156530e-04 
  -1.5938955187460566e-05    1.2714620345293063e-04    4.3495291110063141e-05    1.2578946293252157e-04    7.1611740768003798e-05 
   1.7038619286122903e-05    8.1438813377214962e-05   -4.2479775728242239e-05   -3.8407831528996023e-05   -6.7079940841252372e-05 
   7.9860670657519114e-05    1.4125988715080016e-05    2.0034911986488340e-07   -4.7722491383036378e-07   -3.4325257820625892e-08 
  -3.9749309708620080e-05   -2.6114788194928827e-05   -1.2389601582937183e-05    6.7121847352615507e-07   -1.8264837926193891e-07 
   3.3209821512089868e-05    1.0836231346110394e-05    1.8287025117236161e-05    1.9904065229017654e-06   -2.1998334714732614e-10 
   2.0707869974427039e-05    8.1899872829824733e-06    1.5776802207084861e-06    4.4740722253598560e-07    2.4714164153158496e-07 
   1.1580115037956252e-05   -5.3162641826540366e-06   -2.8126827556848482e-06   -2.1321548357848221e-07   -1.6005314285483592e-07 
   1.5369070320732322e-05   -7.5641733571018161e-07    4.9514146280810520e-07    6.5596870676089073e-06    1.7616306871508454e-06 
  -2.9802811355313001e-06   -1.0601795248971871e-06    9.6116197173150453e-06    3.0375902707548402e-06   -3.0749861483981393e-06 
   6.3798855770317876e-06    9.8614186679512889e-07   -5.9927539335635917e-07   -2.9446151889135066e-06   -1.1603775954591881e-06 
   7.8434835401523635e-05    1.3873782809846249e-05    1.9677207954880488e-07   -4.6870452323538855e-07   -3.3712413445931494e-08 
  -3.9039624118486638e-05   -2.5648533837125254e-05   -1.2168397195355122e-05    6.5923451501254162e-07   -1.7938736859851811e-07 
   3.2616892176944140e-05    1.0642760886017874e-05    1.7960527919995619e-05    1.9548697340074253e-06   -2.1605575663860536e-10 
   2.0338150926953346e-05    8.0437629585673931e-06    1.5495122619015802e-06    4.3941919806253020e-07    2.4272916586842004e-07 
   1.1373363251956232e-05   -5.2213474127420829e-06   -2.7624650176672882e-06   -2.0940872674677382e-07   -1.5719554834634529e-07 
   1.5094670392272534e-05   -7.4291223367908318e-07    4.8630118951006850e-07    6.4425701812581190e-06    1.7301784701696609e-06 
  -2.9270710900754815e-06   -1.0412510419300757e-06    9.4400135168244321e-06    2.9833570259592271e-06   -3.0200852362722405e-06 
   6.2659788728925273e-06    9.6853525481061890e-07   -5.8857590915640265e-07   -2.8920419245378791e-06   -1.1396601725744207e-06 
   1.1131558753340125e-03    5.3906016868295707e-03    1.1439678894134713e-03    2.1240682181533861e-05   -5.0724347662967152e-05 
  -1.8395444968717413e-03   -3.7171181089458703e-03   -2.1027521778733149e-03   -1.2088313233023578e-03    6.4123262560228912e-05 
   8.0224090802299237e-04    3.7461193642362115e-03    1.0988199252229007e-03    1.7411761476037917e-03    2.2279871058677268e-04 
   5.9310996042996795e-04    1.5290946867057354e-03    7.2401251245546945e-04    1.7959251166863857e-04    4.8097575417737117e-05 
  -3.3401776783545807e-04    5.3883261568394821e-04   -4.5475646868433245e-04   -2.8687351459319790e-04   -2.4143810038660832e-05 
  -1.8980653607876201e-05    1.0739108142272062e-03    5.6754448721611447e-04    2.3060615778340018e-04    6.9498260227575273e-04 
  -7.4072576729537667e-05    5.9088232574654198e-04    2.0213422085899193e-04    5.8457719061578159e-04    3.3279886293593639e-04 
   7.9183009149158594e-05    3.7846789088108023e-04   -1.9741484997456076e-04   -1.7849143902386370e-04   -3.1173837974558935e-04 
   4.6366608810355256e-04    2.2453631625550191e-03    4.7650030687864319e-04    8.8474437713473689e-06   -2.1128361601141816e-05 
  -7.6623087534888801e-04   -1.5483021298132703e-03   -8.7586554423314290e-04   -5.0351806361751783e-04    2.6709451000127941e-05 
   3.3415976305029992e-04    1.5603821079084586e-03    4.5769469267317552e-04    7.2525721774268043e-04    9.2803001683198312e-05 
   2.4704983485381000e-04    6.3691830356825537e-04    3.0157505954637515e-04    7.4806196673132643e-05    2.0034224438258551e-05 
  -1.3912940245037697e-04    2.2444153293609031e-04   -1.8942104834274097e-04   -1.1949226809950004e-04   -1.0056692149409974e-05 
  -7.9060674277731447e-06    4.4731922746706027e-04    2.3640097316404284e-04    9.6055060608592825e-05    2.8948314574590411e-04 
  -3.0853668070187798e-05    2.4612195163253338e-04    8.4195561047931342e-05    2.4349565516694024e-04    1.3862168841045252e-04 
   3.2982331504508899e-05    1.5764434283291860e-04   -8.2229787624117363e-05   -7.4347563648564181e-05   -1.2984930345447430e-04 
   3.6059998907279851e-04    1.7462522117877538e-03    3.7058135124009591e-04    6.8807881558021933e-06   -1.6431839977040366e-05 
  -5.9590910866084718e-04   -1.2041375149423573e-03   -6.8117361563258168e-04   -3.9159346110704364e-04    2.0772335924286001e-05 
   2.5988100056520793e-04    1.2135322929537086e-03    3.5595594633991179e-04    5.6404328783814500e-04    7.2174269914280167e-05 
   1.9213431828299802e-04    4.9534080494514075e-04    2.3453939368704550e-04    5.8177887913348494e-05    1.5580913288410654e-05 
  -1.0820299843042699e-04    1.7455150678641191e-04   -1.4731555685240351e-04   -9.2930907988553166e-05   -7.8212385426294666e-06 
  -6.1486658205356909e-06    3.4788679326629992e-04    1.8385254071182877e-04    7.4703444341846798e-05    2.2513533310078744e-04 
  -2.3995354964326592e-05    1.9141268974893436e-04    6.5480135754680314e-05    1.8937018006126598e-04    1.0780814169635422e-04 
   2.5650848067769656e-05    1.2260234199021940e-04   -6.3951324626727800e-05   -5.7821202212385868e-05   -1.0098572789376953e-04 
   1.4011400217233520e-04    2.4783774005593725e-05    3.5150865607376021e-07   -8.3728188183984962e-07   -6.0223000999708210e-08 
  -6.9739395136647771e-05   -4.5817890830970892e-05   -2.1737316363778655e-05    1.1776398305127482e-06   -3.2045304901620293e-07 
   5.8265989568793023e-05    1.9011958325269656e-05    3.2084231899206211e-05    3.4921297501955101e-06   -3.8595652811708477e-10 
   3.6331557382283559e-05    1.4369174294570747e-05    2.7680094350771160e-06    7.8496731913461941e-07    4.3360523037594418e-07 
   2.0317087875987268e-05   -9.3272826925222254e-06   -4.9347974978846652e-06   -3.7408244237525930e-07   -2.8081014372924145e-07 
   2.6964736641653910e-05   -1.3271195864783240e-06    8.6871612051727865e-07    1.1508844096518455e-05    3.0907469708691488e-06 
  -5.2288456139916714e-06   -1.8600644726807556e-06    1.6863400906397751e-05    5.3293933833892197e-06   -5.3950037274823697e-06 
   1.1193385858641265e-05    1.7301668334205765e-06   -1.0514170877258243e-06   -5.1662704004261010e-06   -2.0358600496625044e-06 
   1.3627068703956231e-04    2.4103957197807696e-05    3.4186680360902709e-07   -8.1431531121178549e-07   -5.8571089217197764e-08 
  -6.7826449474375997e-05   -4.4561109992137816e-05   -2.1141063629351533e-05    1.1453372703731921e-06   -3.1166304920510365e-07 
   5.6667758442968075e-05    1.8490461929461303e-05    3.1204164153871609e-05    3.3963409289039373e-06   -3.7536977345939963e-10 
   3.5334985861096173e-05    1.3975029068857687e-05    2.6920831722871539e-06    7.6343573250096090e-07    4.2171147587806298e-07 
   1.9759791887884546e-05   -9.0714361235566903e-06   -4.7994364232829808e-06   -3.6382139287702904e-07   -2.7310754543001293e-07 
   2.6225096214720429e-05   -1.2907168093780169e-06    8.4488731140253163e-07    1.1193157484252042e-05    3.0059680449906129e-06 
  -5.0854188246371722e-06   -1.8090430627934381e-06    1.6400839257392402e-05    5.1832085772933469e-06   -5.2470192352422848e-06 
   1.0886352238942291e-05    1.6827085047024492e-06   -1.0225768066585369e-06   -5.0245600438442328e-06   -1.9800165820877800e-06 
   1.9651350269701716e-03    9.5164212182365544e-03    2.0195297163939454e-03    3.7497721097819006e-05   -8.9547380130208061e-05 
  -3.2474816910867763e-03   -6.5620989451120968e-03   -3.7121413535519108e-03   -2.1340378537797965e-03    1.1320145910643480e-04 
   1.4162542222141993e-03    6.6132969703482777e-03    1.9398267315800140e-03    3.0738248897572416e-03    3.9332276803235867e-04 
   1.0470601502562177e-03    2.6994220620699511e-03    1.2781519459383907e-03    3.1704772267917376e-04    8.4910148039575903e-05 
  -5.8966585879708321e-04    9.5124040596449033e-04   -8.0281466877645999e-04   -5.0643867972935506e-04   -4.2622823849579824e-05 
  -3.3507928284017921e-05    1.8958528662903580e-03    1.0019275610053757e-03    4.0710582240711913e-04    1.2269033341419145e-03 
  -1.3076570702685527e-04    1.0431275447328621e-03    3.5684224137984266e-04    1.0319966311116953e-03    5.8751403732654856e-04 
   1.3978752506087284e-04    6.6813689388358971e-04   -3.4851079271594726e-04   -3.1510391905792754e-04   -5.5033443461381161e-04 
   3.4129848582639113e-04    1.6527821791858868e-03    3.5074558482088309e-04    6.5124865502792774e-06   -1.5552308023984031e-05 
  -5.6401243105706875e-04   -1.1396847560458817e-03   -6.4471306335329396e-04   -3.7063299885005890e-04    1.9660474245340889e-05 
   2.4597058978292609e-04    1.1485766684338824e-03    3.3690302048840605e-04    5.3385226265449095e-04    6.8311064292340105e-05 
   1.8185012172042720e-04    4.6882715423952041e-04    2.2198541973851324e-04    5.5063853730164082e-05    1.4746928103908784e-05 
  -1.0241131626525012e-04    1.6520844916856193e-04   -1.3943033282301802e-04   -8.7956680932016769e-05   -7.4025983160735719e-06 
  -5.8195518524479529e-06    3.2926577753394459e-04    1.7401163522391095e-04    7.0704861931488266e-05    2.1308472163543714e-04 
  -2.2710977715914792e-05    1.8116711913177398e-04    6.1975240881849341e-05    1.7923393697755538e-04    1.0203759466363859e-04 
   2.4277858765894755e-05    1.1603991943433953e-04   -6.0528261018021908e-05   -5.4726260015956029e-05   -9.5580357916376376e-05 
   3.0709502859679341e-02    9.9231775964849656e-03    2.5168812080565480e-02    5.9654279388104189e-03    1.4230389956503694e-04 
  -1.9385558792427933e-02   -1.7009652281346696e-02   -2.3791983882583124e-02   -1.0942645982062297e-02   -7.4504304623845014e-03 
   1.8515540343523849e-02    8.4482303960021106e-03    2.6742765115439337e-02    7.2728993970814920e-03    1.0453987480537861e-02 
   8.5056571518716696e-03    5.7187129770678658e-03    8.0841857752210269e-03    4.2017599270159156e-03    1.2879761929428673e-03 
   3.4610805274717417e-03   -3.3352182942277507e-03    9.4814182289684832e-04   -2.5576864600529549e-03   -1.8547684327196977e-03 
   6.0257271561485748e-03    2.6465479159179161e-03    6.2532793151144368e-03    7.2318804510180853e-03    2.7282219506647083e-03 
   1.8509422087151196e-03    7.1186787126420676e-04    5.8825762893780532e-03    3.0603721357204175e-03    1.1474834012190369e-03 
   2.2492434034828411e-03   -5.9102427743364095e-04    7.8699484921418113e-04   -2.9145173648364919e-03   -1.9538760391225366e-03 
2    107 5 
   6.8877356849486706e-03    2.5199308109667231e-03    5.9711045354981357e-04    5.8695068980905453e-05    2.3539843205742462e-05 
   7.5272876136215569e-03    2.3488767119815139e-03   -2.8540937101791792e-03    1.1864607250372773e-03   -7.0901887661061077e-04 
  -5.2560250825306080e-06    5.1548592766932008e-03   -2.1478251962049407e-04    6.5840470785465002e-04   -2.9918576206976400e-04 
  -2.3523215467545562e-04    5.7478216138387665e-03    1.1834388439195659e-03    2.4894272230322731e-04   -4.2929581305716428e-05 
   5.6551678056328172e-04   -7.0462973730388411e-03   -6.4149709194164027e-04   -9.2075305522168100e-05    3.5379857201506271e-04 
  -8.1934852856107732e-03   -2.0950534833286045e-03   -9.4486212087888555e-04   -1.4761638640850994e-04    6.8507885249070736e-04 
   2.2429610007038332e-03    1.4848702149517703e-03   -8.6912415374401945e-05   -6.9023080177410643e-04    1.7230446260923103e-03 
   1.5508073156259362e-03   -1.1677962107098012e-03   -1.8826491745452978e-03    5.8581098416942605e-04    1.2889888264779709e-04 
   6.3949656569820522e-04   -1.0299654876714517e-03   -2.7351651351055923e-04    1.8894046663890916e-03    7.5182116251567188e-04 
  -1.3806412697509890e-05   -1.0159146936963544e-03    5.4156336671674779e-04    1.1669517380508373e-03    1.6517383179300454e-03 
  -1.1972476143082482e-03   -1.9613029392002906e-04    3.5019976703625734e-03    1.1551374027494654e-03    1.4394210216315240e-03 
  -2.3661317270099643e-04   -1.1687448051753706e-03    8.3774701326338869e-05   -8.6154787210134185e-05    2.6329690057515423e-05 
  -3.5829958027995448e-04   -5.5699803685778154e-04   -1.7434893713745667e-04    1.8456226292037117e-04   -4.1832340763201431e-05 
  -2.0165289040358983e-04    4.5367511076653826e-04   -3.6758312016466706e-04    1.7930357700578426e-04   -4.6680425611955090e-05 
   2.3532220741704211e-04    3.3708610732469850e-04    2.1512163836956687e-04    9.3859020862266240e-06    3.0782206147352971e-06 
  -3.9256410220949845e-05   -1.2416368854490276e-04   -9.5231249669000572e-05   -1.7602329645739512e-04    7.8257774978490350e-05 
  -1.8945601980094090e-04    5.6744727055198155e-05   -1.8041236132277966e-04    9.1449993264199267e-05    3.8073465332554376e-05 
  -3.1813823819866385e-05    8.7400166010355524e-05   -1.0267580091470691e-04   -2.5974491291929867e-05   -7.5596223110949801e-06 
   5.7173442346384460e-05    3.1953412846212664e-05   -4.7064804663139074e-05   -2.0950580880858975e-05   -5.2210044251067962e-05 
  -9.6806435355931231e-05    2.1539027920823267e-06   -5.2148815472054384e-06    1.0680522308043670e-06   -3.6544305541678080e-08 
  -5.5059486517231771e-05   -1.7521999079867458e-05    1.0538290631559266e-05   -1.9677681205426233e-06    9.1058339935820879e-07 
   3.8025496602102914e-05   -2.6175719283314722e-05    9.6416865363853634e-06   -2.0424264293609548e-06    5.9553927242208774e-07 
   2.1684189012384701e-05    1.5507605680939399e-05    1.4724933321430440e-06    2.5781670862418555e-07   -1.6135320151316437e-07 
   6.6816174706982717e-06   -5.8239398818658358e-06   -1.2169807914026124e-05    4.0071374160373943e-06   -9.1186438748082830e-07 
   7.0755233163245988e-06   -1.8052448092479004e-05    4.2814959221742548e-06    3.0630629796233608e-06   -1.0899923649623537e-06 
   1.1751104040929180e-05   -5.6985604331349610e-06   -1.5335249397622282e-06   -3.4135698911938301e-07   -2.7617448252433655e-07 
   4.0774740331787278e-06    3.9018502363210460e-06   -2.6551565399530887e-06   -4.8353786397299633e-06    3.4845151598188872e-06 
  -1.9376395267881144e-04   -9.5709216244600716e-04    6.8603607644410449e-05   -7.0552674314261490e-05    2.1561541819986364e-05 
  -2.9341368498504873e-04   -4.5612904820090583e-04   -1.4277539504444067e-04    1.5113914906161332e-04   -3.4256755883696169e-05 
  -1.6513476687573356e-04    3.7151728152179868e-04   -3.0101603172838260e-04    1.4683277948347335e-04   -3.8226881775223980e-05 
   1.9270677342993583e-04    2.7604184417443715e-04    1.7616440573197897e-04    7.6861717668684735e-06    2.5207734071603538e-06 
  -3.2147310843104649e-05   -1.0167839261444428e-04   -7.7985444105963748e-05   -1.4414653797926725e-04    6.4085763419618016e-05 
  -1.5514667605516150e-04    4.6468598862793512e-05   -1.4774076964089707e-04    7.4888950454647744e-05    3.1178590146956624e-05 
  -2.6052531998945111e-05    7.1572522516957381e-05   -8.4081831973222828e-05   -2.1270667410836437e-05   -6.1906202559893505e-06 
   4.6819676397682405e-05    2.6166842293620129e-05   -3.8541652096056693e-05   -1.7156556907008058e-05   -4.2755119793801669e-05 
  -1.9030448417202555e-04   -9.4000420491676523e-04    6.7378756392066607e-05   -6.9293024356230874e-05    2.1176581285001641e-05 
  -2.8817506661133938e-04   -4.4798530394163724e-04   -1.4022627806023615e-04    1.4844070531553748e-04   -3.3645134545021555e-05 
  -1.6218644487112934e-04    3.6488419875597668e-04   -2.9564168078536593e-04    1.4421122181310043e-04   -3.7544377667593459e-05 
   1.8926617983908218e-04    2.7111338326478831e-04    1.7301916016271328e-04    7.5489425826078448e-06    2.4757674290397999e-06 
  -3.1573351611255544e-05   -9.9863022974182252e-05   -7.6593089211555179e-05   -1.4157294056030821e-04    6.2941573918844353e-05 
  -1.5237668177952326e-04    4.5638946844975850e-05   -1.4510300068194002e-04    7.3551880468087573e-05    3.0621926488891313e-05 
  -2.5587389165480204e-05    7.0294664152821553e-05   -8.2580631952874374e-05   -2.0890900157904296e-05   -6.0800927016275431e-06 
   4.5983756229062718e-05    2.5699658560086027e-05   -3.7853528067915999e-05   -1.6850243129423952e-05   -4.1991768363436832e-05 
  -1.0767276003249525e-03   -5.3184688540522307e-03    3.8122363221525159e-04   -3.9205440775057926e-04    1.1981540870826147e-04 
  -1.6304715534996431e-03   -2.5346651362029723e-03   -7.9338910239137828e-04    8.3986567694570844e-04   -1.9036148905731605e-04 
  -9.1763797553750300e-04    2.0644857079030860e-03   -1.6727170612559638e-03    8.1593559646438640e-04   -2.1242309579620541e-04 
   1.0708529571830361e-03    1.5339379092864577e-03    9.7892861507055287e-04    4.2711315328832488e-05    1.4007694744717730e-05 
  -1.7863950638111393e-04   -5.6501702288312596e-04   -4.3335759273903520e-04   -8.0100841146051971e-04    3.5611840751504015e-04 
  -8.6213511800192647e-04    2.5822152290078571e-04   -8.2098121021144973e-04    4.1615067611440584e-04    1.7325641888662230e-04 
  -1.4477140806531814e-04    3.9772160586871790e-04   -4.6723463224103656e-04   -1.1819904766571451e-04   -3.4400679799320367e-05 
   2.6017242690766013e-04    1.4540661934985409e-04   -2.1417224411568426e-04   -9.5337332320746644e-05   -2.3758607780620513e-04 
  -1.8739205853842821e-04    4.1693951090746950e-06   -1.0094653155773045e-05    2.0674710872382940e-06   -7.0740262443645160e-08 
  -1.0658083300554811e-04   -3.3918028953471141e-05    2.0399387371958738e-05   -3.8090868388966403e-06    1.7626524212907061e-06 
   7.3607462758182104e-05   -5.0669378561348344e-05    1.8663795244525566e-05   -3.9536058899806518e-06    1.1528090027210699e-06 
   4.1974945176185252e-05    3.0018687712948722e-05    2.8503637767454302e-06    4.9906603395791903e-07   -3.1233779523176245e-07 
   1.2933872088120031e-05   -1.1273631543752766e-05   -2.3557580119975822e-05    7.7567749135346920e-06   -1.7651320808337764e-06 
   1.3696371265068760e-05   -3.4944840157266426e-05    8.2878615613746220e-06    5.9292925627728439e-06   -2.1099414755896253e-06 
   2.2747078417179245e-05   -1.1030929569346759e-05   -2.9685050815628048e-06   -6.6077827008472515e-07   -5.3460190539749844e-07 
   7.8929282945396072e-06    7.5529663415920304e-06   -5.1396918803404220e-06   -9.3600343177621823e-06    6.7451142726826426e-06 
  -1.4573758140835809e-04    3.2426003741656758e-06   -7.8507613799275409e-06    1.6079029081375328e-06   -5.5015750598711720e-08 
  -8.2889493545594366e-05   -2.6378553842525119e-05    1.5864905914312312e-05   -2.9623832920399102e-06    1.3708409136762583e-06 
   5.7245614780326485e-05   -3.9406326717314459e-05    1.4515110192250660e-05   -3.0747779000968765e-06    8.9655664809241097e-07 
   3.2644537006733373e-05    2.3345978364610363e-05    2.2167701566269186e-06    3.8813105165378950e-07   -2.4290973275242331e-07 
   1.0058864025879407e-05   -8.7676703468123585e-06   -1.8321079224469104e-05    6.0325588194323166e-06   -1.3727693816558610e-06 
   1.0651870937384054e-05   -2.7177120134881858e-05    6.4455927771044960e-06    4.6112987087116908e-06   -1.6409327586449246e-06 
   1.7690740037129919e-05   -8.5789174240426284e-06   -2.3086504004472881e-06   -5.1389705455206650e-07   -4.1576782557705916e-07 
   6.1384473218746864e-06    5.8740538722276102e-06   -3.9972145546999454e-06   -7.2794374212509964e-06    5.2457753444347754e-06 
  -3.3995510760218088e-04   -1.6791996889580184e-03    1.2036370282615363e-04   -1.2378330260367969e-04    3.7829308125401062e-05 
  -5.1478863571899195e-04   -8.0026959358460621e-04   -2.5049666934557935e-04    2.6517071401465790e-04   -6.0102815676184678e-05 
  -2.8972575479587609e-04    6.5181988532805109e-04   -5.2812680605165030e-04    2.5761527187450890e-04   -6.7068324771087291e-05 
   3.3810030705575504e-04    4.8431007698619818e-04    3.0907704285719836e-04    1.3485239715283480e-05    4.4226481913920194e-06 
  -5.6401835148893879e-05   -1.7839277339350067e-04   -1.3682395345429940e-04   -2.5290231310698429e-04    1.1243723250834847e-04 
  -2.7220184261972217e-04    8.1528258007357499e-05   -2.5920832304528250e-04    1.3139121522890031e-04    5.4702233422450198e-05 
  -4.5708663539145209e-05    1.2557260655156146e-04   -1.4751994806395791e-04   -3.7318974600025484e-05   -1.0861323513242081e-05 
   8.2144216752520492e-05    4.5909218740404435e-05   -6.7620583211366116e-05   -3.0100847287487533e-05   -7.5013030799073898e-05 
  -3.3063016798691046e-04   -1.6331393846667878e-03    1.1706213672043807e-04   -1.2038793716763863e-04    3.6791653429035612e-05 
  -5.0066802733465040e-04   -7.7831826686753226e-04   -2.4362556706401762e-04    2.5789710393900512e-04   -5.8454200566850881e-05 
  -2.8177860204527903e-04    6.3394052145089661e-04   -5.1364033279236256e-04    2.5054890693254595e-04   -6.5228646341194141e-05 
   3.2882624446132352e-04    4.7102549286914428e-04    3.0059908592506597e-04    1.3115340739711627e-05    4.3013353285990404e-06 
  -5.4854737619859724e-05   -1.7349947482996896e-04   -1.3307088407733637e-04   -2.4596522422216433e-04    1.0935308880760017e-04 
  -2.6473536928594139e-04    7.9291944841719034e-05   -2.5209826084553671e-04    1.2778716539823778e-04    5.3201755823855923e-05 
  -4.4454878795613650e-05    1.2212816066079494e-04   -1.4347348846684545e-04   -3.6295318308747515e-05   -1.0563398335364124e-05 
   7.9891007891021900e-05    4.4649932784802665e-05   -6.5765756379544411e-05   -2.9275183612939174e-05   -7.2955429760238080e-05 
  -1.9008255436546153e-03   -9.3890798822868164e-03    6.7300180448690006e-04   -6.9212216026576852e-04    2.1151885521217015e-04 
  -2.8783900181986650e-03   -4.4746287120822140e-03   -1.4006274859375775e-03    1.4826759632569823e-03   -3.3605898169515830e-04 
  -1.6199730583694339e-03    3.6445867709787964e-03   -2.9529690855724729e-03    1.4404304517396033e-03   -3.7500594062022692e-04 
   1.8904546088511982e-03    2.7079721551410895e-03    1.7281738820282575e-03    7.5401391359922285e-05    2.4728802317726688e-05 
  -3.1536531313267556e-04   -9.9746564439492534e-04   -7.6503767672197781e-04   -1.4140784063925303e-03    6.2868172541123712e-04 
  -1.5219898272182987e-03    4.5585723492467064e-04   -1.4493378406566684e-03    7.3466105533903962e-04    3.0586215726468322e-04 
  -2.5557549593634697e-04    7.0212687728115686e-04   -8.2484327844461103e-04   -2.0866537550521904e-04   -6.0730022024044999e-05 
   4.5930130765798395e-04    2.5669688061609252e-04   -3.7809383936481428e-04   -1.6830592666564184e-04   -4.1942798287556988e-04 
  -2.7806840059846436e-02   -8.6667808591365456e-03   -2.3412497231710908e-02    3.1366875002864620e-03   -2.2170500852487138e-03 
  -1.4640427813220648e-02   -1.2328138545804711e-02   -7.6464570191183134e-03   -2.2637847920489425e-03    4.8510964035072442e-03 
   1.0195371923175338e-02   -7.8252986123387627e-03    9.8411559147489093e-03   -8.0356538828567862e-03    4.9851580172543012e-03 
   7.7838496185437004e-03    9.7333120877566206e-03    8.2394998407571279e-03    4.5077026108324685e-03   -1.2943338466767947e-04 
  -1.3954452298792935e-03   -2.9750280188959840e-03   -7.1582026356761391e-03   -1.8255602268056562e-03   -3.9264410051669252e-03 
   1.0727154288130737e-03   -6.2073871034906284e-03    1.7061238177769414e-03   -2.1260878597236816e-03    2.3729954563581736e-03 
   2.4093869981502937e-03   -1.9462257188137878e-03    2.8222391568438960e-04   -2.8410297087083174e-03   -6.8685425144058990e-04 
   1.0992244125239967e-03    1.8699423477376115e-04   -1.9669393042856726e-04   -2.7304765847936596e-03    9.3599579268975814e-04 
  -3.3716522468426393e-04   -1.6654191325750336e-03    1.1937592346663630e-04   -1.2276745988287706e-04    3.7518857309468102e-05 
  -5.1056396019856748e-04   -7.9370208387834597e-04   -2.4844093797642412e-04    2.6299455831404388e-04   -5.9609574612808979e-05 
  -2.8734808516800426e-04    6.4647064619920895e-04   -5.2379266921490726e-04    2.5550112082831165e-04   -6.6517920410547054e-05 
   3.3532564578400513e-04    4.8033552746320644e-04    3.0654056453137000e-04    1.3374571456197605e-05    4.3863531913605448e-06 
  -5.5938966632133114e-05   -1.7692877141194265e-04   -1.3570109104697617e-04   -2.5082683952985384e-04    1.1151450269109276e-04 
  -2.6996798510745630e-04    8.0859186446860683e-05   -2.5708109843098964e-04    1.3031293724826641e-04    5.4253312893873257e-05 
  -4.5333549835138432e-05    1.2454207969038992e-04   -1.4630930767658873e-04   -3.7012711898208315e-05   -1.0772188741450318e-05 
   8.1470090251701136e-05    4.5532459155757602e-05   -6.7065646674799236e-05   -2.9853821024948006e-05   -7.4397427242699579e-05 
 TENSORSUMACCUMULATOR_IMPL_H - PrettifyOut: Norm of simple tensor is 3.59776e-07 
 As simple full tensor 3    5 5 5 
  -1.2854934016926416e-09   -4.7300002833136138e-10    5.8920139487004714e-10   -6.7591231036088158e-10   -2.2555554980760947e-10 
  -6.4488488981076343e-10    4.4278277683475846e-10    4.1339749432848764e-10   -1.1058704213459321e-09   -1.1902470472607366e-09 
  -2.7992227454891081e-10   -7.6565195424316682e-10    2.6939598718896053e-10    1.1697518263139290e-10    4.4137556727250794e-10 
   6.2260701460741744e-11    1.4336816672006492e-11   -2.8033505220506216e-10   -1.1585279382100891e-10    1.0710287502152554e-10 
   1.3171662191244279e-10   -9.7396747946617503e-11   -1.0494415827063888e-09   -4.9331898730739999e-10   -1.2812242362228920e-09 

  -2.5574985386154923e-07   -1.1762682199145914e-07   -3.4543744213809320e-08    5.3453688497858541e-10   -8.0345939955841475e-10 
   1.1942689921958491e-07   -5.3544289908003112e-09   -1.3325181532708215e-09    7.9582326427274458e-10    2.4472449060857509e-11 
  -5.1980213388041316e-08    1.3661277561312654e-09   -3.9437474457559367e-11    3.4076869821841023e-10   -3.6328462184666556e-11 
   1.7470431390686928e-08   -7.5871018145960438e-10    8.2879749429098160e-13    3.9872313201371540e-10   -9.4838725747202941e-10 
  -2.3623002536767943e-09   -3.1785645933601057e-10    3.3663012380481908e-10   -2.4956321262568720e-11   -9.2705134842193195e-11 

   5.2654570168096881e-10   -4.2043380099476951e-10   -8.4751128303669541e-11   -2.2988831575306852e-10   -5.3937151871369202e-11 
  -7.6878450541001589e-11    1.3585102594581829e-10    2.5854650607674017e-10   -8.5566584584925067e-11    2.0931933445277479e-11 
  -3.3024686007969952e-10   -3.7641283819884382e-10   -6.4326372604744719e-10   -2.8593775514025703e-10   -3.7821985761190483e-11 
   1.1088294009361846e-09    3.1255804159814914e-10   -4.4986952350058844e-10   -5.4566942833483051e-10   -2.8306401516915409e-10 
  -6.3101449166964555e-11    3.5429074998602456e-11    2.7507095942951271e-10   -7.6486509478441169e-11    2.5057540294323819e-10 

  -1.6819543919679366e-07   -3.3021124498802623e-08   -7.1612090163524806e-09   -2.1047869257011374e-10    3.1366509531072531e-10 
   4.5895269079408721e-08   -1.6948894709702622e-09   -4.8250318128360434e-10    8.1824330643294896e-10   -3.5286829654994910e-11 
  -1.1245010333911373e-08    4.0733834588489544e-11   -1.5227835935139078e-09    1.7823827793500141e-10   -9.6074021572202110e-11 
   1.7586801140768465e-09   -5.1032589920792366e-10   -3.0075430894496945e-11    8.1361612328602421e-10    9.7082710341924738e-10 
  -4.2412846790279918e-10    5.6117295898049440e-10    2.0291477585000658e-10    3.7705271536808302e-10    2.4854664539558112e-10 

   2.2978022729929924e-10   -2.2582860059276610e-11   -1.5886516550736058e-11   -4.7887232630051841e-11   -9.7153875773352913e-12 
   1.5845478560288893e-10   -7.8635849267247206e-11    8.6785091872090040e-11   -6.2347759507875650e-11    5.6331348260448368e-12 
  -2.8428061965593537e-11   -1.1391406042769509e-10   -5.5913447118781117e-11   -3.7264175096208177e-11    3.9116246229639879e-12 
   1.1738709240573144e-10    7.2261242088914779e-11   -4.1609584300728062e-11   -5.5832722309407881e-11   -3.0066509527142656e-11 
  -1.5460076151317348e-11    6.8449116206857635e-12    3.0345148946099116e-11   -9.1519608593694536e-12    1.8940618860709276e-11 
