2    2 5 
  -1.1284753881855347e-06   -4.4078909501513391e-04   -4.6555300997622364e-09   -2.7776497206373049e-06   -3.5898477790666547e-11 
  -1.2033606185583830e-06    3.6501778977160736e-04   -8.6803752755603624e-10    2.4429305525142111e-06    1.1626590921166380e-11 
2    2 5 
  -9.8531630314023315e-04   -4.8642931674261506e-03    5.3718499756256555e-04   -6.9778384021964288e-05    8.8171187685603150e-06 
   8.0804492910700060e-04    4.0259853095348103e-03   -4.5396299224088194e-04    5.9773895974736656e-05   -7.6357613497370314e-06 
2    2 5 
  -1.4378893963690532e-03   -3.6169966013084045e-04   -4.8035845570231608e-05    7.6111823930417207e-06   -1.1918611690710705e-06 
  -1.1717835730785079e-03   -3.6484120031522960e-04   -4.4328899369015676e-05    6.7607665246862685e-06   -9.9498677335551411e-07 
 TENSORSUMACCUMULATOR_IMPL_H - PrettifyOut: Norm of simple tensor is 5.11508e-09 
 As simple full tensor 3    5 5 5 
  -4.5939015004964801e-13   -4.7415296371727064e-14   -1.0307239055571692e-14    1.8889504650451891e-15   -3.5774189149357286e-16 
  -2.2159588338428280e-12   -2.1790387325617011e-13   -4.8919292178611951e-14    9.0256018225201395e-15   -1.7219816556163285e-15 
   2.3152530065587348e-13    1.9956467540847287e-14    4.9032881495438991e-15   -9.2061957384022265e-16    1.7896374293432539e-16 
  -2.8938128533021674e-14   -2.2385204494382189e-15   -5.9393777482999056e-16    1.1302986342929423e-16   -2.2281996008313726e-17 
   3.5398372374947600e-15    2.4650544981352173e-16    7.0632538696496162e-17   -1.3608708403963427e-17    2.7163911692925965e-18 

  -9.7011782299716256e-10   -2.6470239055267331e-10   -3.3937612226289634e-11    5.2997567994176105e-12   -8.1111730681640823e-13 
  -4.8050199131160756e-09   -1.3116848153536327e-09   -1.6813878339764741e-10    2.6254671351416036e-11   -4.0176912102725407e-12 
   5.3464094701417186e-10    1.4610101204130718e-10    1.8719682695185339e-11   -2.9225059188126295e-12    4.4708904479463381e-13 
  -6.9792557438213917e-11   -1.9085296293336576e-11   -2.4446566175816301e-12    3.8161135239526040e-13   -5.8367884520045190e-14 
   8.8543244464825783e-12    2.4226233228761705e-12    3.1024383275322294e-13   -4.8424315027783009e-14    7.4053722020454251e-15 

  -5.7739380719751204e-15   -1.4032732455371409e-15   -1.8925569506710120e-16    3.0171693598076867e-17   -4.7693724713194362e-18 
  -2.8467207171025772e-14   -6.9159881890406056e-15   -9.3289670471568234e-16    1.4873490208488123e-16   -2.3513538474595084e-17 
   3.1342407460961846e-15    7.6079958343373860e-16    1.0266382065773879e-16   -1.6370534076839603e-17    2.5886214465584459e-18 
  -4.0630694299681518e-16   -9.8569930880445406e-17   -1.3304653645819367e-17    2.1217444209237423e-18   -3.3555662897057066e-19 
   5.1256273388455432e-17    1.2428964561733047e-17    1.6779751766525560e-18   -2.6761534688141080e-19    4.2329049409355349e-20 

  -6.2484050976779437e-12   -1.7101182876279143e-12   -2.1897269799945750e-13    3.4176504894490804e-14   -5.2260629427743944e-15 
  -3.0952487425600382e-11   -8.4753206345214194e-12   -1.0850105457433560e-12    1.6933049607144120e-13   -2.5889493279298782e-14 
   3.4449997325164155e-12    9.4430523019516510e-13    1.2083560221369365e-13   -1.8854425248950745e-14    2.8818304595526532e-15 
  -4.4979950309485762e-13   -1.2337997569088447e-13   -1.5783363216654640e-14    2.4624293111509001e-15   -3.7629785112836121e-16 
   5.7073181375020768e-14    1.5663952917015627e-14    2.0033346235291603e-15   -3.1251732838297920e-16    4.7749833745943713e-17 

  -6.1868778396112356e-17   -1.6221420203466146e-17   -2.1155544579901169e-18    3.3273393995713095e-19   -5.1505454564225418e-20 
  -3.0593469493994443e-16   -8.0237918740128198e-17   -1.0463022538593599e-17    1.6455313847159342e-18   -2.5469747847522396e-19 
   3.3913159911401334e-17    8.9007081699333623e-18    1.1602989810922625e-18   -1.8245859250220208e-19    2.8235580206259033e-20 
  -4.4161739449362061e-18   -1.1595876014786253e-18   -1.5113390992232843e-19    2.3764045413913290e-20   -3.6770206689119395e-21 
   5.5915084814640401e-19    1.4687541555102101e-19    1.9139786135142381e-20   -3.0093066210960374e-21    4.6558206867020967e-22 
