2    21 5 
  -1.1272603193235111e-03   -9.1138299134525954e-04    7.9475008422843986e-05   -8.5945636882877645e-06   -1.0617757255678783e-05 
   1.1060395240567310e-03   -1.2406557826315277e-03    3.1865032953936852e-04   -1.0367446161526029e-03   -9.3113209745557322e-05 
  -3.3747232763723972e-03    3.8863762165052728e-04    5.1851387684788517e-04   -1.3121656802049806e-03   -1.7866649383978890e-05 
   1.6877074609094047e-04   -3.1377493908013744e-04   -8.8979803391827956e-04    8.7736721006696175e-05   -1.3261461809509564e-04 
  -1.4535490936816748e-04   -4.5609622336339133e-04   -1.2826028412192473e-03   -5.7642624588873461e-04   -3.8772415759679194e-05 
  -1.4413003712462926e-03    6.8695507336502971e-04   -2.2308419763109974e-04   -5.2563503615076965e-04   -4.0230038937782428e-05 
  -1.1351100101178434e-04    3.6907307555460737e-04   -5.5467626987082711e-04   -4.7712648503079328e-04    6.5780989343647159e-04 
  -7.8529132415729511e-04    7.4769417678640911e-04   -4.4259303512510982e-04    2.6191697403147890e-04   -1.1568742933923893e-04 
  -6.5816965786118283e-05   -3.5443541448610538e-04    9.4437513508602343e-05   -1.9440143660343648e-04   -2.6543337275704415e-05 
   9.4657110066332877e-05    1.3109212266703568e-04   -3.4958255113171249e-05   -2.2013051371429481e-04   -1.2330421802941323e-04 
  -1.7342747779377614e-03    1.0420275453138954e-03   -4.3637106443502965e-04    1.2928357470123501e-04   -3.3303945801342377e-04 
  -7.3425715638621695e-05   -3.3834760916599555e-04   -4.4998554016616995e-04    1.9664968702402165e-04   -3.3461204286283825e-04 
   1.4576263374520100e-05   -2.1502748956253546e-04    1.7798449155614538e-04    6.4427036298399953e-05    2.0797647471342879e-04 
  -9.4493286131483949e-05   -7.9568677002371746e-05   -8.1501382974819193e-05   -3.8845138307753210e-04    4.6010023365653836e-04 
  -3.7447159219562790e-04    1.8915859343824357e-04    1.1539918968844376e-04    7.0294387786785668e-04   -5.6408215702457903e-04 
  -1.0090301606827053e-04   -1.3958972984402804e-04   -2.7777795335739210e-04    1.8628107052463285e-04    3.1626189261735251e-04 
  -1.3975838454526211e-04    5.5302409020847418e-05    2.5194145061807616e-04   -1.0708916191001612e-04   -1.6405913736999546e-04 
   8.9208631912500073e-05    9.1509174469259550e-05    3.6606525650623921e-05    1.1548609553004411e-05   -7.2964096322449435e-05 
   6.8386294831993445e-06   -9.9987651351607907e-05   -1.4234046128701311e-04   -1.6074867029517960e-05   -2.1366336916122026e-04 
   2.6375599632918776e-05   -2.3418422923578576e-04   -2.4160570677504817e-04    8.2399302729354044e-04    2.2683077248686248e-05 
   2.2827573586696467e-05   -1.6324015671419811e-04   -3.3432609146833884e-04    4.6765550106815147e-04    2.3675698407040228e-05 
2    21 5 
   5.7592096765065583e-02    1.0386852258423538e-02    2.5965086250165977e-02   -3.2161714467846082e-02    2.3794863617371407e-02 
  -4.4773142456258019e-02    2.2883942315585565e-02   -1.0485690453447520e-02   -2.0062512778993933e-02    1.2797796529115564e-02 
  -1.7242236228366056e-02    2.9009042114354001e-02    2.2398189059969747e-02   -1.1117836703299050e-02    1.0374713725669848e-02 
  -7.2398446898289852e-03   -1.6627837740359240e-03    4.0264416965042089e-03   -3.3968527553200627e-03    5.3058458507136133e-04 
   1.2152842045594419e-02   -4.5380364614187971e-02   -2.0088468221250006e-02    5.2032009275493401e-03   -7.3046832464353931e-03 
  -1.3559856670707715e-02    5.4787926571151224e-02    2.9907111297129651e-02   -1.7110929517332656e-02    1.6940602472814412e-02 
   1.6499593374257344e-03   -3.5799518097249165e-03    7.1440569079089548e-03   -2.5050734795316575e-03    1.3135350910193646e-05 
  -2.8858609777463206e-03   -1.7348931727270034e-03    9.9114343060407897e-04    5.1137976462604625e-03    1.0288960431190991e-03 
  -5.3219109647977634e-03   -1.7347859764706090e-02    1.0276527461567429e-02    1.9245572284022228e-03    9.1584547527563459e-04 
   8.1502164602276933e-04    4.1827142357444757e-03    1.5379357155524916e-03    8.6950060928378658e-03   -3.3064957837357989e-03 
   3.7438228765784381e-04    5.3751631044196713e-03   -4.7287485476233100e-03    6.2802908418069974e-04   -5.5196469805915858e-03 
  -1.0632617191939295e-03   -2.8552760957208656e-03   -3.8787474175574037e-03    5.1136318249944690e-04    6.4418656979164830e-03 
   5.3632354372379976e-03   -3.3561487601349725e-03    2.0920750688650769e-03    4.5222758342118724e-03   -7.8108593604510920e-04 
   3.7245150159551364e-03    1.2826720177638320e-03    1.7592766580903998e-03   -2.0550918082207085e-04   -4.4597308509004684e-03 
   6.8908140518079833e-04   -3.5291946031443980e-03   -3.1995053371686789e-03    8.1580086274204717e-04    1.3463557430985983e-03 
   2.8588536732832700e-03   -2.9771216131292554e-03    1.2518663122698644e-03   -2.7693405080298655e-03   -4.5423196620691126e-03 
   1.5737809515863159e-03    5.5592930001093573e-04    1.1418140556091760e-03    6.5883269736849589e-05   -1.9882492197283406e-03 
  -8.9402141422889318e-05    2.6037447945274331e-04   -1.9165626638027744e-03   -1.5454964720481002e-03    3.0269670734987006e-04 
  -1.6977861349184251e-03   -1.5459830763644691e-03    1.5638372317826608e-03   -2.0514814736184587e-03   -2.1197692900779387e-04 
  -1.0483067448776901e-03   -1.1755327232205617e-03    1.0318290137838033e-03   -3.1242379526130032e-04   -7.4691244370519451e-04 
  -9.5701602996488676e-05   -1.2199713240807926e-03    2.1564330077063752e-03    2.2063037138985396e-04    1.0544348823221215e-03 
2    21 5 
  -6.5944455869436586e-04   -3.8665155482865060e-02   -1.4828138895031737e-04   -5.4135174334676163e-02   -4.8233911376177011e-05 
  -5.2531920659167628e-04    8.0182934273383671e-03   -6.8335756082894188e-04    4.8766377737742284e-03   -2.6366845061515196e-04 
   1.2203763821687546e-03   -8.7160891103515367e-03    1.0054247350800437e-03    9.2882847726676078e-03    4.2149342963793666e-04 
  -8.5848227315577169e-04    5.6989291971787683e-03    4.0172213109055535e-03    6.7578420598037106e-02    1.6017883474983563e-03 
   1.7749372409888398e-05   -1.0739150714133157e-02   -1.9775433763482271e-04   -1.9465485478914069e-02   -7.3921104371754389e-05 
  -1.0296870031057130e-03    7.5432349348196447e-03   -1.3448509786824607e-03   -2.2581477255443259e-02   -5.8025446441412271e-04 
  -2.6951775785754562e-03   -4.3218804186465880e-03   -2.6607192591785959e-03    2.7273390662468163e-03   -8.3873884493731402e-04 
  -1.4801931427464729e-04    7.2324899463762217e-04    9.3709733528212560e-03   -1.4377702695981198e-04    3.4375051917795137e-03 
  -9.5302055096356045e-03   -7.3535589078624266e-04   -1.3899815258957295e-03    1.0450110063866939e-03   -7.0821300673375360e-04 
   2.4410650544656148e-03   -1.1794674473107513e-02   -2.0287866818039075e-03    5.7092227049141435e-03   -8.1663571714651732e-04 
   4.3428869964604227e-03   -5.4847590182439688e-05    4.1123666479856496e-03    4.6433554669495122e-05    1.5152559811447439e-03 
   1.9604421978364744e-03    3.6733798181683907e-03    1.7489150284692846e-03    6.0488198164388536e-04    1.3474036216588581e-03 
   1.7489013098523775e-03   -1.2833470142079115e-03    5.1380989391956178e-03   -1.3253584650465156e-03    2.1395811137220819e-03 
   2.9120418399813837e-03   -1.3471546144973091e-03   -2.5983184053287450e-03    3.7957870293257351e-03   -2.7809602270610486e-03 
  -2.2423745185688846e-04   -9.1646843987689319e-04    1.7798454138864132e-03   -4.2156199329305375e-04    8.4943563916333462e-04 
   6.8908495778328819e-04    1.6856866387898579e-04    4.4589966271275042e-03    1.8047995472300893e-03    2.3282549637980857e-03 
   1.6092738621793139e-03    4.1640167467956721e-04    1.4939150933978463e-03    4.8675612601594348e-04   -2.8483148969768754e-03 
  -4.5741516257719207e-03    1.3711783363820123e-03    6.9055851602674578e-03   -1.2206632494025291e-03   -6.7236227495557528e-03 
   2.2818391549793353e-03   -8.5813833054978637e-04   -2.4326228526395880e-03   -5.5784871538397645e-04    1.1376554093027488e-03 
   6.4617362148752821e-04   -2.7556799726416839e-05    1.0824170949404004e-03   -2.8976611935360806e-04   -2.3192212354285037e-03 
  -3.7426251500113621e-03    2.4157699561497170e-04    2.0469472471832154e-04    5.2456129526968463e-05    2.1859625046899717e-03 
 TENSORSUMACCUMULATOR_IMPL_H - PrettifyOut: Norm of simple tensor is 7.85756e-06 
 As simple full tensor 3    5 5 5 
   1.1370087520945373e-07    1.7674523842391886e-06    8.8870832676046656e-08    3.3220315555219802e-06    3.5286300685085772e-08 
  -9.5362889451270910e-08    8.3492257930591950e-07   -3.5110351696667907e-08    1.4873812787595664e-06   -1.1002555160170426e-08 
   2.1874579575414449e-08    1.3459902995221075e-06    2.6874491436526411e-08    1.7856220982559545e-06    1.2581529989861861e-08 
   7.8546251808016619e-09   -1.7296433064966678e-06   -3.2185540729653577e-08   -2.2966539785274856e-06   -1.0137032017322661e-08 
   3.5041341447762741e-08    1.2617498136098331e-06    2.4360607577148080e-08    1.7338260192440625e-06    6.9929430578744742e-09 

  -1.4359220887802420e-08    2.5315171510723894e-06   -4.3383142222973851e-08    3.5261805620967297e-06   -1.6757374595041002e-08 
  -3.0080536745614226e-08    1.0157800149455271e-07   -9.2377475804905965e-09   -7.3230057027769331e-07   -6.2499850511277507e-09 
   9.1780243516895957e-09    9.8846135539570737e-07   -4.9405508276359773e-08    7.0307873524149093e-07   -1.7070904812272823e-08 
  -1.2937996516623038e-08   -9.5928667011309457e-07    2.9735053185334361e-08   -1.1172156168508651e-06    1.2965621615590533e-08 
  -9.3527996781861671e-09    7.2440581611470481e-07   -1.4445474029892954e-08    7.9262145464033440e-07   -8.3271763814096409e-09 

  -6.6609357741227177e-09    1.9759588446858479e-08    4.2857225781589382e-08    2.6306663995421684e-07    1.5178184265208091e-08 
   2.7105648378113249e-08   -8.1224433966328677e-07    1.8271186867908317e-08   -6.2106383032892772e-07    1.0579905062839620e-08 
   4.1608379211306599e-08   -5.3218104797418035e-07    2.0017334188394005e-08   -6.2313905075610354e-07    7.0287433199940709e-09 
  -1.2918254529455095e-08    2.0912984098309015e-07   -1.2111970256047732e-08    3.0426815351140761e-07   -3.1769553572829335e-09 
   1.4258968810475252e-08   -2.3217683841345078e-07    7.5291993193616824e-09   -1.5887454977576940e-07    1.8328893956575713e-09 

  -1.5574763747227240e-08    3.2401995626632310e-07   -1.8378639157269361e-08    3.8864275403830469e-07   -1.2092999077675857e-09 
  -4.0893657035075286e-08   -3.5244585047761625e-07   -6.8201584297870014e-09   -3.3182541311889681e-07   -8.7440447637092508e-10 
  -6.5977682867845203e-09    1.3166173769957531e-07   -5.1995524996136569e-09   -6.9890899922600242e-08   -1.4006610906917936e-09 
  -6.4894509875449770e-09    1.4519286427022736e-07    1.5357211132781057e-09    4.7749258925744333e-08    1.5526864060599080e-09 
   4.7827310216635021e-09   -9.8539102601541020e-08    2.5369428036863353e-10   -4.8149531035857284e-08   -4.2287818851318803e-10 

   8.1133754851485403e-10    6.3338125864412036e-08    4.4947847545158858e-09    1.2721989349868279e-07    1.3763857300670590e-09 
  -2.3730647894758215e-09   -2.5129877570780184e-08    4.3484954634117394e-10    1.3196783496038134e-08    3.1196946767960295e-10 
   8.7003569960338024e-10   -1.4605712832187812e-08    8.6658272396477774e-10    6.5862386471995711e-09   -7.4899834525019667e-11 
   4.0358519232040419e-10    2.7700022175401340e-08   -2.3287020999927368e-10   -2.7807931921436239e-09   -7.3119561336758897e-10 
  -1.4169438139224873e-10   -1.6187486602960785e-08    5.2194124081484598e-11    2.7111858022816101e-09    3.9274630842182440e-10 
