2    21 5 
  -1.4054887648136762e-02    1.4699378650417139e-05   -2.5936787323993862e-04   -1.7176040853587055e-06   -1.4571853324899138e-05 
  -8.5758271733245035e-04    1.7881132646887937e-03   -1.3148907641006456e-03    1.9939877774260121e-04   -7.1361127449200102e-05 
  -1.1622366695790321e-03   -2.5018207642226063e-03   -1.7650753949568213e-04    1.0001063022827481e-04    3.7497759313133471e-05 
  -1.0030160895904629e-03    1.9005999639061771e-04    4.8564519819935102e-04   -6.7056075187614425e-05    4.8106781558175725e-05 
   1.6295622787882275e-03   -1.2540008365748668e-03   -2.1556922396010810e-03   -7.2841763430304561e-04   -2.5423502608637959e-04 
  -8.0964621040350378e-04   -2.1340022021253438e-05   -7.7435075829508974e-04   -5.5212688438819860e-05    4.4967546420232979e-05 
  -6.2989209638364949e-04   -5.1518422238714030e-04    4.0754413831482392e-04    3.1157858305030659e-03    9.0197221946320273e-04 
  -2.1964188109430447e-04   -2.6549346733999667e-04    3.4405615940255499e-04    3.7213548715361801e-04   -3.2887939038639489e-04 
  -2.3152057829318353e-04   -2.5698382150305846e-05   -1.7741842510351219e-04    3.6312694478492393e-04   -3.3690650787330910e-05 
  -3.7395276949066372e-06    1.3611707470885840e-04   -1.9029715284575274e-05    1.8511553362401029e-04    3.1294231664372787e-04 
   1.0872735546622083e-04    9.3854474846498154e-04   -1.3778904446773210e-04    1.2403815753910192e-03   -1.2410756296420741e-03 
  -4.8515764180598271e-04    8.0002949662745497e-06   -8.6654510429434695e-05   -1.8656969848725489e-04    1.9667367743267860e-04 
  -6.8557697406335788e-04    8.4586716127688880e-05    2.7916556210358509e-04   -4.9989557985306312e-04    3.4221343078910535e-04 
  -3.9343019578313933e-04    4.2065547433914949e-05    8.3656030413997980e-05   -5.2522994990558440e-05   -8.9228513950103376e-05 
   2.7475050244258871e-05    3.4395342864659270e-04    7.6914463047464415e-05    1.5909420262749290e-05   -7.5009237880880155e-05 
  -9.5325966353153096e-04    2.5141689345675733e-04   -2.1355954675785068e-05   -3.5716642067987260e-05   -2.8272047237632830e-04 
   9.4368183844914581e-05   -9.4655038317012372e-05    1.9485974096305960e-04   -1.7435711650142478e-04   -4.3480967878398532e-04 
   1.5590056000313000e-05    2.1413634774999544e-04    4.9152398523192290e-05    6.4907407796997519e-06    4.7342597500446332e-07 
  -9.1127887990040640e-06    4.8737950583858215e-05   -2.7148791962058969e-04    1.0755912059569095e-04    1.1555647269962453e-03 
   7.0484337553006622e-05    3.5479984217051814e-06    4.8551100193383053e-05   -1.6511476542409686e-04   -1.9092742135765620e-04 
   3.3000339194524575e-06    7.3516870189529582e-06    7.4336389496451396e-05   -1.7894063314882627e-04   -3.6069924745487884e-05 
2    21 5 
  -1.7383384232030280e-01    6.1048806516918290e-03   -1.5322283568134721e-03    1.8474126593589444e-04   -4.7018637853472964e-05 
  -8.4116240714715712e-03    4.9600572062850727e-02   -8.6447121513228635e-04    2.0799417255265226e-05    8.5575977989624241e-05 
   1.1758528626459361e-02    4.5346052509430433e-02   -3.6178406195994362e-03    5.9362550845266807e-04   -4.1255800868021664e-05 
   3.1748999547824300e-02    2.5539910758758961e-02   -8.8433182034462973e-03    1.4138523297378392e-03   -2.0195816874199772e-04 
  -4.4721816738090298e-03    7.9145803706662399e-03    8.7081925370581298e-04   -9.8033192305783278e-05    2.4781657853767207e-05 
   5.0981688397781645e-02    2.6534163287526835e-03    8.6061569240769870e-03   -6.2938920132146682e-04   -3.7449189287244353e-05 
  -1.9254123214505273e-03   -6.0505468996794641e-03    1.8679439715013038e-03    2.0424462337825759e-05   -1.0337664695154623e-06 
  -3.9622067740891454e-03   -4.4628466761669604e-03    1.1733673357058201e-02   -2.3281394802102177e-04   -2.7786946794093039e-04 
   4.2045899155495405e-04   -1.3799186501670456e-03   -2.1031846091506150e-02    4.0124074421289003e-03   -9.5571757103655704e-04 
   1.2760269292950372e-02   -8.3286908896882204e-03    8.9852435301538344e-03   -7.0456811999780209e-04    1.3447561371951531e-04 
  -1.6701507728197021e-02   -2.5483589459911814e-03    1.7557997070779044e-03   -3.9746516165465034e-04   -5.7182962730678620e-05 
   3.7525597329441263e-04   -2.3651667547209812e-03   -4.1117448095694375e-04    1.2260550778593404e-02   -5.5267622158040328e-03 
  -4.6991580903908996e-04    8.0859807246098610e-04   -1.4790203006598136e-03   -5.8296910215484598e-03    2.1549033592272748e-03 
  -9.7974289304923810e-04    1.8917810136344533e-03    2.2834095033969384e-03    1.2221173683609119e-02   -5.6033597656991469e-03 
   2.4440677233547765e-03    4.8962063826825961e-04    5.9773250258937562e-03   -1.4784297730151912e-03    1.6991055048834404e-03 
  -5.7560727905479675e-04    1.4471939671029676e-03    2.3563943247908790e-03    3.5390667974598087e-03   -1.7479511921989585e-03 
  -1.7520923024522085e-04   -2.8850147425167833e-04   -2.2491273167379476e-05    4.2601011334474011e-04    3.2223745031705600e-03 
  -1.8613417602898183e-04    4.3304926511661694e-05    1.2675026001007122e-04   -2.2988378463436577e-03   -3.0811309370000284e-03 
  -6.9368621528930960e-05   -1.4305914978446133e-03   -1.0702277436257820e-03   -3.0382457510611704e-04    7.4871610061056173e-04 
   2.7248157651475156e-04   -6.5582509333510198e-04   -9.8656201527033715e-04   -1.9516129838616767e-06   -3.3666869772817462e-03 
   3.4147969789776893e-04    9.4338316278417698e-04    9.3688723183288857e-04   -7.7699422890931233e-05    2.1051840376666102e-03 
2    21 5 
   1.0646903282080124e-01    2.9189160155390707e-05    7.0961834983887823e-03    6.7922151444653250e-05    6.8958686927719087e-04 
  -3.7195219645604315e-03    1.7918339405198425e-02    8.4317503268885995e-03    4.9988502910583928e-05   -3.7440080550995430e-04 
  -1.4194518697345541e-03   -3.2293978075638635e-02    8.6659564853114567e-03   -1.6196257288176889e-03   -2.0276237525586500e-05 
  -3.2493880431972814e-03    1.8413787331899741e-02    5.4874292165826337e-02    3.3009801094792041e-03    8.9901175380079773e-04 
  -1.9244054915978196e-02   -4.0124295641822114e-02    2.0214325696273150e-03    2.3075667073347828e-03   -1.5337141027061980e-04 
  -3.7807923578236898e-03    4.1327298927337835e-03   -4.1498233513024702e-02    1.5303846152465602e-03   -9.8909491731359253e-04 
   2.6642485451764796e-03    5.4009623566819655e-04    1.6855990221006359e-03   -7.8334178403384920e-03    3.0151311439001551e-03 
   8.9325451165529948e-03   -5.7898963358769806e-04   -6.6667614437619319e-03    8.0831195189231680e-03   -1.1661880966810303e-02 
   9.1177593179915285e-03    9.1575135755188834e-03    3.3982121623489635e-03   -2.1309472212605182e-04   -9.3585468720257976e-03 
   4.7808275549250630e-03   -5.2138346809177758e-03    9.9391476028740360e-04    1.3793704702334627e-02   -1.9853188769266047e-02 
  -9.2880972709573947e-04    1.5342465348873022e-03    2.9195370750986782e-04   -4.3381304099346036e-03   -2.3828425496100732e-03 
  -4.4343353343481388e-03    7.7006164340728757e-04   -4.9974645696691756e-04    3.7927314429078550e-04   -4.7459062793965730e-03 
  -6.8925400944259332e-03    1.4238574708759690e-03   -5.8154399742549974e-05   -6.0799455359581605e-04   -1.5054629053644609e-03 
   2.0734744627025751e-03    1.4617786081688345e-03    1.0351567886982031e-03   -3.1356799128929207e-03   -3.3418955402782129e-03 
  -3.2736628022495061e-04    6.2017342548908213e-04    2.7849519430309267e-03    6.1850283199065869e-03    1.2915480742964548e-03 
  -2.5954589490500184e-03   -2.7998334913033594e-03    3.3167973714539158e-04    2.2383960083049029e-03   -1.1479124498242602e-03 
   3.1826974182327223e-03    8.8047939251539249e-05    6.7774505921872020e-04   -1.4638370594804743e-03   -1.6809284946888955e-05 
  -1.1323087378476372e-03    3.8753055207243380e-04    1.0922412421338213e-03   -7.5725867724062081e-04    5.8943774760752054e-04 
   4.6761719723146709e-04    3.2282041849801053e-04   -2.3292777012895818e-04   -6.1180331869245530e-04   -5.3115546866471354e-04 
   4.7442196219854857e-03    1.8706022062548515e-05    1.5559353523069139e-03   -5.6849046133797927e-04    2.1375165738612037e-03 
   1.3546978558252156e-03   -2.9037886429746909e-03    1.4703493952489821e-03    2.3010403208064274e-04    2.5809306350885472e-03 
 TENSORSUMACCUMULATOR_IMPL_H - PrettifyOut: Norm of simple tensor is 0.000261408 
 As simple full tensor 3    5 5 5 
   2.6052865872317079e-04    1.7345646613193180e-07    1.7226825249609697e-05    8.2970805724505237e-09    1.6939843857525348e-06 
  -9.0365177133977828e-06   -5.4085270695087225e-08   -2.7156388631815932e-06   -8.9096993348966953e-10   -6.8565501730160886e-08 
   2.2679436116656369e-06    8.3022217111488412e-09    1.0045542459330519e-06    9.3565694713728621e-10    1.3461160206660230e-08 
  -2.7984418453065590e-07   -8.4181512614159464e-10   -1.3085415925007897e-07    1.6083632705605215e-10    4.6662504797910529e-08 
   7.0008242879791912e-08   -9.5948167671622601e-11    1.6275954886338500e-08   -1.4210671876476546e-11   -2.2367765540139272e-08 

  -2.6258627774963191e-07    5.2953910379160443e-07   -1.8281828556133900e-08    1.7564705344907587e-07    5.2211585632345516e-09 
   3.0968107968927011e-08    5.7430729573653746e-06    1.0361074601142714e-08    1.6266309616470173e-07   -1.8708257826505403e-09 
  -4.6620620976325344e-09   -3.0595455837338920e-07    7.1852821645547922e-09   -1.7295871260946231e-08    1.2914793535114088e-09 
   7.4932662068688507e-10    4.4761513989254055e-08   -2.5664086547298186e-10    2.5103769913814191e-09   -1.6963245109811281e-10 
   1.1012325615385298e-10    1.1146222525842929e-09   -1.0984535592799418e-10    4.8920278717050744e-09    1.7918728601618674e-10 

   4.6583437381209156e-06    4.6230152232724248e-09    2.9074830528157953e-06    3.0733559616229094e-09    9.2923172845527194e-08 
   3.6141141524467325e-07   -3.4633183428346177e-09    1.0813259086570293e-07    1.5024793764230051e-08    4.1636946596296286e-08 
   1.8701887626961007e-07    1.2580025805267553e-09    4.3266446923616341e-08   -2.8297513924246970e-09   -7.2487500639716465e-08 
  -1.4583738331210576e-09    1.1235722032631410e-09    1.5807417420644441e-08   -5.2795965408890824e-10    1.1195373288286539e-08 
  -2.2551935470794327e-09   -1.7021553003351632e-10   -6.3799229819893161e-09    3.3209526534889633e-10   -1.9228979253324089e-09 

  -7.4677740619750666e-09   -2.9415597584499673e-07    1.3250313424222192e-09    1.5163688016738836e-07    9.0858482352834133e-10 
  -2.1582103798794956e-10    2.1953706612223632e-07   -2.1013727863102157e-09    1.0135024820303793e-07   -1.6358803337179473e-10 
  -6.7760698718892402e-10   -2.9965798960943275e-08    3.5112309581992284e-09    5.4589076626247016e-09    1.8274540035657212e-10 
   3.0923768503782195e-11    8.7661967601845533e-09   -4.2677556954183822e-10   -2.2726062486028809e-09   -2.7692432301422662e-11 
   2.5779099491267907e-11   -1.3319191669006170e-09    7.5819784576040082e-11    7.4391667449300811e-10    4.1517046586307056e-12 

   2.3858963737484715e-07   -2.8702389382401121e-09    1.5767214074769372e-08   -9.9042962712243290e-10   -1.4945100429123165e-07 
   2.0208978915249578e-08    1.0767980141973794e-09    2.2586732139563818e-08    1.3807084496051850e-09    1.6560346321465592e-08 
   4.0672483877457526e-09   -2.5060386077283141e-11   -8.2884376864364069e-09   -1.2189627338226004e-10   -4.9322583322225730e-09 
  -3.0753151934136392e-10    1.7825045137138547e-10    1.8234364697158598e-09    4.8408381402023740e-12    4.0577400584046683e-10 
  -7.3751961672545884e-11    7.4622050711899220e-12   -4.1224965434120711e-10   -5.8001112625769548e-12    9.0724140078033230e-12 
