2    104 5 
   8.0000410161192692e-06    4.6563760766824702e-04   -2.0753688021661812e-07    7.2132567415670169e-04    7.6631060427296220e-07 
   1.1964516945890685e-05   -8.5937813981905341e-04    6.4557212430520916e-06    2.9296374064512393e-04    3.1030203173442813e-06 
   4.5315542450835663e-05   -7.6491423283377429e-04   -2.3625748998559392e-06    6.8469110615060542e-04    2.2104384300962937e-05 
   4.8147485860030558e-06    7.4979621570568427e-05   -1.0992802634038164e-05   -1.5166488996669084e-04    3.7683447550003077e-06 
   5.3326502318745692e-05   -2.8994597337448025e-04    2.7579393400848459e-06    5.1338858735771621e-04    3.1606145265546528e-05 
  -2.4870481914590076e-05   -2.4658080068738650e-04   -1.7814622190894696e-06    2.8286315479709153e-05   -1.5813103049971919e-05 
  -4.3486813306046465e-04    1.3883805326709176e-04   -1.2898208391005507e-04   -3.2124501308859759e-05   -4.7059581065399231e-05 
   7.1483422257469570e-05   -4.5623491706829031e-06   -2.1317450361526798e-04    2.5866514367117912e-06   -4.9133400565343555e-05 
   3.2216176054805701e-05    1.2401828800265851e-05   -1.5311336453082720e-04    1.5351283578877773e-05    2.4789766409381782e-06 
   5.7725557360741619e-05   -2.5563836568132022e-04    4.0084976445068449e-05    9.0755796409409999e-05    2.4520210982635702e-05 
  -3.8347779141601596e-04    5.9914723953605427e-05    4.4337524942622664e-06   -4.0681288399532600e-05   -8.3103820711739488e-05 
   9.7446026207403762e-05    1.0305144177624287e-05   -2.1286275299573949e-05   -3.7502403644857590e-07    8.9918223015438590e-06 
   1.1043554742323844e-04    4.7761017487899155e-07   -6.3523560202441938e-05   -3.7550621904550140e-05   -4.5292365997363783e-06 
   2.0027699766039900e-04    5.3534735316944750e-05    1.8221357383078435e-04    4.7565873101228715e-05   -3.3010680868326867e-04 
   9.5717708788456277e-06   -3.0656907890721789e-05   -7.4941907544501956e-04    2.8933891120471392e-05   -8.7745699641780933e-05 
   9.0858433694558988e-05    2.0422039012083652e-05    2.6615906415746355e-04   -6.0946969265424679e-05   -2.1718008726838409e-05 
   5.2019018246362136e-03    9.2063437494144969e-06    6.6814660914760824e-03    2.4756625952002045e-06    4.3514807161498028e-04 
   3.9245897074385364e-05    6.1592681593403809e-06   -1.1554383751721914e-03   -1.3327211431203004e-06   -1.3408399611554861e-03 
  -1.8375226172837370e-07    1.1794083889132384e-04    8.5721080923402542e-07    1.5319406963825585e-05    1.2045643044924067e-06 
  -1.0323037124402066e-09    1.1213061602554522e-05   -1.9262660685539941e-08    1.6831606719956934e-05   -2.0030536958308026e-08 
   3.4552219626098894e-03    6.1150637191308042e-06    4.4379823303020323e-03    1.6443916204715665e-06    2.8903528453972082e-04 
   2.6068020905647654e-05    4.0911265408675733e-06   -7.6746854995027422e-04   -8.8522381217101340e-07   -8.9061651648018566e-04 
  -1.2205244770214756e-07    7.8338998036441286e-05    5.6937899147282218e-07    1.0175499880617363e-05    8.0009911385613943e-07 
  -6.8567969553261719e-10    7.4479715349017555e-06   -1.2794699035604004e-08    1.1179937485435821e-05   -1.3304739988255172e-08 
  -4.0182852002819474e-05   -4.1139409881150064e-02   -4.5366326733726709e-05   -3.0899729179197474e-02   -1.3499961189599363e-05 
  -2.9329902092210149e-05    4.2449972764477158e-03   -1.7432999435448926e-05    1.1381126974106178e-02    1.1453801495608784e-05 
  -5.2950932831676836e-04   -2.6804381130021890e-06   -5.1017856757431905e-04   -9.4460117043968501e-06   -7.4048624265956060e-05 
  -3.3260690535473254e-05    7.5529848181474499e-08   -1.1462011242610381e-04    1.7877922893444457e-07   -9.6926403375979889e-05 
  -2.2529432553436792e-03    9.3788527205245325e-06   -2.7455524492716885e-03   -8.1068468924851147e-08   -2.3279320113814313e-05 
   9.7077351286382721e-07    2.2763757112763096e-04    4.3106911130674818e-05    1.7034980652450384e-05    4.6744016581211981e-05 
  -2.1151395344644310e-07    2.2044025864165042e-05   -1.9229049933068730e-04    3.1997086261389081e-06   -2.1405533554827520e-04 
  -4.9314843958856700e-09    2.3200054272085735e-05    2.2616837242870856e-07    2.6740646310477892e-05    2.5892918361834343e-07 
  -1.5972062104779288e-03    6.6490630764219841e-06   -1.9464375823796236e-03   -5.7472846567969603e-08   -1.6503688929269556e-05 
   6.8822216451121971e-07    1.6138184638285526e-04    3.0560301955732586e-05    1.2076814109245980e-05    3.3138798950711233e-05 
  -1.4995113580695283e-07    1.5627936891295337e-05   -1.3632282083377394e-04    2.2684079935290075e-06   -1.5175282844462402e-04 
  -3.4961366582586391e-09    1.6447494040921898e-05    1.6034026964505721e-07    1.8957568619620507e-05    1.8356578629678376e-07 
   1.0377508036534819e-04   -4.0848249901630468e-02    8.2799120620577130e-05   -2.8297915245498770e-02   -2.9807293582471292e-07 
   2.4636732889015541e-03    3.9249202575440288e-04    2.2035355083198406e-03    9.6799838397145768e-04    2.1279755977364974e-04 
   2.3359927928223593e-04   -1.7209467695927393e-03    2.2912893344211987e-04   -4.3805557122884803e-03    3.8347928779356149e-05 
   1.6673948350879464e-04    1.9884094342958767e-06    4.7850717158490907e-04    5.2326590908139101e-06    2.9126790757153144e-04 
  -3.7215728080912489e-07   -2.6638663977062620e-04   -8.0885825412274587e-08   -1.3249802293822502e-05   -7.5737328827891290e-09 
  -3.3607982846730330e-07   -2.2080794628807134e-06    1.6210342859622210e-08    4.4402655036168081e-05    3.0537309888039606e-08 
  -5.3637962776438045e-06    9.6501356139386060e-09   -5.6425458625357736e-07   -3.9922097238767000e-08    1.4356394101503141e-08 
   5.4078772374300383e-08    5.0872847434316011e-11   -5.1646577977424265e-07    6.6385358000953291e-10   -9.2269368837672243e-08 
   1.1460966152873260e-07    8.2036504978513661e-05    2.4909621686879138e-08    4.0804128644643418e-06    2.3324089221586208e-09 
   1.0349923909463314e-07    6.8000077633601205e-07   -4.9921417750224921e-09   -1.3674254212111925e-05   -9.4042785960199449e-09 
   1.6518362197651765e-06   -2.9718584949225417e-09    1.7376800208223126e-07    1.2294420364703101e-08   -4.4211991907536123e-09 
  -1.6654114046170702e-08   -1.5666816494288108e-11    1.5905094771330768e-07   -2.0444053638857217e-10    2.8415300942020734e-08 
   1.7877347701341230e-06    1.2796435345339755e-03    3.8855185685507624e-07    6.3648176401574159e-05    3.6381998451925192e-08 
   1.6144292369759233e-06    1.0606968167943854e-05   -7.7869747712407189e-08   -2.1329737287913457e-04   -1.4669230857049623e-07 
   2.5766109115511084e-05   -4.6356430098692427e-08    2.7105140623878684e-06    1.9177408319205807e-07   -6.8963919913659002e-08 
  -2.5977861158462929e-07   -2.4437828548274721e-10    2.4809506079780229e-06   -3.1889585088347357e-09    4.4323507128707535e-07 
   4.3479282370971224e-07   -1.0295313416569447e-04   -4.0377673471116571e-09   -2.4037614393085752e-07    4.1345557423242811e-10 
   9.7898890348168734e-06    3.8101180992365420e-08    5.1668158292413080e-07    1.3805729901102780e-06    1.3431015310069534e-08 
   8.8626480578754520e-07    1.8501738772470750e-08    1.0079702646294153e-07   -6.3229102801668308e-06    1.4996841504359176e-09 
  -4.9213152724611614e-08   -2.6162320481658964e-10    9.1289630482638272e-07    7.6465214457288076e-09   -3.2165581608089294e-08 
  -4.8157395806186303e-04   -3.9563061476077126e-09   -4.1749704796022286e-06   -1.1989260059112133e-09   -8.8929520718827349e-07 
  -4.8157395806186303e-04   -3.9563061476077126e-09   -4.1749704796022286e-06   -1.1989260059112133e-09   -8.8929520718827349e-07 
  -4.8157395806186303e-04   -3.9563061476077126e-09   -4.1749704796022286e-06   -1.1989260059112133e-09   -8.8929520718827349e-07 
  -4.8157395806186303e-04   -3.9563061476077126e-09   -4.1749704796022286e-06   -1.1989260059112133e-09   -8.8929520718827349e-07 
  -1.5977668026697966e-06   -1.1436662713541310e-03   -3.4726362566197199e-07   -5.6884804728207397e-05   -3.2515980732929892e-08 
  -1.4428770325399764e-06   -9.4798523242038265e-06    6.9595165852159507e-08    1.9063200379404937e-04    1.3110451547762245e-07 
  -2.3028155219939384e-05    4.1430511023968573e-08   -2.4224898790372986e-06   -1.7139581824753459e-07    6.1635687609161452e-08 
   2.3217406103391507e-07    2.1841020175962783e-10   -2.2173202572959631e-06    2.8500939432560540e-09   -3.9613610168153673e-07 
  -6.8651656598984492e-08   -1.6320832875587380e-03   -2.5941611558399519e-08   -3.0405335812022935e-05   -8.3590579924032552e-09 
  -6.8651656598984492e-08   -1.6320832875587380e-03   -2.5941611558399519e-08   -3.0405335812022935e-05   -8.3590579924032552e-09 
  -6.8651656598984492e-08   -1.6320832875587380e-03   -2.5941611558399519e-08   -3.0405335812022935e-05   -8.3590579924032552e-09 
  -6.8651656598984492e-08   -1.6320832875587380e-03   -2.5941611558399519e-08   -3.0405335812022935e-05   -8.3590579924032552e-09 
   7.0438516343560736e-04    5.7867816681772657e-09    6.1066160542586433e-06    1.7536365421829653e-09    1.3007479731230524e-06 
   7.0438516343560736e-04    5.7867816681772657e-09    6.1066160542586433e-06    1.7536365421829653e-09    1.3007479731230524e-06 
   7.0438516343560736e-04    5.7867816681772657e-09    6.1066160542586433e-06    1.7536365421829653e-09    1.3007479731230524e-06 
   7.0438516343560736e-04    5.7867816681772657e-09    6.1066160542586433e-06    1.7536365421829653e-09    1.3007479731230524e-06 
  -9.7856015760819680e-07   -7.0044404782815251e-04   -2.1268332005118141e-07   -3.4839379180573831e-05   -1.9914572750937816e-08 
  -8.8369715406045174e-07   -5.8059823054118635e-06    4.2623902531496241e-08    1.1675351081657423e-04    8.0295607040123484e-08 
  -1.4103707226734136e-05    2.5374320789278226e-08   -1.4836658728131755e-06   -1.0497221411625203e-07    3.7749080829773309e-08 
   1.4219614863586366e-07    1.3376640514749109e-10   -1.3580087261931954e-06    1.7455540906536154e-09   -2.4261550900171863e-07 
   2.9348929789689614e-06    2.1007684628772021e-03    6.3787880378013899e-07    1.0449010063788343e-04    5.9727692049869341e-08 
   2.6503803090921467e-06    1.7413274566400114e-05   -1.2783740611482445e-07   -3.5016657535196400e-04   -2.4082220343009713e-07 
   4.2299771756851970e-05   -7.6102542446221320e-08    4.4498036420145084e-06    3.1483216622024666e-07   -1.1321686401030873e-07 
  -4.2647401391025875e-07   -4.0119156726026987e-10    4.0729333244311184e-06   -5.2352575416431742e-09    7.2765128277705842e-07 
  -5.5032553524218691e-06    1.3030973736223349e-03    5.1106788229012153e-08    3.0424865097709569e-06   -5.2331857330800786e-09 
  -1.2391248496420077e-04   -4.8225388459912072e-07   -6.5397369314067432e-06   -1.7474174556077752e-05   -1.6999891181034957e-07 
  -1.1217621980278531e-05   -2.3418002178594024e-07   -1.2758071089065238e-06    8.0030276363170119e-05   -1.8981787135794329e-08 
   6.2290022137553508e-07    3.3114145949794311e-09   -1.1554701921888494e-05   -9.6783474286849600e-08    4.0712587580944870e-07 
   1.6008201959479955e-06    1.1458518612034261e-03    3.4792725969078488e-07    5.6993513758898571e-05    3.2578120011852248e-08 
   1.4456344255619515e-06    9.4979686834351458e-06   -6.9728164867568414e-08   -1.9099630882155511e-04   -1.3135506120534192e-07 
   2.3072162902562654e-05   -4.1509686310162751e-08    2.4271193495587777e-06    1.7172336219103994e-07   -6.1753475758175750e-08 
  -2.3261775451668650e-07   -2.1882759198254935e-10    2.2215576408477611e-06   -2.8555405814475801e-09    3.9689313287539133e-07 
  -4.9133990619144798e-06    1.1634272813311369e-03    4.5629001247667499e-08    2.7163831960690963e-06   -4.6722763573789565e-09 
  -1.1063115345259458e-04   -4.3056439006617472e-07   -5.8387872715738318e-06   -1.5601237335603216e-05   -1.5177789150704552e-07 
  -1.0015281825975253e-05   -2.0907986740171656e-07   -1.1390620733828894e-06    7.1452378569805650e-05   -1.6947259237285463e-08 
   5.5613580824047852e-07    2.9564867197052067e-09   -1.0316232474788544e-05   -8.6409915825649905e-08    3.6348883854770320e-07 
   8.0244657330884854e-07    7.4543411138339578e-04    8.8544085397351084e-07    5.5323369292923307e-04    2.4305897498377333e-07 
   8.0244657330884854e-07    7.4543411138339578e-04    8.8544085397351084e-07    5.5323369292923307e-04    2.4305897498377333e-07 
   8.0244657330884854e-07    7.4543411138339578e-04    8.8544085397351084e-07    5.5323369292923307e-04    2.4305897498377333e-07 
   8.0244657330884854e-07    7.4543411138339578e-04    8.8544085397351084e-07    5.5323369292923307e-04    2.4305897498377333e-07 
  -1.7570293641903503e-05   -1.7988556706122177e-02   -1.9836812033904065e-05   -1.3511169269311675e-02   -5.9029727964286479e-06 
  -1.2824749030065194e-05    1.8561611468253573e-03   -7.6227272050894647e-06    4.9764945230070575e-03    5.0082720753569003e-06 
  -2.3153245528714368e-04   -1.1720443519313572e-06   -2.2307991581726273e-04   -4.1303489204664878e-06   -3.2378390464682283e-05 
  -1.4543519693418993e-05    3.3026068213968049e-08   -5.0118618570262974e-05    7.8172737694947010e-08   -4.2381893869804448e-05 
   3.5079416701026516e-05   -7.4450839734957019e-04    4.4272165639102138e-05   -5.5255423757143542e-04    1.7222382721310139e-06 
   3.5079416701026516e-05   -7.4450839734957019e-04    4.4272165639102138e-05   -5.5255423757143542e-04    1.7222382721310139e-06 
   3.5079416701026516e-05   -7.4450839734957019e-04    4.4272165639102138e-05   -5.5255423757143542e-04    1.7222382721310139e-06 
   3.5079416701026516e-05   -7.4450839734957019e-04    4.4272165639102138e-05   -5.5255423757143542e-04    1.7222382721310139e-06 
2    104 5 
  -6.9680231009534095e-04   -1.0220256185799840e-02    1.1676925440184501e-04   -4.0990203053958571e-03   -3.9667120689448939e-05 
  -3.7338506952502726e-03   -3.8337008751133670e-03   -3.1802830998396497e-04    8.9686896044463855e-03    1.4636671820904253e-05 
  -6.5962863880828200e-03   -2.0741439136109712e-03   -1.7640756475275107e-03    2.2818013188607340e-02    2.9128509715449610e-04 
   1.2557391115481738e-02   -4.2170640199737375e-03    3.0227819101984665e-03    1.2929120604083287e-03   -1.5512327080172594e-05 
  -1.0106384799754177e-02   -1.1816074211908879e-02   -2.2326850936667513e-03    3.1350953970890404e-02    3.3596592005725014e-04 
  -4.0108651169455944e-03    1.5937213226376739e-02   -2.6108682862688473e-03   -2.9911491121639520e-02   -2.0698653972492733e-04 
   2.4985053694873017e-03   -1.1822953460766388e-03    1.6612051691595440e-03   -1.7279586318800233e-03    1.0296740580703447e-03 
  -3.0196582953098930e-03   -2.4666021248582765e-04    3.7234234393943091e-03    3.1069904939936432e-04   -4.1077384820885913e-04 
   4.6140030513299977e-03   -8.4443981095080585e-04    1.7883707543493730e-03    1.7917099543064041e-03    4.4217503807454612e-04 
   1.9200292115669354e-03   -1.2814742926330178e-03   -5.7769105588714210e-03   -8.5466856936765691e-04    1.1904989853292656e-03 
  -1.4882662860353469e-03   -2.1105827922045150e-04    1.1740573186476652e-03    2.6368234105259543e-03   -4.8835313868823382e-04 
  -1.8263780848455664e-03    1.1836019777340453e-03   -1.4499127934870376e-03    7.6970046628710919e-04    4.4341147343450391e-03 
   7.8523865767793539e-04    4.0078777936270668e-03    2.0122881065012237e-03   -2.3826903368205564e-04   -2.4165815183754011e-04 
  -1.3114541277858480e-03   -1.6248084303750528e-03    1.6022688093922282e-03    3.5580368259816035e-05    3.6516917252038387e-04 
   9.6326567767793735e-04    3.5460670005651772e-03    3.6644301745942224e-04    4.4861765805072188e-04   -5.1840183162476844e-04 
  -1.4915316438018620e-03   -4.0681169280252149e-03    6.4527525352346432e-04   -2.2106553656096121e-04    2.3541182441989645e-03 
   1.8025395039528438e-03   -3.1529581031231019e-08    1.1760194646080925e-05   -3.2889127943461453e-09    1.9597976852601596e-06 
   1.8025395039528438e-03   -3.1529581031231019e-08    1.1760194646080925e-05   -3.2889127943461453e-09    1.9597976852601596e-06 
   1.8025395039528438e-03   -3.1529581031231019e-08    1.1760194646080925e-05   -3.2889127943461453e-09    1.9597976852601596e-06 
   1.8025395039528438e-03   -3.1529581031231019e-08    1.1760194646080925e-05   -3.2889127943461453e-09    1.9597976852601596e-06 
   7.1002648049088098e-08    1.1972111323541594e-03   -3.0587542938262904e-08    1.5700746984397235e-05   -3.8320834408686028e-09 
   7.1002648049088098e-08    1.1972111323541594e-03   -3.0587542938262904e-08    1.5700746984397235e-05   -3.8320834408686028e-09 
   7.1002648049088098e-08    1.1972111323541594e-03   -3.0587542938262904e-08    1.5700746984397235e-05   -3.8320834408686028e-09 
   7.1002648049088098e-08    1.1972111323541594e-03   -3.0587542938262904e-08    1.5700746984397235e-05   -3.8320834408686028e-09 
   2.1167246819423411e-03   -3.7025231476898449e-08    1.3810013160442169e-05   -3.8621749333547848e-09    2.3013931860614431e-06 
   2.1167246819423411e-03   -3.7025231476898449e-08    1.3810013160442169e-05   -3.8621749333547848e-09    2.3013931860614431e-06 
   2.1167246819423411e-03   -3.7025231476898449e-08    1.3810013160442169e-05   -3.8621749333547848e-09    2.3013931860614431e-06 
   2.1167246819423411e-03   -3.7025231476898449e-08    1.3810013160442169e-05   -3.8621749333547848e-09    2.3013931860614431e-06 
  -7.7392856313428360e-07   -1.6570315813722243e-04    3.8745607311858465e-08    1.3134109806365563e-07   -5.2756431785825279e-10 
  -1.5534210105684469e-05    7.2233751480044680e-08    3.2736506842780355e-06   -1.3691089532948974e-06    5.2074732023011114e-08 
  -7.3821652488138680e-07    1.1730490029530613e-08    7.7169183417039844e-07    1.0221891905816099e-05    3.3852998887679774e-09 
  -3.0600321943489757e-07    1.1668774412419076e-09   -1.4124154359433719e-06    8.4617319539661527e-08   -2.6879645775296775e-07 
  -5.4867050227404467e-07   -1.1747393665811822e-04    2.7468390284778426e-08    9.3113227339700748e-08   -3.7401252912657718e-10 
  -1.1012854760908458e-05    5.1209543869513483e-08    2.3208286278238196e-06   -9.7061890832663925e-07    3.6917967285172170e-08 
  -5.2335273665741754e-07    8.3162376516480898e-09    5.4708479105659621e-07    7.2467290048603536e-06    2.3999814437606117e-09 
  -2.1693854976081128e-07    8.2724848555222990e-10   -1.0013206949233667e-06    5.9988775998766075e-08   -1.9056111185189011e-07 
  -4.1621646309994855e-07   -8.9114662114363067e-05    2.0837271557327357e-08    7.0634849131719081e-08   -2.8372250992705600e-10 
  -8.3542516651083051e-06    3.8847095183704106e-08    1.7605595324158052e-06   -7.3630269418031730e-07    2.8005634902164239e-08 
  -3.9701063589606002e-07    6.3086224014622626e-09    4.1501355696286109e-07    5.4973028492431691e-06    1.8206041401668481e-09 
  -1.6456761483849223e-07    6.2754319274368998e-10   -7.5959279083245477e-07    4.5506940993577534e-08   -1.4455792985162532e-07 
   7.7215296460118443e-04   -1.3506311186251375e-08    5.0377088215515317e-06   -1.4088699631270764e-09    8.3951757471816258e-07 
   7.7215296460118443e-04   -1.3506311186251375e-08    5.0377088215515317e-06   -1.4088699631270764e-09    8.3951757471816258e-07 
   7.7215296460118443e-04   -1.3506311186251375e-08    5.0377088215515317e-06   -1.4088699631270764e-09    8.3951757471816258e-07 
   7.7215296460118443e-04   -1.3506311186251375e-08    5.0377088215515317e-06   -1.4088699631270764e-09    8.3951757471816258e-07 
   9.4674433743444227e-04   -1.6560220864806790e-08    6.1767842889923343e-06   -1.7274293060066883e-09    1.0293407478551013e-06 
   9.4674433743444227e-04   -1.6560220864806790e-08    6.1767842889923343e-06   -1.7274293060066883e-09    1.0293407478551013e-06 
   9.4674433743444227e-04   -1.6560220864806790e-08    6.1767842889923343e-06   -1.7274293060066883e-09    1.0293407478551013e-06 
   9.4674433743444227e-04   -1.6560220864806790e-08    6.1767842889923343e-06   -1.7274293060066883e-09    1.0293407478551013e-06 
   2.1996615575523335e-07    3.7089592803531582e-03   -9.4760187387324330e-08    4.8640903565395806e-05   -1.1871791914554933e-08 
   2.1996615575523335e-07    3.7089592803531582e-03   -9.4760187387324330e-08    4.8640903565395806e-05   -1.1871791914554933e-08 
   2.1996615575523335e-07    3.7089592803531582e-03   -9.4760187387324330e-08    4.8640903565395806e-05   -1.1871791914554933e-08 
   2.1996615575523335e-07    3.7089592803531582e-03   -9.4760187387324330e-08    4.8640903565395806e-05   -1.1871791914554933e-08 
  -1.2283263376302171e-04   -4.4616873728385076e-02   -9.0501129479455525e-05   -3.0788803576287761e-02    8.4448433362270316e-06 
  -2.1003026766737874e-03   -2.3560149350525218e-04   -8.2446614653745723e-04   -6.3921424364015735e-04    7.9705276224211797e-04 
  -1.8058489740581468e-05    1.9067012620801376e-03    1.9167254012194651e-04    4.8755516810691721e-03    1.8562767926753605e-04 
  -2.3760518512559972e-04    1.6050987642771657e-05   -6.3306851527612047e-04    4.0530495233430660e-05   -4.9261028128328290e-04 
  -6.9437686523532948e-07    4.8122591009732731e-04   -1.0320743904414005e-07    1.7689191604952895e-05   -7.7015505042846375e-09 
  -1.7899016693529709e-06    2.4034229447571288e-06   -2.8338926086210715e-08   -6.5454375339254130e-05    2.5745362489813702e-08 
  -1.7029117540219849e-05   -4.1770251354681143e-08   -5.9551804710469802e-07    4.6439799351345541e-07   -1.9459825736231938e-09 
   4.7870261969248874e-08   -1.9814590377131046e-10   -1.3690302519267124e-06   -7.7575938330694003e-10   -1.3262204972841263e-07 
   1.1452772028896704e-03   -2.0032909288559008e-08    7.4720597247193495e-06   -2.0896722859036680e-09    1.2451941309926070e-06 
   1.1452772028896704e-03   -2.0032909288559008e-08    7.4720597247193495e-06   -2.0896722859036680e-09    1.2451941309926070e-06 
   1.1452772028896704e-03   -2.0032909288559008e-08    7.4720597247193495e-06   -2.0896722859036680e-09    1.2451941309926070e-06 
   1.1452772028896704e-03   -2.0032909288559008e-08    7.4720597247193495e-06   -2.0896722859036680e-09    1.2451941309926070e-06 
  -2.3536011022540097e-06    1.6311226498803460e-03   -3.4982320762195584e-07    5.9957787973379080e-05   -2.6104524305840865e-08 
  -6.0668993349709655e-06    8.1464391675057582e-06   -9.6055227373676709e-08   -2.2185861548484380e-04    8.7264303532662632e-08 
  -5.7720456742882986e-05   -1.4158091168041206e-07   -2.0185176123383026e-06    1.5740841668844922e-06   -6.5959379690658680e-09 
   1.6225699181067688e-07   -6.7161859916692580e-10   -4.6403491695561943e-06   -2.6294484033772037e-09   -4.4952448454369465e-07 
  -1.0156462024507174e-06    7.0387608312036430e-04   -1.5095872108918793e-07    2.5873500655735010e-05   -1.1264848980831393e-08 
  -2.6180406120276523e-06    3.5154215368310346e-06   -4.1450578355943556e-08   -9.5738339042397792e-05    3.7657043246443159e-08 
  -2.4908028228949702e-05   -6.1096213436512022e-08   -8.7104809119435559e-07    6.7926234607171626e-07   -2.8463359162547031e-09 
   7.0018533470165648e-08   -2.8982263778084390e-10   -2.0024434079299004e-06   -1.1346822037398667e-09   -1.9398267412357213e-07 
   7.0143067079132793e-04   -1.2269254085143463e-08    4.5762998265212655e-06   -1.2798300966239179e-09    7.6262528614368055e-07 
   7.0143067079132793e-04   -1.2269254085143463e-08    4.5762998265212655e-06   -1.2798300966239179e-09    7.6262528614368055e-07 
   7.0143067079132793e-04   -1.2269254085143463e-08    4.5762998265212655e-06   -1.2798300966239179e-09    7.6262528614368055e-07 
   7.0143067079132793e-04   -1.2269254085143463e-08    4.5762998265212655e-06   -1.2798300966239179e-09    7.6262528614368055e-07 
   1.2475715043496502e-07    2.1035926609140171e-03   -5.3744681369441219e-08    2.7587428177601982e-05   -6.7332673280193625e-09 
   1.2475715043496502e-07    2.1035926609140171e-03   -5.3744681369441219e-08    2.7587428177601982e-05   -6.7332673280193625e-09 
   1.2475715043496502e-07    2.1035926609140171e-03   -5.3744681369441219e-08    2.7587428177601982e-05   -6.7332673280193625e-09 
   1.2475715043496502e-07    2.1035926609140171e-03   -5.3744681369441219e-08    2.7587428177601982e-05   -6.7332673280193625e-09 
  -6.0862127692358024e-06   -1.3030978891296946e-03    3.0469738578741825e-07    1.0328729371650995e-06   -4.1487920731838380e-09 
  -1.2216180201738376e-04    5.6804981954306510e-07    2.5744152039021570e-05   -1.0766741002906584e-05    4.0951828642870646e-07 
  -5.8053715216276479e-06    9.2249157878328533e-08    6.0686230212541719e-06    8.0385467091400765e-05    2.6622166944285897e-08 
  -2.4064245594057438e-06    9.1763823191359070e-09   -1.1107305339514614e-05    6.6543481557927354e-07   -2.1138287323007247e-06 
   1.1474658712905500e-03   -2.0071192942007211e-08    7.4863391157416421e-06   -2.0936657293152819e-09    1.2475737444526393e-06 
   1.1474658712905500e-03   -2.0071192942007211e-08    7.4863391157416421e-06   -2.0936657293152819e-09    1.2475737444526393e-06 
   1.1474658712905500e-03   -2.0071192942007211e-08    7.4863391157416421e-06   -2.0936657293152819e-09    1.2475737444526393e-06 
   1.1474658712905500e-03   -2.0071192942007211e-08    7.4863391157416421e-06   -2.0936657293152819e-09    1.2475737444526393e-06 
  -5.4338732615441857e-06   -1.1634277415847895e-03    2.7203895760294904e-07    9.2216635346758671e-07   -3.7041114349689090e-09 
  -1.0906811423348674e-04    5.0716444571944128e-07    2.2984812511497603e-05   -9.6127276958494390e-06    3.6562482304044570e-07 
  -5.1831334658816894e-06    8.2361601771270008e-08    5.4181688383078151e-06    7.1769498833927354e-05    2.3768719006037084e-08 
  -2.1484963745229031e-06    8.1928286788962148e-09   -9.9167892711995697e-06    5.9411141029346891e-07   -1.8872618923204340e-06 
   2.6514311920095520e-03   -4.3821611321924766e-06    3.3684515545703629e-03   -8.7635052024359679e-07    1.6303514911498472e-04 
   1.2264091202913714e-05   -1.0033806209626460e-05   -4.8916709536494293e-04   -4.3247536400876423e-08   -5.6243480204516379e-04 
  -2.2781470620493523e-07   -9.7675731607552239e-05    3.3046687532829636e-06   -4.8354467955392491e-06    3.9899121730707871e-06 
  -1.0680898245567335e-09   -8.9340271267716520e-06   -7.7393318135542019e-09   -1.1708001940779450e-05   -6.6843057931893037e-09 
   5.7408089657375603e-04   -1.2555197115004848e-06    7.2537343388542062e-04   -2.0126946183223539e-07    3.0887202621672131e-05 
   5.7408089657375603e-04   -1.2555197115004848e-06    7.2537343388542062e-04   -2.0126946183223539e-07    3.0887202621672131e-05 
   5.7408089657375603e-04   -1.2555197115004848e-06    7.2537343388542062e-04   -2.0126946183223539e-07    3.0887202621672131e-05 
   5.7408089657375603e-04   -1.2555197115004848e-06    7.2537343388542062e-04   -2.0126946183223539e-07    3.0887202621672131e-05 
   2.6530636788658032e-03   -4.3848592299111105e-06    3.3705255110453888e-03   -8.7689008948079874e-07    1.6313552989757459e-04 
   1.2271642206972561e-05   -1.0039984026650242e-05   -4.8946827566941401e-04   -4.3274163919988527e-08   -5.6278109329518900e-04 
  -2.2795497177722727e-07   -9.7735870580234067e-05    3.3067034386710873e-06   -4.8384239813555757e-06    3.9923687630059745e-06 
  -1.0687474477321488e-09   -8.9395278095356612e-06   -7.7440969221113708e-09   -1.1715210560538801e-05   -6.6884213219586066e-09 
2    104 5 
   2.1084001649453420e-02    9.4424229699874729e-03    4.8357455035023906e-03   -9.4302192559861005e-03    1.4658328438931086e-02 
   5.3892122014058304e-03    4.2229053498211199e-03   -4.8791044850532792e-03    2.7534784514541772e-03   -2.1700115579676264e-03 
   1.9374580976432158e-03   -3.9348383386067351e-03   -2.6893272004121734e-04   -1.6559168194523444e-03    3.0824693725792960e-03 
  -9.6981618958392798e-03    1.2243077330674388e-03    1.5254040948927230e-04    4.0628365682513264e-03   -1.1838616014051974e-03 
   2.8293380142437583e-04    4.1914056878319620e-03    3.2257943154650470e-03   -5.2377115982112489e-04   -1.6979708723469965e-03 
  -9.6976636303941325e-04   -5.0559950886547352e-03   -5.2202241742412506e-03    1.3583067640424410e-03   -1.2017082247487341e-03 
  -7.5283146923398893e-05    7.8081531907337994e-04    8.8292537504875823e-04   -3.9317690196260984e-03    5.7774539161710588e-04 
  -1.1079525571141197e-03   -5.2257984122379333e-03    4.6827837060172089e-04    1.6016314608950605e-03    5.3930659914841440e-04 
   2.1053961464201193e-03    5.8876880573860836e-04   -3.7133229771901428e-03    1.9212458996121146e-03   -6.4668922841575214e-03 
  -2.1309892777333899e-03    2.2128475039590719e-03   -1.8148904271347499e-03   -2.3402581977703361e-03    2.6564337428165953e-03 
   3.7659263559672342e-03   -2.2585533796196854e-04    2.0732027626995443e-03   -3.1018869453900396e-03   -3.2699103340382515e-03 
   9.0315894231380179e-04    1.6698160579750126e-03   -2.7566759311042927e-03   -1.5377535828102213e-04   -5.5141733223765612e-04 
   3.1546264972141287e-04   -1.7112739446104126e-03   -1.4512902528254355e-03   -1.7964854976109928e-03   -1.1615543890907941e-03 
  -4.8635370938645569e-04    5.0669445912547692e-04   -5.8127400762860066e-04    1.2126481968759099e-03   -9.8067149066635934e-04 
  -6.1151021237094917e-04    6.9891503464109499e-05   -3.7021631926941378e-04    4.7023152482760498e-04    9.1698812090433655e-04 
   9.6530446743497771e-04    4.6878543064413959e-04   -2.3940535649171098e-04   -1.5386987650626040e-03   -8.6674292029866517e-04 
  -3.4943230950330585e-04   -1.5325900147111367e-04   -3.1330302675836102e-05    9.9535979565927601e-06   -3.1027788384494406e-06 
  -1.9021579991833423e-05    3.2493432201251617e-05    4.4635264539199081e-05   -2.4070823340833233e-05    9.2871612407706143e-06 
  -2.1601978922546076e-06    5.8960079711108717e-06   -4.1229687550963885e-06    1.7515813236092888e-06   -6.9774890591020155e-07 
  -8.7679103655203020e-09    7.2102758417043338e-09    1.2229865950493723e-07   -4.4385106119045919e-08   -7.4600677280443411e-07 
  -2.3210091826862838e-04   -1.0179812801209221e-04   -2.0810302375965120e-05    6.6114070249707870e-06   -2.0609365476599417e-06 
  -1.2634567734449693e-05    2.1582879563512628e-05    2.9647761826710077e-05   -1.5988390452018208e-05    6.1687445421279248e-06 
  -1.4348527620326035e-06    3.9162631130451871e-06   -2.7385699834424786e-06    1.1634403075370148e-06   -4.6346075442447445e-07 
  -5.8238462551644339e-09    4.7892298402756907e-09    8.1233561986487413e-08   -2.9481600892385749e-08   -4.9551473144725640e-07 
  -7.9394365145807490e-05   -3.4821911980535765e-05   -7.1185446311754649e-06    2.2615527219093991e-06   -7.0498104888096730e-07 
  -4.3218850302322177e-06    7.3828187916959163e-06    1.0141559308703130e-05   -5.4691214455778870e-06    2.1101319215896861e-06 
  -4.9081763643623070e-07    1.3396294418977863e-06   -9.3677796221010628e-07    3.9797604115911615e-07   -1.5853522959758857e-07 
  -1.9921531529677956e-09    1.6382436809921053e-09    2.7787425963499537e-08   -1.0084720921370917e-08   -1.6949987883338633e-07 
   7.6489373924855028e-04    5.7811127681117923e-05    1.1596146670230190e-05   -3.3331305622228273e-06    9.5458069704983804e-07 
   7.6489373924855028e-04    5.7811127681117923e-05    1.1596146670230190e-05   -3.3331305622228273e-06    9.5458069704983804e-07 
   7.6489373924855028e-04    5.7811127681117923e-05    1.1596146670230190e-05   -3.3331305622228273e-06    9.5458069704983804e-07 
   7.6489373924855028e-04    5.7811127681117923e-05    1.1596146670230190e-05   -3.3331305622228273e-06    9.5458069704983804e-07 
  -2.4792421288104965e-04    4.7620697225927473e-04    8.4442030950993507e-05   -2.0090398053568682e-05    5.6118830253987663e-06 
  -2.4792421288104965e-04    4.7620697225927473e-04    8.4442030950993507e-05   -2.0090398053568682e-05    5.6118830253987663e-06 
  -2.4792421288104965e-04    4.7620697225927473e-04    8.4442030950993507e-05   -2.0090398053568682e-05    5.6118830253987663e-06 
  -2.4792421288104965e-04    4.7620697225927473e-04    8.4442030950993507e-05   -2.0090398053568682e-05    5.6118830253987663e-06 
   2.0981727195727904e-03    1.5858115286369943e-04    3.1809279311849135e-05   -9.1430786494615810e-06    2.6185012040344596e-06 
   2.0981727195727904e-03    1.5858115286369943e-04    3.1809279311849135e-05   -9.1430786494615810e-06    2.6185012040344596e-06 
   2.0981727195727904e-03    1.5858115286369943e-04    3.1809279311849135e-05   -9.1430786494615810e-06    2.6185012040344596e-06 
   2.0981727195727904e-03    1.5858115286369943e-04    3.1809279311849135e-05   -9.1430786494615810e-06    2.6185012040344596e-06 
  -9.7793527548522069e-05   -1.7957932223551668e-03   -1.2635810520593418e-03    3.7723322719730588e-04   -1.2446096280872360e-04 
   2.7038152466924120e-04    1.1470262947641721e-04    2.2925776656678183e-04   -3.5460160948426841e-04    2.1398809530735998e-04 
   3.8921549057713997e-05   -6.7338520524601677e-05    4.7546050799320122e-05    2.8077743375235905e-05   -1.5178269632745077e-05 
   1.2497673957474902e-07    7.7462782015571396e-07   -7.7176966919115644e-07    6.3361809193016178e-06    5.0353375799465779e-06 
  -8.0150829446653370e-03   -1.8239362810266023e-03   -4.7525240891981985e-03    4.9619355896749640e-03   -2.0285212280384997e-03 
  -4.7903597658833738e-05    1.4086176860104880e-03    1.3811190401971181e-03   -9.4778290607690219e-04    1.5602321966824088e-03 
  -2.2825402623218952e-04    3.6269701080931274e-04   -4.3056921458893826e-04   -1.6747435098594073e-04   -1.0538796179517189e-04 
   1.5049813028736051e-06   -5.2327127248828022e-06   -1.8702748368406634e-05   -3.2604034380241345e-05   -7.4695764640953530e-05 
  -4.6977151464686729e-04   -8.6264656077549851e-03   -6.0698739434516900e-03    1.8121181325387458e-03   -5.9787407693266226e-04 
   1.2988337936104886e-03    5.5099789662847948e-04    1.1012872829564133e-03   -1.7034024578056980e-03    1.0279362465891119e-03 
   1.8696774225853132e-04   -3.2347456497287754e-04    2.2839732709704330e-04    1.3487727014148347e-04   -7.2911969675655330e-05 
   6.0035171772003643e-07    3.7210855716560187e-06   -3.7073558500541127e-06    3.0437160639900501e-05    2.4188289562579992e-05 
   2.3554502740448773e-03    1.7802634477451790e-04    3.5709727313355131e-05   -1.0264201278373839e-05    2.9395813419429198e-06 
   2.3554502740448773e-03    1.7802634477451790e-04    3.5709727313355131e-05   -1.0264201278373839e-05    2.9395813419429198e-06 
   2.3554502740448773e-03    1.7802634477451790e-04    3.5709727313355131e-05   -1.0264201278373839e-05    2.9395813419429198e-06 
   2.3554502740448773e-03    1.7802634477451790e-04    3.5709727313355131e-05   -1.0264201278373839e-05    2.9395813419429198e-06 
   4.3136793645378847e-04    2.1017464198280756e-04    3.8635412979422895e-05   -1.1627240589149866e-05    3.4946138769064797e-06 
   1.8833553934614623e-05   -2.8174629320781029e-05   -4.7820773390395921e-05    2.7518280461704584e-05   -1.0033059773151759e-05 
   5.7439663024127841e-06   -1.3458089560273945e-05    7.9124023789006135e-06   -3.4905565422147235e-06    1.2882080983050803e-06 
  -1.6553388885677890e-08    1.8715206862057203e-08    2.3650390587811721e-07    8.3174773048371462e-07    1.0704027202404723e-06 
  -1.0447481761419115e-03   -4.5822054203250982e-04   -9.3672724840700950e-05    2.9759707469471316e-05   -9.2768254230683973e-06 
  -5.6871561281935316e-05    9.7150300946991628e-05    1.3345248836670270e-04   -7.1968012400787346e-05    2.7767165496581415e-05 
  -6.4586552149301219e-06    1.7628145442795636e-05   -1.2327034364108475e-05    5.2369553227811274e-06   -2.0861605439144455e-06 
  -2.6214686260620199e-08    2.1557601659125982e-08    3.6565394208681505e-07   -1.3270455365633474e-07   -2.2304440490485679e-06 
   1.4621282786698145e-03    7.1239019299545829e-04    1.3095532862200261e-04   -3.9410711440567913e-05    1.1845047674293928e-05 
   6.3836621752723095e-05   -9.5498340951371980e-05   -1.6208924950881056e-04    9.3273636362946577e-05   -3.4007210958947259e-05 
   1.9469262438757842e-05   -4.5616402286903745e-05    2.6819209989299371e-05   -1.1831295275732241e-05    4.3664012323852920e-06 
  -5.6107967125556363e-08    6.3435482523631308e-08    8.0163363935442625e-07    2.8192217702994694e-06    3.6281465416620064e-06 
   6.3095017771050226e-04    3.0741674682513133e-04    5.6510970392666124e-05   -1.7006849364643925e-05    5.1114769094571777e-06 
   2.7547328388971325e-05   -4.1210265934493509e-05   -6.9946147868494356e-05    4.0250242264957901e-05   -1.4675084334944196e-05 
   8.4015436776876238e-06   -1.9684782484078681e-05    1.1573256297455851e-05   -5.1055423560783620e-06    1.8842270365191403e-06 
  -2.4212192832390544e-08    2.7374225336678007e-08    3.4592784681624525e-07    1.2165748402007772e-06    1.5656490190477616e-06 
  -6.3986117260541773e-04   -2.8063943066121790e-04   -5.7370322271396853e-05    1.8226479598298505e-05   -5.6816374785936987e-06 
  -3.4831268166595049e-05    5.9500180907200288e-05    8.1733634614960366e-05   -4.4077164101786357e-05    1.7006137440873518e-05 
  -3.9556352369433891e-06    1.0796444608824019e-05   -7.5497529864979940e-06    3.2073991132402313e-06   -1.2776793129246256e-06 
  -1.6055313876829529e-08    1.3203059446447105e-08    2.2394656003657134e-07   -8.1275558313190092e-08   -1.3660464571714503e-06 
  -1.9190685911273167e-03   -8.4169244809907012e-04   -1.7206479818987768e-04    5.4664771080721982e-05   -1.7040340152136072e-05 
  -1.0446577412326543e-04    1.7845266009884237e-04    2.4513512890548969e-04   -1.3219602131705669e-04    5.1004726675766295e-05 
  -1.1863722423200906e-05    3.2380645414496578e-05   -2.2643183314535253e-05    9.6196161932530104e-06   -3.8320097295211598e-06 
  -4.8153021156535200e-08    3.9598553210054433e-08    6.7165945967191372e-07   -2.4376126863594466e-07   -4.0970400490218473e-06 
   1.2992773096223279e-03    9.8200158512930526e-05    1.9697651418201425e-05   -5.6617810910040614e-06    1.6214867193170987e-06 
   1.2992773096223279e-03    9.8200158512930526e-05    1.9697651418201425e-05   -5.6617810910040614e-06    1.6214867193170987e-06 
   1.2992773096223279e-03    9.8200158512930526e-05    1.9697651418201425e-05   -5.6617810910040614e-06    1.6214867193170987e-06 
   1.2992773096223279e-03    9.8200158512930526e-05    1.9697651418201425e-05   -5.6617810910040614e-06    1.6214867193170987e-06 
  -1.0467447297397908e-03   -4.5909621895897799e-04   -9.3851736989345710e-05    2.9816579405098353e-05   -9.2945537901508093e-06 
  -5.6980245003895725e-05    9.7335958876165578e-05    1.3370752116013471e-04   -7.2105546016420569e-05    2.7820229608528311e-05 
  -6.4709979512959798e-06    1.7661833500847791e-05   -1.2350591796772994e-05    5.2469633440731514e-06   -2.0901472762532252e-06 
  -2.6264783525555559e-08    2.1598799057826515e-08    3.6635272071148625e-07   -1.3295815711801864e-07   -2.2347065126667783e-06 
   1.1600166638561860e-03    8.7674755361833115e-05    1.7586394924872489e-05   -5.0549335111375681e-06    1.4476906513329974e-06 
   1.1600166638561860e-03    8.7674755361833115e-05    1.7586394924872489e-05   -5.0549335111375681e-06    1.4476906513329974e-06 
   1.1600166638561860e-03    8.7674755361833115e-05    1.7586394924872489e-05   -5.0549335111375681e-06    1.4476906513329974e-06 
   1.1600166638561860e-03    8.7674755361833115e-05    1.7586394924872489e-05   -5.0549335111375681e-06    1.4476906513329974e-06 
   1.7989300914732467e-04    8.7648954865701480e-05    1.6112093906781491e-05   -4.8488984018082133e-06    1.4573558973640865e-06 
   7.8541412189526826e-06   -1.1749642061467202e-05   -1.9942657063646212e-05    1.1475925446643365e-05   -4.1840785116874290e-06 
   2.3954014549075394e-06   -5.6124158143850220e-06    3.2997025352100226e-06   -1.4556638704767424e-06    5.3722034399948809e-07 
  -6.9032458988742780e-09    7.8047870384330274e-09    9.8629025729797037e-08    3.4686305922091292e-07    4.4638914965848145e-07 
  -3.4715861109770561e-05   -1.5226177042575305e-05   -3.1126441563673130e-06    9.8888315363494241e-07   -3.0825895682931107e-07 
  -1.8897809708081170e-06    3.2282002797103266e-06    4.4344830234596344e-06   -2.3914198463387495e-06    9.2267312143208335e-07 
  -2.1461418408540321e-07    5.8576436196793278e-07   -4.0961412774137227e-07    1.7401840728272116e-07   -6.9320876886010349e-08 
  -8.7108590188750350e-10    7.1633597660027942e-10    1.2150288229841995e-08   -4.4096299554024156e-09   -7.4115262977368961e-08 
   1.8000376931860478e-04    8.7702920349404619e-05    1.6122014127079405e-05   -4.8518838697819257e-06    1.4582531917590895e-06 
   7.8589770156898243e-06   -1.1756876319059405e-05   -1.9954935762649692e-05    1.1482991176846516e-05   -4.1866546498864651e-06 
   2.3968763041898306e-06   -5.6158713802229779e-06    3.3017341628964214e-06   -1.4565601230903626e-06    5.3755111070131029e-07 
  -6.9074962291220859e-09    7.8095924477887279e-09    9.8689751645911303e-08    3.4707662289429938e-07    4.4666399157094995e-07 
 TENSORSUMACCUMULATOR_IMPL_H - PrettifyOut: Norm of simple tensor is 3.17943e-07 
 As simple full tensor 3    5 5 5 
  -2.6793841579338954e-09   -3.3401872478358566e-09   -2.3522200512832061e-09    3.1271569416416812e-09   -3.1072288175267361e-09 
  -1.8899018811736096e-09   -2.1586522426357529e-09   -1.9711873487914311e-11   -2.2616676236546720e-09    2.6652517756203677e-10 
  -1.6728535616796792e-09   -3.4851769946132071e-09   -1.8662410482118620e-09    5.7999938570891500e-09   -7.2009812542980423e-10 
  -2.0893833664321831e-09    1.1343087543809531e-10   -1.1643877163398409e-09   -4.2750120999899398e-10    1.9859719214618269e-09 
   1.2476031505339570e-09    8.2153239045328552e-10   -1.4173007587187633e-09    7.1656822912231971e-10   -1.2661632574737823e-09 

   1.8737649691792755e-08    1.7681892906087605e-09   -1.2566441786433518e-08    7.3580191374704239e-09   -4.5855976712812491e-09 
  -7.2256884234119337e-08   -4.8330553187620416e-08   -3.8289386635427206e-08    5.1580902803191341e-08   -7.4686995683844236e-08 
   2.4097326157170328e-10   -1.2115440781667943e-10   -5.0495519966864377e-09   -5.0412099363988555e-09    5.8021847837895147e-09 
  -1.1887129949014062e-07   -5.6999723050187769e-08   -3.5466912434841457e-08    4.0956366525884988e-08   -5.8872564419925809e-08 
  -3.2473016378123419e-10   -4.5786335092959280e-10   -1.0224743129031060e-10    8.2829252596810760e-10   -1.5605829478236639e-09 

  -5.1220566025041786e-09   -6.4544222928886315e-09    2.4515040273714231e-09    3.8544268001824312e-10    5.1567950052536014e-09 
  -5.2635242647960525e-10   -1.1252236686527389e-09    1.6837918542120107e-09    4.9405648295723447e-10   -1.6337283197790568e-09 
   1.3296376233492797e-09    3.6716411503748509e-09    8.3782961889004599e-10   -3.8132588621600724e-10    9.2345109953447959e-11 
   5.0271070916326541e-11    7.1113609458687143e-10    1.1615558404780791e-09   -1.3391454312242926e-09    9.9208954968665974e-10 
  -9.0694587699819023e-11   -3.2007499983557997e-10   -9.5740267167421084e-12   -2.8451889849884082e-10    3.1994036601670796e-10 

  -2.6657077807308467e-09   -1.2051892670712464e-08   -1.2058449403607603e-08    3.4439117201982658e-09   -7.8326179811206303e-09 
  -1.6845603162555235e-07   -9.8006683798885623e-08   -5.3583665717533145e-08    7.6945724084287201e-08   -1.0209341844455142e-07 
   4.3704392477288993e-09   -7.3524210387251261e-10   -1.3668350685753499e-09    1.5133038610841941e-09   -1.0848673508312706e-09 
  -1.0933503137915616e-08   -6.9445979439336695e-09    2.4795775770278832e-08   -7.8224625669275081e-10   -2.6990177388176749e-08 
  -4.1639582092568554e-10   -1.3137785840078931e-10    1.8854881479093789e-10   -9.2788547402069029e-11    1.4020416697848545e-10 

  -1.1055981331290418e-09   -1.8563939900106676e-09   -1.4764725756341220e-09    1.3983905505836468e-09   -9.0494615118283051e-10 
   3.9398523014232549e-11   -6.7186350037730747e-11    3.5997921485616865e-11    1.4117232782933172e-10   -2.4369395786024229e-10 
   1.5181414654304825e-10   -1.7873539705107278e-11   -1.7085281300867400e-10    2.4114696808003091e-10    2.2922791179075453e-10 
   1.1374423081019571e-10    2.1745317619093682e-11    7.2226659435644062e-11   -2.3541130837625910e-10   -1.7139335311473226e-10 
   1.0430977150447647e-10   -1.0211036157274515e-10   -3.7328751318578956e-11   -3.5017648839930812e-11    9.9010098703564112e-11 
