2    25 5 
   4.8211693397666698e-03   -4.4086974289959722e-05    2.4898019334668101e-05   -1.2636893893593293e-04   -1.2370408625411833e-06 
  -1.0657326482124879e-04   -6.1857150188279687e-04   -1.3847800721901836e-04   -3.3650688400058463e-04   -2.1937285918885939e-05 
   2.2153246732777056e-03   -2.9787604167508582e-03    7.9546519617177834e-04   -1.0802872051277634e-03   -4.5845311765513476e-05 
   3.0650130776992942e-03    1.7878967498481522e-04   -3.6760640006907355e-04    1.5753828808227015e-04   -2.8997453584817110e-06 
  -3.5967133657382900e-03    4.5993764482416283e-03   -5.7746336198035884e-04   -2.0908578025119998e-03   -2.6040079050954523e-04 
  -6.6099456066958425e-04   -3.8415511290246156e-03   -6.4444595749525512e-05    7.2773258160109403e-04    2.9147413896234462e-06 
   4.5799371291272827e-04   -5.6418928064995135e-05   -1.1408425511605957e-03    2.2751169138245832e-04    2.0671339932392383e-04 
   1.4694586440176937e-04   -2.2240921611453075e-04    5.1969275185936941e-05    1.3663851735062297e-04   -7.7437054756597244e-05 
  -8.6432673301561642e-05   -1.5437008187730805e-04    8.0265153825949983e-04   -3.3804015939684068e-04    1.3354673093659482e-04 
  -3.1715583994469806e-04    3.5342948514595482e-05   -8.8460320066031787e-04    7.3227128246579354e-04   -4.2182548838772677e-04 
  -4.0776043593886618e-04   -1.7317280068941448e-04    7.2725625815896026e-04    5.0215914390302596e-04    9.8804682531153270e-05 
  -4.4953564343711407e-04   -6.2230714860694143e-04    2.0018714249955244e-04   -2.5283923409570550e-05   -2.9482164970482018e-04 
  -5.0229223952893802e-04   -9.3475739996011194e-04   -5.5138682014365596e-04   -4.7369836842991439e-04    3.5055818027243468e-04 
   1.9805821728529263e-04    4.2765558264381274e-04   -1.6543480488860171e-04   -5.1836215608164736e-04    7.5488260595400248e-04 
   2.2193653400525137e-04   -7.5913931919184465e-04   -6.8140549425227070e-05   -4.8861617065640902e-04   -9.2999198003156948e-04 
   8.1187565222892841e-04    6.6986925849695184e-04   -2.4217526225683272e-04   -1.1444883580885547e-04    2.5265511422403178e-04 
  -1.4436890555330946e-05    1.0702744274172879e-04    3.7089274093183899e-04    5.7874704273084833e-05   -1.5449489335213855e-04 
  -2.8516726230013113e-05   -3.7127496927427275e-06    1.6451692863341312e-05    7.5931759073846695e-05    4.7348397095939398e-05 
  -1.5489817391740700e-04    2.2898556292225174e-04   -4.8482592251618679e-04   -5.6994028611390840e-04   -1.5824929466212717e-04 
   1.5458484209079618e-05   -1.8827204628128021e-06    2.2159926190183196e-04    1.5228136777155086e-04    2.1805455091744247e-04 
   1.4210621270187751e-04   -1.1128631796587392e-04   -2.2880801941190721e-05    2.9972783487381105e-04    1.0748850833507214e-04 
   6.7756124195572588e-05    8.9430308455888555e-04   -1.1022515105849966e-03   -2.3394988218476860e-03   -1.3200626167484883e-03 
   7.0743660983969934e-05   -4.8750190983209529e-04    6.9507094337262795e-04    1.2898564315755297e-03    8.6482864252570148e-04 
   3.5704509648227675e-05   -7.5441484251532337e-04    1.2501162624265669e-03    2.3538119856349833e-03    1.0555188987602371e-03 
   9.5491362781271797e-06    5.1305152656559868e-04   -7.2101053330683458e-04   -1.4604905495347116e-03   -7.8184451671996853e-04 
2    25 5 
  -3.9154381085271521e-02    3.8648802426474974e-03   -1.3080880752282616e-03    1.1679899820810152e-03   -2.0997641864335183e-05 
   9.6028106299589064e-02   -9.8357539553971165e-03   -2.6866285510333723e-02   -3.7272379545726969e-03   -1.5408677796838255e-03 
   2.4308636649461443e-03    4.5724821279870535e-02   -3.0163392898770159e-03   -5.5983046027431446e-03    3.9010718973882361e-03 
   9.8023405204512967e-04    1.4529066734973509e-02   -1.3490089229063223e-02    9.2487089581742288e-03    1.1964094450092654e-05 
  -7.2801406521164182e-03    3.6024401609915560e-02    2.7744329276075043e-02   -2.4701534978021022e-03   -7.7518398328939937e-04 
  -1.8964621329418292e-03   -5.1659875509731959e-02   -2.7465356831670933e-02    1.2760231763264523e-02   -7.0513232430680292e-03 
  -1.0154601696433340e-03    3.0928508955443269e-03   -2.6326714511608171e-03   -8.1554389606647900e-03    4.3124906529696454e-04 
  -8.5209145614629413e-03    4.4469921086476068e-03   -7.4241051856396810e-03   -3.5186197563607559e-02    1.2870808960324697e-02 
   4.8823436550684022e-03   -4.0622559662496149e-03   -3.2413967193311677e-03   -1.0500435071671296e-02   -8.0260874300737547e-04 
   3.1503634602569230e-04   -4.6709164445548129e-03   -8.1299559968396762e-03   -9.9074073530048008e-03   -3.3577456734856840e-03 
   5.2721036642703056e-03   -4.1456534996026719e-04    8.5121625525983301e-03   -8.9020779319478130e-04   -2.8197615691243267e-03 
  -4.5405731301693584e-04    1.8830895393229250e-03   -2.6018058079551160e-03   -6.5860880118085818e-04   -6.5699489316315739e-03 
  -6.9193566857996055e-06   -1.6991341253099757e-03    7.8562631324446985e-04   -1.8562901952018634e-04    7.1384260272265351e-03 
  -4.8313806557358002e-04    8.3911249894587446e-04   -1.6854552718527328e-03   -3.7289955713597515e-04   -4.3473247815195267e-03 
   1.0986210040566897e-05   -2.4713640897151374e-03    4.0966005738177387e-04    1.1600037408353670e-03    2.3038272062877621e-03 
   2.3048131167850358e-04   -9.4274280148215408e-04    2.2020658297952707e-03    6.8364993547552521e-04    5.6467659269183222e-03 
   3.6838042409322752e-03   -1.7039134952755757e-04   -7.9390854829650723e-04    1.4918471090779439e-03   -7.1342198838636375e-04 
  -4.6196704596429003e-03    5.1658701590163818e-04    3.2073082725987603e-03    1.6847853969791289e-03   -1.6770184990746342e-03 
   4.2508041684303360e-03   -4.7292162067819410e-03    2.9033921619022238e-04   -2.0591562894568317e-04   -4.0147917057753862e-03 
   8.9112682938583005e-03   -1.2968265232320246e-03   -4.9033958727909910e-03    3.6584275919799630e-03   -2.8962419815848402e-03 
  -1.0653511267267328e-03   -2.6796740991629742e-03   -1.3200595354796324e-03    1.2626815424525077e-03   -1.0032304628355415e-03 
  -8.8766795874430440e-04    1.1041512996242914e-03   -1.3911427597404146e-03    3.7132525298159291e-04    1.5649832594618582e-04 
   4.4323731833938254e-05   -1.0953839830441856e-04    2.3290263770962276e-03   -1.3575431547756733e-03   -1.1379358930052332e-03 
  -3.4952560826734990e-04   -2.3478099120913379e-04   -1.9661151792156966e-03    1.0648494201208392e-03    9.3274609004975707e-04 
  -2.9388034423327406e-03    2.3516444274338929e-03   -4.2237330375034538e-03    7.1734986647030029e-04    1.6000678507376693e-03 
2    25 5 
   2.6338087400957651e-03   -2.6166486946285594e-01    1.5243997638790020e-03   -3.3535582251078021e-02    3.1021373101817096e-04 
  -2.5330751053640032e-03   -6.6405724085334969e-03   -4.4342235562460736e-04    3.0792569247919597e-02   -2.7774311493367174e-05 
   1.7144698188554697e-03   -1.2537284118902453e-02    6.3638585161400463e-04   -1.9991693137969668e-02    3.1764095700551986e-04 
   5.2996535422616432e-03    2.0001763751644950e-02    2.7047734380412475e-03   -3.5458536407238846e-02    5.9759445762936475e-04 
  -2.2010983666786270e-03   -2.2706881409587554e-03   -2.9096727716536840e-04    2.6838161660979777e-03   -2.1885803064472124e-04 
   2.8831760578046594e-03    2.3350854547700178e-02    3.6579136261184557e-04    1.4955134144216821e-02    3.0239725025175176e-04 
   7.8246050647883779e-03    1.0365029980196588e-02   -9.1672781904809475e-04   -4.5472912945989583e-03   -1.5570043173109813e-04 
   1.0035026485114635e-02   -4.4833917849075216e-03    1.8829801982610706e-03    8.2771532619460488e-03    9.0410147731490237e-04 
   1.3985335121478922e-03   -1.4468695391621895e-04   -6.7138036569644125e-03    1.7083727180340885e-03   -2.7888871904657186e-03 
  -3.2396201648111911e-03    6.7158469501770344e-03   -3.5746121835138569e-03   -1.5237958435571841e-03   -1.4017050493098713e-03 
  -9.7332293265408650e-03    1.5506070160412331e-03   -3.0259683602751170e-03   -2.7469074147171775e-03   -9.1684106854917464e-04 
  -7.1730789146166483e-04    3.7587290729525018e-04    5.7491797343505024e-03   -3.3081125786285693e-03   -4.5564354222341159e-03 
   4.1106456063754303e-03   -1.3147428786230147e-03    2.8070856269188436e-04   -1.1654541351582674e-03    1.1595529408222843e-04 
  -1.8197783471132471e-04   -1.2321455998236036e-03   -3.5017584968692239e-03   -2.0792224511503314e-03   -9.5707403683534199e-04 
  -1.9202870273963767e-03    1.1109424274431184e-03    3.8957279388870578e-03   -1.7140367149317583e-04   -1.2007809876332046e-04 
  -9.8206892461632795e-04   -1.4829716158413812e-03   -4.7796610638806041e-03    2.7649749101371591e-04    4.1177879606216442e-03 
   1.8252414895209271e-03   -9.7187011168353243e-04    1.2251127317754182e-03   -1.7473375848068169e-04   -1.8427087925466487e-03 
  -3.9201962947111506e-04    6.6145236362617104e-04    2.9551354247622208e-03    3.4391210117102472e-03   -8.1205816844654530e-03 
  -1.2723366039238309e-03   -4.5729007474792839e-04    6.7811173845109857e-04   -7.1276621769693111e-04   -1.0529912479640836e-03 
  -1.5198850687460188e-03    1.5765137617427210e-04   -6.1667523010989394e-04    4.4648829311179242e-04   -1.6536252966977264e-03 
   2.3164911113502447e-04    8.8335830672736106e-04    5.3963667882520657e-04   -8.9383091088641781e-04   -4.6980294641431643e-03 
   4.2859800126463594e-04   -6.9479088759995722e-04   -1.6890135605245173e-03    5.8258252065056303e-04   -9.1104165973691291e-04 
   1.3477811299494329e-04   -5.6128250191481046e-04   -4.6899421645915369e-04    5.0856675588633921e-04   -9.9214282905311403e-04 
   1.4974650962747688e-04    2.0340628060700426e-04   -6.6917986401690424e-04   -2.1867213221454089e-05    1.7438886977570508e-04 
  -2.1797398812503445e-04    4.4471594613572168e-04    8.5683766727788133e-04   -3.8562599699069628e-04    6.6223946691280281e-04 
 TENSORSUMACCUMULATOR_IMPL_H - PrettifyOut: Norm of simple tensor is 5.11353e-05 
 As simple full tensor 3    5 5 5 
  -4.9555185987873774e-07    4.9421922668744068e-05   -2.7064560411732957e-07    5.8879716788504221e-06   -5.7724019468161076e-08 
   8.5636172341516116e-07   -4.1502415375517131e-06    2.5128734695941233e-07   -4.0357873192127923e-06    1.0221142726388557e-07 
   1.8815802267064460e-08    1.5412664302663484e-06   -9.3494154844972691e-08    1.9032456589732140e-06    4.0455617339326175e-10 
   4.4064058604260369e-09   -9.6499953953398629e-07    4.7017954988275873e-08   -1.0673523863377790e-06   -5.8938813454147686e-10 
   4.6645854244864057e-09    2.3090491891269552e-08    1.4990384299367034e-09   -8.1174595316812144e-08    8.0045776424660569e-09 

   2.6477335518665451e-07    2.7341625311069231e-07    5.1273531983025588e-08   -1.7138967590855603e-06    1.1069127940545288e-08 
  -3.2782826190973531e-08    6.0238215766654089e-06   -6.2367883661222869e-08    6.2316253832615138e-06   -1.8617909920804268e-08 
   1.2608513807879346e-08    1.8784402125341301e-06    1.6078135564535758e-09    2.3511725501487193e-06    6.6756276672777674e-09 
   1.1394389496627651e-09   -1.3317372403338909e-06    9.7462897998371651e-10   -1.0177468559179555e-06   -3.3801354149667145e-09 
   1.0283993841191458e-09    7.9776680262366641e-07   -8.3152094463938369e-10    6.3267501301901037e-07    4.7459926344789570e-10 

  -5.2457013032210438e-10    3.2274818827597873e-07   -3.6573559158281800e-08   -4.0017400780905124e-07   -1.7648869986306554e-08 
   4.6211453618042545e-08   -4.8391296954030524e-07    3.2246166077342290e-08   -5.0205444854817279e-07    1.5523974388214899e-08 
  -1.4293913610389024e-08    2.8184483278622333e-07   -1.5317892299530124e-08   -7.6084641586118812e-08   -2.8217355330591641e-09 
  -1.1361036066286507e-08    1.1834913229897498e-07    1.9630260387687968e-09    1.3253623344510040e-07    3.2250925742138935e-09 
   1.9339299508771301e-09   -1.6712053711799490e-08   -1.5173309653478340e-09   -3.4251176464465623e-08    4.4354857329612813e-10 

   1.2710967104738491e-08   -1.1015753157385125e-06    1.2509924004531962e-08   -1.1123520805187001e-06    3.3909253013067739e-09 
  -1.0097724308690800e-09    4.4073055574643538e-08   -6.0154700586004968e-09    2.6877306623184043e-07   -5.7443073805996703e-09 
   5.9964070560184109e-09   -5.5956687397210013e-07    1.6790026626402120e-09   -1.7752202858170966e-07    3.2775620581732966e-09 
   6.5764213826703122e-10    1.4225405953291149e-07    2.7525589175190124e-09    9.4466532367707462e-09   -1.2428665808244306e-09 
   1.7288090649737566e-10   -9.9885057757274513e-08   -8.8953248261054708e-10    4.6502975028680554e-08   -2.0587468000539110e-09 

  -8.8274163411902477e-10   -5.6538467140347491e-09   -4.7815993551201635e-09   -5.1899385613818242e-08   -6.7099875955720289e-10 
   3.4716510537226180e-09    6.6707365154294744e-08    2.8547687944906265e-09    1.3452252201220930e-08    1.2310505304770116e-09 
  -9.2187773295728613e-10    2.4021044600549623e-08   -2.1865180678642684e-09   -6.6314958597403115e-09   -2.8892804830595556e-09 
  -1.9198959587103011e-09   -5.5305557012693118e-09   -1.9451600846136121e-09    2.2452104048396721e-08    2.3236292740836025e-10 
   5.3856777579876525e-10    1.2240602929211929e-08    2.2526861242350676e-09   -8.2098247142387983e-09    1.1477821226974026e-10 
