2    102 5 
  -1.7747917138915904e-05    3.5031459125817684e-03   -6.0988248662465045e-07    1.3111277509299243e-04    4.8308752849936166e-08 
  -4.6757521000433420e-04   -6.1627778625858930e-04   -4.3475835029917784e-06   -5.6436521515572941e-05   -2.4868269996589695e-08 
  -3.3636656231759858e-05    9.8601611983160356e-04   -4.3786218203551938e-07   -6.8307822232351617e-05    1.6765928285572562e-08 
  -1.2973023074450444e-04    6.2941656787669762e-05   -1.6919270885709797e-06    2.2180649643049438e-04   -2.4034635434492819e-08 
  -4.2890332844304149e-04   -5.4586056283464370e-04   -4.1098870786005821e-06    9.6005943392443198e-06   -2.5560081046903339e-08 
  -6.2983582631680711e-05    1.5042015928611176e-03   -1.6939228455117787e-07   -4.9228984836723446e-04    5.9591725880971629e-08 
   7.3366502602122249e-05   -4.8966128657394227e-04   -7.7059629171518252e-06    4.9844345213576437e-04   -2.8347033865108680e-08 
   2.7553781478392948e-06   -1.1446666503940567e-05   -8.0887492723675625e-06   -2.0455290543926666e-04    1.0625800547535761e-07 
   1.3012846949165647e-06    2.4041456376785764e-04   -1.5651648843611261e-06   -1.0494602484603411e-05    2.0239133289977924e-08 
   1.0897751018492699e-06    5.2323883676967897e-05    9.1261400532654659e-07    1.8752172384133788e-05    8.4577956895584774e-10 
   7.9618669389058620e-06   -2.0346500587352614e-04    2.1073693690321717e-06   -6.5524907165186589e-05    5.2103449909480889e-09 
   1.2722763273295217e-03   -4.1343004530006083e-02    8.1456438089908203e-06   -1.0650506712063358e-03   -4.9021545756168749e-07 
   3.3850798360957565e-03    4.9377619717640549e-02    7.2649998163553397e-06   -1.8677140796664862e-03    6.5658999398156624e-07 
  -4.0819901972376114e-03   -4.8914013481299673e-02   -4.4794942350359045e-06   -3.4551468912817564e-04   -4.7631722164480092e-07 
   2.4357131789711528e-04   -7.9149237338531804e-03    1.5594451889557961e-06   -2.0389894085150680e-04   -9.3849443306439978e-08 
   6.4805761072000620e-04    9.4531130155448440e-03    1.3908500392412437e-06   -3.5756507455753230e-04    1.2570106565437011e-07 
  -7.8147782099442992e-04   -9.3643577824675389e-03   -8.5757809911496918e-07   -6.6147161882989980e-05   -9.1188691419444972e-08 
   7.4478781364663836e-05   -2.4202105542683082e-03    4.7684422895587240e-07   -6.2347836220110847e-05   -2.8697106989289480e-08 
   1.9816184235990213e-04    2.8905551917143891e-03    4.2529151986375795e-07   -1.0933557875997177e-04    3.8436636411072129e-08 
  -2.3895882435452951e-04   -2.8634157827872402e-03   -2.6222862485839618e-07   -2.0226355263460122e-05   -2.7883507261012668e-08 
   2.3883596726026221e-04   -7.7610470809396509e-03    1.5291274987104342e-06   -1.9993487403218330e-04   -9.2024885205895576e-08 
   6.3545850814038013e-04    9.2693319155168329e-03    1.3638100631227496e-06   -3.5061353355450814e-04    1.2325726961779836e-07 
  -7.6628485193189167e-04   -9.1823022023123334e-03   -8.4090563934895247e-07   -6.4861173007727801e-05   -8.9415861877301336e-08 
   1.8202795270119647e-04   -5.9150534451185774e-03    1.1654188906398980e-06   -1.5237962778860386e-04   -7.0136427288348624e-08 
   4.8431236128393417e-04    7.0645871760627397e-03    1.0394228160493144e-06   -2.6721881312253280e-04    9.3940074024186506e-08 
  -5.8402117730912398e-04   -6.9982578007156656e-03   -6.4089313557526376e-07   -4.9433704093358228e-05   -6.8147969768731609e-08 
   3.8721568456312300e-05   -1.2582690927358843e-03    2.4791163491394765e-07   -3.2414681927722574e-05   -1.4919645198586639e-08 
   1.0302447494137447e-04    1.5028015856583402e-03    2.2110934683078427e-07   -5.6843640834239119e-05    1.9983233086676768e-08 
  -1.2423485328230419e-04   -1.4886917887285125e-03   -1.3633283819378528e-07   -1.0515695686816758e-05   -1.4496654153388705e-08 
   1.7994416766261602e-04   -5.8473402192736725e-03    1.1520776295206191e-06   -1.5063524521516706e-04   -6.9333532811570921e-08 
   4.7876814218204903e-04    6.9837145362138930e-03    1.0275239088721397e-06   -2.6415979632566755e-04    9.2864684679473786e-08 
  -5.7733553055305364e-04   -6.9181444736971598e-03   -6.3355644081260351e-07   -4.8867806320720836e-05   -6.7367838378434541e-08 
   1.7853058619568684e-04   -5.8014054614420520e-03    1.1430272912589895e-06   -1.4945190488428324e-04   -6.8788871663103346e-08 
   4.7500709906775606e-04    6.9288528001156978e-03    1.0194520231685052e-06   -2.6208464492040570e-04    9.2135170636866675e-08 
  -5.7280017485472569e-04   -6.8637978341778809e-03   -6.2857943236259653e-07   -4.8483917105295003e-05   -6.6838619070935861e-08 
   4.5263524215758066e-05   -1.4708519261880820e-03    2.8979596482400142e-07   -3.7891097878355337e-05   -1.7440298744578785e-08 
   1.2043031835309013e-04    1.7566978476264974e-03    2.5846546701478309e-07   -6.6447295809191347e-05    2.3359372845354879e-08 
  -1.4522416095642498e-04   -1.7402042199023712e-03   -1.5936608378737971e-07   -1.2292308016985304e-05   -1.6945843943788182e-08 
   1.7613341064981133e-04   -5.7235085161610110e-03    1.1276795733734333e-06   -1.4744517618133467e-04   -6.7865226003874863e-08 
   4.6862905804819432e-04    6.8358173329313657e-03    1.0057635818083552e-06   -2.5856556779675795e-04    9.0898048288970068e-08 
  -5.6510904135713034e-04   -6.7716358765518101e-03   -6.2013933660080753e-07   -4.7832911230449134e-05   -6.5941159948826021e-08 
  -4.8630218424554106e-04   -3.5715872704295488e-09   -4.1398775964073496e-06   -1.1054419446346924e-09   -8.6674683264178485e-07 
  -4.8630218424554106e-04   -3.5715872704295488e-09   -4.1398775964073496e-06   -1.1054419446346924e-09   -8.6674683264178485e-07 
  -4.8630218424554106e-04   -3.5715872704295488e-09   -4.1398775964073496e-06   -1.1054419446346924e-09   -8.6674683264178485e-07 
  -4.8630218424554106e-04   -3.5715872704295488e-09   -4.1398775964073496e-06   -1.1054419446346924e-09   -8.6674683264178485e-07 
  -4.8630218424554106e-04   -3.5715872704295488e-09   -4.1398775964073496e-06   -1.1054419446346924e-09   -8.6674683264178485e-07 
   1.1631839469857497e-03    8.5428630855679633e-09    9.9021540898438469e-06    2.6441014784226195e-09    2.0731677432084505e-06 
   1.1631839469857497e-03    8.5428630855679633e-09    9.9021540898438469e-06    2.6441014784226195e-09    2.0731677432084505e-06 
   1.1631839469857497e-03    8.5428630855679633e-09    9.9021540898438469e-06    2.6441014784226195e-09    2.0731677432084505e-06 
   1.1631839469857497e-03    8.5428630855679633e-09    9.9021540898438469e-06    2.6441014784226195e-09    2.0731677432084505e-06 
   1.1631839469857497e-03    8.5428630855679633e-09    9.9021540898438469e-06    2.6441014784226195e-09    2.0731677432084505e-06 
   3.5330682283502656e-07    8.5743751598300610e-03    1.2510761911860005e-07    1.5724262589319676e-04    4.0007696293671417e-08 
   3.5330682283502656e-07    8.5743751598300610e-03    1.2510761911860005e-07    1.5724262589319676e-04    4.0007696293671417e-08 
   3.5330682283502656e-07    8.5743751598300610e-03    1.2510761911860005e-07    1.5724262589319676e-04    4.0007696293671417e-08 
   3.5330682283502656e-07    8.5743751598300610e-03    1.2510761911860005e-07    1.5724262589319676e-04    4.0007696293671417e-08 
   3.5330682283502656e-07    8.5743751598300610e-03    1.2510761911860005e-07    1.5724262589319676e-04    4.0007696293671417e-08 
  -4.7662297252614453e-04   -2.1721378011392677e-08   -3.9428368890089211e-04   -1.0338259896162826e-08   -1.3050809183096961e-05 
  -4.7662297252614453e-04   -2.1721378011392677e-08   -3.9428368890089211e-04   -1.0338259896162826e-08   -1.3050809183096961e-05 
  -4.7662297252614453e-04   -2.1721378011392677e-08   -3.9428368890089211e-04   -1.0338259896162826e-08   -1.3050809183096961e-05 
  -4.7662297252614453e-04   -2.1721378011392677e-08   -3.9428368890089211e-04   -1.0338259896162826e-08   -1.3050809183096961e-05 
  -4.7662297252614453e-04   -2.1721378011392677e-08   -3.9428368890089211e-04   -1.0338259896162826e-08   -1.3050809183096961e-05 
  -4.9129269692355689e-04   -3.6082394840760318e-09   -4.1823616984731413e-06   -1.1167861709578145e-09   -8.7564153062394513e-07 
  -4.9129269692355689e-04   -3.6082394840760318e-09   -4.1823616984731413e-06   -1.1167861709578145e-09   -8.7564153062394513e-07 
  -4.9129269692355689e-04   -3.6082394840760318e-09   -4.1823616984731413e-06   -1.1167861709578145e-09   -8.7564153062394513e-07 
  -4.9129269692355689e-04   -3.6082394840760318e-09   -4.1823616984731413e-06   -1.1167861709578145e-09   -8.7564153062394513e-07 
  -4.9129269692355689e-04   -3.6082394840760318e-09   -4.1823616984731413e-06   -1.1167861709578145e-09   -8.7564153062394513e-07 
  -1.4509061734063620e-03   -1.0656003997936650e-08   -1.2351525772175659e-05   -3.2981397036106676e-09   -2.5859812499328856e-06 
  -1.4509061734063620e-03   -1.0656003997936650e-08   -1.2351525772175659e-05   -3.2981397036106676e-09   -2.5859812499328856e-06 
  -1.4509061734063620e-03   -1.0656003997936650e-08   -1.2351525772175659e-05   -3.2981397036106676e-09   -2.5859812499328856e-06 
  -1.4509061734063620e-03   -1.0656003997936650e-08   -1.2351525772175659e-05   -3.2981397036106676e-09   -2.5859812499328856e-06 
  -1.4509061734063620e-03   -1.0656003997936650e-08   -1.2351525772175659e-05   -3.2981397036106676e-09   -2.5859812499328856e-06 
   3.1571542923145845e-08    7.6620726207751190e-04    1.1179632862226963e-08    1.4051221181916727e-05    3.5750928630711031e-09 
   3.1571542923145845e-08    7.6620726207751190e-04    1.1179632862226963e-08    1.4051221181916727e-05    3.5750928630711031e-09 
   3.1571542923145845e-08    7.6620726207751190e-04    1.1179632862226963e-08    1.4051221181916727e-05    3.5750928630711031e-09 
   3.1571542923145845e-08    7.6620726207751190e-04    1.1179632862226963e-08    1.4051221181916727e-05    3.5750928630711031e-09 
   3.1571542923145845e-08    7.6620726207751190e-04    1.1179632862226963e-08    1.4051221181916727e-05    3.5750928630711031e-09 
  -6.1112160424060837e-07   -1.4831261567464643e-02   -2.1640105414602278e-07   -2.7198559320131395e-04   -6.9202081479122813e-08 
  -6.1112160424060837e-07   -1.4831261567464643e-02   -2.1640105414602278e-07   -2.7198559320131395e-04   -6.9202081479122813e-08 
  -6.1112160424060837e-07   -1.4831261567464643e-02   -2.1640105414602278e-07   -2.7198559320131395e-04   -6.9202081479122813e-08 
  -6.1112160424060837e-07   -1.4831261567464643e-02   -2.1640105414602278e-07   -2.7198559320131395e-04   -6.9202081479122813e-08 
  -6.1112160424060837e-07   -1.4831261567464643e-02   -2.1640105414602278e-07   -2.7198559320131395e-04   -6.9202081479122813e-08 
  -7.9859341003715571e-04   -3.6394698402567343e-08   -6.6063193297742390e-04   -1.7322006491984956e-08   -2.1866948951357832e-05 
  -7.9859341003715571e-04   -3.6394698402567343e-08   -6.6063193297742390e-04   -1.7322006491984956e-08   -2.1866948951357832e-05 
  -7.9859341003715571e-04   -3.6394698402567343e-08   -6.6063193297742390e-04   -1.7322006491984956e-08   -2.1866948951357832e-05 
  -7.9859341003715571e-04   -3.6394698402567343e-08   -6.6063193297742390e-04   -1.7322006491984956e-08   -2.1866948951357832e-05 
  -7.9859341003715571e-04   -3.6394698402567343e-08   -6.6063193297742390e-04   -1.7322006491984956e-08   -2.1866948951357832e-05 
   2.5843162100881692e-03    6.3448616937231125e-07    3.2509209598286710e-03   -8.2914102713815096e-08    1.3988765761414629e-04 
   7.1030238405627345e-06   -4.1387472594521668e-06   -3.6769289605131510e-04   -8.8555881395770408e-07   -4.1943212404480342e-04 
   1.4891712158025183e-08    2.2071281567171569e-04   -3.3032361348361608e-06    4.3386873872445368e-05   -3.6995662236165715e-06 
   1.0491954556380040e-09    1.4038937945474647e-05   -3.9930683753648086e-09    2.9547162730948579e-05   -5.8864376998128325e-09 
   2.6314368009984647e-05    1.6594239334353295e-01    1.6882552920100281e-05    1.2081428455986339e-01   -2.6946413843987494e-06 
  -1.4923534226204683e-04   -1.1243823658303786e-02   -1.5955118149370433e-04   -2.9497708765269439e-02   -3.6548846600106286e-05 
   8.0193343229059584e-03   -1.0218489744006300e-04    8.3712226986337145e-03   -2.6229041575894971e-04    1.8699564367322835e-03 
   3.3308525632247957e-04   -9.2844785782500137e-08    1.4818153160098884e-03   -3.7402046197114274e-07    1.6849982170907534e-03 
  -4.6572939429612090e-02   -1.1282713629300684e-05   -8.6210326189066017e-02   -4.5399819321231152e-06   -4.6438909920960093e-02 
   2.6302057728038882e-03    7.9922171560575504e-05    1.2785980650151517e-02    6.5037675509504162e-05    1.7761495547075699e-02 
   2.4005243322565728e-05   -4.2350255328858820e-03    1.1430815475461025e-04   -3.3959676005861660e-03    1.5742651294585016e-04 
   1.6986646238365697e-08   -4.9927602994809142e-04    1.4619291913367129e-07   -1.0891832738903220e-03    2.3611447138652893e-07 
  -2.2007641725660288e-03    7.3192979905438511e-06   -2.6868019140281639e-03   -5.4049403863321996e-08   -2.8132488592868944e-05 
   7.1897127563602222e-07    2.2348730582814641e-04    3.1833251103063105e-05    1.7744575334429222e-05    3.4517085798526461e-05 
  -2.1117672022456136e-08    1.4115541292050683e-05   -1.6246084862080268e-04    2.0892204331224909e-06   -1.8106182723952812e-04 
  -3.7177824433793609e-09    2.0287697815664628e-05    1.4605378432108899e-07    2.3530243240559561e-05    1.6796776771586602e-07 
2    102 5 
  -3.3186574483952021e-02   -5.1734042963026071e-05   -9.8074787261884407e-04    3.2162192238575330e-04   -7.0507341532808840e-04 
  -2.5711811950700478e-02    2.4662050257199246e-02   -8.5089003303077341e-04   -1.4071137919090190e-02   -5.5731016943780850e-04 
  -1.7272767249069758e-03    8.6246878481978817e-02   -1.9994910513970482e-04   -2.6051051380251702e-03   -8.3582938055073194e-05 
  -6.6991719040692139e-03    2.5482955567601603e-02   -1.5755201581406624e-04    8.7800326856874080e-03   -1.3099654366280507e-04 
   4.7579775992459439e-02   -1.2132365497704571e-01    1.6171280949960083e-03    1.8226568886407991e-02    1.0527510348504344e-03 
   5.9059520485672465e-03    5.2762352309525910e-02    8.4901716223488143e-05   -1.4159020627353551e-02    1.3602228007184849e-04 
  -1.1274634084752613e-02    1.1465810639023422e-03    7.3974883301329390e-04   -1.8054739312219580e-03    6.3389476409137814e-04 
  -3.6848955713940259e-03   -2.6393813945610315e-03   -1.5433821819245612e-03   -1.5741031380131333e-03   -1.1897354211511816e-03 
  -4.0264515309701935e-03    1.0323120465172544e-02   -7.8549201256822437e-03    6.4347380279846161e-03   -5.9367011455157383e-03 
  -2.0054287025179911e-02   -1.7517278071406468e-02   -1.9291746176562423e-02   -9.4886028537878205e-03   -1.5122973530289501e-02 
   1.0693700955344266e-02    1.2415380998312200e-02    4.6832682031224329e-03    5.0638572661531791e-03    3.7260210544915644e-03 
  -3.7333953905295772e-02    1.7802916303753084e-02   -6.6746200624940406e-04    7.5958730941788545e-04   -4.5463019438405142e-04 
   4.7316949810040816e-03    4.9299164108122892e-02    5.7959323265340093e-05   -5.4113002961288367e-04    6.1671925460805564e-05 
  -1.5762267040797421e-02   -4.6470036499837795e-02   -2.6191646930523297e-04   -1.1588075588364322e-03   -1.9485829539677376e-04 
  -7.1474098509009031e-03    3.4082845788846274e-03   -1.2778246125954432e-04    1.4541941718052527e-04   -8.7036812069257811e-05 
   9.0586074554213506e-04    9.4380930581691169e-03    1.1096039790188941e-05   -1.0359679861620006e-04    1.1806800015898175e-05 
  -3.0176118769982604e-03   -8.8964698861845309e-03   -5.0142675955890703e-05   -2.2184825594245687e-04   -3.7304704012373620e-05 
  -2.1855215967331162e-03    1.0421788746346882e-03   -3.9073081660658633e-05    4.4466077007228174e-05   -2.6613953370001289e-05 
   2.7699240204695339e-04    2.8859624172812106e-03    3.3929262635766200e-06   -3.1677635038597677e-05    3.6102611941026257e-06 
  -9.2271970760243629e-04   -2.7203458982405118e-03   -1.5332533533917379e-05   -6.7836344168608359e-05   -1.1406962519226809e-05 
  -7.0084546895070243e-03    3.3420229899153745e-03   -1.2529820012186955e-04    1.4259227014325600e-04   -8.5344700588233939e-05 
   8.8824960686071167e-04    9.2546039661055013e-03    1.0880318006767738e-05   -1.0158273895376321e-04    1.1577260107598725e-05 
  -2.9589454853767520e-03   -8.7235106695370147e-03   -4.9167835590566817e-05   -2.1753523054549446e-04   -3.6579450910211455e-05 
  -5.3414679261431378e-03    2.5471105115072992e-03   -9.5495561690148745e-05    1.0867617345468126e-04   -6.5045149188287996e-05 
   6.7697616602405055e-04    7.0533623236689212e-03    8.2923942914833146e-06   -7.7420910316174695e-05    8.8235661464631435e-06 
  -2.2551494024794349e-03   -6.6485915239579019e-03   -3.7473084786878322e-05   -1.6579367467475830e-04   -2.7878893771740361e-05 
  -1.1362541460808756e-03    5.4182949691810851e-04   -2.0314121399415069e-05    2.3117943302385177e-05   -1.3836612232736412e-05 
   1.4400853587043512e-04    1.5004137991457230e-03    1.7639846433448018e-06   -1.6469223733339660e-05    1.8769772197016343e-06 
  -4.7972259574144654e-04   -1.4143096596575713e-03   -7.9713944826165524e-06   -3.5268160896587545e-05   -5.9304874754085365e-06 
  -5.2803208837060604e-03    2.5179521833674310e-03   -9.4402365729045906e-05    1.0743209098858457e-04   -6.4300537678355348e-05 
   6.6922640679585056e-04    6.9726181815542489e-03    8.1974661944400665e-06   -7.6534625917563964e-05    8.7225574011024428e-06 
  -2.2293333312941254e-03   -6.5724810401576574e-03   -3.7044107521191372e-05   -1.6389573332206041e-04   -2.7559747064481130e-05 
  -5.2388404409798427e-03    2.4981719893925110e-03   -9.3660772176099803e-05    1.0658814025237817e-04   -6.3795414063867742e-05 
   6.6396918696975471e-04    6.9178436147236165e-03    8.1330696294457231e-06   -7.5933395379332403e-05    8.6540358944229799e-06 
  -2.2118204309225309e-03   -6.5208498174801326e-03   -3.6753101346714690e-05   -1.6260822301182232e-04   -2.7343246867838745e-05 
  -1.3282227220318881e-03    6.3337084555950584e-04   -2.3746164283652104e-05    2.7023688042663769e-05   -1.6174288848013384e-05 
   1.6833858003457761e-04    1.7539066478651072e-03    2.0620074238559614e-06   -1.9251676442544383e-05    2.1940899406553200e-06 
  -5.6077106880853954e-04   -1.6532553323793675e-03   -9.3181506220328613e-06   -4.1226668196280331e-05   -6.9324351816292340e-06 
  -5.1684971991775930e-03    2.4646283992997811e-03   -9.2403165188677112e-05    1.0515695420892181e-04   -6.2938816828673086e-05 
   6.5505390398023860e-04    6.8249559706690024e-03    8.0238648368997543e-06   -7.4913818384726475e-05    8.5378359554584539e-06 
  -2.1821217559679566e-03   -6.4332927100181295e-03   -3.6259608115886118e-05   -1.6042484108232506e-04   -2.6976102144163357e-05 
  -8.8398306958595399e-06   -8.6203410849089654e-03   -9.5575213446878813e-06   -6.2361055641127778e-03   -2.1141179691049026e-06 
   4.6006200954955122e-03   -1.0558588165822556e-05    5.8411328578106686e-03   -1.0736535723730878e-05    2.0205218962246569e-03 
  -5.9429029699528777e-04    2.0286351001148308e-06   -2.5392044502363896e-03    6.4170098223176585e-06   -1.8177882496889875e-03 
   6.1549287636817046e-07    5.4466377786021962e-04    1.5561640339863103e-06    1.4333586265336366e-03    2.5960612932931833e-07 
   6.2779740168168178e-07   -5.5889498442720542e-08   -1.1665673551893068e-04   -1.5580497976643640e-07   -2.8404198668682026e-04 
  -6.0257836295946686e-02   -1.2122908694837970e-04   -1.1193796337443497e-01   -9.9160075964513210e-05   -5.9527026620799485e-02 
  -7.0594736820619148e-05    6.8133102999973161e-02   -1.6062864622215758e-04    6.5958661577728978e-02   -1.2508611131097953e-04 
   1.1132315914416036e-05   -2.1483235172494005e-02    6.6004584465897189e-05   -3.7167962013444640e-02    9.9670806894431736e-05 
   3.1687544004807221e-03    1.4727844848701577e-05    1.5561809920344701e-02    1.5484332756252897e-05    2.1719914803734069e-02 
  -3.2475714858570399e-07   -8.2975409266095458e-04   -1.6982606387854634e-06   -3.5322928730953801e-03   -2.5117159586237001e-06 
  -1.5588229776529168e-04   -1.5201180000716027e-01   -1.6853811338814358e-04   -1.0996799575540948e-01   -3.7280529244222146e-05 
   8.1127711186473536e-02   -1.8619100761926957e-04    1.0300301473583105e-01   -1.8932894941508521e-04    3.5630048437025899e-02 
  -1.0479763722017223e-02    3.5773117338247162e-05   -4.4776539033049366e-02    1.1315807624617168e-04   -3.2055026726359105e-02 
   1.0853651741472620e-05    9.6046456231501220e-03    2.7441523900577875e-05    2.5275963297625142e-02    4.5779157255536919e-06 
   1.1070630747606721e-05   -9.8555998841489585e-07   -2.0571344189890778e-03   -2.7474777611569764e-06   -5.0088196335365057e-03 
  -1.6813178484154309e-03   -3.0444180327025975e-06   -2.1094453313048973e-03   -6.2772341731022345e-07   -7.3762574859980340e-05 
  -1.7457271545964629e-06    1.6706375000590226e-03   -2.8954940300550688e-06    5.9920956587715304e-04   -8.0904344920636768e-07 
  -1.1258669578657668e-07   -3.6377522594937671e-04    9.2258623352053065e-07   -5.7739394409226470e-04    1.2220099488258518e-06 
  -3.6945274367102206e-06    3.2122259267405775e-07    2.2247701475512071e-04    2.6090690943862313e-07    2.5324562578969082e-04 
   8.9208379364394640e-11    2.1346464427017687e-07   -2.2726081718838707e-08   -4.1054388208798804e-05   -2.7362863741069973e-08 
  -4.3310855821558749e-08   -2.9791135253477770e-05   -7.5687937590705278e-09   -7.5855164485435275e-07   -3.1057134520261778e-10 
   2.0855050218268081e-05   -3.1920434878696041e-08    7.2008098601253705e-06   -9.0972285565689254e-09    3.0650806480344916e-07 
   2.5446857605202286e-06   -2.1800352376817719e-09   -7.3724847583893913e-06    1.3862485959792406e-08    5.9927098542471388e-08 
  -6.2597989652034493e-10   -7.3257352817289635e-08    5.2005517932776429e-09    2.8770724267526511e-06   -1.8216929265630391e-09 
   7.2764357152768770e-09    1.9951500934720038e-12   -1.2707763500965565e-09   -2.9065307972415098e-10   -4.6524842314734044e-07 
  -2.9150700322695662e-08   -2.0051149753885645e-05   -5.0942341011217977e-09   -5.1054894342287062e-07   -2.0903240171743498e-10 
   1.4036649879009985e-05   -2.1484291032083834e-08    4.8465597442371692e-06   -6.1229587453131464e-09    2.0629757999672704e-07 
   1.7127200701361340e-06   -1.4672892673468025e-09   -4.9621068378536546e-06    9.3302514179444134e-09    4.0334388634977667e-08 
  -4.2132052173426381e-10   -4.9306417476696685e-08    3.5002708665718082e-09    1.9364354392925704e-06   -1.2261042543467891e-09 
   4.8974603001913611e-09    1.3428509174055718e-12   -8.5530567004853282e-10   -1.9562626191953097e-10   -3.1313898332214296e-07 
  -2.8026537327108295e-07   -1.9277900386879888e-04   -4.8977808631568162e-08   -4.9086021473783901e-06   -2.0097130924664652e-09 
   1.3495342733681694e-04   -2.0655774231549394e-07    4.6596577809888659e-05   -5.8868339329143828e-08    1.9834195275812562e-06 
   1.6466710043046757e-05   -1.4107049561668218e-08   -4.7707489347667391e-05    8.9704410783137889e-08    3.8778939652581194e-07 
  -4.0507278378724555e-09   -4.7404972593428136e-07    3.3652869746181385e-08    1.8617590493568594e-05   -1.1788209638525375e-08 
   4.7085954159557357e-08    1.2910654270665083e-11   -8.2232179749861578e-09   -1.8808216170305005e-09   -3.0106314110806991e-06 
  -1.3076488661845433e-06   -8.9945911937323951e-04   -2.2851833309898837e-07   -2.2902322743815863e-05   -9.3768238867600250e-09 
   6.2965929106774431e-04   -9.6374730273667879e-07    2.1740809943811761e-04   -2.7466510143393580e-07    9.2541446206459165e-06 
   7.6829593560787576e-05   -6.5820001769115889e-08   -2.2259133772350724e-04    4.1853857893056275e-07    1.8093293465650067e-06 
  -1.8899693538997050e-08   -2.2117986942092759e-06    1.5701596117222038e-07    8.6865069401404304e-05   -5.5000868599110217e-08 
   2.1969140836534225e-07    6.0237917448354765e-11   -3.8367499830163570e-08   -8.7754481629324897e-09   -1.4046861034778574e-05 
  -3.7912859789442092e-07   -2.6078153211444872e-04   -6.6254663206172096e-08   -6.6401047979519529e-06   -2.7186366193725102e-09 
   1.8255806306034691e-04   -2.7942070158115513e-07    6.3033456490017693e-05   -7.9634064992552113e-08    2.6830680356683323e-06 
   2.2275319343556000e-05   -1.9083291875551183e-08   -6.4536240543527608e-05    1.2134751820468740e-07    5.2458157234054588e-07 
  -5.4796165066708149e-09   -6.4127011420658531e-07    4.5523873224440683e-08    2.5184919912214625e-05   -1.5946484361508349e-08 
   6.3695459673383212e-08    1.7464869792539238e-11   -1.1123946796028882e-08   -2.5442788534014890e-09   -4.0726274970683148e-06 
   6.8556885702840485e-04    3.1272006460844890e-08    5.6569856117919394e-04   -2.0114445806384925e-08    1.2724280218818559e-05 
   6.8556885702840485e-04    3.1272006460844890e-08    5.6569856117919394e-04   -2.0114445806384925e-08    1.2724280218818559e-05 
   6.8556885702840485e-04    3.1272006460844890e-08    5.6569856117919394e-04   -2.0114445806384925e-08    1.2724280218818559e-05 
   6.8556885702840485e-04    3.1272006460844890e-08    5.6569856117919394e-04   -2.0114445806384925e-08    1.2724280218818559e-05 
   5.0545234909713055e-07    8.5392452832554876e-03   -2.1801783756393088e-07    1.1008867855549579e-04   -2.4535468618538393e-08 
   5.0545234909713055e-07    8.5392452832554876e-03   -2.1801783756393088e-07    1.1008867855549579e-04   -2.4535468618538393e-08 
   5.0545234909713055e-07    8.5392452832554876e-03   -2.1801783756393088e-07    1.1008867855549579e-04   -2.4535468618538393e-08 
   5.0545234909713055e-07    8.5392452832554876e-03   -2.1801783756393088e-07    1.1008867855549579e-04   -2.4535468618538393e-08 
   8.1217505909826626e-04   -1.4306694854565056e-08    5.1977221719257141e-06   -1.3564960086124403e-09    8.4965488690113985e-07 
   8.1217505909826626e-04   -1.4306694854565056e-08    5.1977221719257141e-06   -1.3564960086124403e-09    8.4965488690113985e-07 
   8.1217505909826626e-04   -1.4306694854565056e-08    5.1977221719257141e-06   -1.3564960086124403e-09    8.4965488690113985e-07 
   8.1217505909826626e-04   -1.4306694854565056e-08    5.1977221719257141e-06   -1.3564960086124403e-09    8.4965488690113985e-07 
  -7.6390818568858892e-07   -1.6186451903189546e-04    3.3431669051330608e-08   -1.0317435853117314e-07   -3.3242235964225110e-10 
  -1.5246936581988310e-05    7.2890014498584038e-08    2.7890160905367906e-06   -5.6030279285294367e-07    8.6238722432183298e-09 
  -1.9837455740781906e-07   -4.4307127786514746e-09    6.4944638208928806e-07    8.6303175476476435e-06   -7.7992708361137091e-10 
  -2.3090244628788984e-07    7.7706508444362365e-10   -1.2438231722159018e-06    8.8270664631985743e-08   -2.4472236951327036e-07 
2    102 5 
  -3.9866924658853664e-02   -9.6902824048115052e-05   -2.9948491082716642e-03   -5.5567398965384630e-04    6.1604322602663306e-03 
   9.2015183735226543e-03   -2.3413104703489430e-02    7.7844191940194731e-04    3.0666441770405570e-03   -1.4518686595992461e-03 
  -2.2648701357838607e-03   -2.5360850807230125e-03   -4.5524595638588423e-04    1.8636835580642601e-02    5.2081418434711253e-04 
  -1.1140704906995552e-03   -4.8586232193972324e-02    7.1046000897221565e-04   -4.4718592430945136e-04   -2.0025935717353770e-04 
   6.0519394905637468e-03   -6.9882197030897162e-03    5.1835878496391116e-04    3.5583331457116952e-03   -9.6081427081288367e-04 
  -9.3489368086778827e-04    1.6052328717688826e-02    1.7178993674916510e-04    2.8182805358351612e-04    1.4499079681008693e-05 
   3.3814964580373372e-04    3.0749070488082893e-05    2.2500303672703301e-03    2.4619538820894373e-03   -1.1894032220925582e-03 
  -4.2391670845302416e-03    1.4239035864404761e-03    5.6573965147741433e-06   -7.3469008163050053e-03    3.8863524430724682e-04 
  -2.5920614449318196e-04   -2.3653331582631893e-04    2.6881986687397382e-03   -9.9015344770400832e-04   -1.3464668767758981e-03 
   1.2846778054696798e-03    9.4047061374718458e-04    4.4148791673986991e-03   -1.0663318975248109e-02   -2.5834294885011709e-03 
  -2.1882868046102844e-03   -7.1229166252172074e-04    1.1963421112322497e-04    1.0196494487393225e-02    3.0030006071334958e-04 
   8.5445813746637259e-04    5.7599427704656324e-04   -7.8559135430645601e-04   -4.9568507287896268e-04   -7.5207634290801672e-05 
  -1.3056617322661468e-04    1.6869633174492202e-03    1.2059643987303018e-04   -1.0788459061026130e-03    1.0550133765208773e-05 
   4.1690108569257956e-04   -1.6688232113683463e-03   -3.8415064395305981e-04    1.3210194877543353e-03   -3.5105598911459960e-05 
  -7.3042099550790314e-03   -2.8822200515926182e-03    8.6331849118280815e-04    4.1286685739107943e-04    4.1529334878319212e-04 
   1.1150807764998222e-03   -9.4123298825422152e-03   -1.3333896352109119e-04   -2.2850549145353110e-04   -6.1855392242638824e-05 
  -3.5625433866485830e-03    8.6504078528577659e-03    4.2303126575576655e-04   -7.5245404523351100e-04    1.9966599363762684e-04 
  -2.2334676388938452e-03   -8.8131984882592392e-04    2.6398391119284304e-04    1.2624565433165985e-04    1.2698762232459378e-04 
   3.4096731123304982e-04   -2.8780846016938024e-03   -4.0772138514572827e-05   -6.9871981173831658e-05   -1.8914025981544284e-05 
  -1.0893478439378734e-03    2.6451055105770113e-03    1.2935370808294126e-04   -2.3008398856541747e-04    6.1053493549583865e-05 
  -7.1622063909438562e-03   -2.8261858572765828e-03    8.4653443055397672e-04    4.0484017611776057e-04    4.0721949328731627e-04 
   1.0934021219245265e-03   -9.2293416609060611e-03   -1.3074667658321111e-04   -2.2406304053681044e-04   -6.0652841081944687e-05 
  -3.4932828011230372e-03    8.4822324096704375e-03    4.1480697485402952e-04   -7.3782533700521194e-04    1.9578422094660247e-04 
  -5.4586492190527372e-03   -2.1539671409396052e-03    6.4518309805866375e-04    3.0854744900965660e-04    3.1036083682627920e-04 
   8.3333239970586443e-04   -7.0341087508142257e-03   -9.9648097955835723e-05   -1.7076882101461764e-04   -4.6226339417406271e-05 
  -2.6623926194575508e-03    6.4647021869429257e-03    3.1614360795405430e-04   -5.6233086283765451e-04    1.4921622282825355e-04 
  -1.1611813256039380e-03   -4.5819878135668334e-04    1.3724541273802939e-04    6.5635200481873118e-05    6.6020950139753735e-05 
   1.7726913412602227e-04   -1.4963181175305729e-03   -2.1197462198962836e-05   -3.6326489942870167e-05   -9.8334148117024861e-06 
  -5.6635267574060106e-04    1.3751921315749490e-03    6.7251079714736626e-05   -1.1962082019462433e-04    3.1741752303950357e-05 
  -5.3961607308577802e-03   -2.1293093648383069e-03    6.3779729347794350e-04    3.0501531810120267e-04    3.0680794696105328e-04 
   8.2379273527024947e-04   -6.9535850160955519e-03   -9.8507365378437437e-05   -1.6881392612619131e-04   -4.5697158305181971e-05 
  -2.6319145866888168e-03    6.3906967965832217e-03    3.1252451917938189e-04   -5.5589351834564333e-04    1.4750805368154339e-04 
  -5.3537702888623862e-03   -2.1125822194431993e-03    6.3278697030143239e-04    3.0261921932013091e-04    3.0439776588453242e-04 
   8.1732129383207909e-04   -6.8989599674754787e-03   -9.7733524315046818e-05   -1.6748778013084593e-04   -4.5338176644866932e-05 
  -2.6112391420183372e-03    6.3404936103963177e-03    3.1006943061490431e-04   -5.5152660395588226e-04    1.4634927952611771e-04 
  -1.3573613142675222e-03   -5.3561083557265182e-04    1.6043283654634097e-04    7.6724177373375312e-05    7.7175098905657744e-05 
   2.0721851064149359e-04   -1.7491190064714860e-03   -2.4778744296938713e-05   -4.2463800480028111e-05   -1.1494756725964470e-05 
  -6.6203718173159611e-04    1.6075289517027672e-03    7.8613057181252369e-05   -1.3983059332157727e-04    3.7104477719735463e-05 
  -5.2818838547886828e-03   -2.0842160411708123e-03    6.2429037885859370e-04    2.9855587416609096e-04    3.0031053973383952e-04 
   8.0634691313660517e-04   -6.8063258789508429e-03   -9.6421231449758939e-05   -1.6523887914800505e-04   -4.4729409426522997e-05 
  -2.5761773705366810e-03    6.2553581915557495e-03    3.0590604958069387e-04   -5.4412111610040821e-04    1.4438421056223736e-04 
   4.5418064101746521e-08   -1.9506877868606820e-05    1.3018961601543689e-08   -1.1818990410994466e-06    1.2773527325625041e-09 
  -1.3003269785412389e-05   -3.4578910529269410e-08   -6.3322720643303427e-06    7.9390163131328141e-10   -4.4257582931615329e-07 
   2.2402164645433837e-06    2.0070924996921237e-09   -4.5979411427997465e-06    2.2769068398771299e-09   -3.3423446664816987e-08 
   2.1420484444546956e-11   -1.1414145898187635e-07    9.0256644641070287e-10    1.8838788718777879e-06   -1.2457318928417332e-09 
  -7.5172812104379000e-09   -1.3799791888279144e-11   -5.8795163959285824e-09    2.0374268831840584e-10    3.0498857608160215e-07 
   1.9981618066917029e-08   -8.5820254772485865e-06    5.7276751771527164e-09   -5.1997494168837705e-07    5.6196966875598907e-10 
  -5.7207715831111598e-06   -1.5212946589226983e-08   -2.7858748360961425e-06    3.4927598728265366e-10   -1.9471065889627757e-07 
   9.8558031186546606e-07    8.8301772757151915e-10   -2.0228582090986917e-06    1.0017221946416315e-09   -1.4704601769027471e-08 
   9.4239141945905966e-12   -5.0216386014762476e-08    3.9708293096313830e-10    8.2881005271091999e-07   -5.4805812156101851e-10 
  -3.3072180644266104e-09   -6.0712004434361212e-12   -2.5866855702707898e-09    8.9636330002642094e-11    1.3417932627826588e-07 
   8.0090585847392690e-07   -3.4398588038678240e-04    2.2957743409240725e-07   -2.0841704393667959e-05    2.2524942598943766e-08 
  -2.2930072332284432e-04   -6.0976733751786352e-07   -1.1166380368858425e-04    1.3999726323570095e-08   -7.8044183856932239e-06 
   3.9504160430156898e-05    3.5393233359778657e-08   -8.1080470315444633e-05    4.0151161510796848e-08   -5.8939179319211396e-07 
   3.7773057531810489e-10   -2.0127798267348615e-06    1.5915930563947753e-08    3.3220474165567803e-05   -2.1967338124092172e-08 
  -1.3256035192843387e-07   -2.4334665925619522e-10   -1.0367987318754151e-07    3.5928152360233171e-09    5.3781935047729834e-06 
   2.9585793065447034e-07   -1.2706980435816436e-04    8.4806851962556610e-08   -7.6990116478508953e-06    8.3208067901168660e-09 
  -8.4704633861881596e-05   -2.2525057189926152e-07   -4.1249070085790901e-05    5.1715567016984194e-09   -2.8829843721614714e-06 
   1.4592999955548347e-05    1.3074406523817139e-08   -2.9951460474676471e-05    1.4832004825876157e-08   -2.1772376170503823e-07 
   1.3953523398053049e-10   -7.4352917774321097e-07    5.8794104591296514e-09    1.2271780307254605e-05   -8.1148253950405352e-09 
  -4.8968341276843731e-08   -8.9893260584209097e-11   -3.8299773197104814e-08    1.3272007810994367e-09    1.9867268844971847e-06 
   9.6927664270187669e-06   -5.5510742620338430e-03    1.1784474053255322e-05   -4.2235376111468591e-03    3.9406219269370642e-06 
  -3.0490299987878202e-03   -8.9562741390236835e-06   -4.2422174303750138e-03   -5.9601155163812164e-06   -1.7910352254378284e-03 
  -2.4777114755329931e-04    1.0398106575436994e-06   -1.4247841571883863e-03    1.5756267470829886e-06   -1.1091625699188995e-03 
   1.2709812556223601e-07    3.2331917189414781e-04   -3.8289544098492109e-09    8.6571453273870771e-04   -5.4717588433282551e-07 
  -1.3095907835399666e-06    3.5307219100077135e-08    6.9466866250461623e-05    8.3900328229426446e-08    1.7065659381787883e-04 
  -3.8579987464095751e-02    1.4022207974933776e-04   -7.2241125296009928e-02    1.3064804000877074e-04   -4.1395083955484469e-02 
  -6.1839222138200211e-05   -4.7028780160983642e-02   -1.0780046581008463e-04   -4.9477603912186446e-02   -5.1122274808227487e-05 
   6.6598365601389251e-06   -1.1386428197007751e-02    2.0462512118002195e-05   -2.1043896542477333e-02    2.0710210297907536e-05 
   1.8659890348222379e-03    5.4577544281740542e-07    9.1568394758528657e-03   -5.3127879866726496e-06    1.2754627501016275e-02 
   2.0553852798504683e-07    4.8588030148392843e-04    8.8528602581213481e-07    2.0583193316605613e-03    1.0944263426290252e-06 
  -1.6438840696575551e-03    5.2679255479371425e-06   -2.1247056363343955e-03    1.6999369257791621e-06   -1.6981104347861528e-04 
  -2.8521921409297134e-06   -1.7359257367784051e-03   -3.3942922711684455e-06   -7.9939568322532446e-04    7.0537598031882284e-08 
   1.5789870511915672e-07   -2.8057625835419182e-04    5.0566052418514937e-07   -5.3791195492986442e-04    2.9262687800100421e-07 
  -8.4432754629741271e-06    9.4275856712026586e-08    2.0743866140056724e-04   -7.0599369244286695e-08    2.4221995781016089e-04 
  -9.9996416035488246e-10   -9.5132279540264209e-07    2.2487138973086514e-08    3.8543548702220142e-05    2.3547204057095729e-08 
   2.9264568404519089e-04   -1.6759899630617620e-01    3.5579888325942317e-04   -1.2751777963608932e-01    1.1897594025967572e-04 
  -9.2056842222289270e-02   -2.7040938122729446e-04   -1.2808176397606327e-01   -1.7994884075796372e-04   -5.4075245972732763e-02 
  -7.4807494339569113e-03    3.1394143606527499e-05   -4.3017330236584557e-02    4.7571595856748825e-05   -3.3488028565965743e-02 
   3.8373686373315612e-06    9.7617084798554722e-03   -1.1560445522804331e-07    2.6137803229733327e-02   -1.6520429143660194e-05 
  -3.9539391932526651e-05    1.0660016789916088e-06    2.0973556667654922e-03    2.5331332526361517e-06    5.1524934610454884e-03 
  -2.2237619123480499e-03    7.1261790334327975e-06   -2.8741926247973855e-03    2.2995873363072474e-06   -2.2971165531307020e-04 
  -3.8582989924704316e-06   -2.3482711508462377e-03   -4.5916241974253857e-06   -1.0813814100785325e-03    9.5419638639416067e-08 
   2.1359725599518833e-07   -3.7954914726264898e-04    6.8403157802674509e-07   -7.2765965657109683e-04    3.9585060640164832e-07 
  -1.1421629259985462e-05    1.2753153539218829e-07    2.8061236366086283e-04   -9.5503199561965265e-08    3.2766271450090380e-04 
  -1.3527001414239088e-09   -1.2869006019418175e-06    3.0419446291272971e-08    5.2139732449980032e-05    3.1853447874438626e-08 
  -5.9581162061718070e-07    1.8971981197340670e-04   -8.5650232950592675e-08    1.2630029545429852e-05   -1.0863768073259985e-08 
  -4.8432524961645466e-07    1.3235838523315742e-06    1.0304100217301033e-07   -1.9904124780944605e-05    1.2579628917834173e-08 
   1.3732126608968947e-05    6.5259544410756932e-08    1.6554898439461010e-06   -3.2116772680794758e-07    1.0281112935386706e-07 
  -1.3003955894308299e-07   -4.9854496482671270e-10    1.0595285073545576e-06    8.8285093936796271e-09    3.3604310750720394e-07 
  -1.1132011969002731e-06    3.5446828235025042e-04   -1.6002699265351925e-07    2.3597666645531852e-05   -2.0297622945777206e-08 
  -9.0490253782491268e-07    2.4729546682676694e-06    1.9251951955884887e-07   -3.7188424600460034e-05    2.3503499232506381e-08 
   2.5656800317616225e-05    1.2192948313423059e-07    3.0930804502068227e-06   -6.0006264650897564e-07    1.9209003028984120e-07 
  -2.4296302329563748e-07   -9.3147033785412842e-10    1.9795995273057659e-06    1.6494990839066007e-08    6.2785547737321120e-07 
  -1.9058386334672943e-08    6.0686185814658319e-06   -2.7397170057479391e-09    4.0400014730460397e-07   -3.4750226720318512e-10 
  -1.5492241841919414e-08    4.2337832179137004e-08    3.2960002117630359e-09   -6.3667858531499272e-07    4.0238796889285452e-10 
   4.3925322208263384e-07    2.0874745747936282e-09    5.2954598277841005e-08   -1.0273278338200406e-08    3.2886472081567368e-09 
  -4.1596102985714148e-09   -1.5947091691550404e-11    3.3891422938084672e-08    2.8239990117974499e-10    1.0749101135929824e-08 
   5.7154564290162030e-04   -1.2132169881997503e-07    4.8406373304530736e-04   -4.7299756655113448e-08    3.5030676451791651e-05 
   5.7154564290162030e-04   -1.2132169881997503e-07    4.8406373304530736e-04   -4.7299756655113448e-08    3.5030676451791651e-05 
   5.7154564290162030e-04   -1.2132169881997503e-07    4.8406373304530736e-04   -4.7299756655113448e-08    3.5030676451791651e-05 
   5.7154564290162030e-04   -1.2132169881997503e-07    4.8406373304530736e-04   -4.7299756655113448e-08    3.5030676451791651e-05 
 TENSORSUMACCUMULATOR_IMPL_H - PrettifyOut: Norm of simple tensor is 5.2625e-06 
 As simple full tensor 3    5 5 5 
  -3.5564503320259503e-08   -2.2206145730648498e-07    8.1314674676061103e-09    4.6798251117377475e-08    7.1946464284332647e-09 
   2.1274077988656530e-07   -6.1985642183232194e-10   -4.6283120841479154e-08    1.3445917744603411e-07   -3.7185201809736895e-08 
  -1.2465695718146044e-09   -4.6539116899252328e-09    1.8517243417328127e-10    1.4061757968951582e-09    2.2295895813311363e-10 
   1.2724417494931419e-08   -3.3251492103241851e-08   -2.5395795252092298e-09    2.3522992853386290e-09   -1.7613486769824873e-09 
  -8.7067930127783194e-10   -3.7865675852376845e-09    1.0729370493583982e-10    9.2397322694226346e-10    1.4232639619815678e-10 

   5.1371095924233924e-06   -1.1312672781340933e-08    2.6136288800460527e-07   -4.0775837762222986e-09   -2.1878811930782619e-07 
   3.5500888603087869e-09   -6.6989356511036658e-07    1.7498705992571728e-09    5.4691500898339723e-07    3.0693176146700200e-09 
   1.8890957536450899e-07   -2.3764696593750889e-09    1.8090072341094183e-07   -7.9031100905321609e-10    4.0492750295058829e-08 
   6.0225571818833519e-10   -2.8371789025851808e-07   -5.5118150550502906e-10   -5.1316074056304776e-09    1.1871215631161659e-10 
   2.8576932507741539e-08    1.8860310916796513e-10   -8.7987259120144495e-09    1.6490292487870533e-10   -4.6162889077081570e-09 

  -1.1065908724862104e-09   -1.6774288740993014e-09    2.7018878352337263e-10    3.8424036013900275e-10    1.1597734276138541e-10 
   3.7267660355737541e-09    1.1828490440781892e-09   -1.3479964344556670e-10    8.1297764203202899e-10   -2.5972568563871180e-10 
  -1.3195515670567641e-10    2.6947849206080534e-10   -5.2110457196909705e-11    1.9873567834080359e-10    4.9154776773935084e-11 
   7.9354806620159301e-11   -1.4572300134395401e-10   -5.3693258361443429e-11    1.0890156459983476e-10    6.6538002938848597e-12 
  -1.0168401253910617e-10   -3.2741856608995958e-11   -4.5073321614876711e-11    1.3195019030569684e-10    3.8495355731110328e-11 

   1.9808457876270758e-07   -9.5181771574682372e-09   -9.3811102243250791e-09   -1.3129730975432176e-08   -1.2388433847380183e-08 
   9.8098454507981277e-09   -3.5668476876084319e-07   -2.1686222408000284e-09   -2.1221394723671789e-09   -1.1858326057818992e-09 
   5.6011016395391598e-09    1.3090254088827785e-10    3.0243368743555897e-09   -3.1152490744317514e-10    5.8264321033607924e-10 
  -3.5029055456591684e-09    6.9704388264074687e-09    5.6234737573897236e-10    6.8549669750906443e-10    4.0499711802181017e-10 
   2.0438801133637288e-09   -2.2159954419523219e-10   -3.5451797903194193e-10   -2.5631995900858022e-10   -2.0652563485988049e-10 

   6.5193881301281792e-11   -2.0884693656792608e-10   -3.6979198808751347e-12   -1.0873194811793813e-11   -7.9397446268882087e-12 
   4.0444632294353475e-10    5.4257992299830392e-11    6.3305261038866009e-11    2.8692827643565846e-11    7.4279575311121958e-12 
   2.8145991783417823e-12    1.4367941754861711e-11    2.8661527615035155e-13    7.8619797485660160e-12    1.9916743725837477e-13 
   5.4063421605135090e-12   -7.9587146462019634e-12   -4.2976207042119348e-13    1.0377860766565791e-12   -4.6410486404162433e-13 
   1.4984128928734936e-12    8.7965492459032084e-13   -4.5270726062909313e-13    1.5119571390809957e-12   -4.0140453594871748e-15 
