2    16 5 
   8.8249934645733361e-07    3.3496653828406263e-04    8.5857607078614169e-07    3.1659636040477616e-06    2.1225011802167230e-08 
  -2.1489875998990415e-05    2.4756963788776426e-04    6.4392734149959649e-06    2.3978588869786758e-04    7.0717868517592224e-07 
   2.6010428878605330e-06   -1.8479672248798706e-03   -6.4740990285510990e-06   -4.4911089832688121e-04   -8.1079854536761140e-07 
  -1.3644636749952731e-04   -4.8272743718836902e-04    2.3918957733212354e-05    1.4789939630148333e-03    3.7096833701636822e-06 
  -9.8941994065681780e-05   -3.3862707458179788e-03   -6.6386747305250267e-07    1.7722990645652377e-03    1.9387244299599172e-06 
  -1.3048342251552031e-05   -7.8424242872915254e-05    3.5134082298270212e-06    1.2004171630047587e-04    3.9869240741240444e-07 
  -4.5732789505515406e-04   -8.4455532686608623e-06    3.6819393728443567e-06   -3.0550674285149191e-05    5.1944436013151910e-06 
   5.3107954552696589e-04    3.0114467343228634e-05    3.6088281951356479e-04    3.2471363354812235e-06    1.3824449751493265e-05 
  -1.7413413537473570e-04   -5.4741068751722639e-06   -3.2383479054394045e-05   -1.0478007776785325e-05    1.6441751697592434e-07 
   1.2251136976696402e-04    9.9698745677453642e-06    1.9991237396671010e-07    1.2455976536840756e-05   -1.0596405866431001e-06 
   3.9902547361833151e-05   -1.5770501543937383e-05    3.3468492901187317e-06   -1.9165541983650289e-06   -3.3433316287380399e-07 
  -8.1717552799096555e-05   -6.2492047178084963e-05    2.1799815015148091e-04    6.2765276391271523e-05    7.4659239458245771e-06 
   2.9550075293278973e-05    4.1579211140295477e-06   -1.5284846647239757e-04   -2.5400517243488052e-05   -1.2972387119207635e-05 
  -4.8926802797332685e-05   -8.6844730041714456e-05   -1.0002155937031711e-04    1.6051629092053002e-04   -4.1727627566551089e-06 
  -8.2970712975654332e-05   -5.2412214986884969e-05    6.1437880595594898e-05    4.8655943361846207e-05    8.2364374935710374e-06 
   1.9345294325350826e-05   -9.0578303303410639e-05    3.3173243480975815e-05   -9.3649740881482436e-06    1.2669452174441592e-06 
2    16 5 
   3.6765543714913834e-01    3.1598025646738831e-02   -1.9437071733273317e-02    8.0694106046087719e-03   -8.1324528521947454e-04 
   6.5077314949034152e-03    2.1224080949112281e-02    7.3762357156220038e-02   -1.0264948479901323e-03    5.9445304298536483e-03 
  -1.3272390826893208e-04   -1.6096674544396915e-02   -1.2391384428980681e-02    2.3211129371125188e-03   -1.2629728499009758e-03 
   6.1899355897498812e-04    2.2740774954591224e-02   -1.6061670644877186e-02    1.1737370178095648e-03   -1.6352534913244986e-03 
   2.0896004751060960e-03   -1.4000185316244810e-02    4.2650714386557364e-03   -2.7507298164317746e-05    4.3161225257420921e-04 
  -1.1353977610794142e-02   -4.3909076824979458e-02    1.0964824966454011e-01    1.0626956159742204e-03    7.8896478642408174e-03 
  -2.2110704893112090e-03    1.3076461717931398e-03   -1.4149259251511168e-03   -5.7177257922668267e-03   -1.0352460946677834e-02 
  -4.0947329008516004e-04   -6.5402703962426654e-03    3.2291854040143136e-03   -3.8936519782599424e-03   -5.7585616644769055e-03 
  -7.7772680727194836e-04   -1.5202654049028168e-02    9.5925378726316145e-03   -2.1569605625774920e-02   -3.0207312937133069e-02 
  -1.2704540525705095e-04   -3.3882964635494777e-04    1.3061446617289323e-03   -9.3457758416038415e-04    4.9490175586171022e-03 
   1.3966053885054069e-02    6.6468627666268869e-04   -2.9512704938394487e-03    1.3197509126667180e-02   -9.0216821961055984e-03 
  -1.4611048871162511e-03   -2.7030128111626712e-04    6.6938033370162850e-05    1.7981349392164243e-03   -7.0499318470532222e-04 
  -6.4466058890302446e-04   -1.7710904691302989e-04    7.1979184152182326e-04   -1.8302704491035800e-03    6.4251562691775704e-04 
  -2.4219914297841921e-04   -1.1879704129472000e-05   -2.7429351734850193e-04    1.5777289660217327e-03    1.5670712042554612e-03 
   2.8878130723416972e-03    9.7853806314189638e-04   -2.9976101411491074e-04   -8.5295626530363603e-04    5.5613733106523247e-04 
   1.4326420324313818e-03   -3.0745250690441053e-05   -6.4785648682010879e-04   -1.3594007042967472e-03    3.6364906810512111e-03 
2    16 5 
   7.4480430885896037e-02   -3.4782230650775435e-03    2.5839730438794242e-05   -2.7676715408148761e-05    6.5911415072249235e-05 
  -3.3327913674793476e-03    1.9011855112734167e-02   -4.6825082274771440e-03    1.1453273619583012e-03   -2.2283791279331146e-04 
   8.5025086388926842e-03   -3.4026098488000320e-03    9.8059411696638267e-03   -3.3204318076609420e-03    8.2918518602061869e-04 
   1.9967289501600836e-02   -1.3478644807153949e-02    5.1362514300346222e-03   -1.0894910004571262e-03    1.6897755098298217e-04 
  -3.4305186655032125e-03   -8.5768595259938206e-03    6.4454051419004111e-03   -1.5806629511930534e-03    3.0708677117113805e-04 
   3.6529018152457168e-02   -3.6266719095458318e-02    8.0111051658846126e-03   -1.4403910399191902e-03    1.4965378325590070e-04 
  -1.1777518058208359e-03   -2.8125273611024947e-03   -2.2460327948686694e-03    3.2000913795436869e-04    1.6146852046684641e-04 
   2.9890143342704725e-04    1.0368532067549080e-03    1.2278879708767763e-03   -3.0060519686436038e-04    6.9883134520796081e-05 
   1.8108288594736020e-05    1.9985228470095961e-03    2.5615018431955775e-03   -7.0875942267492316e-04    1.3694306807945271e-04 
  -1.0424290084541314e-03    1.0040489529746139e-02    8.7885311169938040e-04    3.5778750726564823e-03   -3.4036238227443290e-03 
   5.1515222879912602e-05   -2.3270317528648462e-03    4.2953974566869437e-04    1.9653871960212837e-03   -1.7582464232594928e-03 
  -9.3898102879050880e-04    1.8158075566987878e-03   -1.5607771257098685e-03   -9.5629005739851362e-04   -6.1382432089967555e-05 
  -6.1452532688371561e-04   -1.1773539306627625e-03    1.1163516385225523e-03    2.5579833172118628e-04    6.7644998715869005e-04 
   1.6396109644832612e-04   -1.4955836858971018e-04   -4.4088835944452353e-04   -1.3932304995430609e-03    6.6508871501804563e-04 
  -7.3424251156462678e-04    1.3481875409420464e-03   -9.2120197948857051e-04   -6.6636185533207228e-04   -1.1971305910707596e-03 
  -2.1542056314268805e-05    2.3542630460129835e-05   -6.3515950279375351e-04   -1.2140718446791579e-03    2.2985427386125815e-03 
 TENSORSUMACCUMULATOR_IMPL_H - PrettifyOut: Norm of simple tensor is 9.34145e-06 
 As simple full tensor 3    5 5 5 
   2.7931711870911844e-08   -1.0584254813406233e-08   -1.8949889908646194e-09    1.3604267065933543e-09   -4.2535854426155022e-10 
  -4.2737535169179362e-08    3.3669885757784900e-09    3.1755205267170073e-09   -1.1067524849786308e-09    2.6476632939376501e-10 
  -3.8009939962679019e-09   -5.5023633872078539e-09    6.5586002418824802e-10   -1.6071521612215438e-10   -2.4937564191727046e-11 
  -6.5815602315600930e-09   -1.4515843335749469e-09    5.2889131110646002e-10   -1.6419379561997947e-10    4.0402053382839919e-12 
  -5.9059325411754065e-09   -3.3841238338115594e-10    3.7989851359772191e-11    7.2603046146979113e-12    5.0509740977328234e-11 

   9.2199819011174116e-06   -3.6572951494936031e-07   -4.2040387028381750e-08    7.5604348586780445e-09    6.1551252108015277e-09 
   7.6766826057277568e-07   -4.2172437633097906e-07    5.4413411367173904e-07   -1.6100463317239322e-07    3.7503381436355191e-08 
  -4.6084761822951876e-07    6.2313204752565066e-07    1.6651445949680470e-08   -2.8131228214294156e-08    1.0086642809421367e-08 
   1.5098028275175866e-07    1.0480383858703198e-08   -4.3718346384833583e-08    1.4108447047412664e-08   -2.8479208727057501e-09 
  -7.4087387644921909e-09    4.5440169718917129e-08    6.0145582559753561e-09   -2.7285752251661142e-09   -2.5751978232038514e-11 

   2.2300870670081551e-08    3.0819284110765319e-10   -1.0787175165350405e-10    3.1579135407266988e-10   -8.2843844982770653e-11 
   6.9375722891485302e-09   -1.2077614805352210e-09    4.2039365611045712e-10   -1.8629949324245295e-10   -2.2599261481826249e-11 
   4.6877206117830842e-09    8.0071799123607299e-10    1.7269295013370859e-10   -4.6016803828777061e-11   -7.8444627085541880e-11 
   2.0067327114490888e-10   -3.8472750876039752e-10    3.4918511725523108e-11    1.9109887973915673e-11   -6.8886979470007115e-11 
  -2.8737028865319570e-10    1.2325451142799489e-10    3.8951750955955089e-11    5.4233317186857126e-11    1.0308716580085876e-10 

   3.7675365514081394e-08    3.0623024931160806e-08    1.0873308173383300e-08   -3.3042726478988362e-09    7.2258721493460836e-10 
   6.1612904613675096e-07    2.2846271581719764e-08    1.8114292085319600e-08   -8.1578677682956182e-09    2.1187155173264933e-09 
  -3.5717446791999097e-08    9.5397598935894898e-08    3.5798088576127792e-09   -3.0391744689768208e-09    8.6418089776137855e-10 
   3.3091762631215497e-08   -2.8882074515697088e-08    4.9934138998488528e-10    5.5221403515099002e-10   -9.6117705374488070e-11 
  -1.6801156233747635e-08    1.7107931572574190e-08   -9.4141123701261520e-10   -3.4104948752883243e-10    2.1672720037483813e-11 

   4.3259736091485153e-10    1.9915990242336913e-10    8.3144619263601378e-13   -1.5156242579085234e-11   -1.1286640692367608e-11 
   1.2081046992438906e-09   -1.4000723902125097e-10    4.1660430294602324e-11   -2.0857651320084211e-11   -3.6007951209862355e-12 
   2.9046508408725888e-10    1.6802151129482119e-10    1.7383547890422611e-11   -6.4484188297291881e-12   -3.6990713158924590e-12 
   9.6262221388661378e-11   -5.2849455358806198e-11    1.6889357526677573e-11    1.3384324740566182e-11    1.0049500670583602e-11 
   3.4917010381862934e-11    4.3628780151800615e-11   -8.5666024867046478e-12    2.9440499400319673e-12   -7.3245116030144113e-12 
