2    102 5 
   2.7611331104882690e-03    2.3784980192422420e-04    7.7937292088071011e-05    8.6718290134398852e-06   -4.7619669323015787e-07 
  -2.2169709206053856e-04    3.2348869701108434e-03    1.4520600592793566e-03    2.8623425825250156e-05    8.0076280822673323e-06 
   7.6817453181136545e-05   -2.4678989741829865e-03   -3.1853322437455520e-04   -1.3497606187326067e-05   -1.1165516410138310e-05 
   1.4115031432149333e-04    1.5796587520089476e-04    8.1057115422111499e-04    1.1126384724482566e-05    2.5005661549746111e-05 
  -2.7358944153030498e-03   -7.7347586225589530e-04   -3.8415258652922716e-03   -1.8142471001475875e-04   -8.7448392709892119e-05 
  -1.6154948636590962e-03   -2.5571447195542915e-04    6.4170611793133551e-04    6.7346730703813281e-05    3.3875612613090156e-05 
   5.3797550233690872e-04   -1.8878711432793315e-03    4.7900465023979088e-04    5.4771643536240570e-04    3.0164228268219956e-04 
  -2.3630462047453230e-04    8.8385524242922623e-04    1.5004021304285500e-04    1.8851673876237496e-04    1.1158575546577510e-05 
   5.5038137214465576e-04   -2.4887334524988495e-03   -7.3123953459298626e-04    6.7842249070898194e-04    3.0357425678755512e-04 
  -3.5420790212893199e-04    1.5767705795337390e-03   -2.0036449512759845e-04    1.8416517024069076e-04   -1.0935539756571979e-04 
   1.3680334198362726e-05    5.6992262670694811e-04    5.6516999191735980e-04   -6.0354518318142121e-05    7.5731329226038491e-05 
  -1.4484625210242958e-04    3.1784231461488213e-05   -5.8681049322524136e-05   -2.6692154233787676e-05    2.0389579872981815e-04 
  -1.7018763783525586e-04   -3.5835285603676619e-05    1.4936810264855324e-04   -4.1025032874722280e-05   -1.2961177577793510e-04 
  -3.8080227797967944e-04   -1.1485191893757344e-04   -1.2833852777008450e-04    1.1542044445405116e-04    4.7143348195503591e-05 
   3.5025778668194238e-04    1.9013056710747269e-04   -1.2043610972556186e-04   -6.6506908758199429e-04    9.7254449889876918e-04 
  -2.1588355451213545e-05   -8.5751069038812074e-05    7.3819030736437042e-05    1.6136799980573502e-04   -2.2907064990624609e-04 
   9.7047167990539933e-04    6.9837781053333752e-04    1.8458716376883831e-05    1.1224407637902611e-05    6.4564821900384777e-07 
  -8.7143261054976873e-05    1.1893799263661803e-04    5.8920920644464220e-05    3.7157556266621182e-05    2.6886784625668164e-06 
   2.2022613540637119e-05   -3.3215443328156737e-05    7.8791144232731293e-05    3.2810471912414073e-05    3.0114429599635997e-06 
   1.7736599429851692e-07   -2.6594969055097864e-07   -1.9354656203377842e-06    4.6223206761930234e-06   -3.9524811352703675e-06 
   7.7716985281470305e-04    1.4688116246425748e-03   -2.4990140062372216e-05   -1.3159381851988818e-05    6.8344539746865531e-07 
   7.7716985281470305e-04    1.4688116246425748e-03   -2.4990140062372216e-05   -1.3159381851988818e-05    6.8344539746865531e-07 
   7.7716985281470305e-04    1.4688116246425748e-03   -2.4990140062372216e-05   -1.3159381851988818e-05    6.8344539746865531e-07 
   1.1216268168270855e-03    9.8882362917990412e-05   -1.5868694607216375e-06   -2.1084339489533077e-05   -1.0194340702032090e-06 
   1.1216268168270855e-03    9.8882362917990412e-05   -1.5868694607216375e-06   -2.1084339489533077e-05   -1.0194340702032090e-06 
   1.1216268168270855e-03    9.8882362917990412e-05   -1.5868694607216375e-06   -2.1084339489533077e-05   -1.0194340702032090e-06 
  -1.1179408628277545e-03    9.1300587324858747e-05    2.4747029434962536e-05    2.5959855268672412e-05   -9.2967302765715787e-07 
  -3.8927993957172801e-04   -4.3277085960001033e-04   -1.0932882412495382e-04   -5.3284196873067492e-06    3.2037116727904663e-06 
  -2.7208126738709600e-04    2.6410520965874663e-04    1.2684938457516425e-04    2.0683859231194612e-05   -1.6524714989778663e-06 
   6.5755149603640311e-06   -3.0524299163533548e-04    5.3795859862525328e-05   -6.5438738544285186e-06    9.0155411842075695e-06 
  -9.3494288106716825e-04    7.6355411090988897e-05    2.0696138558934410e-05    2.1710434499717198e-05   -7.7749298538892400e-07 
  -3.2555792559925455e-04   -3.6192972971119439e-04   -9.1432569655358327e-05   -4.4561999830514761e-06    2.6792896843316581e-06 
  -2.2754373909534024e-04    2.2087329825177122e-04    1.0608515442965248e-04    1.7298076834123515e-05   -1.3819751254354028e-06 
   5.4991557299307872e-06   -2.5527715419869433e-04    4.4989907679136672e-05   -5.4726940200790934e-06    7.5397691679523351e-06 
  -1.2205558394228222e-03    9.9681001658903710e-05    2.7018541221232566e-05    2.8342691453824540e-05   -1.0150070369470600e-06 
  -4.2501166136159232e-04   -4.7249458122563680e-04   -1.1936403716866642e-04   -5.8175114449142571e-06    3.4977780310852973e-06 
  -2.9705540851855309e-04    2.8834723426746984e-04    1.3849279708658680e-04    2.2582415587329641e-05   -1.8041506528847362e-06 
   7.1790766837020148e-06   -3.3326102325396712e-04    5.8733742611297435e-05   -7.1445312637254163e-06    9.8430711353619413e-06 
  -4.7037334834748698e-04    3.8414700091969628e-05    1.0412306664892542e-05    1.0922602841849036e-05   -3.9115970211638894e-07 
  -1.6378944066657047e-04   -1.8208823477690601e-04   -4.6000076376554590e-05   -2.2419312980290514e-06    1.3479609134768345e-06 
  -1.1447812761739492e-04    1.1112220325230210e-04    5.3371847959395274e-05    8.7027287818390579e-06   -6.9527698455975323e-07 
   2.7666463333239526e-06   -1.2843091509504861e-04    2.2634595059673500e-05   -2.7533333456345510e-06    3.7932867783845905e-06 
  -1.2566486718806403e-03    1.0262865024317794e-04    2.7817501539192082e-05    2.9180807975007438e-05   -1.0450216235352170e-06 
  -4.3757960310639350e-04   -4.8646663166903827e-04   -1.2289372917936110e-04   -5.9895400069192701e-06    3.6012101825469607e-06 
  -3.0583957942172037e-04    2.9687389734993271e-04    1.4258814214202035e-04    2.3250196049280271e-05   -1.8575008603394192e-06 
   7.3913678412038433e-06   -3.4311582373791258e-04    6.0470547322086106e-05   -7.3558008849606279e-06    1.0134138783300935e-05 
  -1.1001920798721131e-03    8.9851070304743192e-05    2.4354137763459434e-05    2.5547708390385774e-05   -9.1491324443761999e-07 
  -3.8309960804778018e-04   -4.2590005246524119e-04   -1.0759308511163871e-04   -5.2438240099581660e-06    3.1528485323297232e-06 
  -2.6776161907498901e-04    2.5991219176347939e-04    1.2483548359905496e-04    2.0355475735800300e-05   -1.6262363384689688e-06 
   6.4711200037668905e-06   -3.0039685729370085e-04    5.2941779765482510e-05   -6.4399812420433110e-06    8.8724075990361667e-06 
   5.0811157415083814e-03   -4.1496725532679332e-04   -1.1247689837501992e-04   -1.1798927263405151e-04    4.2254258810578545e-06 
   1.7693032740642321e-03    1.9669724046204118e-03    4.9690679331353344e-04    2.4218022661820297e-05   -1.4561083106573832e-05 
   1.2366274967293403e-03   -1.2003757826841224e-03   -5.7653890844924218e-04   -9.4009518955171358e-05    7.5105931136753288e-06 
  -2.9886153807025924e-05    1.3873497439393439e-03   -2.4450576901183669e-04    2.9742342871408986e-05   -4.0976235642217655e-05 
   1.8342666467779400e-03   -1.4980186137719510e-04   -4.0603803124761117e-05   -4.2593752726833613e-05    1.5253653245371420e-06 
   6.3871286322787193e-04    7.1007079162829041e-04    1.7938177437812461e-04    8.7426292726609011e-06   -5.2565047603936847e-06 
   4.4641859920824305e-04   -4.3333184556111306e-04   -2.0812871505742708e-04   -3.3937137800352330e-05    2.7113002629310422e-06 
  -1.0788806616010990e-05    5.0082885180812928e-04   -8.8265806145573997e-05    1.0736891324948209e-05   -1.4792290940162854e-05 
   2.1469547931629398e-03   -1.7533864276137327e-04   -4.7525549184727530e-05   -4.9854726266929281e-05    1.7853949427648425e-06 
   7.4759449263862431e-04    8.3111683475751432e-04    2.0996105499911628e-04    1.0232988674115212e-05   -6.1525831647405369e-06 
   5.2251975088290061e-04   -5.0720209326806981e-04   -2.4360849780063763e-04   -3.9722414837932984e-05    3.1734966698701831e-06 
  -1.2627978662448523e-05    5.8620534033726425e-04   -1.0331251233811075e-04    1.2567213351591743e-05   -1.7313938511409950e-05 
   1.6395471247420968e-04   -3.1196691250113362e-03    4.1128032434428128e-04    9.8562696923051938e-05    1.1882214074388349e-04 
  -1.2806438341489037e-03   -1.5265118635007771e-03   -1.5538547797482496e-03   -4.3893928759587735e-04   -2.7131210349208824e-05 
   7.3728883542440262e-04   -3.2057793789503703e-04    1.0127183619757722e-03    5.1391940611007520e-04    9.7492833485773815e-05 
  -8.7646625343035245e-04    1.9228148900114804e-04   -1.1008387837770160e-03    2.5374895123868378e-04   -2.8681216651618648e-05 
   4.6391820990233646e-04   -8.8272626881066643e-03    1.1637386261030128e-03    2.7888817118862255e-04    3.3621329938495636e-04 
  -3.6236469577187605e-03   -4.3193430699429115e-03   -4.3967112441637797e-03   -1.2420010714197548e-03   -7.6769141598589919e-05 
   2.0861963132951778e-03   -9.0709160376126511e-04    2.8655381875463304e-03    1.4541611358329283e-03    2.7586093809985052e-04 
  -2.4800059064796738e-03    5.4407026689641590e-04   -3.1148794094053999e-03    7.1799558211394963e-04   -8.1154963380104236e-05 
  -1.0169481236313574e-04    1.9350109644027478e-03   -2.5510139221780791e-04   -6.1134656139701167e-05   -7.3700811188553696e-05 
   7.9433419419564172e-04    9.4683669158476564e-04    9.6379645257782065e-04    2.7225718503146300e-04    1.6828447953769969e-05 
  -4.5731195306578153e-04    1.9884218483274749e-04   -6.2815031202002511e-04   -3.1876447334418207e-04   -6.0471060931815377e-05 
   5.4363836110682623e-04   -1.1926482410776680e-04    6.8280802588017119e-04   -1.5739073061178148e-04    1.7789857343634504e-05 
  -1.5660702199680943e-01    2.0078053250841131e-02   -1.2212766361978902e-01    2.4774131541825936e-02    5.0071849254360460e-03 
  -7.0874726767042637e-02   -1.0668101156365686e-01   -8.3197383331092847e-02   -7.4603110221741847e-02   -2.2586398905876728e-02 
  -2.2652866951572117e-02    6.5464623202592040e-02    1.1410745622165788e-02    5.2449130146792380e-02    2.6783612417765973e-02 
   5.5501054313122607e-03   -7.3600815747466186e-02    1.9356982283456902e-02   -5.3161899316383758e-02    1.5567670462960989e-02 
   2.8969768294952482e-02   -3.7141153894263770e-03    2.2591644182731897e-02   -4.5828139844839976e-03   -9.2624829493799098e-04 
   1.3110679114063753e-02    1.9734263170736045e-02    1.5390171443890974e-02    1.3800369802387875e-02    4.1781188006623851e-03 
   4.1904143149902994e-03   -1.2109897382086092e-02   -2.1108035420884319e-03   -9.7022414975449708e-03   -4.9545354732580260e-03 
  -1.0266798149124450e-03    1.3614961521757467e-02   -3.5807289129900655e-03    9.8340922755469212e-03   -2.8797674615978820e-03 
  -9.2519967405644641e-03    1.9038644661645671e-01   -3.6265061406945034e-02    1.0268976561072345e-01   -3.1076111434521932e-02 
   8.1905711177603896e-02    1.0923126357628930e-01    1.4790270108046774e-01    9.5791374686509168e-02    7.5619501987344129e-02 
  -4.7656687051868020e-02    4.3881730065608677e-03   -9.6360049322671351e-02   -3.6586178127624776e-02   -5.7715186923666104e-02 
   5.4742398918871796e-02   -1.7120603762462539e-02    1.0290274182809513e-01   -3.2302654173705446e-02    5.4164462162421122e-02 
   5.5392687147672493e-04   -1.0539913933439936e-02    1.3895253141918487e-03    3.3299760358814265e-04    4.0144486054208322e-04 
  -4.3267010860553760e-03   -5.1573750339997159e-03   -5.2497540563861264e-03   -1.4829721127073616e-03   -9.1663766422561476e-05 
   2.4909567515212457e-03   -1.0830840512168307e-03    3.4215052771021420e-03    1.7362951300500739e-03    3.2938303162631489e-04 
  -2.9611726457327110e-03    6.4962990107433709e-04   -3.7192232799881562e-03    8.5729992495491188e-04   -9.6900518260348018e-05 
   2.9118952458873295e-05   -5.5406456800019977e-04    7.3044879473866699e-05    1.7505092977258270e-05    2.1103243787072934e-05 
  -2.2744699655520467e-04   -2.7111405162067131e-04   -2.7597025286235475e-04   -7.7957211811442178e-05   -4.8186015051844031e-06 
   1.3094517518402133e-04   -5.6935806187319020e-05    1.7986245952667724e-04    9.1273953205618649e-05    1.7315081344793060e-05 
  -1.5566359014816263e-04    3.4149890859810049e-05   -1.9551296651341548e-04    4.5066735417992181e-05   -5.0938882544928466e-06 
   9.7803496229036425e-03   -1.2539053360232086e-03    7.6270606106936976e-03   -1.5471826549884780e-03   -3.1270640724076189e-04 
   4.4262357994622140e-03    6.6623934094018310e-03    5.1958046728287927e-03    4.6590790861186096e-03    1.4105553838214433e-03 
   1.4147064156038195e-03   -4.0883665029148204e-03   -7.1261863114332276e-04   -3.2755289240047987e-03   -1.6726778293212905e-03 
  -3.4661262866818467e-04    4.5964842531505193e-03   -1.2088733440089119e-03    3.3200424559661711e-03   -9.7222498710824523e-04 
  -7.5823484072372327e-02    9.7210708144390354e-03   -5.9129819590463685e-02    1.1994742920319155e-02    2.4242987421659659e-03 
  -3.4314992058683567e-02   -5.1651106559489401e-02   -4.0281178898840787e-02   -3.6120141150266717e-02   -1.0935521510184152e-02 
  -1.0967702945855719e-02    3.1695614611755532e-02    5.5246723799767215e-03    2.5393981276114919e-02    1.2967661243187718e-02 
   2.6871613124708161e-03   -3.5634866236427823e-02    9.3719542019564724e-03   -2.5739078456871543e-02    7.5373057883465289e-03 
2    102 5 
  -2.0158103511985564e-01    1.4371148062703280e-02   -3.9936421943747085e-03    7.5625860373894078e-04   -1.7622210898103068e-04 
   1.7314637577553332e-02   -6.0796554936723441e-03   -6.4610008816626811e-05   -6.2695591425419715e-05    1.6084807933410686e-04 
   2.2487646694459545e-02    1.2059948019206145e-02   -2.2360061338728757e-02    7.7258142159508216e-03   -2.1310477605190783e-03 
  -6.5809697065954548e-02    2.8167804830377705e-02   -3.0342236717921030e-02    1.1588395702078853e-02   -3.5544044851573272e-03 
   1.1516850197189999e-02   -2.4010766623231421e-02    1.2862602615252228e-02   -3.8829376164821647e-03    9.6395072976260601e-04 
   9.1698782623505191e-03    2.8091218939435652e-02   -1.4444478770744052e-02    4.9982614497087281e-03   -1.6750730693508380e-03 
  -3.6007570975717644e-04    1.4161775339384987e-03    2.5664953153628476e-03    9.8139684328958057e-04   -4.8538901539989357e-04 
  -4.3656967761726796e-03   -5.9979724787624809e-03   -4.0497764681991745e-03   -7.3952239839032957e-04    8.8091992992276929e-04 
  -9.5887017408459479e-05   -2.7530263317644067e-03   -2.6017186260475448e-03    3.2262086632519381e-03   -1.1850740680146301e-03 
   3.8462646723962262e-03    4.7716024126317896e-03    1.6037799284255893e-03   -3.3896267785924719e-03    1.3466993350909448e-03 
  -8.6620374784700267e-03    6.6763661043043997e-03    1.5871835647789909e-02   -7.9261427410738470e-03    2.7007640113326666e-03 
   4.0136569011916846e-03    2.6672435105911280e-04   -2.8116323012037665e-03    2.7318894705258270e-03    2.3618905015930017e-03 
  -8.6930338703789748e-04   -1.4143524998939919e-03   -1.9604728051108838e-03    6.4951276811241621e-05    7.4828940226291251e-04 
   2.0314057505110314e-03    5.8166672404014479e-04   -9.4033164944355675e-04   -8.6320622088157490e-05    1.1361386889927197e-03 
  -1.4388699745932624e-03   -2.6823320639208863e-04    6.1646096599750669e-04   -4.5373195823306405e-04    6.9083850416089412e-05 
  -2.0885343837430724e-03   -3.1706493105425034e-04    1.3809191970736384e-03   -7.6677141503779045e-04    8.0877255344684513e-04 
   1.1848934520334654e-03   -1.4272442097861015e-04    7.2749995193851540e-05   -2.4660005881200696e-05    6.7449775051092637e-06 
   1.1848934520334654e-03   -1.4272442097861015e-04    7.2749995193851540e-05   -2.4660005881200696e-05    6.7449775051092637e-06 
   1.1848934520334654e-03   -1.4272442097861015e-04    7.2749995193851540e-05   -2.4660005881200696e-05    6.7449775051092637e-06 
   1.1848934520334654e-03   -1.4272442097861015e-04    7.2749995193851540e-05   -2.4660005881200696e-05    6.7449775051092637e-06 
  -1.5990873211673810e-03    4.4770143091082889e-04   -6.5877848519156799e-05    1.2761983275860666e-05   -2.5619873902480752e-06 
  -4.6250541937782295e-05   -1.5513166276198860e-04    6.4032330830887655e-05   -2.1419076748081458e-05    5.5916440942612013e-06 
  -3.2377350424172004e-06   -1.7960303812428212e-05   -4.0303310227596857e-05    1.5457483975933543e-05   -4.3205297765415734e-06 
  -1.0835551388189545e-03    3.0336628881897688e-04   -4.4639389201809084e-05    8.6476281670379973e-06   -1.7360243968828806e-06 
  -3.1339759703216289e-05   -1.0511853114848565e-04    4.3388850755012159e-05   -1.4513748168672972e-05    3.7889454894559731e-06 
  -2.1939167404468108e-06   -1.2170054276022374e-05   -2.7309865027662204e-05    1.0474122315663877e-05   -2.9276276409810281e-06 
   1.1212623599208184e-03   -4.1381698769382799e-05    1.9364976445679012e-05   -9.5373414704113514e-06    2.6600575151625159e-06 
  -5.3019431586102711e-04    2.4242293128415255e-04   -9.9588699304100123e-05    3.0674785874422041e-05   -9.3377823932663433e-06 
  -2.9594442167530429e-04   -2.6043547495018709e-04    6.7875401653895049e-05   -1.5989001062978761e-05    5.3517525894156933e-06 
  -3.0353922622622972e-04    6.3707385538851632e-06   -5.9951791750036900e-05    2.0884715719204049e-05   -5.2517895280290189e-06 
   9.3772067564012139e-04   -3.4607845510752648e-05    1.6195084616663235e-05   -7.9761549188864650e-06    2.2246273660126485e-06 
  -4.4340574504334902e-04    2.0274023550606615e-04   -8.3286825399326201e-05    2.5653568659265774e-05   -7.8092620672761146e-06 
  -2.4750068580282029e-04   -2.1780426977696053e-04    5.6764741039492126e-05   -1.3371729414555445e-05    4.4757134756222864e-06 
  -2.5385228156614496e-04    5.3278995840880953e-06   -5.0138162730844255e-05    1.7466054720812061e-05   -4.3921135682204301e-06 
   1.2241822143120185e-03   -4.5180094723837340e-05    2.1142473512662560e-05   -1.0412767089338939e-05    2.9042222547619770e-06 
  -5.7886046549554472e-04    2.6467475537161661e-04   -1.0872987339301791e-04    3.3490402101742561e-05   -1.0194890630021523e-05 
  -3.2310894433783364e-04   -2.8434065728598687e-04    7.4105635276877283e-05   -1.7456619811349770e-05    5.8429860570933993e-06 
  -3.3140087046034744e-04    6.9555040001956670e-06   -6.5454722997850378e-05    2.2801708545908656e-05   -5.7338474591952330e-06 
   4.7177086744812992e-04   -1.7411339774473110e-05    8.1478091679950325e-06   -4.0128341229279549e-06    1.1192185578036870e-06 
  -2.2307913049670933e-04    1.0199938985673210e-04   -4.1901921207846608e-05    1.2906408756808422e-05   -3.9288696893599740e-06 
  -1.2451854402751287e-04   -1.0957816325894685e-04    2.8558558871903633e-05   -6.7273683401298189e-06    2.2517486109626601e-06 
  -1.2771405621017648e-04    2.6804867096973567e-06   -2.5224701916313214e-05    8.7872391007152629e-06   -2.2096891769988796e-06 
   1.2603822816353609e-03   -4.6516107003346755e-05    2.1767673712103859e-05   -1.0720681111654803e-05    2.9901024774242677e-06 
  -5.9597784195860367e-04    2.7250140393032509e-04   -1.1194510450066616e-04    3.4480740628634344e-05   -1.0496361867592392e-05 
  -3.3266353956153328e-04   -2.9274884261671459e-04    7.6296999401187501e-05   -1.7972826308242875e-05    6.0157679241743560e-06 
  -3.4120066470782464e-04    7.1611839309536567e-06   -6.7390272584710300e-05    2.3475973679643671e-05   -5.9034020088513009e-06 
   1.1034608438261063e-03   -4.0724709822815717e-05    1.9057531950801093e-05   -9.3859236187514750e-06    2.6178256001695166e-06 
  -5.2177678310108360e-04    2.3857414810259019e-04   -9.8007597595095464e-05    3.0187783265608935e-05   -9.1895328046737239e-06 
  -2.9124591437326187e-04   -2.5630071892458826e-04    6.6797790295334685e-05   -1.5735154621739899e-05    5.2667864715285925e-06 
  -2.9872014140345523e-04    6.2695946923270173e-06   -5.8999978130055503e-05    2.0553143362636976e-05   -5.1684104553418276e-06 
   5.0962121672014664e-03   -1.8808257933753100e-04    8.8015108780614348e-05   -4.3347852725295984e-05    1.2090138721132339e-05 
  -2.4097685074016334e-03    1.1018283821693502e-03   -4.5263727674329829e-04    1.3941894652610000e-04   -4.2440843417417578e-05 
  -1.3450871236448114e-03   -1.1836965938157088e-03    3.0849822497091027e-04   -7.2671075629706988e-05    2.4324072257235341e-05 
  -1.3796060165849762e-03    2.8955431389547205e-05   -2.7248488978408433e-04    9.4922425081911684e-05   -2.3869733479872432e-05 
   1.8397164085119972e-03   -6.7897213854133530e-05    3.1773174763558336e-05   -1.5648437175699691e-05    4.3645016841336924e-06 
  -8.6991877856151844e-04    3.9775654692852323e-04   -1.6340061948129481e-04    5.0329796948460341e-05   -1.5321009695910651e-05 
  -4.8557218009360375e-04   -4.2731071134708337e-04    1.1136687952838375e-04   -2.6234027523545014e-05    8.7809128398280532e-06 
  -4.9803339082466391e-04    1.0452818778961060e-05   -9.8366179892122520e-05    3.4266694013024221e-05   -8.6168979840264697e-06 
   2.1533335778925657e-03   -7.9471678222249560e-05    3.7189560183331206e-05   -1.8316032327629647e-05    5.1085199782586201e-06 
  -1.0182141699931410e-03    4.6556225968574539e-04   -1.9125558643144741e-04    5.8909536946127488e-05   -1.7932788158423838e-05 
  -5.6834785788085476e-04   -5.0015453397030032e-04    1.3035163465631561e-04   -3.0706152365895393e-05    1.0277798455819128e-05 
  -5.8293333603620277e-04    1.2234714848560878e-05   -1.1513470071294777e-04    4.0108150625941451e-05   -1.0085823923963744e-05 
   6.0175203404807252e-04    3.0034884028182409e-03   -3.2859027448579588e-04    9.6192447194697387e-05   -4.3225812974718165e-05 
   3.2366554257638269e-04   -1.4889701501975378e-03    8.5340542577363413e-04   -4.2383275082794411e-04    1.4547507308922114e-04 
  -8.9303464119063370e-04   -8.3325603516707758e-04   -7.6508782955972182e-04    3.0355340403386618e-04   -8.2026369504468937e-05 
  -1.6639692752719540e-04   -1.0008540322610207e-03    6.4967310216911122e-05   -2.1716311721509110e-04    9.4647686608909394e-05 
   1.4735935953913229e-01    4.0807614317238033e-02    1.1442381248799269e-01   -2.2923668899034039e-02    6.7291621756334552e-03 
  -6.9196128225664053e-02    2.7233742632934932e-02   -6.3457159443418329e-02    4.0758121465622923e-02   -2.4105615100616349e-02 
  -4.3396403581910131e-02   -6.8461157564239136e-02   -2.9788309276231786e-02   -2.9920012693737584e-02    1.7279259118792335e-02 
  -4.5852687007598945e-02   -1.3869440257306354e-02   -4.7515621128565326e-02    5.7997253567885487e-03   -1.0869720007275485e-02 
   1.9566920561021617e-01    7.4733541284463911e-01    1.7015926789017996e-01    3.7980691194991961e-01   -1.1647159011996255e-01 
   4.7380033031785000e-02   -3.4365353233267260e-01    1.5662011401000436e-01   -2.5564156441227659e-01    1.6693878839089521e-01 
  -2.2464737967158349e-01   -2.5293168583050363e-01   -3.4720708040559162e-01   -7.0776101414694231e-02   -9.9245321563099786e-02 
  -6.0624762401175571e-02   -2.6947354061170564e-01   -7.4364273571347853e-02   -1.9699497813421102e-01    3.6816100362570707e-02 
   1.6519629345106404e-03    8.2453423253271863e-03   -9.0206417822901396e-04    2.6407282128574825e-04   -1.1866589028034589e-04 
   8.8854453206841212e-04   -4.0876031314296688e-03    2.3428157309322703e-03   -1.1635290870383895e-03    3.9936620907112902e-04 
  -2.4516080428621887e-03   -2.2875005104566726e-03   -2.1003613856947680e-03    8.3333157801743186e-04   -2.2518332204429488e-04 
  -4.5680203994029290e-04   -2.7475997929383633e-03    1.7835184986614901e-04   -5.9616818902760997e-04    2.5983205916775787e-04 
   2.6447019259445929e-02    7.3238630050739073e-03    2.0535979404861300e-02   -4.1141785276890925e-03    1.2077026000622167e-03 
  -1.2418833398751642e-02    4.8877201839952087e-03   -1.1388843730039041e-02    7.3149803768922730e-03   -4.3263059015772451e-03 
  -7.7884806564776400e-03   -1.2286926044521652e-02   -5.3461958005159831e-03   -5.3698330016425646e-03    3.1011596422031275e-03 
  -8.2293170938034874e-03   -2.4891893853902654e-03   -8.5277687894537296e-03    1.0408938304984361e-03   -1.9508207369811445e-03 
   8.5195011076881965e-05    4.2522868768058835e-04   -4.6521242124021920e-05    1.3618760121399008e-05   -6.1198357576206323e-06 
   4.5824007107214963e-05   -2.1080581578739106e-04    1.2082366255208643e-04   -6.0005507016944189e-05    2.0596108965136133e-05 
  -1.2643429825481459e-04   -1.1797094671767535e-04   -1.0831981019763513e-04    4.2976565355530589e-05   -1.1613151369873676e-05 
  -2.3558188891316715e-05   -1.4169918095866012e-04    9.1979592928518483e-06   -3.0745578128202698e-05    1.3400055592339077e-05 
   9.0167821667221061e-04   -3.3277649980044518e-05    1.5572606422525659e-05   -7.6695814969136352e-06    2.1391210498554753e-06 
  -4.2636289445145887e-04    1.9494766271845669e-04   -8.0085592809489583e-05    2.4667541881994499e-05   -7.5091033793626549e-06 
  -2.3798768950838704e-04   -2.0943269212019930e-04    5.4582917706714115e-05   -1.2857770384671492e-05    4.3036838686317802e-06 
  -2.4409515379884627e-04    5.1231151454666935e-06   -4.8211040166633653e-05    1.6794725211972531e-05   -4.2232972275154256e-06 
   4.7399623445751152e-05   -1.7493469943580060e-06    8.1862427953600940e-07   -4.0317628641611474e-07    1.1244979682689756e-07 
  -2.2413140602227151e-05    1.0248052613034735e-05   -4.2099574686515265e-06    1.2967288938775472e-06   -3.9474023661192536e-07 
  -1.2510590428872174e-05   -1.1009504898947981e-05    2.8693271036503336e-06   -6.7591016763679439e-07    2.2623702228891491e-07 
  -1.2831648986374599e-05    2.6931307008897593e-07   -2.5343688109271008e-06    8.8286889513685149e-07   -2.2201123924510749e-07 
   4.5756092433195782e-05   -1.6886902669846659e-06    7.9023936224678075e-07   -3.8919658189356354e-07    1.0855072094811813e-07 
  -2.1635989034542570e-05    9.8927124001088135e-06   -4.0639817169836481e-06    1.2517662128046998e-06   -3.8105304305188242e-07 
  -1.2076799148256570e-05   -1.0627762146180959e-05    2.7698362693948193e-06   -6.5247370883277095e-07    2.1839249663048706e-07 
  -1.2386725345251838e-05    2.5997492875786780e-07   -2.4464922955623959e-06    8.5225636483186701e-07   -2.1431323807316163e-07 
   3.5473029897599981e-04   -1.3091799833211695e-05    6.1264376026356679e-06   -3.0172991729376653e-06    8.4155415483097982e-07 
  -1.6773593309066346e-04    7.6694591709239651e-05   -3.1506568258716110e-05    9.7044869721899172e-06   -2.9541652859640380e-06 
  -9.3627019807008928e-05   -8.2393164343410566e-05    2.1473530533480645e-05   -5.0583907300683536e-06    1.6931173862137614e-06 
  -9.6029764592987758e-05    2.0154908188278095e-06   -1.8966762616680794e-05    6.6072328082298107e-06   -1.6614923821828090e-06 
2    102 5 
   1.4491528868484943e-04    1.7134000631403967e-01    3.4315023063948144e-05    1.5695614681360787e-02   -1.5910023374410318e-06 
  -4.9326717830538306e-03   -9.5693396922088541e-03   -1.2060687560390259e-03   -3.0324349189507476e-02   -1.9937239349431866e-04 
   3.0548147774334827e-04   -3.9331610866457402e-02   -2.3987524768808766e-05   -4.9758160524376073e-03   -2.1094417215359577e-06 
  -1.2048636296048518e-03    4.4326104957767946e-02   -2.3174075820848482e-04    2.0714891322204540e-02   -2.5407408265277185e-05 
   2.1091181798484388e-04   -2.7280629927958260e-02    8.1289426640653836e-05    1.6544088442787682e-03    1.5100428886870737e-05 
  -1.4460278716789282e-03   -2.9125402781248158e-02   -4.0950576238711568e-04   -4.0207042212059549e-02   -8.7022714943920236e-05 
   2.0648868440276643e-03   -8.0752397126289711e-03    8.7340118765220112e-05   -3.0868781313182518e-03    1.4421507498599153e-05 
   7.4560056300119843e-03    1.0442580903484920e-02    9.5916184637844187e-04   -9.6701427497884425e-04    1.1866081608311275e-04 
  -5.0690670246168138e-04   -8.1782964969645856e-03   -3.0901546420170769e-05    2.4517228598230178e-03    3.5038588229803898e-06 
  -4.2588042663908960e-03    1.3217677865562473e-02   -3.0369938313030623e-04    4.4964970182336162e-04   -4.1552523332016406e-05 
  -2.7999488603079790e-03    1.0395113329716647e-03   -6.5430304336451235e-04   -2.2711044524779964e-03   -1.1700590490229792e-04 
   5.7235131085168578e-04    7.8146682823578494e-04    1.3685980156585037e-03    5.0580979179893823e-04    2.1221802611020045e-04 
   2.6690287420283038e-03   -1.7432278748339452e-04    2.1403670299164064e-03   -1.2135419496667475e-04    2.5675397804836514e-04 
  -2.3769198321505710e-03    1.9595121299116952e-03   -1.1053320276985532e-03   -5.6106219177048911e-04   -1.0106663413605458e-04 
   3.0705834202778021e-03   -1.6860722597500984e-03    6.9572166049733212e-04    1.9294831431920895e-03    1.0043724829999133e-04 
   1.4986563659641599e-03   -4.2795860084286086e-04   -1.2389361488521333e-03    2.7493319453627896e-03   -2.5022148012899246e-04 
  -1.5045035411824732e-05   -1.1945883873021087e-03   -1.6486350466739935e-06   -5.2378131567066268e-05   -1.4598254408995946e-07 
   7.7975516036930267e-05    5.2767453006395660e-06    7.1307758620196616e-06   -1.4297046787924611e-04    5.9507705314746294e-07 
  -8.2158578717746666e-05    3.0272867472325640e-06   -9.1037636051518467e-06   -4.5155105580449687e-05   -9.1807093165466102e-07 
  -6.7871067664174248e-07    2.0408722675989989e-09    6.3092845361189265e-06   -5.2279126989798572e-08    7.5213951299045356e-07 
   1.7896965778040856e-05    1.6609430304686469e-03    2.1194743444941288e-06    5.4493878044511551e-05    1.6768317901746489e-07 
   3.6454992603993662e-05    5.2332198410710970e-06    2.1774994806778150e-06   -1.7156342057458789e-04    1.6212954016628417e-07 
   4.5779481718251839e-05   -8.1979365834286914e-07    4.7922775185459337e-06    9.7638624993081712e-06    5.3019072378378091e-07 
   1.2127135886429360e-05    1.1254690923544928e-03    1.4361738018753012e-06    3.6925514202812731e-05    1.1362354507646950e-07 
   2.4702212348746170e-05    3.5460741738745573e-06    1.4754921265597864e-06   -1.1625282968364786e-04    1.0986035226224070e-07 
   3.1020565301003915e-05   -5.5549913973436228e-07    3.2472879142560968e-06    6.6160760865288881e-06    3.5926173368109833e-07 
   5.4334962311427807e-08   -1.1216205841364203e-03   -2.3088150736830009e-07   -3.7174892293458082e-05   -1.5335541405546172e-08 
   9.7340210778081207e-06    5.5652742251870320e-04    2.5200885737326155e-06    2.0247700223337303e-04    3.5414658623425801e-07 
  -1.1357318076092268e-05   -3.8761113602557969e-04   -1.3014743845062396e-06   -9.9639256074491025e-05   -2.0065426523994088e-07 
   3.2643562612226812e-05    2.6107737193372017e-04    1.0032969247933248e-06   -1.6433689436428118e-04   -1.9386750178781027e-08 
   4.5440763367059501e-08   -9.3802026141548661e-04   -1.9308805041622999e-07   -3.1089659623223223e-05   -1.2825235878899327e-08 
   8.1406396469261683e-06    4.6542833266368364e-04    2.1075702212998380e-06    1.6933313568937871e-04    2.9617562132620106e-07 
  -9.4982159041930982e-06   -3.2416229185220242e-04   -1.0884334325230411e-06   -8.3329106430585009e-05   -1.6780876616972752e-07 
   2.7300072384664366e-05    2.1834109335599556e-04    8.3906523915713271e-07   -1.3743625856374542e-04   -1.6213294163728622e-08 
   5.9322328880870483e-08   -1.2245733196671528e-03   -2.5207395257054900e-07   -4.0587148549096095e-05   -1.6743179568465053e-08 
   1.0627499774479639e-05    6.0761066881119411e-04    2.7514056662637547e-06    2.2106221862188807e-04    3.8665344314056166e-07 
  -1.2399798020526062e-05   -4.2318967955483669e-04   -1.4209357692232989e-06   -1.0878507073249694e-04   -2.1907217392897090e-07 
   3.5639891420675945e-05    2.8504147352556634e-04    1.0953888179147167e-06   -1.7942125806330719e-04   -2.1166245840848572e-08 
   2.2861422284998437e-08   -4.7192159020042785e-04   -9.7143338528341109e-08   -1.5641326964559856e-05   -6.4524253469028807e-09 
   4.0955870202939943e-06    2.3415877877044008e-04    1.0603266594625673e-06    8.5192149845002353e-05    1.4900709072525046e-07 
  -4.7785888407247972e-06   -1.6308729197710365e-04   -5.4759503331886475e-07   -4.1923192956792483e-05   -8.4425233694725082e-08 
   1.3734771094300466e-05    1.0984824125991989e-04    4.2213693907571586e-07   -6.9144708659839077e-05   -8.1569704609451029e-09 
   6.1076538568087531e-08   -1.2607849522950885e-03   -2.5952798510494838e-07   -4.1787343661198326e-05   -1.7238289055026147e-08 
   1.0941763617571964e-05    6.2557821225382422e-04    2.8327669776666888e-06    2.2759920886991015e-04    3.9808710106243936e-07 
  -1.2766470169403142e-05   -4.3570374381040846e-04   -1.4629539997666469e-06   -1.1200193407052876e-04   -2.2555031693103743e-07 
   3.6693792101262242e-05    2.9347038256454389e-04    1.1277803593782022e-06   -1.8472689111792616e-04   -2.1792149007438639e-08 
   5.3472323253285540e-08   -1.1038133807606866e-03   -2.2721595948557397e-07   -3.6584691937916029e-05   -1.5092069496642323e-08 
   9.5794806784540333e-06    5.4769181702329082e-04    2.4800788499525627e-06    1.9926241326391809e-04    3.4852404294725976e-07 
  -1.1177005699835741e-05   -3.8145729895489060e-04   -1.2808117652738596e-06   -9.8057351710198915e-05   -1.9746861461987217e-07 
   3.2125303080825670e-05    2.5693242494845660e-04    9.8736826528160715e-07   -1.6172782981832836e-04   -1.9078959997225205e-08 
   2.4695602557771211e-07   -5.0978403201399677e-03   -1.0493718411409411e-06   -1.6896236348619051e-04   -6.9701057928213437e-08 
   4.4241774651228287e-05    2.5294542324789822e-03    1.1453970552251916e-05    9.2027147190873557e-04    1.6096198412183754e-06 
  -5.1619767714530160e-05   -1.7617184507075019e-03   -5.9152878315563172e-06   -4.5286706063474963e-04   -9.1198701077316957e-07 
   1.4836716803459015e-04    1.1866140583935815e-03    4.5600514011802088e-06   -7.4692213929173029e-04   -8.8114071848961453e-08 
   8.9150340984668155e-08   -1.8403041665523323e-03   -3.7881990220151572e-07   -6.0994876651144058e-05   -2.5161860565078435e-08 
   1.5971140152167287e-05    9.1312494523302279e-04    4.1348469954229906e-06    3.3221507888783666e-04    5.8106765107114018e-07 
  -1.8634572218006463e-05   -6.3597476608292819e-04   -2.1354001222365701e-06   -1.6348357073639276e-04   -3.2922441472654638e-07 
   5.3560076496497554e-05    4.2836390679481384e-04    1.6461640746437367e-06   -2.6963652031199999e-04   -3.1808900116958374e-08 
   1.0434783417414188e-07   -2.1540215312738993e-03   -4.4339747779076367e-07   -7.1392696920367360e-05   -2.9451212690361172e-08 
   1.8693746605601214e-05    1.0687857086473097e-03    4.8397159657308410e-06    3.8884791217903700e-04    6.8012247881763007e-07 
  -2.1811214968263732e-05   -7.4438963101187614e-04   -2.4994226089264724e-06   -1.9135267841916047e-04   -3.8534742833875043e-07 
   6.2690483501033858e-05    5.0138726805430830e-04    1.9267863026333858e-06   -3.1560156246231261e-04   -3.7231375651575358e-08 
   1.2932877823731836e-08   -2.6696957837344781e-04   -5.4954714230569270e-08   -8.8484158208492133e-06   -3.6501853488356212e-09 
   2.3169042542327441e-06    1.3246537505147004e-04    5.9983473333912188e-07    4.8193837275358553e-05    8.4294427319333381e-08 
  -2.7032834998851155e-06   -9.2259702631327631e-05   -3.0977861195637008e-07   -2.3716264269643154e-05   -4.7759987064775149e-08 
   7.7698628845184150e-06    6.2141972868354263e-05    2.3880602833415254e-07   -3.9115679598028671e-05   -4.6144592872691328e-09 
   3.6594236532329468e-08   -7.5540401997822122e-04   -1.5549716300804998e-07   -2.5037043255012224e-05   -1.0328385365013093e-08 
   6.5557985977855848e-06    3.7481752577002788e-04    1.6972629302845057e-06    1.3636691730117720e-04    2.3851537559726522e-07 
  -7.6490783534050468e-06   -2.6105352780012378e-04   -8.7653436095919357e-07   -6.7106377727778273e-05   -1.3513931603237398e-07 
   2.1985222786075108e-05    1.7583387740331818e-04    6.7571382064479260e-07   -1.1067980776145896e-04   -1.3056847588652553e-08 
   8.0217674975743815e-09   -1.6559097795754957e-04   -3.4086299001784312e-08   -5.4883325586253477e-06   -2.2640698064649818e-09 
   1.4370867408560324e-06    8.2163185535704943e-05    3.7205445171579901e-07    2.9892786640994109e-05    5.2284596399423573e-08 
  -1.6767429501510757e-06   -5.7225150812590513e-05   -1.9214377764207989e-07   -1.4710288032954734e-05   -2.9623686015015294e-08 
   4.8193475881499003e-06    3.8544279547417260e-05    1.4812220933538238e-07   -2.4261954030774113e-05   -2.8621719028050497e-09 
   3.5504050825780607e-08   -7.3289963832450780e-04   -1.5086471810458795e-07   -2.4291160042863617e-05   -1.0020690515669315e-08 
   6.3604935824724548e-06    3.6365126714901547e-04    1.6466994546613237e-06    1.3230438510552573e-04    2.3140971968233585e-07 
  -7.4212032375575721e-06   -2.5327643360113913e-04   -8.5042136278877321e-07   -6.5107199148045912e-05   -1.3111335553443804e-07 
   2.1330256925112367e-05    1.7059557765896334e-04    6.5558350454067966e-07   -1.0738252502354697e-04   -1.2667868613748666e-08 
   6.5676756561786567e-09   -1.3557458940856450e-04   -2.7907534870705077e-08   -4.4934720620107555e-06   -1.8536658107213241e-09 
   1.1765885269787792e-06    6.7269607806522692e-05    3.0461278839677477e-07    2.4474173201450249e-05    4.2807058552800740e-08 
  -1.3728026720677577e-06   -4.6852047260986829e-05   -1.5731420927964781e-07   -1.2043779707979151e-05   -2.4253851977874781e-08 
   3.9457528335153457e-06    3.1557425036946471e-05    1.2127235408973773e-07   -1.9864031824335886e-05   -2.3433509803837299e-09 
   1.8310144496508233e-09   -3.7797090661598648e-05   -7.7803932894163006e-09   -1.2527433913250121e-06   -5.1678692157421069e-10 
   3.2802329271007452e-07    1.8754218442594834e-05    8.4923562962219316e-08    6.8232000362189232e-06    1.1934259068273161e-08 
  -3.8272619731313792e-07   -1.3061968955468247e-05   -4.3857919514561556e-08   -3.3577076317669666e-06   -6.7617762745945333e-09 
   1.1000437340599311e-06    8.7979529229739180e-06    3.3809744010817909e-08   -5.5379301906399482e-06   -6.5330715618538077e-10 
  -3.2381447776128034e-06   -1.6526537349791748e-01   -3.0792708061573674e-05   -1.2042168621081226e-01   -3.3875356568022047e-05 
   1.0405434760533045e-03    1.0026380305728214e-01    1.2303568175180235e-03    1.0545426563689410e-01    4.3192393818478769e-04 
  -1.0982894634510567e-03   -6.5725315573661708e-02   -1.0900889999889030e-03   -6.3169898554078938e-02   -2.3676750135900412e-04 
   2.9660499635353354e-03    2.1301619169705563e-02    2.5335378487187830e-03   -1.4930862314990348e-02    1.6583811980236838e-04 
  -8.9964938212402673e-02   -1.2136864107707521e-05   -1.6466237611110723e-01   -3.7316484179895145e-05   -8.9319343743885463e-02 
   5.3024298306001298e-02    1.1310643200277131e-03    1.2010526792319719e-01    1.0569965526445546e-03    9.6420952938278306e-02 
  -3.5044825114832583e-02   -1.0810070762987904e-03   -7.5015610553505821e-02   -8.3800221403137185e-04   -5.5439427727876987e-02 
   1.3058368924646875e-02    2.6999011821963880e-03    2.2290282879785291e-03    1.6911273322353032e-03   -2.8185665794833507e-02 
  -3.9081106790287681e-04   -4.7085665952286708e-08   -4.9041894502592205e-04   -1.2003127584206620e-07   -2.4003609591014559e-05 
   1.9438625425876113e-04    4.4235203803743876e-06    3.3183639605910946e-04    1.4135347151131548e-06    1.0980527640386606e-04 
  -1.3527995858882348e-04   -4.4770352336097111e-06   -2.1121751779231131e-04   -7.5214316857061260e-07   -5.4464163803701674e-05 
   9.0522842210483373e-05    1.1735571106432572e-05    3.0964092220505020e-05    5.4176155062563485e-07   -8.6434360035323650e-05 
  -1.2739223858922838e-06   -6.5017247025951505e-02   -1.2114195879408289e-05   -4.7375238708117273e-02   -1.3326944292435414e-05 
   4.0936144572748298e-04    3.9444901936574205e-02    4.8403613800952007e-04    4.1486887989519772e-02    1.6992370991577384e-04 
  -4.3207936326781067e-04   -2.5857074522420927e-02   -4.2885320918990963e-04   -2.4851744875320787e-02   -9.3146984136817143e-05 
   1.1668772416680582e-03    8.3802953171369723e-03    9.9672213648446177e-04   -5.8739682904987364e-03    6.5242571830364659e-05 
 TENSORSUMACCUMULATOR_IMPL_H - PrettifyOut: Norm of simple tensor is 9.31739e-05 
 As simple full tensor 3    5 5 5 
  -1.1544083699898155e-08   -9.2450468494078788e-05    2.9751051564664220e-10   -6.6230028826742916e-06    5.4973994722423774e-09 
   9.4255364236260137e-08    7.2128649324718256e-06    2.3472858332031600e-08    2.4102146005177894e-06    3.9444260206301010e-09 
  -2.0886340260882861e-08   -1.8067790884861126e-06   -8.1889431397541975e-09   -1.1737728000064949e-06   -1.7298257895199638e-09 
   6.9512190058581080e-09    3.5312508709698507e-07    2.4441187357458484e-09    3.7343915876348316e-07    5.6296918829636195e-10 
  -2.1618757695047020e-09   -9.8449797094404723e-08   -1.2579843145321737e-09   -1.1731913864363076e-07   -2.7512524754898391e-10 

  -3.1145619284814157e-07   -3.7082801768829745e-06   -5.0788634405729445e-08   -6.2374176284537534e-07   -4.7139322507634190e-09 
   1.0578965234275677e-08    1.6667120552998120e-06    1.5522661195723374e-08    9.9555873179211552e-07    2.1299078179216632e-09 
  -5.8644001508522486e-08   -1.5105539698885638e-06   -1.0798315327340152e-08   -3.8054674386676510e-07   -1.3889008638956387e-09 
   2.5544314398840072e-08    4.5064991027840371e-07    4.1801188812314075e-09    1.2213378112925739e-07    5.6367481597988490e-10 
  -7.6652931458517582e-09   -9.6944683240215540e-08   -1.1416519467534655e-09   -4.0180355546003007e-08   -1.7445306788885204e-10 

  -5.6963731979140537e-08   -2.1993349155085840e-06   -1.2137606103819701e-08   -9.4254915725864531e-07   -1.2096944880409639e-09 
  -4.8934188479690010e-09   -1.0435153926540579e-06    7.8572753680167942e-10    5.1247015124208690e-08   -3.6122541258126480e-10 
   1.2794460350250213e-08    1.0629899887616295e-07   -1.1165867509759932e-10   -1.8742831993696275e-07   -2.9540086449697645e-11 
  -4.0832922255889685e-09    4.1068857845276008e-08   -6.0639324335697623e-11    7.3572263885683120e-08    4.4046220673889920e-11 
   2.1548144454363876e-09   -1.8817255447298145e-08    5.8968839847568676e-11   -2.0844867664876655e-08   -3.5679351265153560e-11 

  -4.7173789339918724e-09   -2.0726864658764222e-07    5.7950735940439739e-09    8.1592293916001372e-08    1.6568219143539056e-09 
  -3.5613724089209382e-09   -1.5414945674592194e-07   -8.1406431147911613e-10   -9.3900985604973245e-08   -4.0391708238134137e-10 
   1.8538730888441612e-10    7.8447738799241606e-08    7.3071958997706866e-10    5.3755876702763631e-08    2.3574093933353976e-10 
   1.3171624182187009e-09   -4.2050182384433071e-08   -3.0772840766586798e-10   -1.8054154391745151e-08   -7.2898103666159268e-11 
  -3.3471215277965834e-10    1.3840818221808496e-08   -2.2018470007875143e-10    7.6692287750581248e-09   -2.3349002245830098e-11 

   1.5180046932775592e-09   -6.9751148515571916e-08    9.3326784337591218e-10   -1.4314713016872053e-08    3.1389385888897605e-10 
   1.7374128902918125e-10   -3.8013951751905959e-08   -2.0367668569564104e-11   -5.9953761632996655e-09   -8.2637546174248107e-11 
   2.4733875589284621e-09   -2.3714274792865152e-08    7.1125558250983502e-11   -5.5569656209516912e-09    1.4722865052551684e-11 
  -1.3456184246453398e-09    7.9101554948243567e-09    4.3502243385561941e-10    4.7084807201915119e-09    6.9535341860418635e-11 
   7.6669658457062811e-11   -2.0365195220848130e-09    6.0526644425825970e-10   -2.2045999773418732e-09    1.1082584024251799e-10 
