2    4 5 
   7.6871216336169728e-04   -6.2779592671083207e-05   -1.7016412196980990e-05   -1.7850368626531162e-05    6.3925650101177305e-07 
  -1.8612732501814742e-04   -2.0692173999968492e-04   -5.2273645552207216e-05   -2.5476897269958037e-06    1.5317981307794337e-06 
  -9.3754245597774564e-05    9.1005841481802126e-05    4.3709985878838715e-05    7.1272808925587471e-06   -5.6941155944439436e-07 
   2.3525786190422468e-06   -1.0920941402497028e-04    1.9247008100269540e-05   -2.3412581080624318e-06    3.2255678158912344e-06 
2    4 5 
   7.7864822793210510e-04    1.5519361313845266e-04    3.2457558220394101e-05   -1.2867875377388978e-05    5.1967684223528070e-06 
   7.7864822793210510e-04    1.5519361313845266e-04    3.2457558220394101e-05   -1.2867875377388978e-05    5.1967684223528070e-06 
   7.7864822793210510e-04    1.5519361313845266e-04    3.2457558220394101e-05   -1.2867875377388978e-05    5.1967684223528070e-06 
   7.7864822793210510e-04    1.5519361313845266e-04    3.2457558220394101e-05   -1.2867875377388978e-05    5.1967684223528070e-06 
2    4 5 
   3.7361498996418119e-08   -7.7124239248365430e-04   -1.5875743423526767e-07   -2.5561988856332906e-05   -1.0544938110913834e-08 
   4.6541501904154927e-06    2.6609375393607754e-04    1.2049358247272907e-06    9.6810801103320484e-05    1.6932893288210521e-07 
  -3.9135248025844035e-06   -1.3356373260226185e-04   -4.4846435131681344e-07   -3.4333871548374111e-05   -6.9141802536452840e-08 
   1.1679168538708652e-05    9.3407899887586453e-05    3.5895818168573384e-07   -5.8796226049466483e-05   -6.9361645799964405e-09 
 TENSORSUMACCUMULATOR_IMPL_H - PrettifyOut: Norm of simple tensor is 5.01982e-10 
 As simple full tensor 3    5 5 5 
  -3.4506462647759241e-13   -4.9027493028883290e-10   -2.3625770874925042e-13   -2.6932136967530757e-11   -2.5817439842562237e-14 
  -6.8775377928423972e-14   -9.7717473864669893e-11   -4.7088898603138525e-14   -5.3678869296742828e-12   -5.1457148779400369e-15 
  -1.4383844722075947e-14   -2.0436862915762025e-11   -9.8482832961823141e-15   -1.1226525307131122e-12   -1.0761869439001070e-15 
   5.7025091066489999e-15    8.1022424212912657e-12    3.9043751004309782e-15    4.4507823907251619e-13    4.2665684777785894e-16 
  -2.3029924043005458e-15   -3.2721390540663925e-12   -1.5768052328664491e-15   -1.7974750846225324e-13   -1.7230791942612562e-16 

  -2.0221643711530867e-12   -2.2579553711644621e-11   -2.4868091696616384e-13   -1.1781702700697385e-11   -3.1076352192705528e-14 
  -4.0304078768989244e-13   -4.5003666583434904e-12   -4.9564987934356048e-14   -2.3482298494407232e-12   -6.1938770383608702e-15 
  -8.4292900764979317e-14   -9.4121729543077421e-13   -1.0366138457884043e-14   -4.9111432817208436e-13   -1.2954020498460096e-15 
   3.3418118974853679e-14    3.7314781285784753e-13    4.1096799985711119e-15    1.9470343172634880e-13    5.1356519266932935e-16 
  -1.3496107191720983e-14   -1.5069797568424633e-13   -1.6597188437243670e-15   -7.8632145248870546e-14   -2.0740637423122518e-16 

  -1.4809594846034514e-13   -3.7578796725082436e-12   -5.6824506281319285e-14   -5.6514791725905146e-12   -9.2096108199503191e-15 
  -2.9517238347495604e-14   -7.4898895700941928e-13   -1.1325782462803736e-14   -1.1264052763599333e-12   -1.8355821377040422e-15 
  -6.1733048338424676e-15   -1.5664531669146403e-13   -2.3687008520770616e-15   -2.3557905572180403e-13   -3.8389797684323978e-16 
   2.4474212363456500e-15    6.2102404621764342e-14    9.3907702988239820e-16    9.3395871308841193e-14    1.5219725680247389e-16 
  -9.8840570212434642e-16   -2.5080427485150805e-14   -3.7925187429348149e-16   -3.7718481144817878e-14   -6.1465772314644977e-17 

  -5.2761971471125333e-14    9.2802398255904062e-12   -3.3269061878316566e-15    7.9886999328104572e-14   -5.6040889485280947e-16 
  -1.0516072207160906e-14    1.8496593168260839e-12   -6.6309094831368569e-16    1.5922404525909675e-14   -1.1169598556476557e-16 
  -2.1993561397999459e-15    3.8684211128081479e-13   -1.3868040459311372e-16    3.3300492298437944e-15   -2.3360361816039256e-17 
   8.7193991998013465e-16   -1.5336446583217812e-13    5.4980172922213174e-17   -1.3202058577307171e-15    9.2612704436476642e-18 
  -3.5213815097275501e-16    6.1937156661318915e-14   -2.2204071621622249e-17    5.3317303060890555e-16   -3.7402194519996467e-18 

   3.6638092124853809e-14    2.2730801339478825e-13    2.4585323089364417e-15   -2.9703229814745825e-14    2.0994995453656756e-16 
   7.3023962443941339e-15    4.5305120629051210e-14    4.9001397338919832e-16   -5.9201978396259417e-15    4.1845458390518405e-17 
   1.5272403706417950e-15    9.4752197642794602e-15    1.0248267791727710e-16   -1.2381641368481004e-15    8.7516578453369693e-18 
  -6.0547804080923707e-16   -3.7564731848346858e-15   -4.0629498954484294e-17    4.9087308729536067e-16   -3.4696153584524719e-18 
   2.4452592760064100e-16    1.5170741597844949e-15    1.6408466121275354e-17   -1.9824203177486611e-16    1.4012249111612667e-18 
