2    104 5 
  -1.2912395506398139e-05    3.0845255143241278e-03   -3.4397698780815725e-06    2.7941558130721220e-04    1.0080816694832128e-07 
   1.0441035466994548e-04    1.9145966608806551e-04   -3.2159336927826532e-06   -1.7085138291693191e-04    1.5488850577376312e-06 
   1.3124845608449969e-04   -1.6928105560955243e-03    3.2515709832974364e-05   -3.9296988270421476e-05    1.6255407268529750e-06 
   4.0846729711813850e-04   -2.1672498984737108e-03    1.8143414172334411e-05    4.1354198338181550e-04    9.5325777941585363e-06 
  -2.1026301626545237e-04    5.2564021158615297e-04   -2.4804408136029315e-05   -6.7270326499293577e-04   -1.4125823336786926e-05 
  -4.9994434261162799e-05   -5.3451463847966143e-04   -4.0124738914791313e-06    4.8005922401517297e-04    1.5365078458095289e-06 
  -2.1800395069008856e-04    4.4105971314972605e-06    2.2335763129959682e-06    1.7471203073548240e-04   -6.3517556125769186e-06 
  -5.6362505677930055e-04   -1.3969346991578167e-04    2.1688729894622240e-06   -3.1916228758646902e-04   -6.1403322536933036e-06 
  -6.8806692890290409e-05   -2.7948068292595328e-05    4.4531815881123603e-06    3.1380045873512069e-05    1.1136479268139972e-06 
  -7.9406065004147456e-05    1.4723800223475329e-04    1.2839457090895574e-06   -1.7655868365576802e-05   -4.1577297067082669e-06 
   1.2210381041684144e-04   -1.2754342010986029e-04    3.5579482537290437e-06    2.3287362243122586e-05    4.5649105644767541e-06 
  -4.0720025898571892e-05   -1.3268260439736133e-05    1.5847296529788627e-04   -6.2032767161437883e-05   -4.6776587624932733e-06 
  -1.3574154749097694e-05   -2.7482478106915153e-04   -4.7533501084295612e-05    8.7583324032221998e-05   -5.5697409379088475e-05 
  -1.2721406347299030e-04   -3.3277646151283548e-05   -6.1171365371432952e-06   -1.6047697623651920e-06   -8.6113706356319566e-06 
   8.1171478553010695e-05    9.0687641789351041e-05   -3.0200038314062515e-04    2.6137328447371238e-06   -4.4532125117737676e-05 
  -1.1673519067628745e-04   -5.4105392623244718e-05   -6.6440638112505064e-05   -2.7809391173018162e-04   -9.1319330087229859e-06 
  -2.5913993002140900e-03   -2.1763522255230266e-08   -2.2501183187168590e-05   -6.5867446722698298e-09   -4.8354845435245472e-06 
  -2.5913993002140900e-03   -2.1763522255230266e-08   -2.2501183187168590e-05   -6.5867446722698298e-09   -4.8354845435245472e-06 
  -2.5913993002140900e-03   -2.1763522255230266e-08   -2.2501183187168590e-05   -6.5867446722698298e-09   -4.8354845435245472e-06 
  -2.5913993002140900e-03   -2.1763522255230266e-08   -2.2501183187168590e-05   -6.5867446722698298e-09   -4.8354845435245472e-06 
  -2.5913993002140900e-03   -2.1763522255230266e-08   -2.2501183187168590e-05   -6.5867446722698298e-09   -4.8354845435245472e-06 
   1.1954296269765046e-03    1.0039656678581098e-08    1.0379944542604723e-05    3.0385088573229482e-09    2.2306409836718890e-06 
   1.1954296269765046e-03    1.0039656678581098e-08    1.0379944542604723e-05    3.0385088573229482e-09    2.2306409836718890e-06 
   1.1954296269765046e-03    1.0039656678581098e-08    1.0379944542604723e-05    3.0385088573229482e-09    2.2306409836718890e-06 
   1.1954296269765046e-03    1.0039656678581098e-08    1.0379944542604723e-05    3.0385088573229482e-09    2.2306409836718890e-06 
   1.1954296269765046e-03    1.0039656678581098e-08    1.0379944542604723e-05    3.0385088573229482e-09    2.2306409836718890e-06 
  -2.0379251728779866e-07   -4.8240932672181294e-03   -7.8041720592222932e-08   -9.0073211987004519e-05   -2.5262529329961693e-08 
  -2.0379251728779866e-07   -4.8240932672181294e-03   -7.8041720592222932e-08   -9.0073211987004519e-05   -2.5262529329961693e-08 
  -2.0379251728779866e-07   -4.8240932672181294e-03   -7.8041720592222932e-08   -9.0073211987004519e-05   -2.5262529329961693e-08 
  -2.0379251728779866e-07   -4.8240932672181294e-03   -7.8041720592222932e-08   -9.0073211987004519e-05   -2.5262529329961693e-08 
  -2.0379251728779866e-07   -4.8240932672181294e-03   -7.8041720592222932e-08   -9.0073211987004519e-05   -2.5262529329961693e-08 
  -1.8906110574227382e-03   -1.5878045433139098e-08   -1.6416221820867586e-05   -4.8055011471157064e-09   -3.5278316796755233e-06 
  -1.8906110574227382e-03   -1.5878045433139098e-08   -1.6416221820867586e-05   -4.8055011471157064e-09   -3.5278316796755233e-06 
  -1.8906110574227382e-03   -1.5878045433139098e-08   -1.6416221820867586e-05   -4.8055011471157064e-09   -3.5278316796755233e-06 
  -1.8906110574227382e-03   -1.5878045433139098e-08   -1.6416221820867586e-05   -4.8055011471157064e-09   -3.5278316796755233e-06 
  -1.8906110574227382e-03   -1.5878045433139098e-08   -1.6416221820867586e-05   -4.8055011471157064e-09   -3.5278316796755233e-06 
   1.8593273392581036e-07    4.4013237670560128e-03    7.1202371230805666e-08    8.2179457720578061e-05    2.3048594750745401e-08 
   1.8593273392581036e-07    4.4013237670560128e-03    7.1202371230805666e-08    8.2179457720578061e-05    2.3048594750745401e-08 
   1.8593273392581036e-07    4.4013237670560128e-03    7.1202371230805666e-08    8.2179457720578061e-05    2.3048594750745401e-08 
   1.8593273392581036e-07    4.4013237670560128e-03    7.1202371230805666e-08    8.2179457720578061e-05    2.3048594750745401e-08 
   1.8593273392581036e-07    4.4013237670560128e-03    7.1202371230805666e-08    8.2179457720578061e-05    2.3048594750745401e-08 
   5.7478750281503921e-03    6.2756295386950692e-05    7.2528964622125183e-03    5.6923164013605076e-06    3.3609952598178555e-04 
  -1.3745381168533399e-05   -1.1393018139230631e-05    6.4943574246731437e-04    8.0709313824471366e-06    7.4243691085565042e-04 
  -7.8457894801351478e-07    7.2802190507899791e-05    2.5036202835177959e-06    4.3898468878126411e-06    3.8492134335117428e-06 
  -4.7383847855799004e-10   -6.3173065867594570e-06    8.8598390367722713e-08   -9.1895393008548685e-06    9.9368914344012717e-08 
  -2.1358542054138018e-03   -2.3319626255260034e-05   -2.6951054666949463e-03   -2.1152091624901082e-06   -1.2489130026140842e-04 
   5.1076493538995547e-06    4.2335342341049199e-06   -2.4132397710484020e-04   -2.9990792510937844e-06   -2.7588230268390976e-04 
   2.9154187197647545e-07   -2.7052582736766842e-05   -9.3032083772209432e-07   -1.6312242159994290e-06   -1.4303301062109043e-06 
   1.7607374936970887e-10    2.3474494094142399e-06   -3.2922296280454717e-08    3.4147430251040468e-06   -3.6924517765195618e-08 
   5.6772746758833250e-04    8.9152800280162245e-02    5.1743125587504213e-04    6.5213337231790666e-02    6.2915546379933908e-05 
  -1.2402680118800912e-04    4.7809041787272464e-03   -1.6313395318504868e-05    1.2576868438690740e-02    9.0040850643170498e-05 
   6.6430978836758538e-04    1.4002237218647470e-05    5.8134070700060906e-04    5.7822878989308202e-05    5.2944133589803343e-05 
  -3.8393616272288690e-05    6.6027612725231604e-07   -1.2554865641138869e-04    1.6977685963873836e-06   -1.0731659330540763e-04 
  -4.7022740292742412e-03    1.1791331826023504e-04   -5.8717332185342797e-03    7.0721829035143152e-06   -2.0609026442641593e-04 
   1.0204244812613484e-05    5.8262239358569124e-05   -6.4313093998923034e-04    2.2865971437677264e-05   -7.3063503966235531e-04 
  -4.5418657559047388e-06   -2.0377967387302733e-04   -2.9751083580980550e-05   -2.4310594619874618e-06   -2.7042349547130586e-05 
   5.3249830797737516e-09    2.9635890539504962e-05    1.0638044683255781e-06    3.4073880724188278e-05    1.1788328382565501e-06 
  -1.3441700558998921e-03    9.0708045533362897e-02   -1.1779381682963915e-03    6.5297940544946628e-02   -9.8007221488329710e-05 
  -6.0472172251246990e-04    5.9516511414612365e-03   -7.8856334983445041e-04    1.5534323151962704e-02   -3.0365413999641630e-04 
   2.3575576492135186e-03    3.1336517662262632e-04    1.9315910735860757e-03    6.3863499689669736e-04    5.4962845168952896e-05 
  -2.2818792281947310e-04   -1.0015413854082014e-05   -6.4006911508627813e-04   -2.5342982730735610e-05   -4.0796308659598007e-04 
  -2.0208010075470596e-05   -1.9855674091532830e-03   -1.2285092040340212e-06   -6.6432980452574275e-05   -1.0975824054924604e-07 
   6.0344807002384748e-06    5.4878960949532543e-06   -1.7165353554720091e-06   -1.6582718025967596e-04   -2.7217609761388525e-07 
  -2.4154616055207779e-05    2.7516896392246588e-07   -8.5179500592736632e-07   -8.6081590336982979e-07   -1.5304614486757601e-07 
  -6.6849640440026837e-08    2.5780803894308571e-10    1.8485505418405403e-06   -2.2195285254602748e-08    3.8758424044386587e-07 
   2.0910444100219995e-06    2.0545860854808329e-04    1.2712124024889138e-07    6.8742202669958437e-06    1.1357345651412742e-08 
  -6.2442403227698553e-07   -5.6786563393804754e-07    1.7762024297591719e-07    1.7159136254222738e-05    2.8163698718062076e-08 
   2.4994234805820508e-06   -2.8473388605444762e-08    8.8140355184754440e-08    8.9073801728971206e-08    1.5836605608645475e-08 
   6.9173345832688774e-09   -2.6676949223468712e-11   -1.9128064874882458e-07    2.2966797318067930e-09   -4.0105673758374485e-08 
  -8.2397537549058713e-06   -8.0960898446149872e-04   -5.0092083728536130e-07   -2.7087842795473256e-05   -4.4753583916473331e-08 
   2.4605408856685292e-06    2.2376726993922634e-06   -6.9991199469202534e-07   -6.7615521078381001e-05   -1.1097896398180669e-07 
  -9.8489701655878173e-06    1.1219929598441156e-07   -3.4731678538796645e-07   -3.5099502848545901e-07   -6.2404093334118658e-08 
  -2.7257734619720644e-08    1.0512043239253681e-10    7.5374077959079637e-07   -9.0500590773067968e-09    1.5803627812004209e-07 
  -5.1105801188037374e-05    2.1313781606893383e-03   -2.0062444808595127e-06    5.1128364632975062e-05   -1.4323310689228567e-07 
  -1.8228595368145381e-05   -5.5796732796669854e-06   -6.7534589605052789e-06    2.1411159762870310e-04   -5.7162599368496687e-07 
   9.2263078799861405e-05    2.0226163197583451e-06    2.1112981656724058e-07    7.9150539291935063e-06    2.9235278124116529e-07 
   5.5009841242043192e-08   -8.4216462706084454e-10   -1.1098642180241688e-05   -3.4537952624960220e-07    1.1212216236737065e-08 
   2.0012147957610676e-05   -8.3461082917763319e-04    7.8561064412973835e-07   -2.0020983412451998e-05    5.6087607686847916e-08 
   7.1380027137140607e-06    2.1849035653893575e-06    2.6445377393852277e-06   -8.3842398936678547e-05    2.2383885383089315e-07 
  -3.6128626125515324e-05   -7.9202157311950418e-07   -8.2674785037825188e-08   -3.0993982413206966e-06   -1.1448029339155868e-07 
  -2.1540902529048463e-08    3.2977710415686892e-10    4.3460363457048284e-06    1.3524464972979233e-07   -4.3905099821589132e-09 
  -5.3576165309044506e-06    2.2344052146453495e-04   -2.1032227938547122e-07    5.3599819431038909e-06   -1.5015674217402559e-08 
  -1.9109733456718464e-06   -5.8493848262351656e-07   -7.0799092327031748e-07    2.2446137390414626e-05   -5.9925738410654853e-08 
   9.6722912992113199e-06    2.1203860185154421e-07    2.2133545881524071e-08    8.2976536495378389e-07    3.0648459807341713e-08 
   5.7668919760480572e-09   -8.8287337695437799e-11   -1.1635130930962677e-06   -3.6207456223266345e-08    1.1754194956653746e-09 
   1.1145295593891314e-05    1.1863971559222570e-02    2.6616841372814418e-06    6.1751728995386196e-04    3.2839744417326095e-07 
  -4.3649082975690061e-08   -1.0332432716649055e-03   -1.6715282695511937e-08   -1.9292234848620088e-05   -5.4108279026853221e-09 
  -4.3649082975690061e-08   -1.0332432716649055e-03   -1.6715282695511937e-08   -1.9292234848620088e-05   -5.4108279026853221e-09 
  -4.3649082975690061e-08   -1.0332432716649055e-03   -1.6715282695511937e-08   -1.9292234848620088e-05   -5.4108279026853221e-09 
  -4.3649082975690061e-08   -1.0332432716649055e-03   -1.6715282695511937e-08   -1.9292234848620088e-05   -5.4108279026853221e-09 
  -4.3649082975690061e-08   -1.0332432716649055e-03   -1.6715282695511937e-08   -1.9292234848620088e-05   -5.4108279026853221e-09 
   1.6915360376492567e-05    1.6620433259985051e-03    1.0283385565656480e-06    5.5608533499487135e-05    9.1874468898542473e-08 
  -5.0512353937029560e-06   -4.5937101084268339e-06    1.4368467765188223e-06    1.3880765616377451e-04    2.2782830965602006e-07 
   2.0218914866120878e-05   -2.3033352476523831e-07    7.1300535967406411e-07    7.2055641148910032e-07    1.2810913518943549e-07 
   5.5957303804722682e-08   -2.1580135156269561e-10   -1.5473516923543578e-06    1.8578833212102602e-08   -3.2443209790929700e-07 
   3.5290897288738437e-05   -1.4718142755573206e-03    1.3854037362530283e-06   -3.5306478381281064e-05    9.8909022971461772e-08 
   1.2587680300485604e-05    3.8530200493860594e-06    4.6635728425815305e-06   -1.4785386833952960e-04    3.9473393943056446e-07 
  -6.3711883226103312e-05   -1.3967092411384836e-06   -1.4579481189718168e-07   -5.4657073904826647e-06   -2.0188299048277191e-07 
  -3.7986815821550529e-08    5.8155326133053322e-10    7.6641209436523317e-06    2.3850038749340543e-07   -7.7425490334047332e-09 
   7.7194669875473769e-04    6.4830916473629915e-09    6.7028319711189967e-06    1.9621120546258477e-09    1.4404327152303203e-06 
   7.7194669875473769e-04    6.4830916473629915e-09    6.7028319711189967e-06    1.9621120546258477e-09    1.4404327152303203e-06 
   7.7194669875473769e-04    6.4830916473629915e-09    6.7028319711189967e-06    1.9621120546258477e-09    1.4404327152303203e-06 
   7.7194669875473769e-04    6.4830916473629915e-09    6.7028319711189967e-06    1.9621120546258477e-09    1.4404327152303203e-06 
   7.7194669875473769e-04    6.4830916473629915e-09    6.7028319711189967e-06    1.9621120546258477e-09    1.4404327152303203e-06 
2    104 5 
  -3.2822257373075286e-02    8.2853254043271027e-03    1.0134548370972481e-03   -6.0573610654065499e-06   -1.1335112489138806e-04 
  -5.3875492647883797e-03   -8.5880050027067434e-04   -1.0732542232213607e-02    9.3986308554344601e-04    7.9968227129630163e-04 
  -1.6528847456513515e-03   -9.7077682565933597e-03   -5.6367190237962819e-03    6.1813276176707636e-04    4.1584597685028526e-04 
  -2.1545306188980413e-03   -5.7518398186597432e-03   -1.7100647503744766e-04   -5.4966231448165255e-04   -1.2955916116307910e-04 
  -1.1250189297427843e-02   -1.2725235142519513e-02    1.9982154849625734e-03   -1.4811798460703978e-03   -9.5422329400342515e-05 
   5.0399688213719656e-04    5.9490937855299075e-03   -2.0292966238281240e-03   -7.3081572698071727e-04    1.0557963374287469e-04 
  -4.1404971402098515e-03    2.5776591178613612e-03    2.5256765867532906e-03    6.9169047304752521e-03   -1.7624151071590412e-03 
   1.3464140913208688e-03   -2.1624036540742698e-03    2.4609101745667352e-04    2.5940513876861318e-04   -1.4915692973229249e-04 
  -1.1603147500488711e-02   -9.0874689047941220e-04   -1.1248325269311815e-03   -1.6725944378050847e-02   -7.3566395253867878e-03 
   8.5765340369803030e-04   -2.3118252837274817e-04   -2.8651598494006348e-03   -9.2720118570663399e-03   -2.6431512832599275e-03 
   1.5021883818184742e-03   -1.3675468764722985e-03   -4.2894171745244472e-03   -4.9641890522646066e-03   -3.2050754136185374e-03 
  -1.6109268943481309e-03   -2.2556867745103294e-03   -2.6524595327804526e-04    9.2373085349842124e-04    1.4015953660302265e-04 
   4.0245717500013412e-04   -4.1282355417076726e-04   -7.9184499050998587e-04   -4.9211521891025321e-04    1.6895269585478539e-03 
   6.4331395171549771e-04   -2.2855079643468778e-04    7.8264871566961010e-04   -3.2084186405892024e-06   -1.8531763735232343e-03 
   1.3785998508741625e-03    8.2766813269620737e-04   -1.1174363878290183e-03    1.2914177082302657e-03   -9.7510862238688848e-04 
   2.0396843580609296e-05    1.1032279816946614e-03    8.4194233612347891e-04   -1.1277790495175706e-03    9.3426206004188568e-04 
   4.4583068901264981e-03   -5.4485077408342481e-03    5.6218422116051632e-03    1.8414484181038213e-04   -2.7052023138149655e-05 
  -4.5835728120294846e-03   -3.7612936889972609e-03   -5.6190512523264886e-03   -7.1363027508766316e-05   -1.3629511448020768e-04 
   7.4910161212730227e-06   -1.0661325824563026e-03   -9.4424581878050615e-05   -1.2142942402480028e-03   -1.2480184502328525e-04 
   1.1421841180144917e-06    1.3104711468752622e-05   -1.6000083627433511e-04    1.5097319288238440e-04   -1.8289786288575792e-04 
  -5.5725220397217644e-07   -5.7076944230636657e-06    8.0228849026698330e-05    1.1414976440563312e-04    8.8127753240317645e-05 
  -9.3810604595048353e-03    1.2986256284618022e-02   -7.3606936868617426e-03    9.0998417290377668e-03    3.8028546611287048e-04 
  -6.6678012154688365e-03   -1.3341657157777525e-02   -5.5150778806152554e-03   -9.4715755389695976e-03   -1.9768773169197515e-04 
  -1.2366334484370696e-03   -1.5766681564247098e-04   -3.4985744047377472e-03   -3.8198388642400019e-04   -2.2027722351009530e-03 
   1.4998950911132438e-05   -2.2373021251704476e-04    2.6248287809176176e-04   -5.9552475575365220e-04    5.7392131672160741e-04 
  -6.5917475653928772e-06    1.1380177286577690e-04    1.8010075354379143e-04    2.9330505560614648e-04    4.7426521062914192e-04 
   8.3006075657898176e-03   -1.0144192782240238e-02    1.0466912024085074e-02    3.4284631022541779e-04   -5.0366256398306170e-05 
  -8.5338313623360591e-03   -7.0028877826224089e-03   -1.0461715733592896e-02   -1.3286579427019329e-04   -2.5375827333467871e-04 
   1.3946995266162147e-05   -1.9849571593355993e-03   -1.7580247794723894e-04   -2.2608089138097852e-03   -2.3235976449243866e-04 
   2.1265521564952328e-06    2.4398739217778301e-05   -2.9789428696636022e-04    2.8108635362143243e-04   -3.4052464800000232e-04 
  -1.0375086270055437e-06   -1.0626754209366316e-05    1.4937244286624825e-04    2.1252740589861889e-04    1.6407885624084598e-04 
  -3.6283987874510576e-04    2.9619788185020044e-04    7.1100200323975536e-06   -1.1051969984334462e-06   -3.2089577187782104e-07 
  -2.3342566196146825e-04   -2.8592505559344106e-04   -1.6741930650852047e-06   -5.5329189407619549e-06   -1.4189469529849462e-07 
  -4.3839176378042316e-07    7.7258454615466575e-07   -5.5274874438138502e-05   -4.7128725511230267e-06    3.3377999218163524e-07 
   8.4457875798214426e-08    6.6261637514380194e-08    6.5806883659166493e-07   -7.3270254669907534e-06    5.4801608015212921e-06 
  -4.7222575477655748e-08   -3.2335544258072284e-08   -2.7950201975301912e-07    3.6227241452300295e-06    4.8782974685801778e-06 
  -8.4480154569585553e-04    6.8963871690264967e-04    1.6554288172710867e-05   -2.5732346064168378e-06   -7.4714291336231616e-07 
  -5.4348590544166199e-04   -6.6572045430596325e-04   -3.8980304316848496e-06   -1.2882317372422020e-05   -3.3037398846233528e-07 
  -1.0207093028002218e-06    1.7988116990599575e-06   -1.2869671196282089e-04   -1.0973000072721492e-05    7.7714129519783261e-07 
   1.9664361113581855e-07    1.5427723652121286e-07    1.5321843129527030e-06   -1.7059542796879462e-05    1.2759480385118704e-05 
  -1.0994851198064703e-07   -7.5286977453011511e-08   -6.5076567418417787e-07    8.4348031647039786e-06    1.1358159571858535e-05 
   1.9791142788855320e-03    7.8813603618203702e-06    4.7922178831610449e-06   -1.1373891331694214e-07    6.6788803206380952e-07 
   1.9791142788855320e-03    7.8813603618203702e-06    4.7922178831610449e-06   -1.1373891331694214e-07    6.6788803206380952e-07 
   1.9791142788855320e-03    7.8813603618203702e-06    4.7922178831610449e-06   -1.1373891331694214e-07    6.6788803206380952e-07 
   1.9791142788855320e-03    7.8813603618203702e-06    4.7922178831610449e-06   -1.1373891331694214e-07    6.6788803206380952e-07 
   5.6883701666222958e-05    7.3318255693209774e-04    7.3279055311909632e-06    2.7532474425743846e-06   -3.9327617095597879e-08 
   5.6883701666222958e-05    7.3318255693209774e-04    7.3279055311909632e-06    2.7532474425743846e-06   -3.9327617095597879e-08 
   5.6883701666222958e-05    7.3318255693209774e-04    7.3279055311909632e-06    2.7532474425743846e-06   -3.9327617095597879e-08 
   5.6883701666222958e-05    7.3318255693209774e-04    7.3279055311909632e-06    2.7532474425743846e-06   -3.9327617095597879e-08 
   4.5876666100511171e-03    1.8269310751506617e-05    1.1108554066442240e-05   -2.6365138206241679e-07    1.5481913584481330e-06 
   4.5876666100511171e-03    1.8269310751506617e-05    1.1108554066442240e-05   -2.6365138206241679e-07    1.5481913584481330e-06 
   4.5876666100511171e-03    1.8269310751506617e-05    1.1108554066442240e-05   -2.6365138206241679e-07    1.5481913584481330e-06 
   4.5876666100511171e-03    1.8269310751506617e-05    1.1108554066442240e-05   -2.6365138206241679e-07    1.5481913584481330e-06 
  -3.4580466699604467e-04   -1.2088422732763615e-05   -3.3875604545117797e-07    1.6550432504899539e-07   -1.3058719014207636e-07 
  -1.2194775640798948e-06    3.4856179107514389e-05    1.0823018102771784e-06    1.0187436255870453e-07   -3.8063292233372309e-08 
   1.7925115075854676e-09   -4.6726487872757497e-07    1.5016627409274640e-05    3.6781706377827871e-07    1.9439387316622673e-08 
   9.4612817670970225e-10   -3.5944496544184990e-09   -4.4200467413644502e-08    1.7889150934423553e-06    2.0922456835256920e-07 
  -1.9497315596758442e-04   -6.8157493400867595e-06   -1.9099897019455238e-07    9.3315399301585065e-08   -7.3628261909001014e-08 
  -6.8757137191279966e-07    1.9652769017259080e-05    6.1022831615394274e-07    5.7439265215248625e-08   -2.1461018087826817e-08 
   1.0106619693080913e-09   -2.6345540350780732e-07    8.4667429835731401e-06    2.0738428537287944e-07    1.0960403536836902e-08 
   5.3345028037188702e-10   -2.0266389091173948e-09   -2.4921308037115684e-08    1.0086342227720475e-06    1.1796594520259205e-07 
   6.8284082705709782e-03    2.7192541053419976e-05    1.6534275244672555e-05   -3.9242591732323284e-07    2.3043702986813062e-06 
   6.8284082705709782e-03    2.7192541053419976e-05    1.6534275244672555e-05   -3.9242591732323284e-07    2.3043702986813062e-06 
   6.8284082705709782e-03    2.7192541053419976e-05    1.6534275244672555e-05   -3.9242591732323284e-07    2.3043702986813062e-06 
   6.8284082705709782e-03    2.7192541053419976e-05    1.6534275244672555e-05   -3.9242591732323284e-07    2.3043702986813062e-06 
   3.3408662545397830e-03    1.3304219545876989e-05    8.0895576274000538e-06   -1.9199825971776300e-07    1.1274359504846064e-06 
   3.3408662545397830e-03    1.3304219545876989e-05    8.0895576274000538e-06   -1.9199825971776300e-07    1.1274359504846064e-06 
   3.3408662545397830e-03    1.3304219545876989e-05    8.0895576274000538e-06   -1.9199825971776300e-07    1.1274359504846064e-06 
   3.3408662545397830e-03    1.3304219545876989e-05    8.0895576274000538e-06   -1.9199825971776300e-07    1.1274359504846064e-06 
   2.1535891456956195e-04    2.7757933294975897e-03    2.7743092222190152e-05    1.0423660264822783e-05   -1.4889243636098411e-07 
   2.1535891456956195e-04    2.7757933294975897e-03    2.7743092222190152e-05    1.0423660264822783e-05   -1.4889243636098411e-07 
   2.1535891456956195e-04    2.7757933294975897e-03    2.7743092222190152e-05    1.0423660264822783e-05   -1.4889243636098411e-07 
   2.1535891456956195e-04    2.7757933294975897e-03    2.7743092222190152e-05    1.0423660264822783e-05   -1.4889243636098411e-07 
  -1.6911461838084825e-03   -2.5775230971486315e-02   -1.2169269428766482e-03   -5.1906887173718401e-05    1.9692467435584638e-05 
   2.5932660667160367e-03    5.5389565977149439e-05    3.1906249749750213e-03    1.2822703472490694e-04    1.2335645115527202e-05 
  -2.9117368901032002e-05    1.3696580621752412e-03    2.5490586808469350e-06    1.5842043584397892e-03    5.3758653868693764e-05 
  -2.9771773729058507e-07   -3.0100288768358467e-06    1.8830285796508190e-04    1.9085419033592833e-05    2.1048068564952110e-04 
  -6.6222360009191960e-04   -1.0093134709797167e-02   -4.7652754615557896e-04   -2.0325839376188214e-05    7.7112297001538150e-06 
   1.0154781456145176e-03    2.1689596168624740e-05    1.2493935637857491e-03    5.0211489330514223e-05    4.8304253033076876e-06 
  -1.1401858126434782e-05    5.3633441124881968e-04    9.9816729779948061e-07    6.2034703065392389e-04    2.1050959190795428e-05 
  -1.1658111740275135e-07   -1.1786752548557970e-06    7.3736142802517004e-05    7.4735200438000705e-06    8.2420596596057767e-05 
  -4.9052591009536350e-02   -4.6892988045630279e-03   -4.0148970745700938e-02   -2.3752272802058409e-03   -1.5512750839017441e-04 
   1.4074942056259058e-04    8.2350986947164612e-03    3.5569852371225010e-04    5.7419730268699256e-03    2.8372755569154714e-04 
   1.7334493997361677e-03    1.3182264044324271e-05    4.9652574484380678e-03    1.1114415985133945e-04    3.1794317479452929e-03 
  -2.5724202698334985e-06    2.9187908750065667e-04    3.3379313230432477e-05    7.5962374164397634e-04    9.7993748358058121e-05 
   1.2357112104232709e-02    4.9209312753638765e-05    2.9921452359727463e-05   -7.1015833570889579e-07    4.1701317469829706e-06 
  -7.3774791301350711e-04    6.0224738782783060e-04    1.4456521313277164e-05   -2.2471531571529755e-06   -6.5246462659092217e-07 
  -4.7461512651658189e-04   -5.8136005824904790e-04   -3.4040702582639059e-06   -1.1249864308017702e-05   -2.8850884772147983e-07 
  -8.9136455984354828e-07    1.5708654697035020e-06   -1.1238820661018753e-04   -9.5824965571994901e-06    6.7866159995785100e-07 
   1.7172484409151278e-07    1.3472715556558951e-07    1.3380252261515676e-06   -1.4897749843717139e-05    1.1142593279116777e-05 
  -9.6015786980893623e-08   -6.5746577733003665e-08   -5.6830035460547158e-07    7.3659411055107088e-06    9.9188484709872750e-06 
   1.6630618158560062e-03    6.6227552469205495e-06    4.0269299553714094e-06   -9.5575503513055617e-08    5.6123039242484118e-07 
   1.6630618158560062e-03    6.6227552469205495e-06    4.0269299553714094e-06   -9.5575503513055617e-08    5.6123039242484118e-07 
   1.6630618158560062e-03    6.6227552469205495e-06    4.0269299553714094e-06   -9.5575503513055617e-08    5.6123039242484118e-07 
   1.6630618158560062e-03    6.6227552469205495e-06    4.0269299553714094e-06   -9.5575503513055617e-08    5.6123039242484118e-07 
  -1.4717612957832111e-03   -5.1448908598306740e-05   -1.4417620234527506e-06    7.0439436809168717e-07   -5.5578536242944686e-07 
  -5.1901551690431879e-06    1.4834957484802781e-04    4.6063285627671250e-06    4.3358218716059892e-07   -1.6199920257236961e-07 
   7.6290151952763552e-09   -1.9887017990938411e-06    6.3911488546857922e-05    1.5654471152747260e-06    8.2734967445281891e-08 
   4.0267670284137761e-09   -1.5298150620607426e-08   -1.8811931533495785e-07    7.6137086836973765e-06    8.9046982651562168e-07 
  -5.5110475064397402e-04    4.4988456170497448e-04    1.0799159757686825e-05   -1.6786449117463460e-06   -4.8739731959746051e-07 
  -3.5454204117279581e-04   -4.3428152663556481e-04   -2.5428730569933193e-06   -8.4037562897655112e-06   -2.1551887003334074e-07 
  -6.6585785580725931e-07    1.1734515377210259e-06   -8.3955065797789436e-05   -7.1582166246066735e-06    5.0696670938541070e-07 
   1.2828010179772039e-07    1.0064247443230208e-07    9.9951764770374343e-07   -1.1128761692108940e-05    8.3236238046835977e-06 
  -7.1724711664513387e-08   -4.9113322705635707e-08   -4.2452580304350692e-07    5.5024284916362151e-06    7.4094747228091777e-06 
2    104 5 
   1.8283775085414358e-02    3.3535935040920643e-03    4.0228339153645752e-04   -6.0110095896788156e-05    2.3789686642369325e-05 
  -7.2882253269258117e-03    3.7611262126391394e-03    7.3917522682506688e-04    8.9058289457937586e-04    2.1267508576160523e-04 
  -4.8882138210435740e-03   -3.5420642512918187e-03    6.3401410956307467e-04   -8.7502535710983281e-05   -1.3803949802320476e-05 
   1.2962963353849406e-02   -7.6366486769062830e-03   -2.6970652002055811e-03    6.5130598763317297e-04   -2.4704584744349590e-04 
   3.9140020112581912e-03   -2.7803698489151265e-03   -6.3949576785874318e-04    2.2487048562196741e-05   -1.5673545267263508e-04 
   7.6856737370432819e-03    6.7964999942074517e-03    1.0754447682797630e-03    6.7159265998306076e-04   -1.2643892542079833e-04 
  -1.8516937597998837e-05   -4.7935636433242730e-04   -2.7924561385726848e-05    1.7851865410400307e-03   -1.5021976270423168e-03 
   3.0766203297196500e-04    1.9764458770007640e-03   -5.3300833634627991e-03    2.6602768827921042e-03   -1.6536881639990391e-03 
  -3.5801368071375198e-04   -1.4940341369863235e-03   -3.0556766136725722e-03    1.7347159913256099e-03   -4.9134476754273608e-04 
  -1.5864758115615354e-04   -6.8134828823961568e-04    2.0060982050425177e-03    3.1205435710287719e-03    1.8598483997902303e-03 
   1.0606076819946801e-04   -7.8890442063440523e-04    5.5139993562135989e-03    5.9866521244078498e-04    3.5531135510686613e-03 
  -1.9831748554669030e-04   -3.3279313869854891e-04   -5.8321242429801984e-04    6.4939773197430551e-04    1.3493544718717763e-03 
   3.4803715852478812e-04   -1.7710033274293639e-04    5.5468493543954880e-04    8.4047740353784416e-04   -2.1176647668472745e-04 
   4.7145935666710327e-04    9.1884438763776676e-04    1.1983551712459819e-03    2.9431633306193214e-03    1.2999437659864249e-04 
  -4.5589702193479469e-05    1.4528831225893589e-04    9.4610498208558963e-04    9.3790382041878772e-04   -5.2316750053487380e-04 
  -6.2401656806229495e-05   -7.3969802422624124e-05    4.5415419109576184e-05    1.1020874945095746e-03    4.2431893934177616e-04 
   4.6725096773540613e-04   -3.8030243401296365e-04    6.7948916890094753e-05   -5.7949639199612254e-06   -6.7445170308889861e-08 
  -3.0436602205404401e-04   -3.6073058984351303e-04    7.2762102122564615e-05   -1.4623755739297030e-05    3.7535178457527344e-06 
  -1.0178509481214404e-06   -1.3596361720235329e-05   -6.7348548163585845e-05    2.0555359985063669e-05   -3.5711364380204663e-06 
  -1.0356601014697963e-07    2.2688280010827357e-07    2.5639403403374981e-06    6.9315605926343286e-06   -9.2901245002673572e-06 
  -3.0934870238537624e-08    1.4454393476884466e-07    1.5362903675491985e-06    5.9767219814642459e-06    4.8872289860181810e-06 
   4.4710869392003922e-05   -3.6390834114320334e-05    6.5019772203479710e-06   -5.5451543784385015e-07   -6.4537741150487341e-09 
  -2.9124539913480333e-05   -3.4518020083218112e-05    6.9625470450216054e-06   -1.3993354279161874e-06    3.5917110450382392e-07 
  -9.7397338784658901e-08   -1.3010249203467178e-06   -6.4445284196572372e-06    1.9669258686655989e-06   -3.4171917424850781e-07 
  -9.9101482348447997e-09    2.1710232708768935e-08    2.4534138953487580e-07    6.6327545952892145e-07   -8.8896454335890014e-07 
  -2.9601328587875242e-09    1.3831292892079834e-08    1.4700638995911700e-07    5.7190772059971429e-07    4.6765501191302677e-07 
   8.6994166473745827e-04   -7.0805831425541934e-04    1.2650930219142918e-04   -1.0789235138576193e-05   -1.2557141191464041e-07 
  -5.6667765761622224e-04   -6.7161887619224204e-04    1.3547063274600964e-04   -2.7226940747102099e-05    6.9884104877980316e-06 
  -1.8950649852153727e-06   -2.5314108190295141e-05   -1.2539151794814168e-04    3.8270576883663477e-05   -6.6488473912703918e-06 
  -1.9282225933986624e-07    4.2241710441626404e-07    4.7736199215831238e-06    1.2905384424157162e-05   -1.7296628431933850e-05 
  -5.7595455915652764e-08    2.6911617080206407e-07    2.8603108225614037e-06    1.1127637670666679e-05    9.0991874038394836e-06 
  -2.3529237188110929e-03    3.4690859131905711e-03   -4.0305736828173105e-03    1.1042877402000833e-03   -1.7925425478637451e-04 
  -3.7848440150217788e-03   -3.0663379402313682e-03   -3.4998942211295352e-03    1.1049294531866802e-03   -2.7198901416140885e-04 
  -8.2241974006065310e-05   -7.8335750517943804e-04   -2.0230097106511749e-04   -7.4225713720383561e-04    3.1747767131270522e-04 
   8.3014338010732111e-07    2.1060834738323353e-05    1.0776991561321062e-04   -5.5156420672901012e-05    2.8900759267804178e-05 
   6.7821596156915046e-07    1.2508454961820533e-05    7.7311112659433993e-05    1.2052378630432639e-04    1.1369409488933161e-04 
  -5.4783217363834598e-03    8.0770866525228767e-03   -9.3844008796980394e-03    2.5711175768234032e-03   -4.1735840073541127e-04 
  -8.8122675080990823e-03   -7.1393669309240647e-03   -8.1488177595255736e-03    2.5726116797451792e-03   -6.3327311311684072e-04 
  -1.9148431810112743e-04   -1.8238944227873546e-03   -4.7101816272969156e-04   -1.7282002711010973e-03    7.3918453610031111e-04 
   1.9328261631255621e-06    4.9036026034722436e-05    2.5092112698425469e-04   -1.2842091558588401e-04    6.7289753776972683e-05 
   1.5790929448847076e-06    2.9123485881871293e-05    1.8000377384107269e-04    2.8061601529345490e-04    2.6471441736555313e-04 
  -4.2254667687397380e-04   -1.8532277821781783e-05   -8.4149617305114798e-07    1.1375851400063497e-07   -9.5521454569743918e-08 
   1.5483946415252322e-06   -3.5156811633592658e-05   -3.2971443980837953e-06   -3.2612041690227584e-07    4.4237965444921613e-08 
  -1.0731242980787097e-08    4.7829565919036533e-07   -5.1231915823971658e-06    1.8818150338931901e-07    3.2415563473443752e-08 
   2.5053404661225281e-10   -4.7003451016580594e-09    1.4357483921594612e-08    3.8040857753983266e-07    1.3021911378727000e-07 
  -1.5701421696973089e-04   -6.8864133836755865e-06   -3.1269175673592747e-07    4.2271552415444017e-08   -3.5494839301626652e-08 
   5.7536832143096697e-07   -1.3063927731343332e-05   -1.2251866461978292e-06   -1.2118316082042050e-07    1.6438395767433875e-08 
  -3.9876250505757784e-09    1.7772999414735694e-07   -1.9037279399452647e-06    6.9926408181582368e-08    1.2045306696219515e-08 
   9.3096004077233493e-11   -1.7466023187882459e-09    5.3351007568734037e-09    1.4135611093398934e-07    4.8388150480943578e-08 
  -1.9034619068824865e-04   -8.3483048884669906e-06   -3.7907194585936425e-07    5.1245225636539346e-08   -4.3029908886904475e-08 
   6.9751115752906262e-07   -1.5837221157923275e-05   -1.4852770372432317e-06   -1.4690869070904111e-07    1.9928042668646189e-08 
  -4.8341433847131157e-09    2.1545964441879737e-07   -2.3078633799461936e-06    8.4770829564062507e-08    1.4602360789654090e-08 
   1.1285901421152966e-10   -2.1173821354832853e-09    6.4676697792570923e-09    1.7136408260391732e-07    5.8660293929134793e-08 
   1.6116589856206283e-03   -8.3065180957515904e-05    9.8121952295942387e-06   -1.1934433808566818e-06    4.1133943852724037e-07 
   1.6116589856206283e-03   -8.3065180957515904e-05    9.8121952295942387e-06   -1.1934433808566818e-06    4.1133943852724037e-07 
   1.6116589856206283e-03   -8.3065180957515904e-05    9.8121952295942387e-06   -1.1934433808566818e-06    4.1133943852724037e-07 
   1.6116589856206283e-03   -8.3065180957515904e-05    9.8121952295942387e-06   -1.1934433808566818e-06    4.1133943852724037e-07 
   4.6638490143468755e-03   -2.4037557932025645e-04    2.8394714675015222e-05   -3.4536088497305969e-06    1.1903417857336037e-06 
   4.6638490143468755e-03   -2.4037557932025645e-04    2.8394714675015222e-05   -3.4536088497305969e-06    1.1903417857336037e-06 
   4.6638490143468755e-03   -2.4037557932025645e-04    2.8394714675015222e-05   -3.4536088497305969e-06    1.1903417857336037e-06 
   4.6638490143468755e-03   -2.4037557932025645e-04    2.8394714675015222e-05   -3.4536088497305969e-06    1.1903417857336037e-06 
  -6.2898176248456531e-03   -2.2608159002729219e-02    1.6593091074770184e-04   -1.3050645581770610e-04    1.5094123860021580e-05 
  -1.8155176084371943e-03   -8.5297780414869001e-04   -2.3858999800975191e-03   -9.4652559479695931e-05   -2.6022677879931522e-05 
   4.1712940791805445e-05   -3.2132225297561834e-04   -1.0042957421610711e-04   -3.7381495701633796e-04    4.5985937559968038e-05 
  -1.6113719882638962e-07   -7.9791408956130310e-07    2.7667455210455415e-05    2.5468634271886156e-05    3.6941375590800293e-05 
  -4.0671803980019315e-02   -1.6612369879609283e-02   -3.1796720788919625e-02    2.3977183600477152e-03   -5.3765959016192997e-04 
  -1.2180645074538229e-03   -5.8644417789601505e-03   -2.7188332313333452e-03   -3.9616438542564624e-03    1.0020414334681946e-04 
  -3.5757785735469167e-04   -2.0219129506352749e-04   -1.1394711454545201e-03   -3.4143749379219582e-04   -6.3828917900054713e-04 
  -2.7703987704799354e-06    3.6593280261174437e-05    5.3467834583219219e-05    1.3173377913132392e-04    9.5722600393491762e-05 
  -2.5646537288154130e-03   -9.2184070741517035e-03    6.7657816864805160e-05   -5.3213604671976044e-05    6.1545824298452500e-06 
  -7.4027170292123524e-04   -3.4779906771309645e-04   -9.7284335500711391e-04   -3.8594289070103483e-05   -1.0610666610570678e-05 
   1.7008322899375885e-05   -1.3101815718631607e-04   -4.0949849003452438e-05   -1.5242189528864920e-04    1.8750624146934448e-05 
  -6.5703195620256441e-08   -3.2534700799341023e-07    1.1281319492005007e-05    1.0384757038934290e-05    1.5062731911696968e-05 
   7.4166730096922612e-03   -3.8225660089970741e-04    4.5154616562472439e-05   -5.4920919315863128e-06    1.8929377360634030e-06 
   7.4166730096922612e-03   -3.8225660089970741e-04    4.5154616562472439e-05   -5.4920919315863128e-06    1.8929377360634030e-06 
   7.4166730096922612e-03   -3.8225660089970741e-04    4.5154616562472439e-05   -5.4920919315863128e-06    1.8929377360634030e-06 
   7.4166730096922612e-03   -3.8225660089970741e-04    4.5154616562472439e-05   -5.4920919315863128e-06    1.8929377360634030e-06 
   7.6997329568284883e-04    2.7823015077230780e-03   -3.4662008611225921e-04    5.5313976318015417e-05   -8.5395004055127224e-06 
   7.6997329568284883e-04    2.7823015077230780e-03   -3.4662008611225921e-04    5.5313976318015417e-05   -8.5395004055127224e-06 
   7.6997329568284883e-04    2.7823015077230780e-03   -3.4662008611225921e-04    5.5313976318015417e-05   -8.5395004055127224e-06 
   7.6997329568284883e-04    2.7823015077230780e-03   -3.4662008611225921e-04    5.5313976318015417e-05   -8.5395004055127224e-06 
   3.7661790119482004e-03   -1.9410951320164411e-04    2.2929468370509782e-05   -2.7888786976855908e-06    9.6123185735305037e-07 
   3.7661790119482004e-03   -1.9410951320164411e-04    2.2929468370509782e-05   -2.7888786976855908e-06    9.6123185735305037e-07 
   3.7661790119482004e-03   -1.9410951320164411e-04    2.2929468370509782e-05   -2.7888786976855908e-06    9.6123185735305037e-07 
   3.7661790119482004e-03   -1.9410951320164411e-04    2.2929468370509782e-05   -2.7888786976855908e-06    9.6123185735305037e-07 
   1.1405902050861236e-02   -5.8786215092124249e-04    6.9442070990955983e-05   -8.4461405463253630e-06    2.9110980594267901e-06 
   7.3402153564973416e-04   -5.9743092235520819e-04    1.0674342433817529e-04   -9.1035195415014687e-06   -1.0595207051625299e-07 
  -4.7813965156776967e-04   -5.6668480066736045e-04    1.1430463203952520e-04   -2.2972989647832965e-05    5.8965376713532917e-06 
  -1.5989790660545353e-06   -2.1359019024628030e-05   -1.0580028327476780e-04    3.2291162445732111e-05   -5.6100280860945874e-06 
  -1.6269561126356019e-07    3.5641844072603997e-07    4.0277871120313229e-06    1.0889040584150924e-05   -1.4594194390037088e-05 
  -4.8596712528319552e-08    2.2706932311366236e-07    2.4134144018101464e-06    9.3890498895021917e-06    7.6775257262182585e-06 
  -1.6614590931427614e-03   -7.2869160234410507e-05   -3.3087740244556624e-06    4.4729997383255869e-07   -3.7559161619547803e-07 
   6.0883081035397896e-06   -1.3823704592039957e-04   -1.2964415155570835e-05   -1.2823097702017881e-06    1.7394426219217863e-07 
  -4.2195388597200784e-08    1.8806648251302110e-06   -2.0144456710577691e-05    7.3993214733223495e-07    1.2745842208661499e-07 
   9.8510316769081727e-10   -1.8481818784692544e-08    5.6453815688861814e-08    1.4957715321272415e-06    5.1202326877458807e-07 
   1.4707208675708899e-03   -7.5801206143945137e-05    8.9541276471006067e-06   -1.0890778385195196e-06    3.7536817732191753e-07 
   1.4707208675708899e-03   -7.5801206143945137e-05    8.9541276471006067e-06   -1.0890778385195196e-06    3.7536817732191753e-07 
   1.4707208675708899e-03   -7.5801206143945137e-05    8.9541276471006067e-06   -1.0890778385195196e-06    3.7536817732191753e-07 
   1.4707208675708899e-03   -7.5801206143945137e-05    8.9541276471006067e-06   -1.0890778385195196e-06    3.7536817732191753e-07 
   5.4832111109495935e-04   -4.4628661590742901e-04    7.9738359424809334e-05   -6.8004162104757558e-06   -7.9147210547247322e-08 
  -3.5717489511275365e-04   -4.2331896879225465e-04    8.5386653932073420e-05   -1.7161043098991167e-05    4.4047700653738879e-06 
  -1.1944526632185615e-06   -1.5955391599124752e-05   -7.9033824025382516e-05    2.4121807346045908e-05   -4.1907446635314889e-06 
  -1.2153517847312660e-07    2.6624798584505390e-07    3.0087955151997759e-06    8.1342175152594954e-06   -1.0902002863441268e-05 
  -3.6302209288047278e-08    1.6962295722707078e-07    1.8028436524845925e-06    7.0137101127159712e-06    5.7351851849057596e-06 
 TENSORSUMACCUMULATOR_IMPL_H - PrettifyOut: Norm of simple tensor is 4.55456e-07 
 As simple full tensor 3    5 5 5 
  -8.6914696045188230e-10    1.3363268393991665e-09   -1.8367580594175466e-09    9.8354023131868170e-10   -4.2560055478843232e-10 
  -1.7011563026951286e-09    1.5274644650886783e-09   -2.1521499437063242e-09    5.5831712229110375e-10   -1.5538659415328642e-09 
  -7.3613109388126059e-10    1.4301020785312600e-09   -2.8483736356166651e-09   -2.4174609840231355e-09   -4.8832663944687025e-10 
  -1.5639114520506985e-09   -1.9190890668461111e-10   -4.1289039886697764e-09    1.1140723202280837e-09    1.1161052178605412e-09 
  -1.5248579331968836e-09   -1.2120906027433989e-10   -3.3040910880357625e-09    2.7162284435276874e-09   -1.9211198872150125e-09 

  -3.3823363643688852e-07   -1.7239594684249581e-07   -9.8242589675903512e-09   -6.1351526106647113e-09    7.5811913974107299e-12 
   1.3629479986120214e-07   -1.6744082156233289e-08   -1.3551833687347096e-08    3.7825721534258504e-09   -7.2803372282755939e-10 
  -7.8617056817337560e-08   -2.1616838602430362e-08    7.0897821488011177e-09   -2.4960728564959682e-09    1.5049381953858751e-10 
   1.4914804368869434e-08    7.9106928107816193e-10   -4.0628963470527627e-09   -1.2345242420957252e-09   -8.0007299874797202e-10 
  -8.9568605593580322e-10   -1.6794038411336770e-09   -6.6972759094809574e-10   -5.4921591114034268e-10    7.0052547686090746e-10 

   9.5828725934649568e-10   -1.0224918057237622e-10   -1.5808829573725111e-10   -6.7321040984589166e-10   -9.6884931250664459e-11 
   1.5236079908416652e-09    7.5072284219109691e-10   -1.4069960602629786e-10   -5.8687810346910663e-10   -4.1977729620321694e-10 
   2.5808964869739033e-10    1.0782600939811824e-09    2.3251732012402763e-10    2.7505863850000714e-10   -3.1558683714684890e-10 
  -3.9092890680911705e-11   -7.4533989631978921e-11   -3.2064701340046256e-10   -3.2375875732518512e-10    3.5127325309989297e-10 
  -1.0988264186556422e-10    7.8824304213791416e-11    2.7529124637919562e-10    1.0071547741255783e-10   -1.5676286041848572e-10 

  -1.7807721418814732e-07   -3.5016779183018794e-08    1.1922791452145824e-09   -2.2150964487235491e-09    1.2503237645290466e-09 
   5.5732831017895096e-08    2.3528851319226565e-08    1.5600200647478039e-09    2.8427228966934100e-09   -2.8665611991483382e-09 
  -2.0481436311023470e-08    4.0884218795881922e-09    1.6786297879798090e-09    1.1677897239333896e-09   -9.2899053211862772e-11 
   3.1256037251213320e-10   -3.9534172658706261e-09    1.1829825272743523e-09    1.2467014263710319e-09   -1.5538113349156392e-09 
   6.4047847972816818e-10    6.0270052831459229e-10    2.5617901093795599e-10   -1.0015056214281785e-09    1.3422834266536963e-10 

   2.6528138250647558e-10   -4.0104393526551970e-10   -3.2924909117471898e-11   -1.0698619652458043e-10    2.2438080446633311e-11 
   1.6658123737515597e-10    4.5055194907824372e-11   -8.9943869836970068e-11   -3.5749159842802686e-11   -8.5013509387338252e-12 
  -1.3186702253746633e-11    4.9735620520766217e-11   -8.4483980122900362e-12    2.8695381753407528e-11   -5.6075935089529920e-11 
   1.2265809284325408e-12    9.1460768921880392e-13   -1.6424447766266365e-11   -3.2874358451791259e-11    9.0221420480022918e-11 
  -4.8749643803055432e-11    5.9892330525323369e-11   -2.6756202902392173e-11    3.2897619007044031e-11   -5.0757408831327008e-11 
