2    21 5 
   1.0151925880430173e-03   -3.5169330568523383e-04    5.0376579987904498e-05   -4.0192494426524398e-06   -9.0384796260733009e-07 
  -9.6225559174549914e-04   -1.2013635809291707e-03    1.4464395628843287e-04   -2.1271105213179639e-04    7.6313759221596588e-05 
   5.6901714916817424e-04   -8.0515555713517794e-04   -4.4071770621035265e-05    1.3980694268603429e-04   -4.2888454346918907e-05 
  -1.2112921048433142e-03   -3.5515121166897315e-04   -5.5666365411609871e-05   -2.8277569220433251e-04    1.0454475113168720e-04 
   1.4982543604478019e-03    1.3490990945386116e-03   -8.9968110239958007e-04    3.7514251611892111e-04   -9.9941534547963372e-05 
  -4.1174580283434098e-04    1.1000553709950196e-03    5.0276399071834789e-04   -7.9839746319406704e-04    2.5234624244031947e-04 
   1.5864818559838221e-05   -1.5656457364735695e-04    1.1041078550056885e-04   -3.1344809255066703e-05   -4.6592692316300946e-06 
  -1.8111755687084735e-04   -6.4629361851244451e-05   -4.7610564959998816e-04    3.5802489006295099e-04   -9.5111760485294290e-05 
  -3.5033294688685730e-04    1.4565272239128810e-05   -4.1110076716967297e-05    3.3337951844957902e-04   -8.4888672913957484e-05 
  -1.8748023235685133e-04   -1.8913125981162999e-04    1.0977716078502722e-04   -2.3318535460749365e-05    1.7105999255750014e-06 
   2.5544428629828842e-04   -2.3379560336885005e-04   -3.4745121469402800e-04    8.8675109923028552e-04   -2.4847773694279556e-04 
   5.5236125715221339e-06    5.1475046255839807e-05    3.4829741461455045e-04    3.7184656539098891e-04   -9.4738875292960114e-05 
  -9.8362362279399247e-05   -3.0510271783359093e-04   -1.3321655945969666e-04   -7.5328289842303730e-05    3.8080907593371336e-05 
   2.3135729430585888e-06   -1.5131727205251454e-04   -3.1685720434868379e-04   -2.1079016210418848e-04    9.0557862023770813e-05 
   7.1799879905485626e-05    1.0550567882024753e-04    7.7880389388889073e-05   -2.3730744226334625e-04    6.4470185646495922e-05 
  -4.4674405524628682e-04    3.2116196490463762e-04    7.9958473675828605e-05   -6.0672158064231535e-05    9.5969228554271468e-06 
   1.7035300557089124e-05   -8.7904188413864332e-06   -4.9527917398709220e-05    1.3335998962463728e-05    1.1132572471244957e-04 
   1.3174589612758817e-05   -3.1655467975400193e-05   -1.5881899110675580e-04   -8.7121897726252543e-05   -1.2571002624754904e-04 
   6.7986183576375112e-05    3.9083413422634795e-05   -1.1591229818870045e-04   -2.4920097423917337e-04   -3.2064658349059455e-04 
   2.5779507276667254e-05    3.0062491072800887e-05   -3.8406457159073270e-05   -4.2417078465555461e-05   -2.5482621277740398e-04 
  -1.8982163245329007e-05    3.2135579526736553e-05    1.8411744414737453e-04    1.0092476062049318e-04    3.1749577528677179e-04 
2    21 5 
   1.3491562153038261e-02   -1.7694917198924003e-02   -1.1890065928735531e-02    1.2294972491439394e-02   -1.3224849301679130e-02 
   4.4111840706349159e-02    1.7734665984772968e-02   -3.9762381993379919e-04   -4.1846905190774161e-03    3.6401383372381708e-03 
  -4.1282003415187146e-02   -1.7923834161241325e-02   -6.0568550315651132e-03    2.3088470724356666e-03   -1.6101774275590775e-03 
  -4.8107645247509920e-02   -2.0918736243578220e-02    1.7867982865793918e-03    4.6724367916340321e-03   -3.8086187926140726e-03 
   1.5935336865584442e-02    2.6295580442990941e-03   -6.6374004508988399e-03    1.5746769399875996e-03    5.2117030677714888e-04 
  -4.9184504419546391e-03   -4.6717799007486883e-03   -4.4196558119235186e-03    7.5328741995811890e-04   -1.4107548917639628e-04 
   1.2838386539029876e-03   -1.6036616826687843e-03   -6.2524177715280391e-03    5.0289113133307440e-04   -5.5460311501122871e-05 
   1.5310137009806035e-03   -2.2296344172832040e-03    1.2588210014833462e-04   -2.2678548369206731e-03   -2.2399434405030801e-03 
  -3.1484379436293509e-03    2.3427176617549250e-03    1.5040206998839399e-03    3.9216535671935055e-03   -1.7957284289382728e-03 
  -3.2766330212436221e-04   -5.5591362480323780e-04    4.6185162217112843e-03    3.0596231212800880e-03   -3.4210677967012638e-03 
  -9.6748060760707585e-05    2.1921206835541994e-03   -1.3717540268350498e-03    2.7614481403550268e-03   -9.1718692735476509e-04 
   9.9818519884904092e-04   -1.3638655612826928e-03    1.6759259482393633e-03    4.5060756215993026e-04   -1.0015296294007094e-03 
  -1.2598963093255835e-03    3.3593543911181185e-03   -1.4178079767972775e-03    1.9702612853248744e-04   -6.4573770439441624e-04 
  -1.2706110155780046e-03    4.4224295815683190e-03    3.0415808815390162e-04   -2.6671976651744707e-04   -1.8898878257331245e-05 
   1.3702697553334712e-03   -1.3857564328328634e-03    9.9807606949277880e-04    1.7910387087832105e-03    1.6568550278585690e-03 
   2.5569186045439995e-04   -6.7009653735424304e-04    1.9898968980591345e-04    2.0464017121711114e-03    2.8429734128418227e-03 
  -4.7700517102852383e-04    1.3885336654971901e-03   -1.2765352694848618e-03    2.0346294345239707e-03   -1.7724341589580373e-03 
  -4.5122495762163028e-04   -1.0223010277041692e-03   -5.4004422269974498e-04    8.0418876333185937e-04    7.4254361162708732e-04 
   4.5519784473675907e-04    6.4570624590282047e-04   -8.2121243673059807e-04   -1.1544711834493260e-04    1.5678148627329755e-04 
  -4.2828542139074812e-04   -1.7003621253856018e-03    7.4199367187302730e-04   -2.1796333787309886e-04    1.1440092686590335e-03 
  -4.4204780215574720e-04   -1.7809977179116174e-03   -5.3374111007399301e-04   -1.8504506095182082e-04    1.9585529806594904e-03 
2    21 5 
   1.6575255570368226e-04   -2.8553308873166063e-02    5.3678781924832255e-04   -3.9026769236886055e-02   -2.0648979304524066e-04 
   1.4581296184258958e-03    9.1740518747510744e-03    9.6716560141579333e-04   -2.1095148142894145e-02    5.3825126886229181e-04 
   1.2292932181640719e-03    2.6969580114605943e-02    6.0657537516899010e-04   -2.0219760277539363e-02    5.2950091061239866e-04 
   1.2406747002722842e-03    1.0969941627022632e-02    4.3705217769327785e-04   -1.3281749829548512e-02    3.4626548158723039e-04 
   6.8572932937764684e-04    8.9360360798438083e-03    7.3100563301601868e-04   -9.5226665487285946e-03    4.2104902159574348e-04 
  -4.9359481043237256e-04    1.3968821364896435e-02   -3.9136120487221057e-04   -2.0290634438981048e-02    5.6015353520097347e-04 
  -3.5709521579534004e-03   -1.7044116428188592e-03    7.7036405232667766e-03   -1.4337554151498486e-03   -6.9502069362213496e-04 
   6.1567627009928864e-04   -4.0908849394031745e-03    2.0474135953961513e-03   -2.6190787370780626e-03    4.6619267841945547e-04 
  -2.8403959882585669e-03   -3.5362922093264623e-03   -5.6894254381532417e-03   -2.1062702889575440e-03    8.1260349285864459e-04 
  -5.0730701065511653e-03    1.6407667788370186e-03    6.0940779134297197e-03    1.1119296269231007e-03   -2.7113415415723446e-03 
   5.6827124220625753e-03   -3.3842023309923778e-03    3.4664804409986591e-03   -2.4820808689818802e-03    1.1582278164563883e-03 
   2.1607892601218015e-03    1.2466397271389865e-03    1.0665743478573274e-03    1.5868719003150141e-03    4.4994328501983273e-04 
   9.9299135374572318e-04    8.1026455358071121e-04    1.1089692853802780e-03    3.5623096000640171e-04   -3.3743300432468501e-03 
   7.7128316584356522e-04   -1.1098011834141303e-03   -1.6860271141257090e-03   -7.1990117074571250e-04    1.9520663957901768e-03 
   3.6896238822179211e-03   -1.4607383402442499e-03   -2.8210227692395656e-03   -5.1698038346453954e-05    1.1911219278369486e-03 
  -1.4943401424157630e-03    3.7510741849958930e-05   -1.4888011591157350e-03   -2.6487277770630889e-04   -1.7467432014812610e-05 
  -1.3688228064659400e-03   -1.1018088420993008e-03    1.8477854568999966e-03    6.3650818018513725e-04    4.1428451190251680e-04 
  -1.9945064716438356e-03    2.4649835996556273e-04    8.9144228980555108e-04    1.0909714707942708e-03    4.6998048874993294e-03 
  -8.8140439078720058e-05   -6.7937772441551466e-04    1.2385892472626901e-03    2.0858043160811462e-05    2.2955774575135731e-03 
  -1.4263902174126084e-03    2.8621032448919014e-04    5.3904162155130389e-04    1.0660134825195586e-03    3.2351006509454558e-03 
  -1.2649405098466438e-03    9.2145496198148995e-04    5.1709559928229867e-04    8.5760657936851639e-04    2.8384121820548480e-03 
 TENSORSUMACCUMULATOR_IMPL_H - PrettifyOut: Norm of simple tensor is 1.85203e-06 
 As simple full tensor 3    5 5 5 
  -3.9663885433503401e-09   -5.3579047105648976e-07   -1.2161549919070557e-08   -2.0798155742755960e-07   -6.4653098919912041e-09 
  -3.0257570533814296e-09    4.2074194110441036e-07   -1.1732888161244966e-08    8.5339836367143110e-07    1.5480608761948523e-09 
  -1.1278991486837160e-08    1.7001374263170925e-07   -2.1438543183388930e-08    6.2052459395505473e-07   -1.9298002756609667e-09 
   1.7111809575452062e-08   -3.2978528563673239e-07    1.9475618279330901e-08   -5.3995308895508851e-07    8.5974621744018678e-10 
  -5.9340512676403894e-09    3.8269123610395173e-07   -6.6621317021280803e-09    5.4573701025605353e-07    1.0459353311869087e-09 

   3.0643895490770781e-09    8.5055232695071298e-07   -9.7185744336636975e-09    3.0986579575665797e-07    1.2068281828691537e-09 
  -4.2666702563350671e-09    5.8205133278770934e-08    8.6889074609483268e-10   -1.1282740772062472e-07   -3.0548494489165711e-09 
   6.3644020742793415e-09   -1.4225793051883784e-07    4.1892340594363280e-09   -8.2389574789563074e-08   -4.0156466073213194e-09 
   2.6226020860112880e-09    1.3206780066067077e-07   -6.1684326535505991e-09    8.5604850081132564e-08    4.7194090204672132e-09 
  -4.4431277319171947e-09   -1.1927208520658641e-07    3.7905628076910966e-09   -1.3732977048537072e-07   -3.7062368499821280e-09 

   6.9161474729952541e-09   -4.3047744847048135e-08   -2.3864902649421337e-09   -4.5118887405713246e-08   -1.8832803258362836e-09 
   3.1506273357247696e-10    2.8530245209153733e-08    2.0600702051257044e-09    1.8958473717186680e-08   -1.8259103400962712e-09 
   9.4900090798223688e-09    4.6528084248317858e-08    5.6256286557181053e-09    1.0468474232437046e-08    8.5439977937747247e-10 
  -7.5469767744363907e-09   -3.6424245644960523e-08   -2.7353510346374924e-10    6.3992375982106382e-12   -2.8636554592049769e-09 
   4.1018795454212366e-09    1.6258538908457707e-08   -2.8721692525712213e-10    1.1993645489731516e-08    2.2795744031068614e-09 

   1.0864483142995709e-09    1.9932968364014663e-08    3.5663890180866612e-09    9.8885942566363776e-10    4.7879553360213260e-10 
   4.7185390719042656e-09    1.5132700329121111e-08   -2.5347642935162144e-09   -4.0831139428880487e-08    2.6017675790850193e-09 
  -1.2876365736827616e-08    8.3270385634010863e-10   -8.1553320138578503e-09   -2.5205897848341363e-08   -5.4202345577614527e-10 
   9.9879226357437696e-09   -8.3432817213852322e-09    1.4213464833005537e-09   -5.8007344907614702e-09    3.2950481445796359e-09 
  -5.7706277167303595e-09    9.0641262236204549e-09    9.9256206084366369e-11    5.3468799133212983e-09   -2.8371399241450526e-09 

  -3.4844267492227792e-10   -8.2658091714106724e-09   -7.9326941238053063e-10    5.0999588408174460e-10   -3.0838921342004246e-10 
  -1.7696297799587049e-09   -8.8949808157007566e-09    7.7750786858961235e-10    1.2135522877205670e-08   -8.0087291158574813e-10 
   4.0412059863383561e-09   -2.4533821921698826e-09    2.7675195956024029e-09    7.5687594414693046e-09    9.5129367110710592e-11 
  -2.8472892142803528e-09    3.4279455163601963e-09   -3.5753143913928560e-10    2.1595461507502446e-09   -1.2277832956095221e-09 
   1.6244077349527402e-09   -2.7895576802418648e-09   -1.6674910275198796e-10   -2.5434233171624233e-09    9.4185417800462304e-10 
