2    106 5 
   1.8083003177855935e-03   -1.9830898792004751e-04    7.1958520490493741e-05   -1.5869095941094042e-05    2.5238739202749257e-06 
  -3.3901538185434690e-03    9.9457621278536208e-04    2.9785656033178102e-04    6.8416272504013621e-05    2.4465045474972655e-05 
   2.6794269472698445e-03    1.2933050576983397e-02    4.0110844896326520e-03   -1.4291486219646647e-05    4.2759293298599290e-04 
   3.4115198562455454e-03   -7.4098186905386965e-06   -5.4118564485370062e-04   -1.4417679902512301e-05   -1.1308216048240899e-04 
   8.2688556660396467e-04    8.7917291991427735e-04   -1.1760954711925371e-03    2.5491190994278526e-04   -8.4340792346405849e-05 
   9.3869234666325526e-04   -9.4226362614505631e-04    5.3778752103047264e-04   -1.6091108030317428e-04   -8.5159695810893077e-06 
   1.6083557067240458e-04    5.2541769504402204e-04   -3.0314762699269641e-05   -1.1930746607274457e-04   -7.7232127805278210e-05 
   8.8617547949318944e-05   -1.4243066309547423e-04   -4.6435772327234288e-04    4.9501546721422013e-04   -7.3673466867222275e-05 
  -1.3240313893102557e-03   -2.9199347559064419e-03   -3.4534899025597397e-03    9.6784222633767463e-04   -5.4142835456933542e-04 
   5.9832376007405415e-04    2.3716777914304277e-04    1.5057258559000649e-03    1.3054730367388756e-04    2.0115551307736614e-04 
   1.1044767515674045e-03    1.7184336396405457e-03    1.5299641289856503e-03   -9.2067663981931444e-04    4.0918036529708255e-04 
  -8.8994534417657190e-05    3.3229207548844030e-04    1.1070685560356339e-04    1.8371361928677435e-04   -3.4549098987946384e-05 
  -3.1274668111683928e-04    5.6635200780369729e-05   -2.6948445828889930e-04    2.7908760622766282e-04    1.3130130121936164e-03 
   1.5851409146507090e-04    2.2195133182479685e-04    4.5961962557596964e-04    4.1555666944034482e-04    1.0881551650837027e-03 
  -1.5897598442727845e-05   -1.6418413145554599e-04   -3.7724106755819184e-05   -2.6316201062072950e-04    6.3425302217432627e-04 
  -1.3935236363094404e-04   -1.8963206802874395e-04    1.8449305664027297e-04   -2.3840996595617369e-04   -8.3991006115121636e-05 
   1.0147725023057941e-04    8.1504159106304138e-05    6.3958001229141571e-05   -9.1515533969375694e-05    1.7233840169547143e-05 
  -2.3787068273643528e-05   -1.9510142222041273e-04    2.1803799790806372e-05    2.9977828781925584e-04    1.0917689506491476e-04 
   3.3925971992004639e-04    4.0302841665502335e-04    9.3914998441289724e-04   -6.7050653440739547e-04   -1.0219706032283911e-04 
  -1.3985325556390134e-05    1.8560533886599501e-04    7.1665255930619741e-05    1.2329210622775088e-04    7.0830227976499072e-05 
   1.2076647455477715e-04    6.2037947727768241e-05   -7.6812857186157405e-05    1.5067914579821971e-05    2.8640665786357252e-05 
   7.2313622346885096e-05    1.0148254409231590e-05   -7.8016445103944431e-05    1.2680204550332948e-04   -1.0884171366097817e-04 
   3.5972563663321224e-07    1.4786132805116144e-05    1.7035914011944820e-05    2.3814864943545073e-06   -4.5102632958312929e-05 
  -5.4241022844817642e-05   -2.5225676276134285e-05    6.5314952767778144e-05   -7.7920175394293083e-05    2.0997119233423267e-04 
   6.6603545228522757e-05    1.0062186778062901e-04   -2.6710010791819797e-04    2.1054894330064882e-04   -3.1027523529095211e-05 
  -6.5215461132422576e-05    1.7265331910419266e-03   -9.3399780291936334e-05    2.9228987000521083e-05   -2.9149100589826816e-06 
  -5.8367076132223215e-04   -7.3713746411852623e-06    2.7025610792721775e-04   -2.8328865212195108e-06    4.3813911968122071e-06 
   4.7505283641174011e-05    5.4180143522580096e-06    1.0425423242721247e-04    1.1737760428270571e-04   -1.7218817263553385e-05 
  -3.4613816996086108e-05   -6.6889927277092743e-06   -7.4231309931314270e-05    8.1596912446391009e-05    9.1842317357352175e-06 
  -2.7285659002539446e-07   -4.4491795059833391e-08   -5.1859265561569473e-07   -8.5698166603101670e-08   -4.4908840394796187e-06 
   2.1057148055018602e-05   -5.5747309601708616e-04    3.0157465235429109e-05   -9.4376256194590393e-06    9.4118314297321971e-07 
   1.8845901605435921e-04    2.3801123919566721e-06   -8.7261866719627563e-05    9.1469890520683513e-07   -1.4146891169088419e-06 
  -1.5338782761907536e-05   -1.7494000410125532e-06   -3.3662213982118399e-05   -3.7899564747469341e-05    5.5597120399827044e-06 
   1.1176310902040675e-05    2.1597809439745149e-06    2.3968237844208777e-05   -2.6346486498457413e-05   -2.9654582528870468e-06 
   8.8101525530665375e-08    1.4365770011287734e-08    1.6744621811952381e-07    2.7670723335696943e-08    1.4500428038870098e-06 
  -6.9717274325912712e-04    5.6918091396692923e-04    1.3566226153290077e-05   -2.0110917934897687e-06   -6.6154317639711135e-07 
  -4.4848295909666883e-04   -5.4929426638161227e-04   -3.2298112797663174e-06   -1.0606650163465247e-05   -3.0698017186237335e-07 
  -8.2755194092231741e-07    1.4834887572756006e-06   -1.0613811564060697e-04   -9.5420178443136082e-06    9.3166569546903907e-07 
   1.7814835880497900e-07    1.4013689861558676e-07    1.4933407572875818e-06   -1.5555667484908480e-05    1.0741463189865040e-05 
  -8.3210443818619962e-08   -5.7026154276591369e-08   -4.8988361377936372e-07    6.3525390779599542e-06    9.2699069261595877e-06 
  -1.0562553049064641e-03    8.6234059727952213e-04    2.0553583714398693e-05   -3.0469154109455549e-06   -1.0022745384846537e-06 
  -6.7947651322612646e-04   -8.3221122516637721e-04   -4.8933429068839981e-06   -1.6069662233314099e-05   -4.6509195628465918e-07 
  -1.2537870077917665e-06    2.2475676004147011e-06   -1.6080512151706120e-04   -1.4456685326583789e-05    1.4115251101731301e-06 
   2.6990462674786418e-07    2.1231516006189617e-07    2.2624939258874197e-06   -2.3567697476934413e-05    1.6273911432213646e-05 
  -1.2606842931949059e-07   -8.6397780973884204e-08   -7.4220079721171482e-07    9.6244484105237948e-06    1.4044422220198514e-05 
   6.5531821568616652e-05   -1.7349086097530276e-03    9.3852862961605571e-05   -2.9370776921445199e-05    2.9290502981485717e-06 
   5.8650215028183312e-04    7.4071332060461330e-06   -2.7156712127747776e-04    2.8466288639090999e-06   -4.4026453412450111e-06 
  -4.7735731942746684e-05   -5.4442971593412214e-06   -1.0475997008317692e-04   -1.1794700346267764e-04    1.7302345807945380e-05 
   3.4781728746659925e-05    6.7214410554568956e-06    7.4591406282414874e-05   -8.1992739361747997e-05   -9.2287844768731644e-06 
   2.7418021832365312e-07    4.4707624917474144e-08    5.2110835045076604e-07    8.6113888717103735e-08    4.5126693340854783e-06 
   4.8364049880072701e-05   -1.2804040011554689e-03    6.9265655020896106e-05   -2.1676335039121508e-05    2.1617090953678144e-06 
   4.3285259850894847e-04    5.4666412632900094e-06   -2.0042302327121075e-04    2.1008801078419440e-06   -3.2492574415208381e-06 
  -3.5230110585639800e-05   -4.0180213684524815e-06   -7.7315360648605978e-05   -8.7047706322357097e-05    1.2769544561210369e-05 
   2.5669746754364932e-05    4.9605840748941661e-06    5.5050239833332240e-05   -6.0512600464542380e-05   -6.8110634206098177e-06 
   2.0235155131846437e-07    3.2995295259178380e-08    3.8459041196854182e-07    6.3554107143506829e-08    3.3304577767224071e-06 
  -1.7495071388594957e-04   -1.4830030923609714e-03    1.8907583215361785e-04   -2.4757261550943949e-05    3.9605738953297962e-06 
  -1.7495071388594957e-04   -1.4830030923609714e-03    1.8907583215361785e-04   -2.4757261550943949e-05    3.9605738953297962e-06 
  -1.7495071388594957e-04   -1.4830030923609714e-03    1.8907583215361785e-04   -2.4757261550943949e-05    3.9605738953297962e-06 
  -1.7495071388594957e-04   -1.4830030923609714e-03    1.8907583215361785e-04   -2.4757261550943949e-05    3.9605738953297962e-06 
  -1.4977959129483618e-04    5.6378709554060933e-04    3.0240092508730221e-05    9.7401048373397540e-06   -1.6306344341187229e-07 
  -1.4977959129483618e-04    5.6378709554060933e-04    3.0240092508730221e-05    9.7401048373397540e-06   -1.6306344341187229e-07 
  -1.4977959129483618e-04    5.6378709554060933e-04    3.0240092508730221e-05    9.7401048373397540e-06   -1.6306344341187229e-07 
  -1.4977959129483618e-04    5.6378709554060933e-04    3.0240092508730221e-05    9.7401048373397540e-06   -1.6306344341187229e-07 
  -4.0431326447360063e-04    8.2845472897629118e-04    1.4505903964743033e-05    3.9183693728872906e-06   -4.5225560009883279e-07 
  -4.0431326447360063e-04    8.2845472897629118e-04    1.4505903964743033e-05    3.9183693728872906e-06   -4.5225560009883279e-07 
  -4.0431326447360063e-04    8.2845472897629118e-04    1.4505903964743033e-05    3.9183693728872906e-06   -4.5225560009883279e-07 
  -4.0431326447360063e-04    8.2845472897629118e-04    1.4505903964743033e-05    3.9183693728872906e-06   -4.5225560009883279e-07 
   7.7502634354204415e-04    2.0547116341837097e-04   -3.0546579730748515e-06    1.0859667045503926e-05    6.1857575768464756e-07 
   7.7502634354204415e-04    2.0547116341837097e-04   -3.0546579730748515e-06    1.0859667045503926e-05    6.1857575768464756e-07 
   7.7502634354204415e-04    2.0547116341837097e-04   -3.0546579730748515e-06    1.0859667045503926e-05    6.1857575768464756e-07 
   7.7502634354204415e-04    2.0547116341837097e-04   -3.0546579730748515e-06    1.0859667045503926e-05    6.1857575768464756e-07 
  -1.3153005616024728e-03   -3.4870600062723639e-04    5.1840732653378035e-06   -1.8429987938845212e-05   -1.0497875952937263e-06 
  -1.3153005616024728e-03   -3.4870600062723639e-04    5.1840732653378035e-06   -1.8429987938845212e-05   -1.0497875952937263e-06 
  -1.3153005616024728e-03   -3.4870600062723639e-04    5.1840732653378035e-06   -1.8429987938845212e-05   -1.0497875952937263e-06 
  -1.3153005616024728e-03   -3.4870600062723639e-04    5.1840732653378035e-06   -1.8429987938845212e-05   -1.0497875952937263e-06 
  -1.3153005616024728e-03   -3.4870600062723639e-04    5.1840732653378035e-06   -1.8429987938845212e-05   -1.0497875952937263e-06 
  -1.3153005616024728e-03   -3.4870600062723639e-04    5.1840732653378035e-06   -1.8429987938845212e-05   -1.0497875952937263e-06 
  -1.3153005616024728e-03   -3.4870600062723639e-04    5.1840732653378035e-06   -1.8429987938845212e-05   -1.0497875952937263e-06 
  -2.1733507002018689e-04    7.7626485678381732e-04    2.3293250653747251e-05    6.4670253791305387e-06   -3.6803658154517014e-07 
  -2.1733507002018689e-04    7.7626485678381732e-04    2.3293250653747251e-05    6.4670253791305387e-06   -3.6803658154517014e-07 
  -2.1733507002018689e-04    7.7626485678381732e-04    2.3293250653747251e-05    6.4670253791305387e-06   -3.6803658154517014e-07 
  -2.1733507002018689e-04    7.7626485678381732e-04    2.3293250653747251e-05    6.4670253791305387e-06   -3.6803658154517014e-07 
  -2.1733507002018689e-04    7.7626485678381732e-04    2.3293250653747251e-05    6.4670253791305387e-06   -3.6803658154517014e-07 
  -2.1733507002018689e-04    7.7626485678381732e-04    2.3293250653747251e-05    6.4670253791305387e-06   -3.6803658154517014e-07 
  -2.1733507002018689e-04    7.7626485678381732e-04    2.3293250653747251e-05    6.4670253791305387e-06   -3.6803658154517014e-07 
   3.2692070842367266e-04   -6.6987415623499813e-04   -1.1729222900103983e-05   -3.1683256618299174e-06    3.6568605129831824e-07 
   3.2692070842367266e-04   -6.6987415623499813e-04   -1.1729222900103983e-05   -3.1683256618299174e-06    3.6568605129831824e-07 
   3.2692070842367266e-04   -6.6987415623499813e-04   -1.1729222900103983e-05   -3.1683256618299174e-06    3.6568605129831824e-07 
   3.2692070842367266e-04   -6.6987415623499813e-04   -1.1729222900103983e-05   -3.1683256618299174e-06    3.6568605129831824e-07 
   3.2692070842367266e-04   -6.6987415623499813e-04   -1.1729222900103983e-05   -3.1683256618299174e-06    3.6568605129831824e-07 
   3.2692070842367266e-04   -6.6987415623499813e-04   -1.1729222900103983e-05   -3.1683256618299174e-06    3.6568605129831824e-07 
   3.2692070842367266e-04   -6.6987415623499813e-04   -1.1729222900103983e-05   -3.1683256618299174e-06    3.6568605129831824e-07 
  -8.8100450618227547e-04    1.6247803940767886e-04   -6.0702714163162590e-05    7.4626218557993591e-06   -1.5363851483842641e-06 
  -3.6296057195156614e-04   -3.9572850646815302e-05   -1.9617732644675625e-05    6.3959235938664431e-06    4.9274190775310603e-07 
   5.2382385472624917e-04   -3.9143841301141427e-04    4.2837065802436955e-05   -4.4709154344976844e-05    1.0100923663190685e-05 
   1.6420435790445679e-04   -3.7126692859645112e-04   -2.2489814828143967e-06   -3.3320813308799512e-05    7.2647227797978938e-06 
   1.0225887250051810e-05    1.2742292062085597e-04   -1.8522293378416452e-04   -1.1649372807461930e-05   -5.0377529146501303e-06 
   1.2981316426339217e-05    9.5187343726768275e-05    7.3472847672380562e-05    8.2325551807844916e-06   -2.4767878631542501e-06 
   2.0964105284349958e-05   -6.9908471597577811e-05   -2.3013646512731305e-05   -1.6058462321051652e-05   -2.6547290393908644e-06 
   7.3830067232429531e-04   -1.3616008191881374e-04    5.0870176445272434e-05   -6.2538371765135158e-06    1.2875237073605619e-06 
   5.2766413340451710e-04    5.7530143923413775e-05    2.8519830238463464e-05   -9.2982536982815630e-06   -7.1633739816049819e-07 
  -2.7694438588110452e-04    2.0695252788434715e-04   -2.2647851514521493e-05    2.3637620130537867e-05   -5.3403335405490117e-06 
  -5.4518781467307798e-05    1.2326725553755302e-04    7.4670204585509415e-07    1.1063105524595193e-05   -2.4120177972549680e-06 
  -8.5160417902435724e-06   -1.0611684741943553e-04    1.5425226252220524e-04    9.7015098282029523e-06    4.1954026385206340e-06 
   6.5947607849266210e-06    4.8357018734782271e-05    3.7325633138683408e-05    4.1822978720265677e-06   -1.2582563228618607e-06 
   7.8784017945346872e-06   -2.6271907177392905e-05   -8.6486282875158341e-06   -6.0348398680332177e-06   -9.9765870015705992e-07 
2    106 5 
  -3.4062034951023828e-01   -3.8408992395503057e-02   -7.0416927405021991e-03    1.7008479325496680e-03   -6.9212323291021238e-04 
   3.6930937699137488e-02    5.1551693291463051e-02    7.3079180741614192e-03   -3.9239549517316348e-03    1.2241383228143497e-03 
  -2.7027185066834672e-02    1.0695135580962568e-02    1.4549362880848320e-03    6.6333017890870334e-04   -3.4712956808353779e-04 
  -4.5740777119399695e-02    1.4312077955333395e-02   -2.1774697306277596e-02    5.1529524525903373e-03   -1.1283172922858498e-03 
  -6.1207889266748803e-03   -3.0771084916402298e-02    1.8786289742856836e-02   -2.3233939031770965e-03    4.0866870512153109e-05 
  -9.3147626989449506e-02    7.2218737717533371e-02   -4.8820939450461842e-02    6.5483299606708643e-03   -1.2952988967050523e-03 
  -4.0436638812804447e-03   -1.5447324380689095e-02   -2.6926366613109584e-02    1.7619325886968892e-02   -3.8718643529613433e-03 
   3.7731532398874654e-02    4.4375790516129228e-03    2.7837813450691074e-02   -3.7291337034075439e-03    1.1790924579837484e-03 
   1.2043603001878754e-02   -3.7873962640665552e-03    1.7075017686542019e-02    3.4824562468414790e-04   -7.9223727495485933e-04 
   6.8041879633129135e-03   -1.3898758455425828e-02   -1.5091107059882848e-02    1.0890609641271438e-04    2.5546908071575019e-04 
   1.3987077405126782e-02   -4.2165508592745451e-03    7.8400090340704689e-03    1.7128979695024305e-03   -8.2371882392240771e-04 
   1.5707279847716497e-03    2.0767830897694553e-03    7.1701382198066795e-04    6.1215674182617365e-03   -3.5394953448436833e-03 
  -1.4424426025940638e-03   -1.8994976134349010e-03    6.5624592926848721e-04    1.9914603681380123e-03   -2.2801085582103135e-04 
  -8.0083584981161513e-04   -1.2028073922430824e-03   -1.3101511319566930e-03    1.6596567162158384e-03   -3.3914094500415309e-04 
   3.9977995775060339e-04    2.2229667538630408e-03    2.0887043229652759e-03    6.0022127415840284e-03   -2.1403988466354006e-03 
   5.2211553645502512e-04    3.0404297303723233e-03    3.4258206133282957e-03    1.0545721199761328e-02    8.2524465303946016e-03 
  -2.2522588276100029e-05    4.7601015478932543e-03   -2.1240063502124529e-04    5.1766810945826853e-03    6.7770685657290467e-03 
   1.2681800060157565e-03   -4.7854436181783231e-03   -1.5817730634931212e-03   -6.1312817817986550e-03    1.8698185657614298e-03 
  -9.0003952507006723e-04   -5.2057155267741543e-03    2.0664721911427138e-03   -8.8432355180821241e-04    1.9070375480009199e-03 
   2.1439383895164839e-03   -7.1071969546172148e-04   -1.5578410874968632e-03    8.0296852305727473e-04    1.4212092869617893e-03 
   7.4743369842271076e-04    2.9722366429890609e-03   -1.6457184184183083e-03    1.8446876504463632e-03   -6.3954547765890171e-03 
  -1.4051055973512028e-03    1.2089537617950474e-03   -3.4642681863469198e-04   -9.9260394276709881e-05    2.0320929925832019e-03 
   4.3217329549115986e-04   -1.1697631367504149e-03   -6.5697577647235968e-04   -4.0510575553578208e-03   -1.2764637903719721e-02 
   1.2503521515147963e-03   -1.1049181300329647e-03    2.4461188433256935e-04   -3.9131341312167328e-04   -2.9924449717584675e-03 
  -5.3193900973552027e-04    6.2580153917713517e-04   -3.0575498956385023e-04   -5.3920262121718231e-04    4.4639121280226098e-04 
   1.1269569620013617e-03    1.3095882324683362e-03   -1.9342066632595362e-04    2.9643713391960730e-05   -4.1727501331943868e-06 
   1.1269569620013617e-03    1.3095882324683362e-03   -1.9342066632595362e-04    2.9643713391960730e-05   -4.1727501331943868e-06 
   1.1269569620013617e-03    1.3095882324683362e-03   -1.9342066632595362e-04    2.9643713391960730e-05   -4.1727501331943868e-06 
   1.1269569620013617e-03    1.3095882324683362e-03   -1.9342066632595362e-04    2.9643713391960730e-05   -4.1727501331943868e-06 
   1.1269569620013617e-03    1.3095882324683362e-03   -1.9342066632595362e-04    2.9643713391960730e-05   -4.1727501331943868e-06 
  -5.4171288651468140e-04   -1.4484369810817996e-04    2.7706913068697475e-05    1.9472739618232461e-07   -1.0116021304263031e-06 
  -5.4171288651468140e-04   -1.4484369810817996e-04    2.7706913068697475e-05    1.9472739618232461e-07   -1.0116021304263031e-06 
  -5.4171288651468140e-04   -1.4484369810817996e-04    2.7706913068697475e-05    1.9472739618232461e-07   -1.0116021304263031e-06 
  -5.4171288651468140e-04   -1.4484369810817996e-04    2.7706913068697475e-05    1.9472739618232461e-07   -1.0116021304263031e-06 
  -5.4171288651468140e-04   -1.4484369810817996e-04    2.7706913068697475e-05    1.9472739618232461e-07   -1.0116021304263031e-06 
   6.9379994202534926e-04   -5.6445137467677192e-04    1.0083041837089814e-04   -8.6476562851072801e-06   -4.7247774330194150e-08 
  -4.5167098878287404e-04   -5.3556716908096877e-04    1.0790842520166325e-04   -2.1681299085923492e-05    5.5678505887077778e-06 
  -1.4958788727665847e-06   -2.0173341901975320e-05   -1.0004160401464289e-04    3.0300328326950383e-05   -4.9466625836486527e-06 
  -1.6664414233378276e-07    3.5349813495136172e-07    4.0921465867702566e-06    1.1350321561973456e-05   -1.4625698947959229e-05 
  -4.2316883996596850e-08    2.0355220998647798e-07    2.1559229397084561e-06    8.4173607354877619e-06    7.1409312682448917e-06 
   1.0511453243026343e-03   -8.5517508340466990e-04    1.5276366629355466e-04   -1.3101678048186818e-05   -7.1582993976489890e-08 
  -6.8430655470553344e-04   -8.1141391275713016e-04    1.6348723851499628e-04   -3.2848368497186725e-05    8.4356019051411426e-06 
  -2.2663393113605084e-06   -3.0563729875672147e-05   -1.5156856887123431e-04    4.5906674988659561e-05   -7.4944676854918081e-06 
  -2.5247510186470784e-07    5.3556924582482770e-07    6.1998286400654926e-06    1.7196365575314296e-05   -2.2158743655881700e-05 
  -6.4112422123054241e-08    3.0839286776841034e-07    3.2663426160224934e-06    1.2752767540233191e-05    1.0818906228025956e-05 
  -6.9271759280282801e-04    1.5761562139094041e-03   -2.9506655150850198e-04    3.9199282740311885e-05   -6.1593846317480958e-06 
  -6.9271759280282801e-04    1.5761562139094041e-03   -2.9506655150850198e-04    3.9199282740311885e-05   -6.1593846317480958e-06 
  -6.9271759280282801e-04    1.5761562139094041e-03   -2.9506655150850198e-04    3.9199282740311885e-05   -6.1593846317480958e-06 
  -6.9271759280282801e-04    1.5761562139094041e-03   -2.9506655150850198e-04    3.9199282740311885e-05   -6.1593846317480958e-06 
  -6.9271759280282801e-04    1.5761562139094041e-03   -2.9506655150850198e-04    3.9199282740311885e-05   -6.1593846317480958e-06 
   1.2883268990153754e-03    4.6036994629905724e-05   -2.3125138813225776e-05    1.7058946776994235e-05   -6.8067538965559063e-06 
   1.2883268990153754e-03    4.6036994629905724e-05   -2.3125138813225776e-05    1.7058946776994235e-05   -6.8067538965559063e-06 
   1.2883268990153754e-03    4.6036994629905724e-05   -2.3125138813225776e-05    1.7058946776994235e-05   -6.8067538965559063e-06 
   1.2883268990153754e-03    4.6036994629905724e-05   -2.3125138813225776e-05    1.7058946776994235e-05   -6.8067538965559063e-06 
   1.2883268990153754e-03    4.6036994629905724e-05   -2.3125138813225776e-05    1.7058946776994235e-05   -6.8067538965559063e-06 
  -9.5114127172062361e-04   -1.1186427998523571e-03    1.6506030054769540e-04   -2.5385192283375256e-05    3.5941174662133774e-06 
   5.9532060663328255e-04   -4.9717233971249863e-04    5.7828744829776546e-05   -2.0145194520921558e-05    5.3201185876713345e-06 
  -6.1254237238244706e-07    6.2490248689841403e-07   -7.4181264527628184e-06   -5.0512320101849466e-05    1.6304853808483084e-05 
   5.4554550240087062e-07    5.4184967806874719e-06    3.8995042504613397e-05   -5.6578532374534474e-06    2.6188528786936564e-08 
  -3.6910970144288967e-04   -4.3411207372780512e-04    6.4055004305531743e-05   -9.8512397930506276e-06    1.3947703294430910e-06 
   2.3102626067282480e-04   -1.9293783093332699e-04    2.2441619739959649e-05   -7.8177521638556203e-06    2.0645801437926972e-06 
  -2.3770951688616748e-07    2.4250611053049053e-07   -2.8787547356573358e-06   -1.9602332425606024e-05    6.3274298994848865e-06 
   2.1171001984849561e-07    2.1027578010265046e-06    1.5132818777375476e-05   -2.1956449387442205e-06    1.0162990850231947e-08 
  -5.8251295636010697e-04   -6.8509688710505646e-04    1.0108883560040455e-04   -1.5546800296036468e-05    2.2011661705753476e-06 
   3.6459564615960130e-04   -3.0448613474893480e-04    3.5416393037439225e-05   -1.2337638125620406e-05    3.2582310313215583e-06 
  -3.7514287187522956e-07    3.8271264837606483e-07   -4.5431261360733223e-06   -3.0935552677582743e-05    9.9856760266718742e-06 
   3.3411159086558267e-07    3.3184813577021256e-06    2.3881959671099665e-05   -3.4650718184466182e-06    1.6038792322410173e-08 
  -5.0663750807336170e-04   -5.9585932962004341e-04    8.7921470592948589e-05   -1.3521745867621256e-05    1.9144524277778820e-06 
   3.1710510059540335e-04   -2.6482517662100677e-04    3.0803217194610363e-05   -1.0730594345117126e-05    2.8338289001344924e-06 
  -3.2627849338488449e-07    3.3286226574768259e-07   -3.9513595007837664e-06   -2.6906030412401130e-05    8.6849879703850240e-06 
   2.9059175760190508e-07    2.8862312971709401e-06    2.0771205865152631e-05   -3.0137275612935240e-06    1.3949653284121437e-08 
   1.2314455448967864e-03    6.5020232347931081e-05   -1.7286444014109876e-05   -1.1135307621772662e-05    5.7603397111074126e-06 
   8.8677294032636406e-04   -1.4849112258576332e-04    2.4636628969900159e-05   -3.4342614190563317e-06    2.5854735466584337e-07 
  -3.8270240347742471e-04   -3.2986480356130037e-04   -4.2880211057191888e-05    2.9139074429854573e-05   -1.1849634070189211e-05 
   1.5840177056941575e-05   -2.0625371721432796e-04   -5.3692798595938449e-05    3.5239159680124056e-05   -1.2923302592463676e-05 
  -6.7746117757037138e-05   -3.9121844342207551e-06    6.7250185084502279e-07   -5.3223012841381052e-07   -4.6962892651234929e-08 
   2.3634827516442852e-05   -2.8944510934394161e-05    1.3827063504852239e-05   -1.3584266029652021e-05    4.3586646488432187e-06 
   2.3074527575003567e-05   -3.1866626250257574e-05    4.1296489862235920e-06    2.6986748537535784e-06   -2.1784348359292240e-06 
   7.2977588362018743e-04    3.8532111883906602e-05   -1.0244245072245790e-05   -6.5989754827062676e-06    3.4136767314207192e-06 
   5.2551694939250012e-04   -8.7998402076205209e-05    1.4600091535057304e-05   -2.0352025893963618e-06    1.5321962468485944e-07 
  -2.2679604942231984e-04   -1.9548357577949102e-04   -2.5411553148868765e-05    1.7268318423047978e-05   -7.0222976647116039e-06 
   9.3871623120766109e-06   -1.2222951258689251e-04   -3.1819279140496574e-05    2.0883334224698390e-05   -7.6585721616270966e-06 
  -4.0147518623832309e-05   -2.3184280167320661e-06    3.9853620362707348e-07   -3.1540875994238868e-07   -2.7831020725149094e-08 
   1.4006406703488019e-05   -1.7153016737635851e-05    8.1941564764617654e-06   -8.0502705021779089e-06    2.5830198977903137e-06 
   1.3674363287885370e-05   -1.8884712707069106e-05    2.4473012635042081e-06    1.5992812951925256e-06   -1.2909780817246727e-06 
  -5.9845037479191738e-04   -3.1598134874033963e-05    8.4007603437556990e-06    5.4114686981401843e-06   -2.7993746644557717e-06 
   5.7319627748519649e-04   -9.5982358995339129e-05    1.5924734927222142e-05   -2.2198533263651881e-06    1.6712100077564835e-07 
   4.6797699910741696e-04    4.0336600836341765e-04    5.2434874485498418e-05   -3.5631907415641337e-05    1.4489995731148499e-05 
  -3.5113476455193882e-05    4.5720985423125467e-04    1.1902271120673787e-04   -7.8115882119297807e-05    2.8647538450648840e-05 
  -3.4651928645559492e-04   -2.0010701771734267e-05    3.4398260625152598e-06   -2.7223405625921024e-06   -2.4021373608093157e-07 
   9.5036234410288573e-05   -1.1638660464682965e-04    5.5598969255810228e-05   -5.4622674516561501e-05    1.7526299906149937e-05 
  -6.2715980097977249e-05    8.6612681070265604e-05   -1.1224281094803331e-05   -7.3349297344777769e-06    5.9209305746688245e-06 
  -4.0842555684443576e-04    9.2930002937430505e-04   -1.7397092532097638e-04    2.3111855462390968e-05   -3.6315666357802743e-06 
  -4.0842555684443576e-04    9.2930002937430505e-04   -1.7397092532097638e-04    2.3111855462390968e-05   -3.6315666357802743e-06 
  -4.0842555684443576e-04    9.2930002937430505e-04   -1.7397092532097638e-04    2.3111855462390968e-05   -3.6315666357802743e-06 
  -4.0842555684443576e-04    9.2930002937430505e-04   -1.7397092532097638e-04    2.3111855462390968e-05   -3.6315666357802743e-06 
  -4.0842555684443576e-04    9.2930002937430505e-04   -1.7397092532097638e-04    2.3111855462390968e-05   -3.6315666357802743e-06 
  -4.0842555684443576e-04    9.2930002937430505e-04   -1.7397092532097638e-04    2.3111855462390968e-05   -3.6315666357802743e-06 
  -4.0842555684443576e-04    9.2930002937430505e-04   -1.7397092532097638e-04    2.3111855462390968e-05   -3.6315666357802743e-06 
  -3.3109097501700889e-04    7.5333888306618939e-04   -1.4102987025141651e-04    1.8735670751401605e-05   -2.9439365831303771e-06 
  -3.3109097501700889e-04    7.5333888306618939e-04   -1.4102987025141651e-04    1.8735670751401605e-05   -2.9439365831303771e-06 
  -3.3109097501700889e-04    7.5333888306618939e-04   -1.4102987025141651e-04    1.8735670751401605e-05   -2.9439365831303771e-06 
  -3.3109097501700889e-04    7.5333888306618939e-04   -1.4102987025141651e-04    1.8735670751401605e-05   -2.9439365831303771e-06 
  -3.3109097501700889e-04    7.5333888306618939e-04   -1.4102987025141651e-04    1.8735670751401605e-05   -2.9439365831303771e-06 
  -3.3109097501700889e-04    7.5333888306618939e-04   -1.4102987025141651e-04    1.8735670751401605e-05   -2.9439365831303771e-06 
  -3.3109097501700889e-04    7.5333888306618939e-04   -1.4102987025141651e-04    1.8735670751401605e-05   -2.9439365831303771e-06 
2    106 5 
   1.1018398922433510e-01    1.1650564277673341e-01    1.9198900264322135e-02   -6.6670598734902614e-03    1.9121304226306442e-03 
   2.3138790650933584e-02   -5.1425236307181203e-02    3.1783067391240598e-03   -4.5578076549501354e-03    1.6386003161742765e-03 
  -2.1613072212309428e-02    1.2152231698124611e-02    4.1830623867586863e-03   -4.3504727404871015e-03    1.5799830427563263e-03 
  -4.7917936411285604e-02    2.9327743872717714e-02   -3.7733420197699191e-03    9.2557731051807392e-03   -2.9536182572901738e-03 
  -4.5633842304930741e-02    3.3777601471466695e-03   -2.8506122541653068e-02    2.9779046246680825e-02   -1.1231170052011043e-02 
  -5.8997022184957915e-03   -2.5388195401876177e-02    8.7350272499467640e-03   -1.2916873172354335e-02    4.8896848200009639e-03 
   2.0242648379422943e-02    4.4620003417394317e-03    4.8401042764572256e-03   -2.8813747202762691e-03   -4.5656087968887205e-04 
   8.9254965857020335e-03    8.3852202711264309e-03    9.9603389441771436e-03    6.8808712958912403e-04   -4.9879766256379922e-05 
   2.8631032704080081e-03    7.7014664516659396e-03   -3.6860834067565912e-03   -8.3487958537923034e-03    3.2679355633652395e-03 
  -2.9224451374038518e-03    1.1355071641990119e-02    1.6376156225183965e-02    1.3253601244728277e-03   -8.5641751953779001e-04 
   7.5573738311482301e-03    1.0588310659066499e-02   -7.3923601812356373e-03   -1.2697995221484454e-02    4.4304100648591624e-03 
   1.9414764386730381e-03    5.4554005530094347e-04    5.6840618668263483e-03   -1.7931934204813507e-03    5.5666898506308007e-03 
   2.6691413073510193e-04    1.8954322257992544e-03    5.2601518264590915e-03    6.6460294727500435e-04    1.7333357247273210e-04 
  -9.9312307011604258e-04   -2.8813993062418246e-03    2.2362785042153370e-03   -3.7893494935447567e-03   -4.6871391692620938e-04 
   6.1857812790715649e-03    1.2945540100933013e-03    1.1047186594594235e-03    2.5319789238637761e-03    2.0880396353276651e-04 
  -2.6458006878100743e-03   -2.0385037669692113e-03    3.0218366373479409e-03    3.4513109273284325e-04   -1.2857559201240158e-04 
   3.2807000760388163e-04    2.2723194893939330e-03   -1.8719342145192654e-03    1.0211517369905425e-03    4.8687451094224786e-04 
  -1.0363917199505457e-05   -8.2983535919871777e-04    3.8313368322559020e-05    2.5177776037308818e-03    2.4243869995146388e-03 
  -2.3366582783218288e-04    1.8778424958661811e-04   -9.1560110581309298e-05    7.4366005324071180e-04   -3.5322695280035283e-04 
  -1.1777943954616823e-03   -2.1045300675476303e-05   -8.2369084798071806e-04    2.9142872569463464e-03    3.8115588888531621e-03 
  -1.8143413010124235e-03    1.8101873705029172e-03    3.7412088950924505e-04   -3.3953681758194460e-03    2.5620127409462597e-04 
  -1.6005924987376732e-03   -4.5750432440783324e-05    1.7135543520263180e-03    5.7698854806726438e-04   -1.4161775569547044e-03 
   2.3121563781648415e-04   -1.3753530035287564e-04    2.4336150880730127e-04    5.7245679343022533e-04   -3.3494465488739821e-04 
   1.0892349022253601e-03   -8.9501038294496815e-05   -5.4925933156642012e-04   -3.2635768835905248e-05    1.7524377023879238e-03 
   7.8423993762766957e-04    1.3891627175704425e-04   -1.9093320833669626e-03   -1.2418509713269445e-03    3.3389948289178322e-04 
  -9.7197884581031932e-04   -1.4144567874247447e-03   -2.1239691711390417e-04    6.2393009022629076e-05   -1.7889866163894539e-05 
   5.2663943602774329e-04   -3.6755557149459442e-04    3.2532066275989464e-05   -1.6353973500417046e-05    4.4157662561678901e-06 
   1.8693972491666211e-05    1.0840675850922974e-05   -1.2584439482994360e-04    9.8811103646224226e-05   -3.4082410611874969e-05 
  -4.3851228628731663e-06   -3.9092492845245474e-06    7.3522306014895314e-05    8.5717889997948473e-05   -2.6607421488920190e-05 
  -1.5845830314361621e-08   -6.3561815856242552e-09    6.7533729815706583e-08   -1.3965040094819138e-06   -4.3087906039019580e-06 
  -3.1383819277172213e-04   -4.5670804856766042e-04   -6.8579954085051396e-05    2.0145818273366967e-05   -5.7763842186543978e-06 
   1.7004440946189077e-04   -1.1867848441174001e-04    1.0504143100639926e-05   -5.2804662469054632e-06    1.4257883363528765e-06 
   6.0360187547268156e-06    3.5003005797326346e-06   -4.0633371409389628e-05    3.1904704848033331e-05   -1.1004727312575680e-05 
  -1.4158940189883953e-06   -1.2622411854308551e-06    2.3739310528808722e-05    2.7677091740339415e-05   -8.5911592730566216e-06 
  -5.1163940143992623e-09   -2.0523209433618695e-09    2.1805684154396959e-08   -4.5091135102728043e-07   -1.3912474144774347e-06 
   6.2775220368718851e-04   -7.4684548219145744e-04    3.8133119562993006e-05   -1.9214392946213402e-05    5.6150345465209382e-06 
   6.2775220368718851e-04   -7.4684548219145744e-04    3.8133119562993006e-05   -1.9214392946213402e-05    5.6150345465209382e-06 
   6.2775220368718851e-04   -7.4684548219145744e-04    3.8133119562993006e-05   -1.9214392946213402e-05    5.6150345465209382e-06 
   6.2775220368718851e-04   -7.4684548219145744e-04    3.8133119562993006e-05   -1.9214392946213402e-05    5.6150345465209382e-06 
   6.2775220368718851e-04   -7.4684548219145744e-04    3.8133119562993006e-05   -1.9214392946213402e-05    5.6150345465209382e-06 
   8.4396398875793662e-04    1.2000351947921459e-03    1.8339951070202889e-04   -5.3814555550012667e-05    1.5441971167092908e-05 
   8.4396398875793662e-04    1.2000351947921459e-03    1.8339951070202889e-04   -5.3814555550012667e-05    1.5441971167092908e-05 
   8.4396398875793662e-04    1.2000351947921459e-03    1.8339951070202889e-04   -5.3814555550012667e-05    1.5441971167092908e-05 
   8.4396398875793662e-04    1.2000351947921459e-03    1.8339951070202889e-04   -5.3814555550012667e-05    1.5441971167092908e-05 
   8.4396398875793662e-04    1.2000351947921459e-03    1.8339951070202889e-04   -5.3814555550012667e-05    1.5441971167092908e-05 
  -9.7669391868249579e-04   -1.4213183223809839e-03   -2.1342725532171034e-04    6.2695677733500866e-05   -1.7976649968912359e-05 
   5.2919416582349586e-04   -3.6933858489209969e-04    3.2689879446342869e-05   -1.6433306684607722e-05    4.4371871541370968e-06 
   1.8784657019368237e-05    1.0893264008413310e-05   -1.2645486644127118e-04    9.9290436664921486e-05   -3.4247744508170276e-05 
  -4.4063951096314349e-06   -3.9282130668450057e-06    7.3878962985450767e-05    8.6133707790209780e-05   -2.6736494186131398e-05 
  -1.5922698494131595e-08   -6.3870154453262322e-09    6.7861336181610034e-08   -1.4032784554478694e-06   -4.3296925625977877e-06 
  -7.2082344531295241e-04   -1.0489668773684027e-03   -1.5751441322805438e-04    4.6270907973968719e-05   -1.3267197141204660e-05 
   3.9055793688463610e-04   -2.7258069918983404e-04    2.4125911996220805e-05   -1.2128172926746823e-05    3.2747501246429106e-06 
   1.3863525647818510e-05    8.0394890794857443e-06   -9.3326712454342572e-05    7.3278714318177808e-05   -2.5275653629417312e-05 
  -3.2520248601723987e-06   -2.8991150887743546e-06    5.4524439659823910e-05    6.3568734092938928e-05   -1.9732171447155291e-05 
  -1.1751331883689544e-08   -4.7137699851530836e-09    5.0083287316822445e-08   -1.0356530245973568e-06   -3.1954165480292720e-06 
  -1.4702233209700562e-03   -1.4928720609188242e-04    9.4442258846556183e-06    7.8411601096637564e-07   -7.5448588046638202e-07 
   7.4007703158591098e-05   -7.4209716276837923e-04   -2.1492649887974917e-04    5.2791457247489956e-05   -1.4127254346527445e-05 
  -1.7146855580633621e-06    1.4362513901386766e-05   -4.2918266191822597e-05    2.6958939993057152e-05   -9.7546440499399954e-06 
   5.2418396265509258e-07   -3.6035583382057523e-06    2.0861042477925192e-05    2.8927536829258143e-05   -1.7234766447279661e-05 
  -5.7055004045395840e-04   -5.7933934430303251e-05    3.6650237985555179e-06    3.0429215439344385e-07   -2.9279358005150429e-07 
   2.8720193339865188e-05   -2.8798588636106244e-04   -8.3406596046619255e-05    2.0486797916050920e-05   -5.4823681708411399e-06 
  -6.6541857999734082e-07    5.5736654225087312e-06   -1.6655305464615779e-05    1.0461964576569156e-05   -3.7854878765187129e-06 
   2.0342024019918975e-07   -1.3984340516955826e-06    8.0955515124320159e-06    1.1225918588529006e-05   -6.6883013984718357e-06 
  -9.0041738138285448e-04   -9.1428828033093758e-05    5.7839819427153396e-06    4.8022070880284527e-07   -4.6207415641566553e-07 
   4.5324966166534773e-05   -4.5448686230243723e-04   -1.3162868018132205e-04    3.2331377836400092e-05   -8.6520361793994874e-06 
  -1.0501348047368212e-06    8.7961175507873094e-06   -2.6284682270197954e-05    1.6510619718227431e-05   -5.9740931370709086e-06 
   3.2102901939099305e-07   -2.2069480984743937e-06    1.2776049034847581e-05    1.7716258877237051e-05   -1.0555187808451785e-05 
  -7.8313317042812581e-04   -7.9519731011989570e-05    5.0305871589696816e-06    4.1766937640901386e-07   -4.0188651015482545e-07 
   3.9421145334880368e-05   -3.9528750194294741e-04   -1.1448333601840822e-04    2.8120041830427263e-05   -7.5250618923258718e-06 
  -9.1334909344757295e-07    7.6503758894871504e-06   -2.2860960911641545e-05    1.4360022621743215e-05   -5.1959353468743860e-06 
   2.7921326148656679e-07   -1.9194812284434273e-06    1.1111899873411198e-05    1.5408620790225305e-05   -9.1803177768537780e-06 
  -1.2101264987114024e-03   -2.1452025958519175e-04    8.0233736371717376e-05   -6.0697862886728878e-05    2.4392431809804296e-05 
   2.1118776636969846e-04   -8.3355444495351720e-04   -2.3764319683685769e-04    1.0816816787574985e-04   -3.8036282108647979e-05 
   3.4984217684769724e-04    3.1914229885546199e-04    1.6865698027354118e-04   -6.9985656402008636e-05    2.2706948830127253e-05 
  -1.3889422228473335e-04   -1.5656845845415883e-04   -5.3079436886797977e-05    2.0518367572523470e-05   -6.2862250191634683e-06 
   6.1559796353414213e-05    2.5421878833625315e-05   -7.2263859766428039e-06    1.0235884789781154e-05   -3.5644002499048545e-06 
   3.7561790197962932e-05    1.8046871948960683e-05    7.2554274779113732e-06    1.2779106117685606e-06   -5.0572500338340189e-07 
   1.6954585371253573e-05    1.2367682024490090e-05   -3.3465922139865117e-05   -4.0624921195048684e-06    3.2985719746650913e-07 
  -7.1714184890192296e-04   -1.2712840826943484e-04    4.7547896940685933e-05   -3.5970601140736767e-05    1.4455376083346902e-05 
   1.2515351527390354e-04   -4.9397875052808223e-04   -1.4083145996722065e-04    6.4102323174768051e-05   -2.2540957251822162e-05 
   2.0732251198167002e-04    1.8912923442939854e-04    9.9949037387724821e-05   -4.1474707877395782e-05    1.3456529779571696e-05 
  -8.2311113323387477e-05   -9.2785170719839727e-05   -3.1455790405552718e-05    1.2159538753243974e-05   -3.7253254413128393e-06 
   3.6481397789341172e-05    1.5065444157053016e-05   -4.2824810511024622e-06    6.0659619891865125e-06   -2.1123251066439588e-06 
   2.2259765156218914e-05    1.0694887790784948e-05    4.2996915459861020e-06    7.5731188419637395e-07   -2.9970136539320354e-07 
   1.0047579912888091e-05    7.3293018235022726e-06   -1.9832483053752447e-05   -2.4075029452156578e-06    1.9547906827644295e-07 
  -5.8808987510703791e-04   -1.0425124381766921e-04    3.8991500518713240e-05   -2.9497576197472750e-05    1.1854084834816769e-05 
   1.3650849730368754e-04   -5.3879666733262224e-04   -1.5360887731467789e-04    6.9918226356743411e-05   -2.4586062928385926e-05 
   4.2779478413191939e-04    3.9025429145346784e-04    2.0623750148876844e-04   -8.5580015087380500e-05    2.7766561369493633e-05 
  -3.0789169757545082e-04   -3.4707079723877770e-04   -1.1766305077775399e-04    4.5483785570508341e-05   -1.3934895639674498e-05 
   3.1487644477636500e-04    1.3003212000105174e-04   -3.6962739640071401e-05    5.2356232519732897e-05   -1.8231796479745505e-05 
   1.5103690076181890e-04    7.2566924879002468e-05    2.9174255917794459e-05    5.1385106310143565e-06   -2.0335329265784522e-06 
   4.6082132570500988e-05    3.3615045733213084e-05   -9.0959526692884504e-05   -1.1041750436141586e-05    8.9654348780230379e-07 
  -8.8104318955355837e-04   -1.5618335267432961e-04    5.8414874046647593e-05   -4.4191610359539580e-05    1.7759123484662156e-05 
   8.5862493144243742e-05   -3.3889776877456658e-04   -9.6618462849127164e-05    4.3977872072373864e-05   -1.5464390139290296e-05 
   4.5237055260942898e-04    4.1267345005442321e-04    2.1808534366910939e-04   -9.0496378528690416e-05    2.9361682696224926e-05 
  -2.6077517554081136e-04   -2.9395871596327199e-04   -9.9657129318068039e-05    3.8523423203067402e-05   -1.1802445097398249e-05 
   2.0446959856692694e-04    8.4438248139853290e-05   -2.4002292523046589e-05    3.3998280987292260e-05   -1.1839082183537448e-05 
   1.0761269410648946e-04    5.1703406583848447e-05    2.0786445312572940e-05    3.6611514795997375e-06   -1.4488774311415227e-06 
   3.3403441454388566e-05    2.4366455055397410e-05   -6.5933607129754179e-05   -8.0038063273948657e-06    6.4987526044504853e-07 
  -7.3833308981912694e-04   -1.3088499942526168e-04    4.8952917357106038e-05   -3.7033517320955749e-05    1.4882526385062021e-05 
   1.2482501279217301e-04   -4.9268215693967614e-04   -1.4046180607452956e-04    6.3934067635149205e-05   -2.2481791831005970e-05 
   2.3916720048686293e-04    2.1817943983189870e-04    1.1530118574625612e-04   -4.7845213137896926e-05    1.5523449551550920e-05 
  -8.6582018826081650e-05   -9.7599547299085756e-05   -3.3087947995340753e-05    1.2790464989989421e-05   -3.9186227043946736e-06 
   1.7028073981760898e-04    7.0319536317037346e-05   -1.9988928216168233e-05    2.8313512031218370e-05   -9.8594983660339317e-06 
   5.4669337973599737e-05    2.6266334398447133e-05    1.0559917800573587e-05    1.8599360351736874e-06   -7.3605786587792802e-07 
   1.2553158340334545e-05    9.1570196119077625e-06   -2.4778135851043413e-05   -3.0078651713282990e-06    2.4422594471208431e-07 
 TENSORSUMACCUMULATOR_IMPL_H - PrettifyOut: Norm of simple tensor is 9.51474e-05 
 As simple full tensor 3    5 5 5 
  -6.0898017512434860e-05   -6.8461263208403363e-05   -1.2514371871843253e-05    4.4733970151193377e-06   -1.3948331926129339e-06 
  -1.3934907151122267e-05    7.6072584954415232e-07   -7.6409232962028428e-07   -3.3415658183006223e-08    1.0361520679035565e-07 
   1.0228108380603423e-06   -1.3077297704132134e-06   -9.9820126472805972e-07    6.3070886844321511e-07   -2.6422699627915796e-07 
  -1.1378227698480554e-07    7.8005422361079715e-08    1.3895515926028056e-07   -9.2500741469583488e-08    3.3410281257726020e-08 
  -3.4332939194306384e-08   -2.4172777860917785e-08   -3.7688613850793496e-08    2.0304499075699690e-08   -4.3144431975259843e-09 

   1.5542597143360531e-05   -5.5613077938014183e-07    7.8637688468667289e-07   -3.9529567288622116e-07    1.2107570334207592e-07 
   4.9379974158744101e-07    1.4960311590055172e-06    9.7833192381301133e-07   -7.9688212441036650e-07    3.0586628024455438e-07 
  -1.4690069457391592e-06   -1.4667392009877031e-06   -2.4614839967092050e-08    5.3828309172436115e-08   -9.4652100014619903e-09 
   3.2562765845063238e-08    4.8687443641023888e-07    5.9131358804836833e-08   -5.8826672995308423e-08    1.9911766977294437e-08 
   8.8698052500353103e-08   -1.3458104935468136e-07   -2.4144780266239973e-08    7.8506918582929460e-09   -3.1639495989689528e-09 

  -1.4622818999328429e-06   -2.8390095097606622e-06   -1.6340233882157423e-06    1.7534344607682776e-06   -6.4593886980527539e-07 
  -2.3438881978681249e-06   -1.9006981354695917e-06   -8.4504483548705640e-07    2.0753999615280406e-07   -7.1171080241965121e-08 
   3.5428609980522183e-07    1.4825183041305341e-07    9.2590943967211064e-09    5.9499425118513219e-08   -2.3603018884950313e-08 
  -6.7968874952590932e-08   -2.9408767117024336e-08   -1.6986632114532973e-08   -2.1824979712101209e-08    8.3404767681874645e-09 
  -7.4839471375127145e-10    1.5511894238846895e-09   -1.0421515347705418e-08    1.3410138414283838e-08   -5.5358950059986968e-09 

   7.0685252643518722e-07    2.6060186891799863e-07    5.3946395601697527e-07   -2.0198691830162834e-07    8.6520562081373711e-08 
   6.6793918626700675e-07    1.7149474844584990e-07    1.2696507522254227e-07   -1.3258552833419968e-07    4.1382381134178885e-08 
  -6.8832694394841080e-08   -2.5578678396066942e-08    4.5253503579935725e-08   -9.9433713110872404e-09    5.8891057099670297e-09 
  -4.4153563694766482e-08   -2.3296615068708844e-09   -8.9816268679203121e-09    5.2701158032459675e-09   -2.0814459047749795e-09 
   2.6072639286806016e-08    4.0754440299731205e-09   -6.4744841250182423e-10   -3.7446912758920930e-09    6.4872803822051442e-10 

  -9.6280689666236276e-08   -1.5053058985158027e-07   -1.2342084967856840e-07    8.9261422771902597e-08   -3.1768592481559116e-08 
  -8.5686773059827792e-08   -7.3057556546910469e-08   -1.0590421689557724e-07    4.8297486280545830e-08   -1.9064626653406035e-08 
  -1.8140029884545838e-08   -1.8985976561357412e-08   -5.4595157054166897e-09    3.9888447940085108e-10   -2.0450593064249330e-10 
   1.5217265591959532e-08    3.5468911424837000e-09    7.0802403300724424e-09    3.0959902656415412e-10    3.6676482622304880e-10 
  -4.4571458248409567e-09    7.5588105267266037e-10   -4.0229338076343041e-09    2.4909165048850653e-10   -1.6120933682642060e-10 
